tests/data/reference/gistest/full/control/mwlevelrill_m.asc
ncols        125
nrows        78
xllcorner    -713756.799299980048
yllcorner    -1061032.369616159936
cellsize     10.000000000000
NODATA_value  -9999
[rows 54 to 71 of 78, columns 82 to 122 of 125]
0.0019358354620635509491 0.0021693776361644268036 0.0025106160901486873627 0.0029262886382639408112 0.0033540271688252687454 0.018278526142239570618 0.34918686747550964355 0.034320242702960968018 0.025772616267204284668 0.0035605414304882287979 0.0022347609046846628189 0.00085678789764642715454 0.00023776343732606619596 0.0011809823336079716682 0.0014967112801969051361 0.0026367092505097389221 0.0028638753574341535568 0.0014341537607833743095 0.0040138019248843193054 0.005427424795925617218 0.0058009033091366291046 0.0050947093404829502106 0.0050572417676448822021 0.0047317394055426120758 0.0046673426404595375061 0.0050193299539387226105 0.021223992109298706055 0.0037138743791729211807 0.0077881929464638233185 0.00022703340800944715738 0.00016075011808425188065 0.0023171496577560901642 0.0019346680492162704468 0.0053121703676879405975 0.0036262548528611660004 0.0012629689881578087807 0.0007687350735068321228 0 0 -9999 -9999
0.013164483010768890381 0.012921992689371109009 0.013336815871298313141 0.014066483825445175171 0.014788164757192134857 0.016928715631365776062 0.020733967423439025879 0.31202393770217895508 0.030284028500318527222 0.0025177327916026115417 0.0013818014413118362427 0.00026731632533483207226 0.00075278524309396743774 0.0014177183620631694794 0.0016881256597116589546 0.0027449587360024452209 0.0030443561263382434845 0.0017329036490991711617 0.0042051766067743301392 0.0056026228703558444977 0.0059927920810878276825 0.0052444869652390480042 0.0051731923595070838928 0.0050542671233415603638 0.0053525790572166442871 0.023206094279885292053 0.0039247432723641395569 0.0080194594338536262512 0.0016564695397391915321 0.00080352724762633442879 0.0025586469564586877823 0.0023032291792333126068 0.0074411272071301937103 0.0026125144213438034058 0.0020211583469063043594 0.0015886076726019382477 0.0012234204914420843124 0.00080360524589195847511 0 -9999 -9999
0.0063369642011821269989 0.006098659709095954895 0.0060684443451464176178 0.0063630091026425361633 0.0067457025870680809021 0.0077060810290277004242 0.024415468797087669373 0.36836826801300048828 0.013492816127836704254 0.0021135483402758836746 0.00040212314343079924583 0.000841025554109364748 0.0010712357470765709877 0.0016161078820005059242 0.0018782323459163308144 0.0029087741859257221222 0.0032675855327397584915 0.0020252540707588195801 0.0044184257276356220245 0.0058173718862235546112 0.0062125641852617263794 0.0054944828152656555176 0.0055719581432640552521 0.0056911129504442214966 0.0062239761464297771454 0.027077313512563705444 0.00823582429438829422 0.0020400241483002901077 0.0029045618139207363129 0.0026503447443246841431 0.0025243547279387712479 0.0073527586646378040314 0.0029514546040445566177 0.0023951188195496797562 0.0018655802123248577118 0.0015180485788732767105 0.0012266673147678375244 0.00081289652734994888306 0 0 -9999
0.011224922724068164825 0.012057044543325901031 0.012141448445618152618 0.012085394002497196198 0.012148083187639713287 0.012343004345893859863 0.012482459656894207001 0.038469940423965454102 0.27885270118713378906 0.0030157379806041717529 0.00081830821000039577484 0.0011544324224814772606 0.0013301826547831296921 0.0018263803794980049133 0.0021090921945869922638 0.0031421608291566371918 0.0035049093421548604965 0.0023002193775027990341 0.0046843923628330230713 0.0061734635382890701294 0.0065841134637594223022 0.0059288153424859046936 0.0062300581485033035278 0.0065657901577651500702 0.030194237828254699707 0.0087278801947832107544 0.0024292978923767805099 0.0032057473435997962952 0.00028123543597757816315 0.0026734138373285531998 0.0070515712723135948181 0.0032025389373302459717 0.0033910290803760290146 0.002801280701532959938 0.0023227084893733263016 0.0021087764762341976166 0.00203452305868268013 0.0018688467098399996758 0.00082379329251125454903 0 0
0.0064266901463270187378 0.014739383012056350708 0.01429188065230846405 0.014189461246132850647 0.01578340679407119751 0.016259994357824325562 0.01567437686026096344 0.01500626932829618454 0.4216156303882598877 0.001920744660310447216 0.0011122367577627301216 0.0014930429169908165932 0.0016726551111787557602 0.0021032262593507766724 0.0024062027223408222198 0.0034333181101828813553 0.0037630163133144378662 0.0025966626126319169998 0.0050543555989861488342 0.0066081029362976551056 0.006908775772899389267 0.0062781190499663352966 0.0068309907801449298859 0.032510496675968170166 0.008881220594048500061 0.0028630241286009550095 0.0061412774957716464996 0.0034435901325196027756 0.0029248676728457212448 0.0068948008120059967041 0.0033464820589870214462 0.0062988088466227054596 0.0034986101090908050537 0.0029926740098744630814 0.0025595328770577907562 0.0023508288431912660599 0.0023527974262833595276 0.0023205820471048355103 0.0020206617191433906555 0.00074662186671048402786 0
0.011433525942265987396 0.0015262169763445854187 0.0023434013128280639648 0.0030652924906462430954 0.0011208701180294156075 0.0011029676534235477448 0.0019152272725477814674 0.0027302110102027654648 0.0029892961028963327408 0.43701523542404174805 0.0012100617168471217155 0.0029970675241202116013 0.002002712571993470192 0.0025017540901899337769 0.0027519001159816980362 0.0037592560984194278717 0.0040793423540890216827 0.0029469225555658340454 0.0054803355596959590912 0.0069894948974251747131 0.0070724068209528923035 0.0064793839119374752045 0.033833190798759460449 0.0087349247187376022339 0.0031624701805412769318 0.011861384846270084381 0.0073074060492217540741 0.0071186940185725688934 0.0070001618005335330963 0.0035350625403225421906 0.008555737324059009552 0.0034987281542271375656 0.0031395074911415576935 0.0027546163182705640793 0.0023568640463054180145 0.0020226365886628627777 0.0019345399923622608185 0.00166449020616710186 0.0013572099851444363594 0.00067262357333675026894 0
0.001209328765980899334 0.00079437729436904191971 0.00077708571916446089745 0.00077046774094924330711 0.00076797587098553776741 0.00075253949034959077835 0.00072654831456020474434 0.00072542432462796568871 0.0011490961769595742226 0.0014339181361719965935 0.47589248418807983398 0.0029744931962341070175 0.0024441413115710020065 0.0030080312862992286682 0.0031527676619589328766 0.0041059139184653759003 0.0044224141165614128113 0.0032886366825550794601 0.0057907602749764919281 0.0072215115651488304138 0.0072676660493016242981 0.0069524534046649932861 0.040573097765445709229 0.0035258694551885128021 0.014453856274485588074 0.004330504685640335083 0.004241053946316242218 0.0041007581166923046112 0.003801811952143907547 0.0086843268945813179016 0.00027179878088645637035 0.0022719884291291236877 0.001902180141769349575 0.0015324158594012260437 0.0011449030134826898575 0.00071747094625607132912 0 0.00064405292505398392677 0 0.00059957813937216997147 0
0.00029824167722836136818 0.00029883315437473356724 0.00030321770464070141315 0.00030950474319979548454 0.00031378050334751605988 0.00031580092036165297031 0.00031730523915030062199 0.0026278751902282238007 0.0031149121932685375214 0.0035756865981966257095 0.0042279018089175224304 0.51190018653869628906 0.0042599192820489406586 0.0037078629247844219208 0.0036127644125372171402 0.004421223420649766922 0.0047436645254492759705 0.003587845945730805397 0.005966488271951675415 0.0073482207953929901123 0.0076974821276962757111 0.043150443583726882935 0.0038936261553317308426 0.015497807413339614868 0.0011475965147837996483 0.0007564939442090690136 0.00026578959659673273563 0.00026249178336001932621 0.0094100497663021087646 0.00080763670848682522774 0.0026214206591248512268 0.00027867878088727593422 0.00078868103446438908577 0.00027167799999006092548 0.00025783665478229522705 0.00021985234343446791172 -9999 0 0.0015937230782583355904 0 0.00060068629682064056396
0.00074929895345121622086 0.0011122587602585554123 0.0014397016493603587151 0.0017360476776957511902 0.0019914552103728055954 0.002214110223576426506 0.002415980212390422821 0.00031541055068373680115 0.00031816377304494380951 0.00074023019988089799881 0.0012451924849301576614 0.0016640459652990102768 0.55982917547225952148 0.0067536076530814170837 0.0035751748364418745041 0.0045311381109058856964 0.0050637023523449897766 0.0039419867098331451416 0.0062968949787318706512 0.0078218970447778701782 0.04656680673360824585 0.0042469883337616920471 0.016651682555675506592 0.0018009878695011138916 0.0014520058175548911095 0.0011728858808055520058 0.00081482634413987398148 0.009959783405065536499 0.00027497846167534589767 0.0029772049747407436371 0.00081865984247997403145 0.0012279406655579805374 0.00028630968881770968437 -9999 -9999 -9999 -9999 -9999 0 -9999 -9999
0.003526339307427406311 0.0036594562698155641556 0.0038749440573155879974 0.004119374789297580719 0.0043709198944270610809 0.0046027242206037044525 0.0047640991397202014923 0.0049304040148854255676 0.0051168901845812797546 0.0092619042843580245972 0.010087067261338233948 0.010944284498691558838 0.011742749251425266266 1.206948399543762207 0.0076795108616352081299 0.0044123334810137748718 0.0080808447673916816711 0.00026587396860122680664 0.0069032562896609306335 0.052148435264825820923 0.0045814714394509792328 0.018683176487684249878 0.0014946750598028302193 0.0010824555065482854843 0.00075294985435903072357 0.00026391542633064091206 0.010196594521403312683 0.00084469176363199949265 0.0034077439922839403152 0.0012840377166867256165 0.0016273605870082974434 -9999 -9999 -9999 -9999 -9999 -9999 -9999 -9999 -9999 -9999
0.0034769771154969930649 0.0035727035719901323318 0.0037635718472301959991 0.0039868848398327827454 0.0043293316848576068878 0.0046744747087359428406 0.0049019264988601207733 0.0051357601769268512726 0.0053972806781530380249 0.0003139869950246065855 0.00031290156766772270203 0.00073842378333210945129 0.0011497816303744912148 0.013940692879259586334 1.0901362895965576172 0.010932500474154949188 0.0088099474087357521057 0.0073589896783232688904 0.052966043353080749512 0.0048736953176558017731 0.019021006301045417786 0.0015948450891301035881 0.0010961650405079126358 0.00072703551268205046654 0.00026457913918420672417 0.010410284623503684998 0.001314336434006690979 0.0038147752638906240463 0.0017429339932277798653 -9999 -9999 -9999 -9999 -9999 -9999 -9999 -9999 -9999 -9999 -9999 -9999
0.0076411301270127296448 0.0075873476453125476837 0.0077105397358536720276 0.0080944551154971122742 0.0081527121365070343018 0.0085177924484014511108 0.0090383924543857574463 0.009526013396680355072 0.0097896922379732131958 0.0098802689462900161743 0.0098912687972187995911 0.010190611705183982849 0.010645321570336818695 0.01016200333833694458 0.023675173521041870117 1.10735321044921875 0.013601050712168216705 0.052774738520383834839 0.0050259362906217575073 0.019676374271512031555 0.012075300328433513641 0.010042758658528327942 0.0093922112137079238892 0.0094714928418397903442 0.010247245430946350098 0.001731058233417570591 0.0042088436894118785858 0.0021778258960694074631 -9999 -9999 -9999 -9999 -9999 -9999 -9999 -9999 -9999 -9999 -9999 -9999 -9999
0.0020217762794345617294 0.0021853598300367593765 0.0023567052558064460754 0.0027189860120415687561 0.0030089137144386768341 0.0031306941527873277664 0.0034841909073293209076 0.0039063952863216400146 0.0041154995560646057129 0.0042605320923030376434 0.0044045615941286087036 0.0046023107133805751801 0.0047796261496841907501 0.0049318172968924045563 0.0051576625555753707886 0.030313262715935707092 0.36983153223991394043 0.055904608219861984253 0.019196750596165657043 0.012705869041383266449 0.00029417825862765312195 0.00029332595295272767544 0.00076786719728261232376 0.00029239544528536498547 0.0020329363178461790085 0.0044670719653367996216 -9999 -9999 -9999 -9999 -9999 -9999 -9999 -9999 -9999 -9999 -9999 -9999 -9999 -9999 -9999
0.0043353377841413021088 0.0043839467689394950867 0.0044393027201294898987 0.0049460078589618206024 0.0053949798457324504852 0.0056006642989814281464 0.005653935018926858902 0.0061685955151915550232 0.0063706338405609130859 0.006501274649053812027 0.0065500237978994846344 0.0065820384770631790161 0.0066059548407793045044 0.0067842947319149971008 0.0070548658259212970734 0.0082126576453447341919 1.2749084234237670898 0.065198287367820739746 0.013185386545956134796 0.00084317283472046256065 0.00081412959843873977661 0.0011868525762110948563 0.00030476783285848796368 0.0022340279538184404373 -9999 -9999 -9999 -9999 -9999 -9999 -9999 -9999 -9999 -9999 -9999 -9999 -9999 -9999 -9999 -9999 -9999
0.0039313496090471744537 0.0040333531796932220459 0.0041702957823872566223 0.0043640960939228534698 0.0049329958856105804443 0.00540081830695271492 0.0057396395131945610046 0.0057392539456486701965 0.005420672241598367691 0.0057614585384726524353 0.0058571244589984416962 0.0059135840274393558502 0.0060152537189424037933 0.0062406416982412338257 0.0064762099646031856537 0.0066247391514480113983 0.010227231308817863464 1.0616317987442016602 0.013965614140033721924 0.0012506961356848478317 0.001561625627800822258 -9999 -9999 -9999 -9999 -9999 -9999 -9999 -9999 -9999 -9999 -9999 -9999 -9999 -9999 -9999 -9999 -9999 -9999 -9999 -9999
0.0035467008128762245178 0.003731432836502790451 0.0039607733488082885742 0.0041365646757185459137 0.0042731156572699546814 0.0049838172271847724915 0.0056831012479960918427 0.00026333081768825650215 0.00026641029398888349533 0.0007076920592226088047 0.00094105803873389959335 -9999 -9999 -9999 -9999 -9999 -9999 0.48029211163520812988 0.036657258868217468262 0.0020303796045482158661 -9999 -9999 -9999 -9999 -9999 -9999 -9999 -9999 -9999 -9999 -9999 -9999 -9999 -9999 -9999 -9999 -9999 -9999 -9999 -9999 -9999
-9999 -9999 -9999 -9999 -9999 -9999 -9999 -9999 -9999 -9999 -9999 -9999 -9999 -9999 -9999 -9999 -9999 -9999 0.040090948343276977539 -9999 -9999 -9999 -9999 -9999 -9999 -9999 -9999 -9999 -9999 -9999 -9999 -9999 -9999 -9999 -9999 -9999 -9999 -9999 -9999 -9999 -9999
-9999 -9999 -9999 -9999 -9999 -9999 -9999 -9999 -9999 -9999 -9999 -9999 -9999 -9999 -9999 -9999 -9999 -9999 -9999 -9999 -9999 -9999 -9999 -9999 -9999 -9999 -9999 -9999 -9999 -9999 -9999 -9999 -9999 -9999 -9999 -9999 -9999 -9999 -9999 -9999 -9999
