tests/data/reference/gistest/full/control/mwlevelrill_m.asc
ncols        125
nrows        78
xllcorner    -713756.799299980048
yllcorner    -1061032.369616159936
cellsize     10.000000000000
NODATA_value  -9999
[rows 36 to 53 of 78, columns 82 to 122 of 125]
0.010780260898172855377 0.021345868706703186035 0.00097734970040619373322 0 0.0002436640934320166707 0.0012938176514580845833 0.0018827029271051287651 0.0032804303336888551712 0.0035667747724801301956 0.012691624462604522705 0.001793618546798825264 0.0013879886828362941742 0.0023094397038221359253 0.00086318602552637457848 5.4753225413151085377e-05 0.0031974357552826404572 0.0054307533428072929382 0.00078812241554260253906 0.001896293950267136097 0.0013977939961478114128 0.0024781271349638700485 0.00072950165485963225365 0.0012023212620988488197 0.0007728589116595685482 0 -9999 -9999 -9999 -9999 -9999 -9999 -9999 -9999 -9999 -9999 -9999 -9999 -9999 -9999 -9999 -9999
0.01045426446944475174 0.052862953394651412964 0 0.00085207400843501091003 0.00024623706121928989887 0.0016436274163424968719 0.0021854159422218799591 0.0036041508428752422333 0.0039501790888607501984 0.014027608558535575867 0.0018160962499678134918 0.0026638477575033903122 0.0014036565553396940231 0.00087033153977245092392 0.0035605905577540397644 0.0058298301883041858673 0 0.001400263630785048008 0.0024243546649813652039 0.0019043425563722848892 0.0027712571900337934494 0.0012660486390814185143 0.0016498256009072065353 0.0011801158543676137924 0.00069942197296768426895 0 0 -9999 -9999 -9999 -9999 -9999 -9999 -9999 -9999 -9999 -9999 -9999 -9999 -9999 -9999
0.023964678868651390076 0.053212892264127731323 0.0013040133053436875343 0.00084369437536224722862 0.00024616564041934907436 0.0019571138545870780945 0.0024959722068160772324 0.0039484179578721523285 0.015705043449997901917 0.0021641841158270835876 0.002963739447295665741 0.0018321304814890027046 0.0013957829214632511139 0.0038381004706025123596 0.0059862802736461162567 0.00086285662837326526642 0.0019438585732132196426 0 0.0028630676679313182831 0.0023093072231858968735 0.003028946463018655777 0.0016789846122264862061 0.0021237735636532306671 0.0017147997859865427017 0.0012358790263533592224 0.00065273290965706110001 0.000841754197608679533 0 -9999 -9999 -9999 -9999 -9999 -9999 -9999 -9999 -9999 -9999 -9999 -9999 -9999
0 0.021324912086129188538 0.0024283882230520248413 0.00083750201156362891197 0.00024404327268712222576 0.0022475314326584339142 0.0028059454634785652161 0.0042725205421447753906 0.016778253018856048584 0.0031968739349395036697 0.0021775995846837759018 0.001801196020096540451 0.0040428875945508480072 0.0061184973455965518951 0.0014196416595950722694 0.0023485366255044937134 0.00085970904910936951637 0 0.0032280748710036277771 0.0026933769695460796356 0.0034053400158882141113 0.0021471807267516851425 0.0026492825709283351898 0.0021648455876857042313 0.0015723790274932980537 0.001114271930418908596 0.0011691371910274028778 0 0 -9999 -9999 -9999 -9999 -9999 -9999 -9999 -9999 -9999 -9999 -9999 -9999
0.0097463643178343772888 0.021601825952529907227 0.0033772285096347332001 0.00026896275812759995461 0.00077696889638900756836 0.0025212096516042947769 0.0031201110687106847763 0.0045893159694969654083 0.018327068537473678589 0.0024850945919752120972 0.0021553449332714080811 0.0042309318669140338898 0.0061724018305540084839 0.0018677655607461929321 0.0027372119948267936707 0.0014101332053542137146 0.00086989806732162833214 0.0036023766733705997467 0 0.0030294260941445827484 0.0037486751098185777664 0.0025642341934144496918 0.0030251520220190286636 0.0024591733235865831375 0.0020283861085772514343 0.0015454333042725920677 0.0016182319959625601768 0.00065888249082490801811 0.0015262631932273507118 0 -9999 -9999 -9999 -9999 -9999 -9999 -9999 -9999 -9999 -9999 -9999
0.010504267178475856781 0.021947929635643959045 0.0039060101844370365143 0.00026703678304329514503 0.0011716950684785842896 0.0028167255222797393799 0.0034498153254389762878 0.020024821162223815918 0.0027504176832735538483 0.0024670681450515985489 0.0044354139827191829681 0.006280499044805765152 0.0022333667147904634476 0.0030580237507820129395 0.0018854840891435742378 0.0014112412463873624802 0.0038904682733118534088 0.00085632852278649806976 7.3626142693683505058e-05 0.0032790002878755331039 0.003974707331508398056 0.0028813194949179887772 0.0033060426358133554459 0.0027073763776570558548 0.0025616295170038938522 0.0020291281398385763168 0.0019902454223483800888 0.0011973662767559289932 0.0015986374346539378166 0 0 -9999 -9999 -9999 -9999 -9999 -9999 -9999 -9999 -9999 -9999
0.013915961608290672302 0.021039467304944992065 0.0041983006522059440613 0.00078864290844649076462 0.0015637502074241638184 0.0031730968039482831955 0.0037565063685178756714 0.021260399371385574341 0.0027406516019254922867 0.0046407990157604217529 0.0063772890716791152954 0.0025372712407261133194 0.0033079162240028381348 0.0022703201975673437119 0.0018828900065273046494 0.0042225276120007038116 0.0014088719617575407028 0.00013996932830195873976 0.00080919131869450211525 0.0035751925315707921982 0.0042695505544543266296 0.0032234350219368934631 0.0035668178461492061615 0.0028926923405379056931 0.0029368717223405838013 0.0024579162709414958954 0.0022107150871306657791 0.0015643670922145247459 0.0019857110455632209778 0.0011948746396228671074 0 0 0 -9999 -9999 -9999 -9999 -9999 -9999 -9999 -9999
0.055598549544811248779 0.034849610179662704468 0.0045076776295900344849 0.0012671232689172029495 0.0019983286038041114807 0.003512598574161529541 0.0039960839785635471344 0.022267894819378852844 0.0047962493263185024261 0.0065737366676330566406 0.002839718945324420929 0.0035115659702569246292 0.002563055139034986496 0.002251301892101764679 0.0045103984884917736053 0.0018905309261754155159 0.00086757901590317487717 0.00013546548143494874239 0.0013226884184405207634 0.0039058250840753316879 0.0046276794746518135071 0.0035660516005009412766 0.0036566250491887331009 0.0030446287710219621658 0.0030970424413681030273 0.0027425170410424470901 0.0024674462620168924332 0.001765854773111641407 0.0022458580788224935532 0.0016389056108891963959 0.0012831339845433831215 0 0 0 -9999 -9999 -9999 -9999 -9999 -9999 -9999
0 0.080834917724132537842 0.0049206190742552280426 0.0017017795471474528313 0.0022288991604000329971 0.0036525677423924207687 0.0042136185802519321442 0.024661026895046234131 0.0066614295355975627899 0.0031415058765560388565 0.0037749402690678834915 0.0028282410930842161179 0.0025242012925446033478 0.0045880619436502456665 0.002269153716042637825 0.0013963257661089301109 0.00086055672727525234222 0.00014666246715933084488 0.0017614015378057956696 0.0042087463662028312683 0.0048945220187306404114 0.0037375029642134904861 0.0035245001781731843948 0.0033554979600012302399 0.0031976529862731695175 0.0029070121236145496368 0.0028523262590169906616 0.0019870966207236051559 0.0025017387233674526215 0.0020293579436838626862 0.0029753220733255147934 0.00085307855624705553055 0 0 0 -9999 -9999 -9999 -9999 -9999 -9999
0.0024329221341758966446 0 0 0.0020008557476103305817 0.0022660151589661836624 0.0037513431161642074585 0.0044802785851061344147 0.028474252671003341675 0.0034174432512372732162 0.0040330644696950912476 0.0031202815007418394089 0.0028034199494868516922 0.0046740975230932235718 0.0025313755031675100327 0.0017954753711819648743 0.0013592803152278065681 0.00085072271758690476418 0.00017264785128645598888 0.0021635328885167837143 0.0044968822039663791656 0.0049766432493925094604 0.0036803318653255701065 0.0036583370529115200043 0.0035870056599378585815 0.0033184872008860111237 0.0030186802614480257034 0.0030859622638672590256 0.0023289597593247890472 0.0027576196007430553436 0.0023603644222021102905 0.003865243867039680481 0.00085712340660393238068 0.00014099036343395709991 0.001406010589562356472 0.00091365579282864928246 0 -9999 -9999 -9999 -9999 -9999
0.0013103751698508858681 0.0015605547232553362846 0.0023014775943011045456 0 0.0028112530708312988281 0.0042876577936112880707 0.0049635861068964004517 0.031217442825436592102 0.0043869619257748126984 0.0034342035651206970215 0.003110473044216632843 0.0048874071799218654633 0.0028199383523315191269 0.0021370362956076860428 0.001757503836415708065 0.001328648650087416172 0.00084170966874808073044 0.00020469437004067003727 0.0025041294284164905548 0.0046549774706363677979 0.0048482995480298995972 0.0035516882780939340591 0.0039141676388680934906 0.0037876612041145563126 0.0035189541522413492203 0.0032066507264971733093 0.003254065290093421936 0.0025634560734033584595 0.0030046012252569198608 0.0027058536652475595474 0.0047871586866676807404 0.00086264358833432197571 0.00018915234250016510487 0.0028213034383952617645 0.00086355936946347355843 0 0 0 -9999 -9999 -9999
0.0022716429084539413452 0.0024046220351010560989 0.0025525498203933238983 0.0053804940544068813324 0 0.0050311381928622722626 0.0056717330589890480042 0.03549332544207572937 0.0039157452993094921112 0.0034738117828965187073 0.005155379418283700943 0.0031292529311031103134 0.0024895712267607450485 0.0021320052910596132278 0.001732178032398223877 0.0012998596066609025002 0.0008298482862301170826 0.00023429276188835501671 0.0027631993871182203293 0.004706859588623046875 0.004690268542617559433 0.0037777489051222801208 0.0041956598870456218719 0.0040099313482642173767 0.0037440906744450330734 0.0034459584858268499374 0.0034669630695134401321 0.0027490062639117240906 0.0033923420123755931854 0.0069255135022103786469 0.0013728854246437549591 0.00087921204976737499237 0.0032154531218111515045 0.0014742130879312753677 0.00089616695186123251915 0.0008839200017973780632 0.00098920078016817569733 0 -9999 -9999 -9999
0.015561411157250404358 0.014715585857629776001 0.01425214763730764389 0.016649520024657249451 0 0 0.0059284772723913192749 0.038998413830995559692 0.0040492005646228790283 0.0056031569838523864746 0.003454990684986114502 0.0028082835488021373749 0.0024924660101532936096 0.002117748139426112175 0.0017015292542055249214 0.0012700720690190792084 0.00081889395369216799736 0.0002531612408347427845 0.002990336855873465538 0.0047505111433565616608 0.0046605505049228668213 0.0040197954513132572174 0.0044387639500200748444 0.0042502260766923427582 0.0039604660123586654663 0.0036681070923805236816 0.0037233603652566671371 0.0029930560849606990814 0.0039333747699856758118 0.0083299428224563598633 0.0013999285874888300896 0.0035506556741893291473 0.0018928180215880274773 0.0014647752977907657623 0.0015173264546319842339 0.0016522150253877043724 0.00086882314644753932953 -9999 -9999 -9999 -9999
0.0017812841106206178665 0.0019384140614420175552 0.0020909467712044715881 0.0028262452688068151474 0.02254182472825050354 0 0.0056216232478618621826 0.041696444153785705566 0.0063969083130359649658 0.003962290007621049881 0.0031832486856728792191 0.0028198102954775094986 0.002478801412507891655 0.0020877579227089881897 0.0016627238364890217781 0.0012393197976052761078 0.00081017013872042298317 0.00026556654484011232853 0.0031790060456842184067 0.0047598746605217456818 0.004764165729284286499 0.0040637757629156112671 0.0045737456530332565308 0.0044814040884375572205 0.0042268554680049419403 0.0039097727276384830475 0.0039408998563885688782 0.0034519243054091930389 0.010720110498368740082 0.0018196864984929561615 0.0039307530969381332397 0.0023281921166926622391 0.0018829887267202138901 0.0018962105968967080116 0.0020461168605834245682 0.0015309674199670553207 -9999 -9999 -9999 -9999 -9999
0.0010799693409353494644 0.0013040576595813035965 0.001552119269035756588 0.0021081480663269758224 0.0056262840516865253448 0.024701679125428199768 0 0.045134883373975753784 0.0046007693745195865631 0.003713243408128619194 0.0032339459285140037537 0.0028382902964949607849 0.0024622222408652305603 0.002054478740319609642 0.00026896665804088115692 0.0015970153035596013069 0.0016065549571067094803 0.00027330406010150909424 0.003335840301588177681 0.0048211789689958095551 0.0049849278293550014496 0.0041524437256157398224 0.0044669560156762599945 0.0045080156996846199036 0.0044261519797146320343 0.0041086538694798946381 0.0039832117035984992981 0.0039318953640758991241 0.012205198407173156738 0.004257103893905878067 0.0027600275352597236633 0.0023529033642262220383 0.0023273823317140340805 0.0023778527975082397461 0.001897192210890352726 9.5639450591988861561e-05 -9999 -9999 -9999 -9999 -9999
0.0013059438206255435944 0.0014818181516602635384 0.0017481269314885139465 0.0022112745791673660278 0.0030053029768168926239 0.0068123112432658672333 0 0.046399511396884918213 0.0042957817204296588898 0.0037342167925089597702 0.0032619133125990629196 0.0028476035222411155701 0.002439822070300579071 0.00082298961933702230453 0.00026595144299790263176 0.0019380101002752780914 0.0022622582037001848221 0.00027478195261210203171 0.003492641029879450798 0.004978819284588098526 0.0052109416574239730835 0.004431431647390127182 0.0046766470186412334442 0.0044072270393371582031 0.0044965595006942749023 0.0042272843420505523682 0.004275148734450340271 0.0043539498001337051392 0.015009909868240356445 0.0031720257829874753952 0.0027909632772207260132 0.0027598333545029163361 0.0028349945787340402603 0.0023355134762823581696 0.00088721298379823565483 0.0001776581484591588378 0 -9999 -9999 -9999 -9999
0.0016882343916222453117 0.0018715093610808253288 0.0022408117074519395828 0.002673638518899679184 0.0033673772122710943222 0.0038994578644633293152 0.0069407257251441478729 0 0.0071032936684787273407 0.0036874981597065925598 0.0032778936438262462616 0.0028722961433231830597 0.0012996885925531387329 0.0002637934521771967411 0.00079326744889840483665 0.0022408240474760532379 0.0025057664606720209122 0.00075811304850503802299 0.0036738561466336250305 0.005153395235538482666 0.0053784376941621303558 0.0046475655399262905121 0.0049541741609573364258 0.0046660699881613254547 0.0044072284363210201263 0.0041855429299175739288 0.0046925181522965431213 0.01661006733775138855 0.0034769843332469463348 0.0031830866355448961258 0.0031303369905799627304 0.0031722860876470804214 0.0027899704873561859131 0.001436174614354968071 0.00088351051090285181999 0.00088454404613003134727 9.982430492527782917e-05 0 -9999 -9999 -9999
0.01044304482638835907 0.010991562157869338989 0.011937646195292472839 0.012963871471583843231 0.014492128975689411163 0.0042496449314057826996 0.0094936750829219818115 0 0.0090013928711414337158 0.0036534634418785572052 0.0032889938447624444962 0.0017893310869112610817 0.00024234391457866877317 0.00080303184222429990768 0.0012024164898321032524 0.0024818859528750181198 0.0026950589381158351898 0.0011207702336832880974 0.0038484961260110139847 0.0052825398743152618408 0.0055645471438765525818 0.0048798508942127227783 0.00505307735875248909 0.0046802842989563941956 0.0042987870983779430389 0.0043827323243021965027 0.0052513917908072471619 0.019459532573819160461 0.0034730981569737195969 0.0078867822885513305664 0.0056792441755533218384 0.003099218243733048439 0.0019345815526321530342 0.0014390205033123493195 0.0013916109455749392509 0.0022188620641827583313 0.0013084425590932369232 0 -9999 -9999 -9999
