tests/data/reference/gistest/full/control/mwlevelrill_m.asc
ncols        125
nrows        78
xllcorner    -713756.799299980048
yllcorner    -1061032.369616159936
cellsize     10.000000000000
NODATA_value  -9999
[rows 54 to 71 of 78, columns 41 to 81 of 125]
0.0027868214529007673264 0.0042740278877317905426 0.0031713959760963916779 0.0031691431067883968353 0.0027245646342635154724 0.0026276970747858285904 0.0029009706340730190277 0.0031696842052042484283 0.008921644650399684906 0.011901209130883216858 0.0030460741836577653885 0.0030690485145896673203 0.0030332971364259719849 0.0042734569869935512543 0.0067757144570350646973 0.0058658584021031856537 0.0034293835051357746124 0.0029515216592699289322 0.0037527766544371843338 0.0048531088978052139282 0.0035485606640577316284 0.0051488047465682029724 0.0052496446296572685242 0.0055454862304031848907 0.0058035310357809066772 0.006177078932523727417 0.0064761126413941383362 0.0065230438485741615295 0.0063844863325357437134 0.0062318760901689529419 0.0062609859742224216461 0.0063749845139682292938 0.0070078903809189796448 0.0085043171420693397522 0.00014027446741238236427 0.00020811005379073321819 0.00067392783239483833313 0 0.001261214609257876873 0.0015233387239277362823 0.0017504616407677531242
0.0039477734826505184174 0.0027627735398709774017 0.002739825984463095665 0.0023188951890915632248 0.002279131673276424408 0.0033195710275322198868 0.0051305093802511692047 0.0067677474580705165863 0.0039753522723913192749 0.0026854758616536855698 0.0027116204146295785904 0.0026783104985952377319 0.0040381154976785182953 0.0029310607351362705231 0.0050356737338006496429 0.0028820123989135026932 0.0025198906660079956055 0.0033684461377561092377 0.0044878674671053886414 0.0032527835574001073837 0.0051812967285513877869 0.00018912726955022662878 0.0055798990651965141296 0.007651546970009803772 0.0080398675054311752319 0.012202491052448749542 0.017201984301209449768 0.016506079584360122681 0.015594495460391044617 0.014760807156562805176 0.014273880049586296082 0.013990546576678752899 0.014605398289859294891 0.016022298485040664673 0.014425443485379219055 0.013883925974369049072 0.013704321347177028656 0.033601306378841400146 0.013646775856614112854 0.013569558970630168915 0.013349873945116996765
0.0023481552489101886749 0.0023234081454575061798 0.0018751979805529117584 0.0018728445284068584442 0.0030573997646570205688 0.0022222278639674186707 0.0022041713818907737732 0.0036671436391770839691 0.0022616935893893241882 0.0023217995185405015945 0.0023122646380215883255 0.0037107469979673624039 0.0025928162503987550735 0.0046079517342150211334 0.0022862334735691547394 0.0019614694174379110336 0.0029141730628907680511 0.0041075251065194606781 0.0028554520104080438614 0.004959365352988243103 0.0030559287406504154205 0.0052528954111039638519 0.0029226446058601140976 0.002874044002965092659 0.0051462585106492042542 0.0075156190432608127594 0.0034744841977953910828 0.0057953363284468650818 0.0057477410882711410522 0.0057062357664108276367 0.005688104778528213501 0.0056934766471385955811 0.005910571664571762085 0.0061167404055595397949 0.0059642046689987182617 0.0062067173421382904053 0.014452110975980758667 0.014604128897190093994 0.006308978889137506485 0.0064132479019463062286 0.0064443000592291355133
0.0018805024446919560432 0.0014024723786860704422 0.0014034828636795282364 0.0027308019343763589859 0.0018740034429356455803 0.0018435672391206026077 0.0033679124899208545685 0.0018396852537989616394 0.0018609282560646533966 0.0018901745788753032684 0.0034280542749911546707 0.0021965843625366687775 0.0042100776918232440948 0.0018355781212449073792 0.0014189328067004680634 0.0023528658784925937653 0.0036085466854274272919 0.0024105734191834926605 0.0046743615530431270599 0.0027199571486562490463 0.0026650091167539358139 0.00265503651462495327 0.0026181237772107124329 0.0025555097963660955429 0.0068602850660681724548 0.0030742574017494916916 0.0030849454924464225769 0.0060865455307066440582 0.0078951809555292129517 0.0094220489263534545898 0.012836178764700889587 0.012549693696200847626 0.012504847720265388489 0.012368111871182918549 0.011133219115436077118 0.010782281868159770966 0.026597194373607635498 0.026301437988877296448 0.010710123926401138306 0.010659220628440380096 0.010359873063862323761
0.00086020270828157663345 0.00086223788093775510788 0.0023118206299841403961 0.0014183921739459037781 0.0014195749536156654358 0.0030932207591831684113 0.0014034900814294815063 0.0014044921845197677612 0.001416308223269879818 0.0031436509452760219574 0.0018723066896200180054 0.0038401086349040269852 0.0013266564346849918365 0.00089149846462532877922 0.0019105409737676382065 0.0031330105848610401154 0.0019184245029464364052 0.0043087136000394821167 0.0023579970002174377441 0.0022970610298216342926 0.0022666456643491983414 0.0022693681530654430389 0.0022496613673865795135 0.006621219683438539505 0.002603650558739900589 0.0026673602405935525894 0.0059641064144670963287 0.0029524767305701971054 0.0028630753513425588608 0.0059394473209977149963 0.003010437358170747757 0.0050842934288084506989 0.0051942295394837856293 0.0052708545699715614319 0.005167475435882806778 0.0049714534543454647064 0.01105766836553812027 0.01095332019031047821 0.0048616193234920501709 0.0052742096595466136932 0.0058308858424425125122
0.00012944200716447085142 0.001854930538684129715 0.00085879012476652860641 0.00086322828428819775581 0.002743088873103260994 0.00086102122440934181213 0.00086776801617816090584 0.000880294071976095438 0.0027736467309296131134 0.0014546790625900030136 0.0038253357633948326111 0.00083648011786863207817 0.00024968310026451945305 0.0014374362071976065636 0.0028568003326654434204 0.0014440470840781927109 0.0038929835427552461624 0.0019153446191921830177 0.0019032716518267989159 0.0018755948403850197792 0.0018584325443953275681 0.0018485323525965213776 0.0064943265169858932495 0.0022434256970882415771 0.0022420256864279508591 0.0056060445494949817657 0.0026286554057151079178 0.0025785618927329778671 0.0058776307851076126099 0.0027927746996283531189 0.0027156299911439418793 0.0026336906012147665024 0.0042396862991154193878 0.0046797315590083599091 0.0050418348982930183411 0.0059252437204122543335 0.013655023649334907532 0.0058246077969670295715 0.0060388962738215923309 0.0073044877499341964722 0.0089872479438781738281
0.0013216215884312987328 8.3800361608155071735e-05 0.00010147463035536929965 0.0022951164282858371735 0.00011293123679934069514 0.00011427964636823162436 0.00010823817865457385778 0.0023676266428083181381 0.00088133360259234905243 0.0036015044897794723511 0.00017474828928243368864 0.00023234639957081526518 0.00082188576925545930862 0.0024090709630399942398 0.00090242398437112569809 0.0036031068302690982819 0.0014213832328096032143 0.0014190877554938197136 0.001417876221239566803 0.0014224835904315114021 0.0014159728307276964188 0.0062606404535472393036 0.0018426101887598633766 0.0018540119053795933723 0.0053330319933593273163 0.0022354796528816223145 0.0022145682014524936676 0.0057323812507092952728 0.0025293009821325540543 0.0024647056125104427338 0.002388705965131521225 0.0019683667924255132675 0.00028559734346345067024 0.00028704872238449752331 0.0015651358989998698235 0.00029995490331202745438 0 0.0011026755673810839653 0.0014518063981086015701 0.0022037294693291187286 0.0036719290073961019516
0.00069489423185586929321 0.0012896690750494599342 0.0018258542986586689949 8.6297361121978610754e-05 0.00081899232463911175728 0.0013392268447205424309 0.0018344417912885546684 0 0.0032532431650906801224 0.00011310708214296028018 0.00079021777492016553879 0.0011951233027502894402 0.0016688322648406028748 4.0750524931354448199e-05 0.0034499915782362222672 0.00087009003618732094765 0.00086803926387801766396 0.00086947868112474679947 0.00087386171799153089523 0.0008867962169460952282 0.0062576453201472759247 0.0014076224761083722115 0.0014000100782141089439 0.0051064784638583660126 0.0018576341681182384491 0.001823312835767865181 0.0054539781995117664337 0.0021872697398066520691 0.0021518827416002750397 0.002089679008349776268 0.0016505867242813110352 0.00028090056730434298515 0.00078052235767245292664 0.0011969991028308868408 0.00027882592985406517982 0.00074564130045473575592 0 0.0014717823360115289688 0.0018227036343887448311 0.0033337706699967384338 0.00079464755253866314888
-9999 -9999 0 0.00072731851832941174507 0.0012196335010230541229 0.0016500259516760706902 0.0021075932309031486511 0.0026935799978673458099 0 0.00074890325777232646942 0.0011399466311559081078 0.0015098977601155638695 0.0020308648236095905304 0.0028007295913994312286 0 0 8.6910382378846406937e-05 0.00012585334479808807373 0.00012519441952463239431 0.006132884882390499115 0.00088757672347128391266 0.00088553846580907702446 0.0048460243269801139832 0.0014250938547775149345 0.0014167133485898375511 0.0053193932399153709412 0.0018115853890776634216 0.0017868700670078396797 0.0017439825460314750671 0.0012762655969709157944 0.00027950364165008068085 0.00077165948459878563881 0.0011528568575158715248 0.0015205860836431384087 0.0018088431097567081451 0.0020081072580069303513 0 0.002601773478090763092 0.0029337792657315731049 0.00029073224868625402451 0.0002849001029971987009
-9999 -9999 -9999 -9999 -9999 4.8321981012122705579e-05 0.00069004826946184039116 0.0011726678349077701569 0.0015711970627307891846 0.0018077373970299959183 0.0020335400477051734924 0.0024135524872690439224 0.003107446013018488884 0.0038898405618965625763 0.0043442808091640472412 0.0044804350472986698151 0.004721491597592830658 0.0050050755962729454041 0.0054695634171366691589 0 0 0.0046391645446419715881 0.00086900620954111218452 0.00088329939171671867371 0.0052906526252627372742 0.0014156649122014641762 0.0013875149888917803764 0.0013493722071871161461 0.00084005267126485705376 0.00027364410925656557083 0.00076795450877398252487 0.0011318299220874905586 0.0014607013436034321785 0.0017836933257058262825 0.0020365989767014980316 0.0022550784051418304443 0 0.002878548111766576767 0.0031395410187542438507 0.0033376323990523815155 0.0034466146025806665421
-9999 -9999 -9999 -9999 -9999 -9999 -9999 -9999 -9999 -9999 -9999 6.1617502069566398859e-05 0.00069690076634287834167 0.0012702168896794319153 0.0017094911308959126472 0.0020451685413718223572 0.0023836903274059295654 0.0027663479559123516083 0.0032507334835827350616 0.0038050124421715736389 0.0042146230116486549377 0 2.7860873160534538329e-05 0.0050695994868874549866 0.00086885987548157572746 0.00087607972091063857079 0.00086727924644947052002 0.00023525005963165313005 0.00025296557578258216381 0.00075856735929846763611 0.0011132125509902834892 0.0014303319621831178665 0.0017420010408386588097 0.0020588531624525785446 0.0023384881205856800079 0.0026034782640635967255 0 0.0031524600926786661148 0.0033193046692758798599 0.0033913871739059686661 0.0034233154729008674622
-9999 -9999 -9999 -9999 -9999 -9999 -9999 -9999 -9999 -9999 -9999 -9999 0 0.00063263584161177277565 0.0011099511757493019104 0.0014937089290469884872 0.0019308867631480097771 0.0023032783064991235733 0.0025808515492826700211 0.0028850825037807226181 0.0032595286611467599869 0.0037871405947953462601 0.0044434182345867156982 0 0 5.2262348617659881711e-05 0.00013733353989664465189 0.00076067744521424174309 0.0011294316500425338745 0.0014114325167611241341 0.0016805672785267233849 0.0019801158923655748367 0.0023165978491306304932 0.0027051307260990142822 0.0063873175531625747681 0.0067607820965349674225 0 0.0068338690325617790222 0.0067470623180270195007 0.0065398518927395343781 0.0064255474135279655457
-9999 -9999 -9999 -9999 -9999 -9999 -9999 -9999 -9999 -9999 -9999 -9999 -9999 -9999 -9999 -9999 -9999 -9999 -9999 -9999 0 0.00071293365908786654472 0.0011619097786024212837 0.0016373922117054462433 0.0020702132023870944977 0.0023305234499275684357 0.0024463129229843616486 0.0025426829233765602112 0.0026960270479321479797 0.0028576110489666461945 0.0030879271216690540314 0.0034272670745849609375 0.0038531734608113765717 0.004375134594738483429 0.00026805748348124325275 0.00027996514108963310719 0 0.0011556812096387147903 0.0014298439491540193558 0.0016298523405566811562 0.0018243959639221429825
-9999 -9999 -9999 -9999 -9999 -9999 -9999 -9999 -9999 -9999 -9999 -9999 -9999 -9999 -9999 -9999 -9999 -9999 -9999 -9999 -9999 -9999 -9999 0 0.0007177288644015789032 0.0011975165689364075661 0.0015725191915407776833 0.0018366735894232988358 0.0019790262449532747269 0.0020591914653778076172 0.0023052913602441549301 0.0026922656688839197159 0.0031320124398916959763 0.0036073788069188594818 0.0038462758529931306839 0.0038179052062332630157 0.0084353107959032058716 0.004066762048751115799 0.0041868188418447971344 0.0041795433498919010162 0.0042448574677109718323
-9999 -9999 -9999 -9999 -9999 -9999 -9999 -9999 -9999 -9999 -9999 -9999 -9999 -9999 -9999 -9999 -9999 -9999 -9999 -9999 -9999 -9999 -9999 -9999 -9999 0.00011090758198406547308 0.00080211751628667116165 0.0012449157657101750374 0.0015314662596210837364 0.0016958247870206832886 0.0018603068310767412186 0.0021162710618227720261 0.0025499865878373384476 0.0029567906167358160019 0.003143537323921918869 0.0031423440668731927872 0.0069089871831238269806 0.0035385896917432546616 0.0037093358114361763 0.0037444105837494134903 0.0038347353693097829819
-9999 -9999 -9999 -9999 -9999 -9999 -9999 -9999 -9999 -9999 -9999 -9999 -9999 -9999 -9999 -9999 -9999 -9999 -9999 -9999 -9999 -9999 -9999 -9999 -9999 -9999 0.00020144433074165135622 0.00019525784591678529978 0.00079561438178643584251 0.0011474728817120194435 0.0014307281235232949257 0.0016947943950071930885 0.0018783838022500276566 0.0022313839290291070938 0.0024410809855908155441 0.0049468898214399814606 0.0027757200878113508224 -9999 -9999 -9999 -9999
-9999 -9999 -9999 -9999 -9999 -9999 -9999 -9999 -9999 -9999 -9999 -9999 -9999 -9999 -9999 -9999 -9999 -9999 -9999 -9999 -9999 -9999 -9999 -9999 -9999 -9999 -9999 -9999 0.00020592467626556754112 0.00078833388397470116615 0.0011716561857610940933 0.0015210697893053293228 0.0017915545031428337097 0.0020150323398411273956 0.0021925431210547685623 -9999 -9999 -9999 -9999 -9999 -9999
-9999 -9999 -9999 -9999 -9999 -9999 -9999 -9999 -9999 -9999 -9999 -9999 -9999 -9999 -9999 -9999 -9999 -9999 -9999 -9999 -9999 -9999 -9999 -9999 -9999 -9999 -9999 -9999 -9999 0.00023017676721792668104 0.00079697178443893790245 0.0012310161255300045013 0.0015911672962829470634 0.0018794506322592496872 -9999 -9999 -9999 -9999 -9999 -9999 -9999
