tests/data/reference/gistest/full/control/mwlevelrill_m.asc
ncols        125
nrows        78
xllcorner    -713756.799299980048
yllcorner    -1061032.369616159936
cellsize     10.000000000000
NODATA_value  -9999
[rows 54 to 71 of 78, columns 41 to 81 of 125]
0.0032885996624827384949 0.0041361018083989620209 0.0036546473857015371323 0.0037061385810375213623 0.0032970102038234472275 0.0031861634925007820129 0.0034493585117161273956 0.0036877742968499660492 0.0099689355120062828064 0.012968798168003559113 0.0036261989735066890717 0.0036469786427915096283 0.0036023173015564680099 0.0043968767859041690826 0.0071221408434212207794 0.0052206548862159252167 0.0041092350147664546967 0.0035740435123443603516 0.0043010399676859378815 0.0049150129780173301697 0.0040149898268282413483 0.0044725295156240463257 0.0043633664026856422424 0.004425838124006986618 0.0044653825461864471436 0.004590032622218132019 0.0046621002256870269775 0.0045737698674201965332 0.0043862997554242610931 0.0042159287258982658386 0.0041775023564696311951 0.0041975309140980243683 0.004527925979346036911 0.0053170532919466495514 0.00038981193210929632187 0.00040042260661721229553 0.00090026628458872437477 0 0.0015837388345971703529 0.0018979428568854928017 0.0021696961484849452972
0.003991169854998588562 0.0032712554093450307846 0.0032834224402904510498 0.0028608373831957578659 0.0028146139811724424362 0.0038209240883588790894 0.0058795372024178504944 0.0077023305930197238922 0.004514444153755903244 0.0032603926956653594971 0.0032885819673538208008 0.003244230290874838829 0.0043234173208475112915 0.0034759319387376308441 0.0047931158915162086487 0.0035342727787792682648 0.0031310927588492631912 0.0040006930939853191376 0.0048130629584193229675 0.0037977609317749738693 0.0047365510836243629456 0.00041832498391158878803 0.0063462574034929275513 0.0085921464487910270691 0.0087923137471079826355 0.01330108940601348877 0.015988323837518692017 0.015099631622433662415 0.014052723534405231476 0.013109005056321620941 0.012496843934059143066 0.012077695690095424652 0.012432685121893882751 0.013446834869682788849 0.011942580342292785645 0.011345311067998409271 0.011053544469177722931 0.026481788605451583862 0.010712692514061927795 0.010516199283301830292 0.010215348564088344574
0.0028497562743723392487 0.0028439187444746494293 0.0023592475336045026779 0.0023589837364852428436 0.0036102775484323501587 0.0027374727651476860046 0.0027153678238391876221 0.0044313957914710044861 0.0027913267258554697037 0.0028664178680628538132 0.0028503998182713985443 0.0041216122917830944061 0.0031294862274080514908 0.0046760546974837779999 0.0028430274687707424164 0.0024840210098773241043 0.0035563427954912185669 0.0046216314658522605896 0.0034226484131067991257 0.0048130881041288375854 0.0035966644063591957092 0.0060740355402231216431 0.0034712196793407201767 0.0034183522220700979233 0.0060132727958261966705 0.0048239086754620075226 0.0040302868001163005829 0.0066015361808240413666 0.006387853529304265976 0.0061679189093410968781 0.0059617548249661922455 0.0057698027230799198151 0.005764646921306848526 0.0057129994966089725494 0.0053381314501166343689 0.0053347689099609851837 0.011598350480198860168 0.01122173946350812912 0.0048032677732408046722 0.0047106835991144180298 0.0045709391124546527863
0.0023494437336921691895 0.0018126339418813586235 0.0018164397915825247765 0.0032984528224915266037 0.0023546619340777397156 0.0023120846599340438843 0.0043361810967326164246 0.0023072871845215559006 0.0023352652788162231445 0.0023722716141492128372 0.0039304532110691070557 0.002690511755645275116 0.0045720166526734828949 0.0023157061077654361725 0.0018330290913581848145 0.0029231873340904712677 0.0042127161286771297455 0.0029533512424677610397 0.004812871105968952179 0.003270154586061835289 0.0032182892318814992905 0.0032147443853318691254 0.0031717992387712001801 0.0030950091313570737839 0.004573475569486618042 0.0036498438566923141479 0.0036707953549921512604 0.0046311565674841403961 0.0068336869589984416962 0.0086304312571883201599 0.010816308669745922089 0.010374984703958034515 0.010150096379220485687 0.0098606022074818611145 0.0087231704965233802795 0.0083068432286381721497 0.019838502630591392517 0.01927202567458152771 0.0078329602256417274475 0.0076693780720233917236 0.0073347548022866249084
0.001182097126729786396 0.0011870061280205845833 0.0028494535945355892181 0.0018366568256169557571 0.001835246221162378788 0.0042589339427649974823 0.0018066989723592996597 0.0018060721922665834427 0.0018208207329735159874 0.0037067439407110214233 0.0023373288568109273911 0.0044772326946258544922 0.0017024398548528552055 0.0012144303182139992714 0.0024170738179236650467 0.0037532544229179620743 0.0023964755237102508545 0.0046793250367045402527 0.002891633426770567894 0.0028244059067219495773 0.0027918645646423101425 0.0027973819524049758911 0.0027711405418813228607 0.0045738322660326957703 0.003146509174257516861 0.0032324015628546476364 0.0047403280623257160187 0.0035100257955491542816 0.0034137917682528495789 0.0044516581110656261444 0.0035302939359098672867 0.0058948602527379989624 0.0059251352213323116302 0.00590122956782579422 0.0056696766987442970276 0.0053425063379108905792 0.011153991334140300751 0.010439440608024597168 0.0044635552912950515747 0.004648080095648765564 0.0049394732341170310974
0.00038897441118024289608 0.00233443407341837883 0.0011870721355080604553 0.0011953461216762661934 0.0040664738044142723083 0.001188388909213244915 0.0011943684658035635948 0.0012076084967702627182 0.0033518897835165262222 0.0018746438436210155487 0.0048174718394875526428 0.0011211126111447811127 0.00045533373486250638962 0.0018693929305300116539 0.0034977651666849851608 0.0018540055025368928909 0.0044156741350889205933 0.0023959998507052659988 0.0023885725531727075577 0.0023556977976113557816 0.0023330205585807561874 0.0023178262636065483093 0.004692336544394493103 0.0027560512535274028778 0.0027591979596763849258 0.0046968180686235427856 0.0031816358678042888641 0.0031258058734238147736 0.0045904512517154216766 0.0033287026453763246536 0.003253835020586848259 0.0031779094133526086807 0.0050860689952969551086 0.0055733532644808292389 0.0059569543227553367615 0.0069823870435357093811 0.015572814270853996277 0.006439232267439365387 0.0065374360419809818268 0.0077737481333315372467 0.0095697222277522087097
0.001719892607070505619 0.00036037273821420967579 0.00037475916906259953976 0.0036894725635647773743 0.00038001226494088768959 0.00037926464574411511421 0.00037901441100984811783 0.0029303363990038633347 0.0012200379278510808945 0.004964655265212059021 0.00041682229493744671345 0.00043246659333817660809 0.0011115656234323978424 0.0030068603809922933578 0.0012595354346558451653 0.0042277751490473747253 0.0018248929409310221672 0.0018292479217052459717 0.001832024427130818367 0.0018383709248155355453 0.0018240858335047960281 0.0047955526970326900482 0.0023031292948871850967 0.0023214945103973150253 0.0047327191568911075592 0.0027481291908770799637 0.002724597463384270668 0.0047115385532379150391 0.0030609422829002141953 0.0029932903125882148743 0.002915857359766960144 0.0024483876768499612808 0.00046202458906918764114 0.00046379549894481897354 0.0019700052216649055481 0.00046086942893452942371 0 0.0013208130840212106705 0.0016961101209744811058 0.0027352590113878250122 0.0044225654564797878265
0.002065171021968126297 0.0027247017715126276016 0.0032706912606954574585 0.00036015501245856285095 0.001139530097134411335 0.0017434825422242283821 0.0023234048858284950256 0.00033670439734123647213 0.0049575599841773509979 0.00037915390566922724247 0.0010840153554454445839 0.0015390129992738366127 0.0021082770545035600662 0.0003559722390491515398 0.0041716112755239009857 0.0012054542312398552895 0.0011936816154047846794 0.0011944586876779794693 0.0012027568882331252098 0.0012235478498041629791 0.0050910967402160167694 0.0018045186297968029976 0.0017939903773367404938 0.004830328281968832016 0.0023240351583808660507 0.0022789170034229755402 0.004754943307489156723 0.002684212755411863327 0.0026471863966435194016 0.0025803521275520324707 0.0020770139526575803757 0.00045759131899103522301 0.0010343482717871665955 0.0015337055083364248276 0.00044908060226589441299 0.00097998580895364284515 0 0.0018452967051416635513 0.0022716780658811330795 0.0040503260679543018341 0.0010471571004018187523
0.0016491436399519443512 0.0019831494428217411041 0.0025353797245770692825 0.0029451441951096057892 0.0032778945751488208771 0.003608851926401257515 0.0040188273414969444275 0.0045964848250150680542 0.00028882001060992479324 0.0010378670413047075272 0.0014748572139069437981 0.0019069907721132040024 0.0025348016060888767242 0.0034620275255292654037 0.00026593520306050777435 0.00032807569368742406368 0.00036702080979011952877 0.00038885304820723831654 0.00039265336818061769009 0.0053209043107926845551 0.0012280412483960390091 0.0012091122334823012352 0.0049205282703042030334 0.0018321347888559103012 0.0018188059329986572266 0.0049357153475284576416 0.0022589322179555892944 0.0022309257183223962784 0.0021827274467796087265 0.0016339804278686642647 0.00045910102198831737041 0.0010219095274806022644 0.001475184108130633831 0.0019190897000953555107 0.0022603855468332767487 0.0024892454966902732849 0 0.0031959903426468372345 0.0035866491962224245071 0.00045394754852168262005 0.00044916733168065547943
-9999 0.00020403499365784227848 0.00023699982557445764542 0.0003004231257364153862 0.0010337202111259102821 0.0015578470192849636078 0.0020245269406586885452 0.0025391355156898498535 0.0028665573336184024811 0.0029555694200098514557 0.0031112674623727798462 0.0035113897174596786499 0.0043034199625253677368 0.0050934883765876293182 0.0053308652713894844055 0.0051399711519479751587 0.0050606690347194671631 0.0050085289403796195984 0.0050910180434584617615 0.0003299191594123840332 0.00033984699985012412071 0.0050900443457067012787 0.0011992573272436857224 0.001217125914990901947 0.0052513461560010910034 0.001816228032112121582 0.001776050543412566185 0.0017267385264858603477 0.0011231580283492803574 0.00045553877134807407856 0.0010179092641919851303 0.0014473568880930542946 0.0018410058692097663879 0.002230238867923617363 0.0025291850324720144272 0.002782509196549654007 0 0.0035213262308388948441 0.0038189250044524669647 0.0040321014821529388428 0.0041294000111520290375
-9999 -9999 -9999 -9999 0.00036835469654761254787 0.00035062091774307191372 0.0011490653268992900848 0.0018366889562457799911 0.00029550766339525580406 0.0010554280597716569901 0.0015432452782988548279 0.0019394577248021960258 0.0024963398464024066925 0.0031561846844851970673 0.0035232417285442352295 0.0037223084364086389542 0.0039462218992412090302 0.0042198635637760162354 0.004587466362863779068 0.0049508772790431976318 0.0050379266031086444855 0.00030881204293109476566 0.00033821904798969626427 0.0054168878123164176941 0.0012074258411303162575 0.0012067654170095920563 0.0011815070174634456635 0.00044623634312301874161 0.00044246407924219965935 0.0010084733366966247559 0.0014240845339372754097 0.0018020162824541330338 0.002175795380026102066 0.0025560788344591856003 0.0028866429347544908524 0.0031941584311425685883 0 0.0038318298757076263428 0.0040055555291473865509 0.0040583983063697814941 0.0040582693181931972504
-9999 -9999 -9999 -9999 -9999 -9999 -9999 -9999 -9999 -9999 0.00037733995122835040092 0.0011167974444106221199 0.0016288621118292212486 0.0019209963502362370491 0.002359743928536772728 0.0027100932784378528595 0.0031794672831892967224 0.003534367075189948082 0.0037381509318947792053 0.0039654383435845375061 0.0042499811388552188873 0.004661029670387506485 0.0051175099797546863556 0.00027949930517934262753 0.00031376502010971307755 0.00034369435161352157593 0.00037689696182496845722 0.0010313793318346142769 0.0014503718120977282524 0.0017761627677828073502 0.0020928781013935804367 0.0024489236529916524887 0.0028478344902396202087 0.0033042409922927618027 0.0070031839422881603241 0.007304657716304063797 0 0.00724175991490483284 0.0070252469740808010101 0.006692864932119846344 0.0064609334804117679596
-9999 -9999 -9999 -9999 -9999 -9999 -9999 -9999 -9999 -9999 -9999 0.00026683078613132238388 0.00016220133693423122168 0.0010911404388025403023 0.0016618280205875635147 0.0021783076226711273193 0.0027083351742476224899 0.0032434726599603891373 0.0036420775577425956726 0.0039371736347675323486 0.004247742239385843277 0.004428745713084936142 0.0041523706167936325073 0.0042659230530261993408 0.0043380530551075935364 0.0041606496088206768036 0.0038708169013261795044 0.00366879231296479702 0.0036188552621752023697 0.0036186662036925554276 0.0037246951833367347717 0.0039602601900696754456 0.0042792912572622299194 0.0046775294467806816101 0.00044648625771515071392 0.00044834517757408320904 0 0.0014684185152873396873 0.0017940565012395381927 0.0020297323353588581085 0.0022625788114964962006
-9999 -9999 -9999 -9999 -9999 -9999 -9999 -9999 -9999 -9999 -9999 -9999 -9999 -9999 -9999 -9999 -9999 -9999 -9999 0.00031458667945116758347 0.00028619583463296294212 0.00017043338448274880648 9.3812857812736183405e-05 0.00015297501522582024336 0.0010354096302762627602 0.0015603069914504885674 0.0019838274456560611725 0.0022782080341130495071 0.0024265768006443977356 0.0025022195186465978622 0.0027793778572231531143 0.0032177858520299196243 0.0037015455309301614761 0.0042007020674645900726 0.0043993592262268066406 0.0042869271710515022278 0.0087190000340342521667 0.0040209442377090454102 0.0040027834475040435791 0.0038608880713582038879 0.0037820620927959680557
-9999 -9999 -9999 -9999 -9999 -9999 -9999 -9999 -9999 -9999 -9999 -9999 -9999 -9999 -9999 -9999 -9999 -9999 -9999 -9999 -9999 -9999 0.0012665671529248356819 0.0012478389544412493706 0.00028996798209846019745 0.00036988942883908748627 0.0010978854261338710785 0.0016084760427474975586 0.0019317165715619921684 0.0021089413203299045563 0.0022943047806620597839 0.0025938586331903934479 0.0031033905688673257828 0.0035672201775014400482 0.00375147978775203228 0.0037066151853650808334 0.0077753611840307712555 0.0037967329844832420349 0.0038685875479131937027 0.0037882847245782613754 0.0037536988966166973114
-9999 -9999 -9999 -9999 -9999 -9999 -9999 -9999 -9999 -9999 -9999 -9999 -9999 -9999 -9999 -9999 -9999 -9999 -9999 -9999 -9999 -9999 -9999 -9999 0.0019459555624052882195 0.0011835502227768301964 0.00042968330672010779381 0.00042234727879986166954 0.0010803143959492444992 0.0014754320727661252022 0.001805448438972234726 0.002119173295795917511 0.0023318037856370210648 0.0027507296763360500336 0.002986288163810968399 0.0060895597562193870544 0.0031761329155415296555 0.0034262225963175296783 0.0035096297506242990494 0.0034881718456745147705 0.0035198235418647527695
-9999 -9999 -9999 -9999 -9999 -9999 -9999 -9999 -9999 -9999 -9999 -9999 -9999 -9999 -9999 -9999 -9999 -9999 -9999 -9999 -9999 -9999 -9999 -9999 -9999 0.0023440357763320207596 0.0017641056329011917114 0.0011830144794657826424 0.00043031896348111331463 0.0010616868967190384865 0.0015082224272191524506 0.0019265143200755119324 0.0022435483988374471664 0.0024996497668325901031 0.0026967632584273815155 0.0052246390841901302338 0.0027844533324241638184 0.0030043458100408315659 -9999 -9999 -9999
-9999 -9999 -9999 -9999 -9999 -9999 -9999 -9999 -9999 -9999 -9999 -9999 -9999 -9999 -9999 -9999 -9999 -9999 -9999 -9999 -9999 -9999 -9999 -9999 -9999 -9999 -9999 0.0023437070194631814957 0.0017771538114175200462 0.000441027048509567976 0.0010777397546917200089 0.0015942811733111739159 0.0020175545942038297653 0.0023490237072110176086 0.0026127630844712257385 0 -9999 -9999 -9999 -9999 -9999
