tests/data/reference/gistest/full/control/mwlevelrill_m.asc
ncols        125
nrows        78
xllcorner    -713756.799299980048
yllcorner    -1061032.369616159936
cellsize     10.000000000000
NODATA_value  -9999
[rows 18 to 35 of 78, columns 41 to 81 of 125]
0.0036892895586788654327 0.0019350443035364151001 0.0041838609613478183746 0.0027314226608723402023 0.0025981792714446783066 0.0014614964602515101433 0.0018549830419942736626 0.0031433389522135257721 0.000774556770920753479 0.00020898711227346211672 0.0013665178557857871056 0.0018009477062150835991 0.0035594785585999488831 0.0021431257482618093491 0.0013170350575819611549 0.0012915116967633366585 0.00083359429845586419106 0.00027315251645632088184 0.00026094017084687948227 0.00024863611906766891479 0.0002386779378866776824 0.0002316692844033241272 0.0029199495911598205566 0.00087817700114101171494 0.00089438748545944690704 0.00090285751502960920334 0.0053564915433526039124 0.0014496056828647851944 0.001459264545701444149 0.0084203351289033889771 0.0014177686534821987152 0.0014503450365737080574 0 0.044501658529043197632 0.0050192875787615776062 0.0018408101750537753105 0.0011613999959081411362 0.00064153305720537900925 0 -9999 -9999
0.0039638793095946311951 0.0021926376502960920334 0.0043381745927035808563 0.0028665745630860328674 0.0027454365044832229614 0.0016790395602583885193 0.0020096946973353624344 0.0031784730963408946991 0.0011755675077438354492 0.00023552408674731850624 0.00085212377598509192467 0.0017633660463616251945 0.0021583375055342912674 0.0038298247382044792175 0.0024815055076032876968 0.0017152031650766730309 0.0017044368432834744453 0.0013074673479422926903 0.00085521314758807420731 0.00085629516979679465294 0.00085808214498683810234 0.00086018186993896961212 0.00086612114682793617249 0.0033679318148642778397 0.0014069334138184785843 0.0014074190985411405563 0.0013990843435749411583 0.0053891059942543506622 0.001905498444102704525 0.0091878091916441917419 0.0017506736330687999725 0.0017138993134722113609 0 0.00081750279059633612633 0.046737283468246459961 0.0074498360045254230499 0.0015480065485462546349 0.0010876159649342298508 0.00068731041392311453819 0.00013099388161208480597 -9999
0.0042650592513382434845 0.0023737442679703235626 0.0044043990783393383026 0.0030015406664460897446 0.0028711128979921340942 0.0018844950245693325996 0.0021864331793040037155 0.0032722889445722103119 0.0014887336874380707741 0.00024996031424961984158 0.00083135324530303478241 0.0013128634309396147728 0.0021347175352275371552 0.0024922071024775505066 0.0040531116537749767303 0.0027832437772303819656 0.0020880168303847312927 0.0020938429515808820724 0.0017266913782805204391 0.001328137936070561409 0.0013405829668045043945 0.0013564834371209144592 0.0013671184424310922623 0.0013711117208003997803 0.0036451648920774459839 0.0018108282238245010376 0.0018170690163969993591 0.0018349689198657870293 0.0069078616797924041748 0.008735483512282371521 0.0019541785586625337601 0.00189326494000852108 0.00066901667742058634758 0 0 0.045150686055421829224 0.0088673746213316917419 0.0017019605729728937149 0.001147654140368103981 0.00067467452026903629303 0.00013154090265743434429
0.0046332287602126598358 0.0026036084163933992386 0.0044131637550890445709 0.0031511958222836256027 0.0029837714973837137222 0.0020734476856887340546 0.0023783438373357057571 0.0034402736928313970566 0.0017731776461005210876 0.00077614531619474291801 0.00027263880474492907524 0.001280091586522758007 0.0017234035767614841461 0.0024604497011750936508 0.0027728159911930561066 0.0042873630300164222717 0.0031055856961756944656 0.0024532559327781200409 0.0024681610520929098129 0.0021334004122763872147 0.00176544219721108675 0.0017776314634829759598 0.0017792367143556475639 0.0017780122580006718636 0.0017870153533294796944 0.0039387587457895278931 0.002253803890198469162 0.0022949930280447006226 0.0081095919013023376465 0.008185277692973613739 0.0021666111424565315247 0.0022577480413019657135 0.0010951898293569684029 0.00072039413498714566231 0 0.00086306501179933547974 0.041300162672996520996 0.0094293933361768722534 0.0034495291765779256821 0.0011592945083975791931 0.00066456524655222892761
0.0050425236113369464874 0.0030019807163625955582 0.0046436213888227939606 0.0033603210467845201492 0.0031591968145221471786 0.0023003851529210805893 0.0025813134852796792984 0.0036770352162420749664 0.0020697799045592546463 0.0011735297739505767822 0.00079631683183833956718 0.00027583248447626829147 0.0016814537812024354935 0.0020670930389314889908 0.0027407316956669092178 0.0030830975156277418137 0.0045918081887066364288 0.0034385491162538528442 0.0028175581246614456177 0.0028492307756096124649 0.0025167881976813077927 0.0021465667523443698883 0.0021455942187458276749 0.0021585498470813035965 0.0021816031076014041901 0.0022106410469859838486 0.0044149109162390232086 0.0027355011552572250366 0.0097595276311039924622 0.0081278439611196517944 0.0025280250702053308487 0.0025439159944653511047 0.001434631645679473877 0.0011733249993994832039 0.00076171691762283444405 0.0013316965196281671524 0 0.040632560849189758301 0.0095546049997210502625 0.0048242961056530475616 0.0011825476540252566338
0.0054320283234119415283 0.0034297255333513021469 0.0051177167333662509918 0.003653172636404633522 0.0034502486232668161392 0.0025875123683363199234 0.0028133140876889228821 0.0039646988734602928162 0.0023892412427812814713 0.0015392788918688893318 0.0012122569605708122253 0.00027769673033617436886 0.00082219234900549054146 0.0020194137468934059143 0.0023915113415569067001 0.0030821131076663732529 0.003422174602746963501 0.0048841871321201324463 0.0037627990823239088058 0.0031789706554263830185 0.0032007694244384765625 0.0028580750804394483566 0.0025185125414282083511 0.0025413436815142631531 0.0025612735189497470856 0.0025982216466218233109 0.0026761365588754415512 0.004925870802253484726 0.011876638978719711304 0.0086746504530310630798 0.0027452860958874225616 0.0026776660233736038208 0.0017336516175419092178 0.0015228502452373504639 0.0011690299725160002708 0.0015397800598293542862 0.00011848653957713395357 0.00086341489804908633232 0.040063653141260147095 0.010420677252113819122 0.006973905954509973526
0.0057847714051604270935 0.0038110949099063873291 0.0055361497215926647186 0.0039518158882856369019 0.0036767870187759399414 0.0028243102133274078369 0.003048946848139166832 0.0042178570292890071869 0.0026729144155979156494 0.0018572976114228367805 0.00027202416094951331615 0.0015866885660216212273 0.00081020675133913755417 0.0012466578045859932899 0.0023588782642036676407 0.0027373800985515117645 0.0034084022045135498047 0.0037421125452965497971 0.0052143209613859653473 0.0041318018920719623566 0.0035337640438228845596 0.0035255574621260166168 0.0032063534017652273178 0.0028826298657804727554 0.0029164189472794532776 0.0029833076987415552139 0.0030667751561850309372 0.0031315088272094726562 0.014745719730854034424 0.00907774362713098526 0.0029861794319003820419 0.0028824193868786096573 0.0020603947341442108154 0.001829065149649977684 0.0014855050249025225639 0.0017304085195064544678 0.00069217797135934233665 0.0012488961219787597656 3.8279915315797552466e-05 0.041530393064022064209 0.011080446653068065643
0.0061610746197402477264 0.0041551529429852962494 0.0058793872594833374023 0.0042331651784479618073 0.003838896285742521286 0.002997837727889418602 0.0032958919182419776917 0.0044421851634979248047 0.0029235684778541326523 0.0021337303332984447479 0.0007716793334111571312 0.00029176837415434420109 0.0019109578570351004601 0.0012239282950758934021 0.0016226090956479310989 0.0026817114558070898056 0.0030757396016269922256 0.0037757339887320995331 0.0041438313201069831848 0.0056106215342879295349 0.0044482997618615627289 0.003816929645836353302 0.003818503115326166153 0.0035347801167517900467 0.0032799844630062580109 0.00338009675033390522 0.00343934609554708004 0.0034254617057740688324 0.01566651463508605957 0.0090236905962228775024 0.0033199200406670570374 0.0032450926955789327621 0.0023938540834933519363 0.0021238392218947410583 0.0017701612086966633797 0.0019313747761771082878 0.0010095327161252498627 0.0014351846184581518173 0.00073202041676267981529 0.032869528979063034058 9.0891546278726309538e-05
0.018650010228157043457 0.0045301071368157863617 0.006266031414270401001 0.0045637679286301136017 0.0041324589401483535767 0.0032515309285372495651 0.0035552994813770055771 0.0046261092647910118103 0.0031510831322520971298 0.0024037363473325967789 0.0011545351007953286171 0.00029389129485934972763 0.00078693073010072112083 0.0022240371908992528915 0.001597313443198800087 0.0019918796606361865997 0.0030612559057772159576 0.0034798097331076860428 0.0041623557917773723602 0.004449821077287197113 0.0058007617481052875519 0.0046747880987823009491 0.0041094189509749412537 0.004171825014054775238 0.0039551402442157268524 0.0037104920484125614166 0.0037434953264892101288 0.0037193729076534509659 0.017320271581411361694 0.0093138348311185836792 0.0036831609904766082764 0.0036498217377811670303 0.0027790509629994630814 0.0024698376655578613281 0.0020841322839260101318 0.0021665920503437519073 0.0013153902254998683929 0.0016443969216197729111 0.0010664854198694229126 0.028244215995073318481 0.00072887039277702569962
0.01974072679877281189 0.0049305753782391548157 0.0067242239601910114288 0.0049935881979763507843 0.0045455978251993656158 0.0036197169683873653412 0.0038294068071991205215 0.0047518853098154067993 0.003334890119731426239 0.0026575524825602769852 0.0014906683936715126038 0.00076505925972014665604 0.001160619896836578846 0.00029282527975738048553 0.0025561908259987831116 0.0019834106788039207458 0.0024022213183343410492 0.0034557289909571409225 0.0038001532666385173798 0.0043837428092956542969 0.0046563479118049144745 0.006027352064847946167 0.0049899155274033546448 0.0044770375825464725494 0.0045354943722486495972 0.004268655087798833847 0.0039813942275941371918 0.0040130559355020523071 0.019609916955232620239 0.010020378045737743378 0.0041885380633175373077 0.0041421991772949695587 0.0032466908451169729233 0.0029145146254450082779 0.0024863954167813062668 0.0025033713318407535553 0.0015987951774150133133 0.0019278360996395349503 0.0013679252006113529205 0.026144927367568016052 0.001034675980918109417
0.02657117694616317749 0.0053135985508561134338 0.0070454482920467853546 0.00532930716872215271 0.004908595699816942215 0.0039789378643035888672 0.0041224029846489429474 0.0049061318859457969666 0.003519660094752907753 0.0029087129514664411545 0.0018051565857604146004 0.0011416076449677348137 0.0014921753900125622749 0.00076739955693483352661 0.0028075794689357280731 0.0022819463629275560379 0.00026685243938118219376 0.0027716374024748802185 0.0037573126610368490219 0.0040563200600445270538 0.0046270191669464111328 0.0049240980297327041626 0.0063047683797776699066 0.0053044282831251621246 0.0047882334329187870026 0.0048430017195641994476 0.0046136910095810890198 0.0043579200282692909241 0.021851530298590660095 0.010475267656147480011 0.0045940228737890720367 0.0044639734551310539246 0.0035532317124307155609 0.0032274341210722923279 0.0028182268142700195312 0.0028478612657636404037 0.0019489200785756111145 0.002262920839712023735 0.0016762302257120609283 0.025128504261374473572 0.0012794258072972297668
0.0023464355617761611938 0.028384119272232055664 0.0072681829333305358887 0.0055034379474818706512 0.0050971806049346923828 0.004225037992000579834 0.0043736943043768405914 0.0050856731832027435303 0.0037187177222222089767 0.0031626629643142223358 0.0021094067487865686417 0.0014833093155175447464 0.0018090225057676434517 0.0011460818350315093994 0.0030387861188501119614 0.0025417441502213478088 0.00026531604817137122154 0.00082987995119765400887 0.0031169089488685131073 0.004045802634209394455 0.0043032881803810596466 0.0048603015020489692688 0.0051702894270420074463 0.0065646884031593799591 0.0056210565380752086639 0.0051983031444251537323 0.0053619951941072940826 0.0051175970584154129028 0.004705234430730342865 0.027355123311281204224 0.0048540690913796424866 0.0046274717897176742554 0.0036893780343234539032 0.003352593863382935524 0.0029946973081678152084 0.0030862961430102586746 0.0022746906615793704987 0.0026235862169414758682 0.0020021055825054645538 0.024594211950898170471 0.0016374418046325445175
0.082300916314125061035 0.08731123805046081543 0.035696025937795639038 0.0068095666356384754181 0.0061063431203365325928 0.0049278722144663333893 0.0049792081117630004883 0.0055965348146855831146 0.0040712072513997554779 0.0034872165415436029434 0.0024520044680684804916 0.0018387150485068559647 0.0021525239571928977966 0.0015132741536945104599 0.0033296104520559310913 0.0028362500015646219254 0.00079255405580624938011 0.00027068218332715332508 0.0012878970010206103325 0.0034085353836417198181 0.004289300180971622467 0.0046071154065430164337 0.0052319671958684921265 0.0056164963170886039734 0.0071136038750410079956 0.006197009701281785965 0.005730975419282913208 0.0057079400867223739624 0.0052307983860373497009 0.0047196024097502231598 0.027651326730847358704 0.0047905002720654010773 0.0038593115750700235367 0.0034956887830048799515 0.003154088510200381279 0.0032809416297823190689 0.0025624723639339208603 0.0029686326161026954651 0.0023327334783971309662 0.024176843464374542236 0.0019940303172916173935
0.048173770308494567871 0.049434132874011993408 0.099530719220638275146 0.15009641647338867188 0.15702114999294281006 0.0078020039945840835571 0.010401315055787563324 0.0067628142423927783966 0.0047061080113053321838 0.0039207129739224910736 0.0028653638437390327454 0.0022573019377887248993 0.0025866136420518159866 0.0019466063240543007851 0.0037497838493436574936 0.0031910086981952190399 0.0012216347968205809593 0.00080286135198548436165 0.00028389043291099369526 0.0016843687044456601143 0.0037400037981569766998 0.0047424081712961196899 0.0051693953573703765869 0.0059171961620450019836 0.0063576065003871917725 0.0078367358073592185974 0.0065784514881670475006 0.0057974108494818210602 0.0055656656622886657715 0.0050761988386511802673 0.028685020282864570618 0.0049054957926273345947 0.0040200524963438510895 0.0036442952696233987808 0.0033174671698361635208 0.0034932584967464208603 0.0028359587304294109344 0.0032707042992115020752 0.0026518362574279308319 0.02408738061785697937 0.0023160073906183242798
0.0029748617671430110931 0.0029933564364910125732 0.0061801699921488761902 0.0081805130466818809509 0.0092499628663063049316 0.12310816347599029541 0.14756003022193908691 0.15762569010257720947 0.0082243084907531738281 0.0091741448268294334412 0.0036548888310790061951 0.0029136261437088251114 0.0032508373260498046875 0.002551744924858212471 0.0044540781527757644653 0.0037578691262751817703 0.00025407390785403549671 0.0016736170509830117226 0.0012736333301290869713 0.00084506993880495429039 0.0021224496886134147644 0.0042058140970766544342 0.0052175410091876983643 0.0056249615736305713654 0.0062646982260048389435 0.0064908140338957309723 0.0076555050909519195557 0.0063992151990532875061 0.0057017118670046329498 0.005559226498007774353 0.031170135363936424255 0.0052109928801655769348 0.004281056579202413559 0.0038351027760654687881 0.0034993265289813280106 0.0037389842327684164047 0.0031075982842594385147 0.0035253353416919708252 0.0029323464259505271912 0.024680200964212417603 0.0026499291416257619858
0.0025941177736967802048 0.0036319578066468238831 0.0025894348509609699249 0.0025917254388332366943 0.0026311960536986589432 0.0046633309684693813324 0.0061731613241136074066 0.0073362193070352077484 0.13075773417949676514 0.14719073474407196045 0.18926918506622314453 0.0051530259661376476288 0.0039994865655899047852 0.0042141634039580821991 0.0032748007215559482574 0.0052856337279081344604 0.0044609713368117809296 0.00087773567065596580505 0.0021783050615340471268 0.001761364983394742012 0.0013361473102122545242 0.0025136047042906284332 0.0044417870230972766876 0.005273515358567237854 0.0054909968748688697815 0.005966708064079284668 0.0061897709965705871582 0.0073970695957541465759 0.0064192898571491241455 0.0059306551702320575714 0.0059365495108067989349 0.03451643139123916626 0.0047609037719666957855 0.004180161748081445694 0.003777845064178109169 0.0040252846665680408478 0.0033671534620225429535 0.0037289543543010950089 0.0031510973349213600159 0.026175385341048240662 0.0030712846200913190842
0.0033245673403143882751 0.0021728386636823415756 0.002125570317730307579 0.0021609396208077669144 0.0021450230851769447327 0.001780315302312374115 0.00180541258305311203 0.001802153303287923336 0.0018328957958146929741 0.0034918054006993770599 0.005026708357036113739 0.1524540632963180542 0.18543298542499542236 0.18647871911525726318 0.0046741911210119724274 0.0037949518300592899323 0.0057017253711819648743 0.0048387227579951286316 0.0013909850968047976494 0.0025676782242953777313 0.0021421611309051513672 0.0017259877640753984451 0.0027642291970551013947 0.0044849510304629802704 0.005185084417462348938 0.0053789350204169750214 0.0058804918080568313599 0.0062085408717393875122 0.0075353854335844516754 0.0067550442181527614594 0.0063889827579259872437 0.039305217564105987549 0.0053865406662225723267 0.0047671338543295860291 0.0042879255488514900208 0.0044905794784426689148 0.0037320689298212528229 0.0039959717541933059692 0.0033627557568252086639 0.028563490137457847595 0.0035443843808025121689
0.0017850721487775444984 0.0017630958463996648788 0.0017569650663062930107 0.0017511051846668124199 0.0013275558594614267349 0.0013927922118455171585 0.0013748402707278728485 0.0013534743338823318481 0.0013885148800909519196 0.0014499584212899208069 0.0042008534073829650879 0.0059276274405419826508 0.0071932151913642883301 0.0059769181534647941589 0.15450693666934967041 0.0046748006716370582581 0.0039649587124586105347 0.0056990170851349830627 0.0049522547051310539246 0.0018502505263313651085 0.0028688493184745311737 0.0024708607234060764313 0.0020874955225735902786 0.0029997788369655609131 0.0045636123977601528168 0.0052216742187738418579 0.00544413737952709198 0.0060111093334853649139 0.0064753079786896705627 0.0079796593636274337769 0.0073092202655971050262 0.0069733471609652042389 0.043730963021516799927 0.0056755309924483299255 0.0051411986351013183594 0.0052561066113412380219 0.0042757042683660984039 0.0043724463321268558502 0.0035957542713731527328 0.031350448727607727051 0.0040073585696518421173
