tests/data/reference/gistest/full/control/mwlevelrill_m.asc
ncols        125
nrows        78
xllcorner    -713756.799299980048
yllcorner    -1061032.369616159936
cellsize     10.000000000000
NODATA_value  -9999
[rows 36 to 53 of 78, columns 0 to 40 of 125]
-9999 -9999 -9999 -9999 -9999 -9999 -9999 -9999 -9999 -9999 -9999 -9999 -9999 0 0.0025028074160218238831 0.0040950444526970386505 0.020994001999497413635 0.0015572357224300503731 0.002216808730736374855 0.0033041022252291440964 0.0042451503686606884003 0.0055776480585336685181 0.0033037464600056409836 0.0093013253062963485718 0.0073419967666268348694 0.0083491122350096702576 0.012126954272389411926 0.006721357349306344986 0.0029537337832152843475 0.0020058182999491691589 0.0029325371142476797104 0.0036512855440378189087 0.0057599525898694992065 0.00015345311840064823627 0.00085344037506729364395 0.0028118453919887542725 0.0019761396106332540512 0.0014697741717100143433 0.0014536599628627300262 0.0027429631445556879044 0.0013961752410978078842
-9999 -9999 -9999 -9999 -9999 -9999 -9999 -9999 -9999 -9999 -9999 -9999 0 0 0.0037785321474075317383 0.021239649504423141479 0.00078251014929264783859 0.0015671096043661236763 0.0027850903570652008057 0.0037657269276678562164 0.0050924927927553653717 0.0027271052822470664978 0.0088344961404800415039 0.0069315684959292411804 0.0080897938460111618042 0.012181550264358520508 0.0066231749951839447021 0.0026134126819670200348 0.0015012648655101656914 0.002578324638307094574 0.0035352162085473537445 0.0025039690081030130386 0.0039915195666253566742 5.6933582527562975883e-05 0.0024646215606480836868 0.0015041688457131385803 0.00090457318583503365517 0.00090500415535643696785 0.0025180201046168804169 0.00090377801097929477692 0.00090401968918740749359
-9999 -9999 -9999 -9999 -9999 -9999 -9999 -9999 -9999 -9999 -9999 0 0 0.0033552541863173246384 0.022972984239459037781 0 0.00074668246088549494743 0.0022549568675458431244 0.0033292202278971672058 0.0046834009699523448944 0.0021672297734767198563 0.0083423359319567680359 0.0065052476711571216583 0.0077339871786534786224 0.012018830515444278717 0.0063918773084878921509 0.0021124726627022027969 0.00084640691056847572327 0.0020781550556421279907 0.0031791815999895334244 0.0021666304673999547958 0.0020936203654855489731 0.0020489967428147792816 0.0021016129758208990097 0.00089759693946689367294 0 0 0.0021062118466943502426 0 0 0
-9999 -9999 -9999 -9999 -9999 -9999 -9999 -9999 -9999 -9999 -9999 0 0.0026248558424413204193 0.024113379418849945068 0.00033727928530424833298 0 0.001565847429446876049 0.002937518758699297905 0.004380572587251663208 0.0015538953011855483055 0.0080424835905432701111 0.0060638668946921825409 0.0073703927919268608093 0.011807551607489585876 0.0060420320369303226471 0.001521892845630645752 0 0.0014852676540613174438 0.0026498753577470779419 0.001570430118590593338 0.0015833919169381260872 0.0015647292602807283401 0.0015862962463870644569 0 0 0.00078928406583145260811 0.0013519438216462731361 0 0.00066612689988687634468 0.0011711050756275653839 0.0016205129213631153107
-9999 -9999 -9999 -9999 -9999 -9999 -9999 -9999 -9999 -9999 0 0 0.024545317515730857849 0.0011779501801356673241 0 0.00020970488549210131168 0.0023442036472260951996 0.0041538472287356853485 0.00072926789289340376854 0.007903836667537689209 0.0057489378377795219421 0.0069903712719678878784 0.011488461866974830627 0.0056317099370062351227 0.00080976833123713731766 0 0.0007809810340404510498 0.0020536244846880435944 0.00080901954788714647293 0.00080202892422676086426 0.00074234686326235532761 0.00072393490700051188469 0 0.00071855651913210749626 0.0011952151544392108917 0.0015546425711363554001 0.0019003412453457713127 0.0025461823679506778717 0.0032223507296293973923 0 0
-9999 -9999 -9999 -9999 -9999 -9999 -9999 -9999 -9999 -9999 0 0.021017162129282951355 0.0025364055763930082321 0 0 0.0014672286342829465866 0.0037131370045244693756 0 0.0080815963447093963623 0.0055652577430009841919 0.0067655909806489944458 0.011229343712329864502 0.0051987860351800918579 0 0 0.00075217307312414050102 0.0014014729531481862068 0 0 0 0 0 0.0006360532715916633606 0.0011221030727028846741 0.0015966831706464290619 0.0020243804901838302612 0.0025254497304558753967 0.0031017779838293790817 0 0.0037203007377684116364 0.00085871119517832994461
-9999 -9999 -9999 -9999 -9999 -9999 -9999 -9999 -9999 0 0 0.017505340278148651123 0.001919348142109811306 0 0.00014022598043084144592 0.0030667067039757966995 0.0036491039209067821503 0.0080088749527931213379 0.005488329567015171051 0.0068401917815208435059 0.011286765336990356445 0.0047681992873549461365 0.0007780407322570681572 0.0014445688575506210327 0.0019371843663975596428 0.0024314238689839839935 0.018016485497355461121 0.020273726433515548706 0.020376790314912796021 0.020815590396523475647 0.021524909883737564087 0.018722303211688995361 0.017164938151836395264 0.017042303457856178284 0.016806131228804588318 0.016915649175643920898 0.017506362870335578918 0.018450727686285972595 0.021325848996639251709 0.021591156721115112305 0.021967496722936630249
-9999 -9999 -9999 -9999 -9999 -9999 -9999 -9999 0 0 0.016512596979737281799 0.00048115229583345353603 0.0013526597758755087852 0 0.0023589909542351961136 0.0030256572645157575607 0.0043265097774565219879 0.0049956194125115871429 0.0068437810987234115601 0.01212874148041009903 0.0044526173733174800873 0 0 0.00076597073348239064217 0.014623978175222873688 0.016284165903925895691 0.0026486504357308149338 0.0014921769034117460251 0.0020009428262710571289 0.0024236924946308135986 0.0027680750936269760132 0.0029199519194662570953 0.0033213272690773010254 0.0036216536536812782288 0.0038648359477519989014 0.0040991269052028656006 0.0043632513843476772308 0.0046627023257315158844 0.005093260202556848526 0.0053511722944676876068 0.0052904970943927764893
-9999 -9999 -9999 -9999 -9999 -9999 -9999 -9999 0 0.00012870886712335050106 0.014810134656727313995 0 0.00046712119365110993385 0.0015099318698048591614 0.0023440211080014705658 0.0037508823443204164505 0.0044370759278535842896 0.0062362011522054672241 0.012192476540803909302 0.0043060751631855964661 0.0044302036985754966736 0.0078523326665163040161 0.011066274717450141907 0.014331056736409664154 0.0020896827336400747299 0.0021044348832219839096 0.00082761509111151099205 0 0.00075253896648064255714 0.0013091893633827567101 0.001733701326884329319 0.002036885824054479599 0.0024434586521238088608 0.002739815274253487587 0.0029500981327146291733 0.0030683530494570732117 0.0036273808218538761139 0.033765003085136413574 0.037022039294242858887 0.038584839552640914917 0.039381794631481170654
-9999 -9999 -9999 -9999 -9999 -9999 -9999 -9999 0 0.01407162100076675415 0.0020101156551390886307 0 0.00042911322088912129402 0.001539550023153424263 0.0030951094813644886017 0.0037974659353494644165 0.0056498483754694461823 0.011353692971169948578 0.0036456573288887739182 0.0041805100627243518829 0.0044237133115530014038 0.0046643163077533245087 0.0050066225230693817139 0.0015111711109057068825 0.001510638045147061348 0 0 0.00074574252357706427574 0.0013014178257435560226 0.0018009815830737352371 0.0022068915423005819321 0.0024366502184420824051 0.0026845762040466070175 0.0031501669436693191528 0.02994126640260219574 0.034120980650186538696 0.037784706801176071167 0.0056432089768350124359 0.0055444175377488136292 0.0054224967025220394135 0.0052753021009266376495
-9999 -9999 -9999 -9999 -9999 -9999 -9999 0 0.011759492568671703339 0.0011562844738364219666 0.0012259145732969045639 0 0.0004906445392407476902 0.002359995618462562561 0.0030674294102936983109 0.0049307853914797306061 0.010814518667757511139 0.0029872064478695392609 0.0036341184750199317932 0.0041902330704033374786 0.0044383667409420013428 0.0046643214300274848938 0.00083481700858101248741 0.00082598056178539991379 0.00080389640061184763908 0.0014311783015727996826 0.0018518172437325119972 0.002250296296551823616 0.0027610363904386758804 0.0032539500389248132706 0.0036033131182193756104 0.0039220154285430908203 0.028256393969058990479 0.032032143324613571167 0.005189874209463596344 0.0055486178025603294373 0.0054019261151552200317 0.0052110147662460803986 0.0050507728010416030884 0.0049393256194889545441 0.0048406566493213176727
-9999 -9999 -9999 -9999 -9999 -9999 -9999 0.0033244902733713388443 0.004525659605860710144 0.00028830507653765380383 0.00043600110802799463272 0 0.0015460716094821691513 0.0023059342056512832642 0.0041051506996154785156 0.009690197184681892395 0.0022752403747290372849 0.0030328626744449138641 0.0037762066349387168884 0.0042791413143277168274 0.0044184527359902858734 0 0 0 0 0.00077673996565863490105 0.0013651656918227672577 0.0019041212508454918861 0.02151717059314250946 0.02405729144811630249 0.025609513744711875916 0.028211833909153938293 0.0049202297814190387726 0.0049235094338655471802 0.0051893536001443862915 0.0050178589299321174622 0.0048731360584497451782 0.0047669904306530952454 0.0046767294406890869141 0.0045963022857904434204 0.0057789720594882965088
-9999 -9999 -9999 -9999 -9999 -9999 0 0.0056333695538341999054 0.0046806163154542446136 0 0 0.0005180544685572385788 0.0015249543357640504837 0.0035219169221818447113 0.009109302423894405365 0.0015518163563683629036 0.0023026606068015098572 0.0030421668197959661484 0.0037515677977353334427 0.0042379088699817657471 0.0044193454086780548096 0.0075545073486864566803 0.010145103558897972107 0.012413010001182556152 0.016061300411820411682 0.016988983377814292908 0.018289579078555107117 0.020354906097054481506 0.0040102805942296981812 0.0040436163544654846191 0.0044236807152628898621 0.0044567706063389778137 0.0044856369495391845703 0.0047807255759835243225 0.0046341558918356895447 0.0045272647403180599213 0.004464692436158657074 0.0044256267137825489044 0.0043499018065631389618 0.0055995127186179161072 0.0045359791256487369537
-9999 -9999 -9999 -9999 -9999 0 0 0.0011630170047283172607 0.0033744703978300094604 0 0 0.00021035947429481893778 0.0030395705252885818481 0.0092071834951639175415 0.00065656856168061494827 0.0015776195796206593513 0.0023247592616826295853 0.0029982500709593296051 0.0037038258742541074753 0.0042396313510835170746 0.0040034456178545951843 0.0038492572493851184845 0.0037606703117489814758 0.0062021082267165184021 0.0020842899102717638016 0.0025720747653394937515 0.0030686371028423309326 0.0035440213978290557861 0.0035654585808515548706 0.0040288823656737804413 0.0040235565975308418274 0.0040097655728459358215 0.0044006858952343463898 0.0043432177044451236725 0.0042949519120156764984 0.0042590158991515636444 0.0042390516027808189392 0.0041969781741499900818 0.0055119078606367111206 0.0043245423585176467896 0.0052444324828684329987
-9999 -9999 -9999 -9999 -9999 0 0.0026153996586799621582 0.00034853979013860225677 0.0012106748763471841812 0 0 0.0023019579239189624786 0.0094856927171349525452 0 0.00059947138652205467224 0.001585480058565735817 0.0023087088484317064285 0.0029740680474787950516 0.003695059334859251976 0.0036419029347598552704 0.0034841471351683139801 0.0033436263911426067352 0.0059231538325548171997 0.0015490500954911112785 0.0020716539584100246429 0.0025478636380285024643 0.003026765771210193634 0.0030165743082761764526 0.0034424958284944295883 0.003457381855696439743 0.0034585294779390096664 0.0038311185780912637711 0.0037812602240592241287 0.0037731972988694906235 0.0037948358803987503052 0.003831727663055062294 0.003866163548082113266 0.0054065086878836154938 0.0041573946364223957062 0.0051037627272307872772 0.0042849439196288585663
-9999 -9999 -9999 -9999 0 0 0.0021615910809487104416 0 0 0 0.0010345232440158724785 0.0067775370553135871887 0.0027245755773037672043 0 0.00051939144032076001167 0.0015771493781358003616 0.0023053968325257301331 0.0029828939586877822876 0.0030280167702585458755 0.0029607021715492010117 0.0028185669798403978348 0.0054097338579595088959 0.0008667120710015296936 0.0015000798739492893219 0.0020077172666788101196 0.0024512170348316431046 0.0024339887313544750214 0.002846390940248966217 0.0028338802512735128403 0.0028311610221862792969 0.0032153753563761711121 0.0031706395093351602554 0.0031440122984349727631 0.0031547110993415117264 0.0032095483038574457169 0.0032971624750643968582 0.0049480521120131015778 0.0038294983096420764923 0.0049603497609496116638 0.0040932744741439819336 0.003961011301726102829
-9999 -9999 -9999 -9999 0 0.0027690397109836339951 0 0 0 0 0 0.004640959668904542923 0.0017119201365858316422 0 0.00035751934046857059002 0.0015546493232250213623 0.002324793720617890358 0.0023359353654086589813 0.00232456158846616745 0.002251667901873588562 0.0051863430999219417572 0 0.00084227940533310174942 0.0014944870490580797195 0.0019977325573563575745 0.0019562563393265008926 0.0023738916497677564621 0.0023572773206979036331 0.0023527762386947870255 0.0027617739979177713394 0.0027408630121499300003 0.0027180518954992294312 0.0027063367888331413269 0.0027179147582501173019 0.0027676087338477373123 0.0043838606216013431549 0.0033110727090388536453 0.004534246399998664856 0.0037854409310966730118 0.0037289846222847700119 0.0035980141256004571915
-9999 -9999 -9999 0 0 0 0 0 0 0 0 0.0019904037471860647202 0 0 0 0.0015060623409226536751 0.0015583762433379888535 0.0015737912617623806 0.0015589750837534666061 0.0029782105702906847 0.0019775396212935447693 0 0.00077550043351948261261 0.0015493122627958655357 0.0015170580008998513222 0.0019941020291298627853 0.001949367462657392025 0.0019401534227654337883 0.00239131879061460495 0.0023886242415755987167 0.0023872382007539272308 0.0023865231778472661972 0.0023708518128842115402 0.0023626997135579586029 0.0039736512117087841034 0.0028272035997360944748 0.0040200906805694103241 0.0032710912637412548065 0.0033113150857388973236 0.0033067325130105018616 0.0032149832695722579956
