tests/data/reference/gistest/full/control/mwlevelrill_m.asc
ncols        125
nrows        78
xllcorner    -713756.799299980048
yllcorner    -1061032.369616159936
cellsize     10.000000000000
NODATA_value  -9999
[rows 18 to 35 of 78, columns 0 to 40 of 125]
-9999 -9999 -9999 -9999 -9999 -9999 -9999 -9999 -9999 -9999 -9999 -9999 -9999 -9999 -9999 -9999 -9999 -9999 0 0.0015020053833723068237 0.0022886756341904401779 0.0030876342207193374634 0.0091310078278183937073 0 0 0.021647101268172264099 0 0.0090982103720307350159 0.0081474781036376953125 0 0.0075502102263271808624 0.0011409189319238066673 0.0016711011994630098343 0.0012744769919663667679 0.0078650321811437606812 0.00079580349847674369812 0.0060311891138553619385 0.0076739462092518806458 0.0038675847463309764862 0.0046130972914397716522 0.0048653809353709220886
-9999 -9999 -9999 -9999 -9999 -9999 -9999 -9999 -9999 -9999 -9999 -9999 -9999 -9999 -9999 -9999 -9999 0 0.00063523976132273674011 0.0019205735297873616219 0.0028080178890377283096 0.011997442692518234253 0.00082260975614190101624 0 8.2322061643935739994e-05 0 0.024056166410446166992 0.0093559240922331809998 0.0096982251852750778198 0 0.0070634293369948863983 0.0016662515699863433838 0.00019143229292239993811 0.0031455138232558965683 0.00816839560866355896 0.0012518736766651272774 0.0061418400146067142487 0.0075880778022110462189 0.0040513025596737861633 0.0048741507343947887421 0.0051754694432020187378
-9999 -9999 -9999 -9999 -9999 -9999 -9999 -9999 -9999 -9999 -9999 -9999 -9999 -9999 -9999 -9999 0 0.00065768859349191188812 0.0012722704559564590454 0.0024327773135155439377 0.015334350988268852234 0.0015470487996935844421 0 0.00070278288330882787704 0 0 0.011099517345428466797 0.0093328701332211494446 0.0099400868639349937439 0.00069836940383538603783 0.0077820508740842342377 0.0021180273033678531647 0.0001996274659177288413 0.0038285418413579463959 0.0084764640778303146362 0.0016664233990013599396 0.0064179957844316959381 0.0078778993338346481323 0.0043793166987597942352 0.0052047092467546463013 0.0054964688606560230255
-9999 -9999 -9999 -9999 -9999 -9999 -9999 -9999 -9999 -9999 -9999 -9999 -9999 -9999 -9999 -9999 0.00065303762676194310188 0.0011846771230921149254 0.0018582035554572939873 0.017804408445954322815 0.0030615655705332756042 0 0 0 0 0.0031994127202779054642 0.012577122077345848083 0.010179436765611171722 0.0088618099689483642578 0.0011540685081854462624 0.0083105871453881263733 0.0001752113166730850935 0.0025578590575605630875 0.0045118182897567749023 0.0088145891204476356506 0.0020561711862683296204 0.0067350901663303375244 0.0084151718765497207642 0.0049256319180130958557 0.0057434360496699810028 0.0059325126931071281433
-9999 -9999 -9999 -9999 -9999 -9999 -9999 -9999 -9999 -9999 -9999 -9999 -9999 -9999 -9999 -9999 0.0012816441012546420097 0.0018901582807302474976 0.0026527938898652791977 0.031430218368768692017 0 0 0 0 0.0025100898928940296173 0.0037268151063472032547 0.013184418901801109314 0.011368958279490470886 0.010323018766939640045 0.0017226247582584619522 0.0087867090478539466858 0.00017590631614439189434 0.00085003220010548830032 0.0029331461992114782333 0.011897169053554534912 0.0024404888972640037537 0.0069373059086501598358 0.0086488928645849227905 0.00020688619406428188086 0.0095174135640263557434 0.0063486029393970966339
-9999 -9999 -9999 -9999 -9999 -9999 -9999 -9999 -9999 -9999 -9999 -9999 -9999 -9999 -9999 0 0.0017735864967107772827 0.0067183813080191612244 0.023314967751502990723 0 0 0 0 0 0.0045009870082139968872 0.0039436211809515953064 0.012458352372050285339 0.011240359395742416382 0.010669369250535964966 0.0022127486299723386765 0.0093234758824110031128 0.00017337026656605303288 0.00085880741244181990623 0.0013564336113631725311 0.0032552185002714395523 0.013248152099549770355 0.0071575483307242393494 0.0086966333910822868347 0.00022998175700195133686 0.0099266413599252700806 0.0066600446589291095734
-9999 -9999 -9999 -9999 -9999 -9999 -9999 -9999 -9999 -9999 -9999 -9999 -9999 -9999 -9999 0 0.054314054548740386963 0.030685901641845703125 0.00059829727979376912117 0 0 0 0 0.0001676243264228105545 0.0016012134728953242302 0.0046430425718426704407 0.014311423525214195251 0.011093914508819580078 0.010600874200463294983 0.0026473132893443107605 0.0003031793166883289814 0.0096496734768152236938 0.00086790323257446289062 0.0013761776499450206757 0.0018066382035613059998 0.015581563115119934082 0.00765435071662068367 0.0090624541044235229492 0.00023986470478121191263 0.010426665656268596649 0.0069940816611051559448
-9999 -9999 -9999 -9999 -9999 -9999 -9999 -9999 -9999 -9999 -9999 -9999 -9999 -9999 -9999 0.063573874533176422119 0 0 0 0 0 0 0.0017514504725113511086 0.0028971047140657901764 0.00099353247787803411484 0.0020575097296386957169 0.0047003380022943019867 0.020770004019141197205 0.01049916539341211319 0.002932218136265873909 0.00031429991940967738628 0.0009791670599952340126 0.010078042745590209961 0.0014875592896714806557 0.001860097167082130909 0.0022756268735975027084 0.020910231396555900574 0.00021215996821410953999 0.0095481360331177711487 0.0008419604855589568615 0.015184124931693077087
-9999 -9999 -9999 -9999 -9999 -9999 -9999 -9999 -9999 -9999 -9999 -9999 -9999 0 0 0.0041445940732955932617 0.00021894954261370003223 0 0 0 0 0 0.0039092004299163818359 0.00238928268663585186 0.0034375551622360944748 0.001658930676057934761 0.0026375753805041313171 0.02541596628725528717 0.011632137000560760498 0.0034516069572418928146 0.00095983897335827350616 0.00030953643727116286755 0.0015502299647778272629 0.010716875083744525909 0.0020187511108815670013 0.0024439173284918069839 0.0027315800543874502182 0.021063523367047309875 0.00085703004151582717896 0.0098528470844030380249 0.0013049483532086014748
-9999 -9999 -9999 -9999 -9999 -9999 -9999 -9999 -9999 -9999 -9999 -9999 -9999 -9999 0 0 0 0 0 0 0 0.0031983051449060440063 0.0035856058821082115173 0.006838276982307434082 0.0086768548935651779175 0.011237347498536109924 0.01278372202068567276 0.015069438144564628601 0.029796781018376350403 0.013643457554280757904 0.0042272484861314296722 0.0015715078916400671005 0.0010116989724338054657 0.0021160501055419445038 0.011661902070045471191 0.0025761944707483053207 0.0028830382507294416428 0.0031273486092686653137 0.021084541454911231995 0.0013417428126558661461 0.0099878087639808654785
-9999 -9999 -9999 -9999 -9999 -9999 -9999 -9999 -9999 -9999 -9999 -9999 -9999 -9999 -9999 -9999 0 0 0 0 0.0015649602282792329788 0.0020521346013993024826 0.0024194980505853891373 0.0026345516089349985123 0.0030952396336942911148 0.0033529896754771471024 0.0036772014573216438293 0.0044916905462741851807 0.01784752868115901947 0.041858796030282974243 0.014457055367529392242 0.0048979604616761207581 0.0022111213766038417816 0.0016551415901631116867 0.0027400699909776449203 0.012336484156548976898 0.0029617778491228818893 0.0032478768844157457352 0.0036005801521241664886 0.022189786657691001892 0.0019016467267647385597
-9999 -9999 -9999 -9999 -9999 -9999 -9999 -9999 -9999 -9999 -9999 -9999 -9999 -9999 -9999 -9999 -9999 0 0 0.0020502249244600534439 0.0024008045438677072525 0.0027477887924760580063 0.0030473023653030395508 0.0035802645143121480942 0.0039123548194766044617 0.0040809619240462779999 0.0041593499481678009033 0.0043645096011459827423 0.0048745400272309780121 0.0055400775745511054993 0.03728027641773223877 0.047684524208307266235 0.054295904934406280518 0.0028733338695019483566 0.002297692466527223587 0.0032782279886305332184 0.011990599334239959717 0.013216190971434116364 0.015412577427923679352 0.0040854262188076972961 0.022904446348547935486
-9999 -9999 -9999 -9999 -9999 -9999 -9999 -9999 -9999 -9999 -9999 -9999 -9999 -9999 -9999 -9999 -9999 0 0 0.0012822940479964017868 0.0019363203318789601326 0.0025626346468925476074 0.030716544017195701599 0.0303581971675157547 0.028452634811401367188 0.026925491169095039368 0.026228753849864006042 0.027005124837160110474 0.028564313426613807678 0.027876676991581916809 0.025075657293200492859 0.023666193708777427673 0.028198165819048881531 0.071786195039749145508 0.079259164631366729736 0.078165099024772644043 0.069454178214073181152 0.060785103589296340942 0.056750882416963577271 0.063075885176658630371 0.066312432289123535156
-9999 -9999 -9999 -9999 -9999 -9999 -9999 -9999 -9999 -9999 -9999 -9999 -9999 -9999 -9999 -9999 0 0 0.0013960776850581169128 0.011041299439966678619 0.015374965965747833252 0.032480500638484954834 0.0043886089697480201721 0.0079548032954335212708 0.010943292640149593353 0.010731061920523643494 0.017989549785852432251 0.020768627524375915527 0.0261174030601978302 0.024607239291071891785 0.022132609039545059204 0.021002924069762229919 0.020987469702959060669 0.022132745012640953064 0.024920800700783729553 0.025193560868501663208 0.02459492906928062439 0.051206473261117935181 0.050450153648853302002 0.048793800175189971924 0.047545563429594039917
-9999 -9999 -9999 -9999 -9999 -9999 -9999 -9999 -9999 -9999 -9999 -9999 -9999 -9999 -9999 0 0 0.0055128736421465873718 0.0099222017452120780945 0.0063376347534358501434 0.023786647245287895203 0.0040028556250035762787 0.0043689161539077758789 0.0050801071338355541229 0.0056253080256283283234 0.010533774271607398987 0.0048584351316094398499 0.0096399290487170219421 0.0075215175747871398926 0.0073239933699369430542 0.0071855578571557998657 0.0074497763998806476593 0.026180002838373184204 0.030524741858243942261 0.036193020641803741455 0.040032003074884414673 0.043503515422344207764 0.0016007010126486420631 0.0020532780326902866364 0.0042650857940316200256 0.0033817598596215248108
-9999 -9999 -9999 -9999 -9999 -9999 -9999 -9999 -9999 -9999 -9999 -9999 -9999 -9999 -9999 0 0.005220500752329826355 0.0041169528849422931671 0.0056350259110331535339 0.022977691143751144409 0.0034730921033769845963 0.0039681391790509223938 0.0047805909998714923859 0.0054945894517004489899 0.0064052669331431388855 0.0044068894349038600922 0.0096271615475416183472 0.0076886112801730632782 0.0080105774104595184326 0.0158032979816198349 0.01941451244056224823 0.021980566903948783875 0.0033943457528948783875 0.004389752168208360672 0.0051748035475611686707 0.008754732087254524231 0.00089236593339592218399 0.0014941071858629584312 0.0040653324685990810394 0.0031686022412031888962 0.002667437773197889328
-9999 -9999 -9999 -9999 -9999 -9999 -9999 -9999 -9999 -9999 -9999 -9999 -9999 -9999 0 0.0011278204619884490967 0.0036649212706834077835 0.0050873621366918087006 0.021672010421752929688 0.0028160545043647289276 0.0033946475014090538025 0.0044054780155420303345 0.0052347443997859954834 0.006362654268741607666 0.0041151167824864387512 0.0093263806775212287903 0.0075660548172891139984 0.0083045307546854019165 0.011115008965134620667 0.0065680313855409622192 0.0035802128259092569351 0.0028735892847180366516 0.0037800427526235580444 0.0044607552699744701385 0.0077322237193584442139 0.00011997113324468955398 0.00087982160039246082306 0.0035944420378655195236 0.002796953544020652771 0.0023389782290905714035 0.00228489656001329422
-9999 -9999 -9999 -9999 -9999 -9999 -9999 -9999 -9999 -9999 -9999 -9999 -9999 0 0 0.0030809978488832712173 0.0046165287494659423828 0.021546598523855209351 0.002217950066551566124 0.0027989782392978668213 0.0038413105066865682602 0.0047792391851544380188 0.0061027943156659603119 0.0037945418152958154678 0.0094449715688824653625 0.0074432445690035820007 0.0083516053855419158936 0.011737128719687461853 0.0065536028705537319183 0.0032516855280846357346 0.0024284180253744125366 0.0032613705843687057495 0.0039055363740772008896 0.0062284278683364391327 0.0013404369819909334183 0.00014042579277884215117 0.0031923947390168905258 0.0023785431403666734695 0.0019113586749881505966 0.001872184104286134243 0.002988604595884680748
