tests/data/reference/gistest/full/control/mwlevelrill_m.asc
ncols        125
nrows        78
xllcorner    -713756.799299980048
yllcorner    -1061032.369616159936
cellsize     10.000000000000
NODATA_value  -9999
[rows 36 to 53 of 78, columns 0 to 40 of 125]
-9999 -9999 -9999 -9999 -9999 -9999 -9999 -9999 -9999 -9999 -9999 -9999 -9999 -9999 0 0.0022302253637462854385 0.012860407121479511261 0.0015572238480672240257 0.002216794528067111969 0.0033040829002857208252 0.0042451266199350357056 0.0055776173248887062073 0.0033037276007235050201 0.0093012750148773193359 0.0073419557884335517883 0.0083490656688809394836 0.010183716192841529846 0.00672132149338722229 0.0029537179507315158844 0.0020058068912476301193 0.0029325215145945549011 0.0036512666847556829453 0.0057599251158535480499 0.00015344758867286145687 0.00085343373939394950867 0.0028118304908275604248 0.0019761284347623586655 0.0014697650913149118423 0.0014536511152982711792 0.0027429489418864250183 0.0013961670920252799988
-9999 -9999 -9999 -9999 -9999 -9999 -9999 -9999 -9999 -9999 -9999 -9999 -9999 -9999 0.0015411979984492063522 0.012828996405005455017 0.00078250042861327528954 0.0015670977300032973289 0.0027850733604282140732 0.0037657050415873527527 0.0050924648530781269073 0.0027270894497632980347 0.0088344486430287361145 0.0069315303117036819458 0.0080897482112050056458 0.010153473354876041412 0.006623139604926109314 0.0026133977808058261871 0.001501254853792488575 0.0025783102028071880341 0.0035351975820958614349 0.0025039550382643938065 0.0039914995431900024414 5.6924574892036616802e-05 0.0024646080564707517624 0.0015041592996567487717 0.0009045656188391149044 0.00090499658836051821709 0.0025180063676089048386 0.00090377073502168059349 0.00090401258785277605057
-9999 -9999 -9999 -9999 -9999 -9999 -9999 -9999 -9999 -9999 -9999 -9999 -9999 0.00040435168193653225899 0.013626899570226669312 0 0.00074667175067588686943 0.002254941500723361969 0.0033291999716311693192 0.0046833753585815429688 0.002167216036468744278 0.0083422912284731864929 0.0065052118152379989624 0.0077339438721537590027 0.0099385725334286689758 0.0063918428495526313782 0.0021124596241861581802 0.00084639858687296509743 0.0020781424827873706818 0.0031791641376912593842 0.0021666169632226228714 0.0020936075598001480103 0.0020489841699600219727 0.0021016001701354980469 0.00089758913964033126831 0 0 0.0021061990410089492798 0 0 0
-9999 -9999 -9999 -9999 -9999 -9999 -9999 -9999 -9999 -9999 -9999 -9999 0 0.013601158745586872101 0.00033726368565112352371 0 0.0015658315969631075859 0.002937498968094587326 0.0043805479072034358978 0.001553883659653365612 0.0080424407497048377991 0.0060638329014182090759 0.0073703518137335777283 0.0096794432029128074646 0.0060419994406402111053 0.0015218816697597503662 0 0.0014852571766823530197 0.0026498599909245967865 0.0015704185934737324715 0.001583379809744656086 0.0015647171530872583389 0.0015862840227782726288 0 0 0.00078927708091214299202 0.0013519345084205269814 0 0.00066611950751394033432 0.0011710965773090720177 0.0016205030260607600212
-9999 -9999 -9999 -9999 -9999 -9999 -9999 -9999 -9999 -9999 -9999 -9999 0.012666890397667884827 0.0011779345804825425148 0 0.00020968141325283795595 0.0023441836237907409668 0.0041538220830261707306 0.00072925712447613477707 0.0079037947580218315125 0.0057489057071506977081 0.0069903321564197540283 0.009329815395176410675 0.0056316792033612728119 0.00080975942546501755714 0 0.00078097259392961859703 0.0020536114461719989777 0.00080901040928438305855 0.00080201897071674466133 0.00074233545456081628799 0.00072392320726066827774 0 0.00071854842826724052429 0.0011952071217820048332 0.0015546334907412528992 0.0019003306515514850616 0.0025461686309427022934 0.0032223335001617670059 0 0
-9999 -9999 -9999 -9999 -9999 -9999 -9999 -9999 -9999 -9999 -9999 0.0091750668361783027649 0.0025363862514495849609 0 0 0.001467210124246776104 0.0037131120916455984116 0 0.0080815525725483894348 0.0055652256123721599579 0.0067655527964234352112 0.0090232836082577705383 0.0051987576298415660858 0 0 0.00075216504046693444252 0.0014014625921845436096 0 0 0 0 0 0.00063604523893445730209 0.0011220951564610004425 0.0015966738574206829071 0.0020243695471435785294 0.0025254364591091871262 0.0031017619185149669647 0 0.003720281645655632019 0.00085870444308966398239
-9999 -9999 -9999 -9999 -9999 -9999 -9999 -9999 -9999 -9999 -9999 0.0078998990356922149658 0.0019193319603800773621 0 0.0001401976769557222724 0.0030666841194033622742 0.0036490797065198421478 0.0080088321119546890259 0.0054882965050637722015 0.006840152200311422348 0.0089577175676822662354 0.0047681732103228569031 0.00077803147723898291588 0.0014445582637563347816 0.0019371723756194114685 0.0024314098991453647614 0.018016394227743148804 0.020273625850677490234 0.020376687869429588318 0.020815484225749969482 0.021524798125028610229 0.018722206354141235352 0.017164848744869232178 0.017042214050889015198 0.016806041821837425232 0.016915559768676757812 0.017506269738078117371 0.018450628966093063354 0.02132573351263999939 0.021591039374470710754 0.021967379376292228699
-9999 -9999 -9999 -9999 -9999 -9999 -9999 -9999 -9999 -9999 0.0064555341377854347229 0.00048113919910974800587 0.0013526452239602804184 0 0.0023589704651385545731 0.003025635378435254097 0.0043264823034405708313 0.0049955886788666248322 0.0068437405861914157867 0.0094744497910141944885 0.0044525922276079654694 0 0 0.00076596217695623636246 0.014623904600739479065 0.01628408581018447876 0.0026486348360776901245 0.0014921658439561724663 0.0020009300205856561661 0.0024236780591309070587 0.0027680587954819202423 0.0029199358541518449783 0.0033213095739483833313 0.0036216350272297859192 0.0038648163899779319763 0.0040991064161062240601 0.0043632294982671737671 0.0046626790426671504974 0.0050932345911860466003 0.0053511457517743110657 0.0052904710173606872559
-9999 -9999 -9999 -9999 -9999 -9999 -9999 -9999 -9999 0 0.0051561375148594379425 0 0.00046710611786693334579 0.001509914756752550602 0.0023440015502274036407 0.0037508576642721891403 0.0044370479881763458252 0.0062361643649637699127 0.0093743540346622467041 0.0043060495518147945404 0.0044301780872046947479 0.0078522916883230209351 0.011066217906773090363 0.014330985024571418762 0.0020896694622933864594 0.0021044218447059392929 0.00082760659279301762581 0 0.00075253110844641923904 0.0013091798173263669014 0.0017336901510134339333 0.0020368739496916532516 0.0024434453807771205902 0.0027398008387535810471 0.0029500832315534353256 0.0030683374498039484024 0.0036273626610636711121 0.032980892807245254517 0.036230940371751785278 0.037821426987648010254 0.038656461983919143677
-9999 -9999 -9999 -9999 -9999 -9999 -9999 -9999 -9999 0.0021388381719589233398 0.0020100979600101709366 0 0.00042909642797894775867 0.0015395340742543339729 0.0030950878281146287918 0.0037974407896399497986 0.0056498143821954727173 0.0085966205224394798279 0.0036456345114856958389 0.0041804853826761245728 0.0044236881658434867859 0.0046642902307212352753 0.005006595514714717865 0.0015111601678654551506 0.0015106268692761659622 0 0 0.00074573518941178917885 0.0013014086289331316948 0.0018009705236181616783 0.0022068789694458246231 0.0024366369470953941345 0.0026845620013773441315 0.003150150645524263382 0.029405139386653900146 0.033376794308423995972 0.036843080073595046997 0.0056431805714964866638 0.0055443895980715751648 0.0054224692285060882568 0.0052752755582332611084
-9999 -9999 -9999 -9999 -9999 -9999 -9999 -9999 -9999 0.001156269339844584465 0.0012258999049663543701 0 0.00049062893958762288094 0.0023599776905030012131 0.0030674082227051258087 0.0049307555891573429108 0.0080369468778371810913 0.0029871861916035413742 0.003634095657616853714 0.0041902079246938228607 0.0044383415952324867249 0.0046642962843179702759 0.0008348082774318754673 0.00082597200525924563408 0.00080388766946271061897 0.0014311679406091570854 0.0018518060678616166115 0.0022502837236970663071 0.0027610212564468383789 0.0032539325766265392303 0.0036032942589372396469 0.0039219949394464492798 0.027855392545461654663 0.031413961201906204224 0.0047921440564095973969 0.0051650418899953365326 0.0054018986411392688751 0.0052109886892139911652 0.0050507476553320884705 0.0049393009394407272339 0.0048406324349343776703
-9999 -9999 -9999 -9999 -9999 -9999 -9999 -9999 0.0045256330631673336029 0.00028829238726757466793 0.00043598897173069417477 0 0.0015460570575669407845 0.0023059172090142965317 0.0041051260195672512054 0.007076436653733253479 0.0022752238437533378601 0.0030328421853482723236 0.0037761821877211332321 0.004279115237295627594 0.0044184275902807712555 0 0 0 0 0.00077673204941675066948 0.0013651563785970211029 0.0019041098421439528465 0.02127892710268497467 0.023822154849767684937 0.025385593995451927185 0.02776977047324180603 0.0044989981688559055328 0.0045031863264739513397 0.0047938469797372817993 0.0050178333185613155365 0.004873111378401517868 0.0047669666819274425507 0.0046767061576247215271 0.0045962794683873653412 0.0051570641808211803436
-9999 -9999 -9999 -9999 -9999 -9999 -9999 -9999 0.004680588841438293457 0 0 0.00051804067334160208702 0.0015249393181875348091 0.0035218948032706975937 0.0064988131634891033173 0.00155180320143699646 0.0023026440758258104324 0.0030421465635299682617 0.0037515435833483934402 0.0042378837242722511292 0.0039055149536579847336 0.0071656196378171443939 0.0098090535029768943787 0.012109735049307346344 0.015791997313499450684 0.016732882708311080933 0.018043665215373039246 0.020111767575144767761 0.0040102591738104820251 0.0040435949340462684631 0.003998129628598690033 0.0040281601250171661377 0.0040537226013839244843 0.0043742950074374675751 0.00463413214311003685 0.0045272414572536945343 0.0044646700844168663025 0.0044256043620407581329 0.004349879920482635498 0.0049486272037029266357 0.0045359563082456588745
-9999 -9999 -9999 -9999 -9999 -9999 -9999 0.0011630037333816289902 0.0033744492102414369583 0 0 0.00021033654047641903162 0.0030395481735467910767 0.0063522434793412685394 0.00065655633807182312012 0.0015776054933667182922 0.0023247424978762865067 0.0029982300475239753723 0.0037038028240203857422 0.0036428163293749094009 0.0040034228004515171051 0.0038492351304739713669 0.0037606491241604089737 0.0062020760960876941681 0.0020842773374170064926 0.0025720603298395872116 0.0030686205718666315079 0.0035440023057162761688 0.0035654397215694189072 0.0035848352126777172089 0.0035801774356514215469 0.003568172454833984375 0.0039779287762939929962 0.004343195352703332901 0.0042949300259351730347 0.0042589940130710601807 0.0042390297167003154755 0.0041969567537307739258 0.0048133814707398414612 0.0043245204724371433258 0.0045838411897420883179
-9999 -9999 -9999 -9999 -9999 -9999 0.0026153801009058952332 0.00034852541284635663033 0.001210660906508564949 0 0 0.0023019348736852407455 0.0062279393896460533142 0 0.00059945799876004457474 0.001585465623065829277 0.0023086920846253633499 0.0029740489553660154343 0.0030482232104986906052 0.0036418805830180644989 0.0034841261804103851318 0.0033436070661991834641 0.0059231230989098548889 0.0015490396181121468544 0.0020716418512165546417 0.0025478494353592395782 0.0030267492402344942093 0.0030165582429617643356 0.0030039390549063682556 0.0030157929286360740662 0.0030158227309584617615 0.0034127226099371910095 0.0037812404334545135498 0.0037731777410954236984 0.0037948160897940397263 0.0038317078724503517151 0.0038661435246467590332 0.0046523003838956356049 0.0041573732160031795502 0.0043982723727822303772 0.0042849220335483551025
-9999 -9999 -9999 -9999 -9999 -9999 0.0021615696605294942856 0 0 0 0.001034499029628932476 0.0039188689552247524261 0.0010865597287192940712 0 0.00051937642274424433708 0.0015771345933899283409 0.0023053803015500307083 0.0023198255803436040878 0.0030279967468231916428 0.0029606823809444904327 0.0028185492847114801407 0.0054097059182822704315 0.0008667040383443236351 0.0015000700950622558594 0.00200770585797727108 0.0024512035306543111801 0.0024339754600077867508 0.0024156335275620222092 0.002405786421149969101 0.0024029179476201534271 0.0028099052142351865768 0.0031706232111901044846 0.0031439962331205606461 0.0031546948011964559555 0.0032095317728817462921 0.0032971452455967664719 0.0041879191994667053223 0.0038294785190373659134 0.0041995015926659107208 0.0040932535193860530853 0.0039609912782907485962
-9999 -9999 -9999 -9999 -9999 0.0027690122369676828384 0 0 0 0 0 0.00069571746280416846275 0 0 0.00035750071401707828045 0.0015546345384791493416 0.0015730630839243531227 0.0023359186016023159027 0.0023245438933372497559 0.0022516509052366018295 0.0051863151602447032928 0 0.00084227119805291295052 0.0014944771537557244301 0.001997720915824174881 0.0019562451634556055069 0.0019250527257099747658 0.001912495703436434269 0.0019102762453258037567 0.0023466430138796567917 0.0027408485766500234604 0.0027180376928299665451 0.0027063228189945220947 0.0027179005555808544159 0.0027675942983478307724 0.00363759603351354599 0.003311055479571223259 0.0037605795077979564667 0.0037854213733226060867 0.0037289655301719903946 0.0035979959648102521896
-9999 -9999 -9999 -9999 -9999 0 0 0 0 0 0 0 0 0 0 0.00045231607509776949883 0.001558360992930829525 0.0015737760113552212715 0.0015589601825922727585 0.0029781900811940431595 0.0019775242544710636139 0 0.00077549042180180549622 0.0015493009705096483231 0.0015170477563515305519 0.0014754695584997534752 0.0014500693650916218758 0.0014464246341958642006 0.0019392193062230944633 0.0023886112030595541 0.002387225395068526268 0.0023865101393312215805 0.0023708390071988105774 0.0023626869078725576401 0.0032105275895446538925 0.0028271886985749006271 0.0032502245157957077026 0.0032710744999349117279 0.0033112978562712669373 0.0033067155163735151291 0.0032149669714272022247
