tests/data/reference/gistest/full/control/widthrill.asc
ncols        125
nrows        78
xllcorner    -713756.799299980048
yllcorner    -1061032.369616159936
cellsize     10.000000000000
NODATA_value  -9999
[rows 38 to 56 of 78, columns 43 to 85 of 125]
0.095016390085220336914 0.11905934661626815796 0.13658402860164642334 0.15013095736503601074 0.16174446046352386475 0.17218446731567382812 0.051971092820167541504 0.049819137901067733765 0.049753196537494659424 0.063772439956665039062 0.10061558336019515991 0.12199208885431289673 0.13969020545482635498 0.94639295339584350586 0.96758449077606201172 0.96333986520767211914 0.97150820493698120117 0.99381554126739501953 1.0160106420516967773 1.0355376005172729492 1.0532994270324707031 1.0680221319198608398 1.0856077671051025391 1.106220245361328125 1.1310565471649169922 1.1600977182388305664 1.1792776584625244141 1.7500983476638793945 1.749062657356262207 0.34007304906845092773 0.31468287110328674316 0.29591134190559387207 0.73470216989517211914 0.27612856030464172363 0.26254266500473022461 0.27194684743881225586 0.2578283846378326416 0.64567357301712036133 0.23846544325351715088 0.5479380488395690918 0.77653926610946655273 0.11749930679798126221 0.094360038638114929199
0.095164023339748382568 0.11974104493856430054 0.13791869580745697021 0.15210290253162384033 0.16374407708644866943 0.17374712228775024414 0.18414700031280517578 0.19564069807529449463 0.20430222153663635254 0.20934695005416870117 0.2146564871072769165 0.89414918422698974609 0.90736585855484008789 0.26736420392990112305 0.2836691439151763916 0.26494964957237243652 0.26271992921829223633 0.25817707180976867676 0.22705104947090148926 0.22810535132884979248 0.22953474521636962891 0.23245255649089813232 0.2002973407506942749 0.20290426909923553467 0.20596708357334136963 0.20901265740394592285 0.30509594082832336426 0.3576418459415435791 0.36992567777633666992 1.7859398126602172852 1.7874250411987304688 1.7238557338714599609 1.7332085371017456055 0.80715811252593994141 0.27648580074310302734 0.28037592768669128418 0.26442331075668334961 0.64060044288635253906 0.35465353727340698242 0 0.49372446537017822266 0.16077002882957458496 0.09430704265832901001
0.11963871121406555176 0.13894362747669219971 0.15480445325374603271 0.16772828996181488037 0.17780089378356933594 0.1855106651782989502 0.19378867745399475098 0.20305046439170837402 0.2118768543004989624 0.21982613205909729004 0.91180360317230224609 0.26453700661659240723 0.26136535406112670898 0.27808365225791931152 0.25999569892883300781 0.25497284531593322754 0.24760644137859344482 0.21485173702239990234 0.214542388916015625 0.21481253206729888916 0.21573185920715332031 0.18218907713890075684 0.18361037969589233398 0.18538884818553924561 0.18752112984657287598 0.22764337062835693359 0.2019968181848526001 0.56038463115692138672 0.60632902383804321289 0.64442479610443115234 0.66159582138061523438 0 0.052490767091512680054 1.8853685855865478516 0.88811188936233520508 0.29831838607788085938 0.27465027570724487305 0.05694605410099029541 0.37280821800231933594 0.36443418264389038086 0.49834501743316650391 0.19036738574504852295 0.053768377751111984253
0.17850321531295776367 0.19141997396945953369 0.2021649777889251709 0.21019349992275238037 0.21661423146724700928 0.22177323698997497559 0.22757226228713989258 0.23380167782306671143 0.89727807044982910156 0.91749960184097290039 0.26476576924324035645 0.26090270280838012695 0.27812060713768005371 0.26203858852386474609 0.25915661454200744629 0.24941906332969665527 0.21228572726249694824 0.2107352912425994873 0.20921640098094940186 0.20830777287483215332 0.17179033160209655762 0.17227609455585479736 0.1726611703634262085 0.1730356365442276001 0.21100321412086486816 0.18332961201667785645 0.52550756931304931641 0.25495254993438720703 0.19078294932842254639 0.18726326525211334229 0.18999248743057250977 0.26449105143547058105 0 0 1.9837716817855834961 0.90779566764831542969 0.29831928014755249023 0.39677959680557250977 1.0488806962966918945 0.3797486722469329834 0.51074022054672241211 0.20763853192329406738 0.05430239066481590271
0.50456798076629638672 0.51296716928482055664 0.51446950435638427734 0.50918674468994140625 0.50795590877532958984 0.51095414161682128906 0.51325833797454833984 0.90561062097549438477 0.26336440443992614746 0.26296129822731018066 0.26030060648918151855 0.27779045701026916504 0.26053255796432495117 0.26017788052558898926 0.25321879982948303223 0.21269276738166809082 0.21020264923572540283 0.20849922299385070801 0.20621679723262786865 0.16422517597675323486 0.16355307400226593018 0.1635113060474395752 0.16323792934417724609 0.20217016339302062988 0.17184139788150787354 0.51165139675140380859 0.24214816093444824219 0.17229935526847839355 0.16455821692943572998 0.1674626469612121582 0.1981321871280670166 0.17230853438377380371 0.17540223896503448486 0.18255107104778289795 0 0 1.3225959539413452148 0.49730563163757324219 0.72222679853439331055 0.4015833735466003418 0.53071039915084838867 0.22101132571697235107 0.094484798610210418701
0.27778354287147521973 0.28395506739616394043 0.28792351484298706055 0.28985768556594848633 0.2953936457633972168 0.30429828166961669922 0.85325080156326293945 0.26465737819671630859 0.26097863912582397461 0.25846084952354431152 0.27901196479797363281 0.26072874665260314941 0.25942817330360412598 0.2535323798656463623 0.21261109411716461182 0.21069271862506866455 0.209115639328956604 0.20814219117164611816 0.16026821732521057129 0.15775001049041748047 0.15610249340534210205 0.15529808402061462402 0.19776046276092529297 0.16377197206020355225 0.51080501079559326172 0.23669163882732391357 0.16190885007381439209 0.15111865103244781494 0.15113234519958496094 0.17935329675674438477 0.15309885144233703613 0.15625408291816711426 0.15894226729869842529 0.16406340897083282471 0.16719506680965423584 0.31858086585998535156 0 0 1.3645688295364379883 0.75009381771087646484 0.63611024618148803711 0.23758077621459960938 0.12038008123636245728
0.7399775385856628418 0.73611873388290405273 0.73631072044372558594 0.73889315128326416016 0.80874490737915039062 0.83582675457000732422 0.26388120651245117188 0.26294496655464172363 0.25883144140243530273 0.27850961685180664062 0.25988605618476867676 0.25899299979209899902 0.25142207741737365723 0.20737980306148529053 0.20704014599323272705 0.20616097748279571533 0.20548340678215026855 0.15299968421459197998 0.15194123983383178711 0.14970663189888000488 0.14775165915489196777 0.19545325636863708496 0.15721963346004486084 0.52111554145812988281 0.23564834892749786377 0.15440876781940460205 0.14181368052959442139 0.14046750962734222412 0.16984617710113525391 0.13990505039691925049 0.13999161124229431152 0.14029093086719512939 0.14460836350917816162 0.14850090444087982178 0.15097950398921966553 0.17866261303424835205 0 0.23935401439666748047 0 0 0.90489429235458374023 0.25626853108406066895 0.14412003755569458008
0.23965902626514434814 0.32522639632225036621 0.37914025783538818359 0.426296234130859375 0.24961082637310028076 0.25210830569267272949 0.25541096925735473633 0.25875058770179748535 0.2836342155933380127 0.26107537746429443359 0.25916767120361328125 0.25167670845985412598 0.20223800837993621826 0.19997286796569824219 0.19922752678394317627 0.19904854893684387207 0.13925804197788238525 0.13947069644927978516 0.13944935798645019531 0.13853785395622253418 0.19503420591354370117 0.15017589926719665527 0.54005455970764160156 0.23856805264949798584 0.14720928668975830078 0.13267190754413604736 0.13136614859104156494 0.16462662816047668457 0.12891124188899993896 0.12874442338943481445 0.12818889319896697998 0.12743492424488067627 0.1284138411283493042 0.13419331610202789307 0.13580414652824401855 0.30735015869140625 0 0.1422367393970489502 0.15908996760845184326 0.17362429201602935791 0 0 0.15958623588085174561
0.24728243052959442139 0.23408600687980651855 0.23483544588088989258 0.23711116611957550049 0.2389023900032043457 0.2406940758228302002 0.24405378103256225586 0.27545824646949768066 0.25894939899444580078 0.25756162405014038086 0.2501989901065826416 0.19898270070552825928 0.19684231281280517578 0.19319207966327667236 0.19183972477912902832 0.12178780883550643921 0.12164455652236938477 0.12150426954030990601 0.1215637698769569397 0.19158214330673217773 0.13966099917888641357 0.55705142021179199219 0.24006737768650054932 0.13701179623603820801 0.11882285028696060181 0.11852095276117324829 0.160970345139503479 0.11559078097343444824 0.11468400061130523682 0.11448491364717483521 0.11372280865907669067 0.11254419386386871338 0.1126492917537689209 0.11434662342071533203 0.20174777507781982422 0 0 0.064691334962844848633 0.10096647590398788452 0.12359501421451568604 0.1430886685848236084 0.16207638382911682129 0
0.22449772059917449951 0.22406914830207824707 0.22474102675914764404 0.22687664628028869629 0.22906854748725891113 0.23080989718437194824 0.25918936729431152344 0.24387782812118530273 0.24793231487274169922 0.24235701560974121094 0.18867844343185424805 0.19156159460544586182 0.19065909087657928467 0.18629097938537597656 0.095716707408428192139 0.095678351819515228271 0.09572324901819229126 0.095713406801223754883 0.18210715055465698242 0.12216509878635406494 0.57122415304183959961 0.23844166100025177002 0.12056497484445571899 0.09554360806941986084 0.095564566552639007568 0.15485092997550964355 0.095339372754096984863 0.094601958990097045898 0.094082303345203399658 0.093932397663593292236 0.093460470438003540039 0.092649199068546295166 0.092276632785797119141 0.19019263982772827148 0.056252453476190567017 0 0.077447436749935150146 0.1372852623462677002 0.15204308927059173584 0.16324478387832641602 0.17504212260246276855 0.18808472156524658203 0.24781413376331329346
0.21678218245506286621 0.21585716307163238525 0.21587589383125305176 0.21716487407684326172 0.21926337480545043945 0.24846570193767547607 0.23054195940494537354 0.23276355862617492676 0.22876112163066864014 0.17289306223392486572 0.1754426807165145874 0.17913414537906646729 0.17955380678176879883 0 0.011496063321828842163 0 0.013746935874223709106 0.17326426506042480469 0.095720417797565460205 0.57831150293350219727 0.23613603413105010986 0.095646575093269348145 0.043248921632766723633 0.04127286374568939209 0.14093767106533050537 0.038777466863393783569 0.042742382735013961792 0.048741199076175689697 0.05103967711329460144 0.051533527672290802002 0.053031284362077713013 0.054995477199554443359 0.18373467028141021729 0.092368721961975097656 0.11338305473327636719 0.12942796945571899414 0.62491202354431152344 0.433261871337890625 0.43585348129272460938 0.43149203062057495117 0.43404245376586914062 0.4435882270336151123 0.46814113855361938477
0.21079693734645843506 0.20933106541633605957 0.20848111808300018311 0.20853029191493988037 0.23749485611915588379 0.21992067992687225342 0.22173412144184112549 0.21497210860252380371 0.1552902907133102417 0.15739670395851135254 0.15970137715339660645 0.16269659996032714844 0 0.095182396471500396729 0.12435941398143768311 0.14513851702213287354 0.16186940670013427734 0 0.58900165557861328125 0.23224157094955444336 0.034776907414197921753 0.040585737675428390503 0.095656283199787139893 0.12179709970951080322 0.03890055045485496521 0.095717400312423706055 0.12141876667737960815 0.13846009969711303711 0.15230803191661834717 0.16496531665325164795 0.1751664578914642334 0.18299719691276550293 0.054431479424238204956 0.056588325649499893188 0.23343291878700256348 0.59641832113265991211 0.2007576674222946167 0.11802469193935394287 0.13663515448570251465 0.1484518200159072876 0.15992882847785949707 0.17235593497753143311 0.18800774216651916504
0.20512209832668304443 0.20347462594509124756 0.20204371213912963867 0.23011985421180725098 0.20945228636264801025 0.21146123111248016357 0.20482443273067474365 0.13783912360668182373 0.13867010176181793213 0.14042800664901733398 0.14204840362071990967 0.39599943161010742188 0.40491473674774169922 0.40960496664047241211 0.41278532147407531738 0.41572642326354980469 0.4198780357837677002 0.59836423397064208984 0.22845633327960968018 0.024277884513139724731 0.095723189413547515869 0.12208512425422668457 0.14092338085174560547 0.15680383145809173584 0.17007429897785186768 0.18121516704559326172 0.19001628458499908447 0.19660556316375732422 0.20384939014911651611 0.21197047829627990723 0.21952636539936065674 0.22653646767139434814 0.22957956790924072266 0.22909967601299285889 0.33559167385101318359 0 0.096861101686954498291 0.056689403951168060303 0.097125478088855743408 0.11709165573120117188 0.13284085690975189209 0.14706878364086151123 0.16273847222328186035
0.19927789270877838135 0.19792962074279785156 0.22779494524002075195 0.20311704277992248535 0.2024688720703125 0.19468301534652709961 0.11942096799612045288 0.11939300596714019775 0.11980401724576950073 0.12084289640188217163 0.3798535764217376709 0.21213573217391967773 0.28414136171340942383 0.29962453246116638184 0.35280618071556091309 0.42813995480537414551 0.48536270856857299805 0.22043336927890777588 0.20946539938449859619 0.21482805907726287842 0.22158604860305786133 0.2295878678560256958 0.23679544031620025635 0.24360527098178863525 0.24930571019649505615 0.25383877754211425781 0.33551973104476928711 0.33262738585472106934 0.33294516801834106445 0.33580702543258666992 0.34178656339645385742 0.35150632262229919434 0.35334366559982299805 0.3471304476261138916 0.1880321502685546875 0 0.056295722723007202148 0.092345446348190307617 0.11238556355237960815 0.12993703782558441162 0.14311958849430084229 0.1557232588529586792 0.16988064348697662354
0.1911506354808807373 0.22528052330017089844 0.19897200167179107666 0.19713619351387023926 0.18649230897426605225 0.095148093998432159424 0.095169931650161743164 0.09521624445915222168 0.095321476459503173828 0.37090599536895751953 0.19980099797248840332 0.20020970702171325684 0.038036163896322250366 0.21667042374610900879 0.29488280415534973145 0.28781333565711975098 0.20809265971183776855 0.19880095124244689941 0.21659405529499053955 0.22039020061492919922 0.22730635106563568115 0.23755405843257904053 0.24593906104564666748 0.25237229466438293457 0.25767171382904052734 0.26187828183174133301 0.044739641249179840088 0.095026060938835144043 0.11773926019668579102 0.13420709967613220215 0.14984069764614105225 0.16749355196952819824 0.18007627129554748535 0.18610170483589172363 0.052779637277126312256 0 0.11704754829406738281 0.13098436594009399414 0.14202493429183959961 0.15128716826438903809 0.16276307404041290283 0.17407350242137908936 0.1864805370569229126
0.21770495176315307617 0.1914552152156829834 0.1911506950855255127 0.17945452034473419189 0.046013776212930679321 0.047839127480983734131 0.048091161996126174927 0.04703554883599281311 0.3663596808910369873 0.18950603902339935303 0.1896629035472869873 0.18895171582698822021 0.20091657340526580811 0.28593590855598449707 0.2837021946907043457 0.19775451719760894775 0.18606720864772796631 0.20723456144332885742 0.23050123453140258789 0.28076484799385070801 0.28476253151893615723 0.29482603073120117188 0.30364027619361877441 0.31040313839912414551 0.31470286846160888672 0.31684786081314086914 0.31491371989250183105 0.30996012687683105469 0.30749282240867614746 0.30687910318374633789 0.31494486331939697266 0.33406829833984375 0.42290160059928894043 0.41520196199417114258 0.40670782327651977539 0.16428002715110778809 0.39286568760871887207 0.38899883627891540527 0.38501942157745361328 0.38099274039268493652 0.38357210159301757812 0.39352393150329589844 0.4033908545970916748
0.17995408177375793457 0.18063415586948394775 0.16878737509250640869 0.16776373982429504395 0.17824606597423553467 0.18742869794368743896 0.31311050057411193848 0.36390805244445800781 0.17895834147930145264 0.1790097355842590332 0.17854245007038116455 0.21377620100975036621 0.26906242966651916504 0.2728506922721862793 0.18735370039939880371 0.17390261590480804443 0.19629551470279693604 0.22380751371383666992 0.19345426559448242188 0.2372436225414276123 0.24202330410480499268 0.25113904476165771484 0.26120963692665100098 0.27189537882804870605 0.27866995334625244141 0.28151047229766845703 0.28177121281623840332 0.27985426783561706543 0.27911725640296936035 0.2792994379997253418 0.28766363859176635742 0.30719193816184997559 0.039414823055267333984 0.049923781305551528931 0.094123214483261108398 0 0.13144938647747039795 0.14233331382274627686 0.15118749439716339111 0.15863345563411712646 0.16759532690048217773 0.17884323000907897949 0.19017463922500610352
0.16849823296070098877 0.15550112724304199219 0.15501974523067474365 0.18861760199069976807 0.2356853187084197998 0.27046936750411987305 0.22143684327602386475 0.16714891791343688965 0.16714808344841003418 0.16647982597351074219 0.20571637153625488281 0.17641010880470275879 0.2558224797248840332 0.17155610024929046631 0.15977056324481964111 0.18495902419090270996 0.21410661935806274414 0.18358759582042694092 0.23514543473720550537 0.045510422438383102417 0.24739190936088562012 0.28997492790222167969 0.29826217889785766602 0.36631250381469726562 0.44102621078491210938 0.43816608190536499023 0.4341869354248046875 0.4288361668586730957 0.42421919107437133789 0.42041406035423278809 0.42806556820869445801 0.45153319835662841797 0.45368671417236328125 0.4330685734748840332 0.42085093259811401367 0.64869534969329833984 0.40837553143501281738 0.40491241216659545898 0.40268427133560180664 0.40161249041557312012 0.40493720769882202148 0.41248789429664611816 0.41708001494407653809
0.14014600217342376709 0.14011619985103607178 0.17934538424015045166 0.15340028703212738037 0.15272767841815948486 0.21289902925491333008 0.15297526121139526367 0.15385971963405609131 0.1533657461404800415 0.19535413384437561035 0.16450652480125427246 0.24619291722774505615 0.15334358811378479004 0.14086827635765075684 0.17157708108425140381 0.20387259125709533691 0.17054985463619232178 0.22677403688430786133 0.18020419776439666748 0.23760552704334259033 0.17692574858665466309 0.17548044025897979736 0.23443379998207092285 0.29149398207664489746 0.19166229665279388428 0.25101557374000549316 0.2541338801383972168 0.25696638226509094238 0.25935178995132446289 0.26146262884140014648 0.26814168691635131836 0.28080293536186218262 0.28425359725952148438 0.27845504879951477051 0.4198475182056427002 0.41887381672859191895 0.27336707711219787598 0.27522331476211547852 0.27820837497711181641 0.28224354982376098633 0.28618609905242919922 0.28982973098754882812 0.29320853948593139648
