tests/data/reference/gistest/full/control/widthrill.asc
ncols        125
nrows        78
xllcorner    -713756.799299980048
yllcorner    -1061032.369616159936
cellsize     10.000000000000
NODATA_value  -9999
[rows 57 to 75 of 78, columns 42 to 83 of 125]
0.13797718286514282227 0.13808484375476837158 0.18547996878623962402 0.15640954673290252686 0.15482437610626220703 0.21111632883548736572 0.1536563187837600708 0.15402585268020629883 0.15480074286460876465 0.19916744530200958252 0.16595801711082458496 0.21736511588096618652 0.15420821309089660645 0.136209145188331604 0.17182627320289611816 0.20616720616817474365 0.17270864546298980713 0.22078278660774230957 0.18352812528610229492 0.1831646263599395752 0.18329785764217376709 0.18220122158527374268 0.18027348816394805908 0.21791577339172363281 0.19383575022220611572 0.19476595520973205566 0.22045974433422088623 0.27058085799217224121 0.30697932839393615723 0.34683367609977722168 0.34268745779991149902 0.34198546409606933594 0.3452536165714263916 0.34323596954345703125 0.33549955487251281738 0.50811117887496948242 0.49722343683242797852 0.31658837199211120605 0.31602078676223754883 0.31651800870895385742 0.31781923770904541016 0.31561177968978881836
0.1122455596923828125 0.17338213324546813965 0.13859353959560394287 0.13812534511089324951 0.2097930908203125 0.13629582524299621582 0.13580827414989471436 0.13589756190776824951 0.19338527321815490723 0.15377597510814666748 0.21481049060821533203 0.13348406553268432617 0.11129102110862731934 0.15622986853122711182 0.19462840259075164795 0.15555644035339355469 0.2173687666654586792 0.17162016034126281738 0.17050348222255706787 0.16989563405513763428 0.17001998424530029297 0.16940793395042419434 0.21728113293647766113 0.1800098121166229248 0.18177899718284606934 0.22014920413494110107 0.19115127623081207275 0.18966257572174072266 0.21743434667587280273 0.19536285102367401123 0.25433745980262756348 0.25716498494148254395 0.26052564382553100586 0.26222878694534301758 0.26203572750091552734 0.38684728741645812988 0.37849327921867370605 0.24701705574989318848 0.24753333628177642822 0.24796925485134124756 0.24824394285678863525 0.3988660275936126709
0.15850879251956939697 0.11251844465732574463 0.112628154456615448 0.20771476626396179199 0.11242340505123138428 0.11223509162664413452 0.11200616508722305298 0.18520228564739227295 0.13801304996013641357 0.22222280502319335938 0.1095444411039352417 0.06976172327995300293 0.13819058239459991455 0.18792264163494110107 0.13696949183940887451 0.21168757975101470947 0.15641355514526367188 0.15668356418609619141 0.15592716634273529053 0.15503878891468048096 0.15449234843254089355 0.21945802867412567139 0.16845041513442993164 0.16808216273784637451 0.21857063472270965576 0.18090255558490753174 0.18025200068950653076 0.2187938988208770752 0.18741171061992645264 0.18602412939071655273 0.18495291471481323242 0.23539817333221435547 0.24715100228786468506 0.25646644830703735352 0.28019082546234130859 0.42356631159782409668 0.27497276663780212402 0.27644488215446472168 0.29703110456466674805 0.32430794835090637207 0.36331692337989807129 0.14364005625247955322
0.063303016126155853271 0.063921883702278137207 0.20006915926933288574 0.064415842294692993164 0.064505845308303833008 0.064186729490756988525 0.17616777122020721436 0.11261522024869918823 0.22684934735298156738 0.066907949745655059814 0.069566659629344940186 0.11048723757266998291 0.17605157196521759033 0.11299537867307662964 0.20792920887470245361 0.13721555471420288086 0.13761016726493835449 0.13788671791553497314 0.13778540492057800293 0.13686645030975341797 0.22142143547534942627 0.15383487939834594727 0.15402239561080932617 0.21898914873600006104 0.16744540631771087646 0.16716060042381286621 0.21979945898056030273 0.17813159525394439697 0.17691291868686676025 0.17566010355949401855 0.16236236691474914551 0.07093505561351776123 0.07094243168830871582 0.14611704647541046143 0.071144387125968933105 0 0.12182532250881195068 0.13728180527687072754 0.17221406102180480957 0.21691434085369110107 0.12779386341571807861 0.10531894117593765259
0.1807003021240234375 0.19267888367176055908 0.063434027135372161865 0.11289945989847183228 0.13989548385143280029 0.16082906723022460938 0.060274146497249603271 0.22949393093585968018 0.064444921910762786865 0.11197184771299362183 0.13530944287776947021 0.15534214675426483154 0.061430539935827255249 0.20781272649765014648 0.11263737082481384277 0.11221572756767272949 0.11211266368627548218 0.11223674565553665161 0.1124070286750793457 0.22780561447143554688 0.13601043820381164551 0.13539259135723114014 0.22091476619243621826 0.15352164208889007568 0.15219274163246154785 0.21944601833820343018 0.16541011631488800049 0.16478589177131652832 0.16395328938961029053 0.14890070259571075439 0.070888407528400421143 0.10744559764862060547 0.1307862401008605957 0.070971623063087463379 0.10577115416526794434 0 0.14507670700550079346 0.1592025458812713623 0.2099453359842300415 0.10632751882076263428 0.0711118355393409729 0.071135759353637695312
0.16640864312648773193 0.18213200569152832031 0.19223113358020782471 0.20172759890556335449 0.21111175417900085449 0.22107656300067901611 0.23188330233097076416 0.057963006198406219482 0.11268550902605056763 0.13758598268032073975 0.15561152994632720947 0.17344747483730316162 0.19511044025421142578 0.053594153374433517456 0.06004638969898223877 0.063329614698886871338 0.064911000430583953857 0.064783260226249694824 0.23503430187702178955 0.11258645355701446533 0.11172415316104888916 0.2241548001766204834 0.13657179474830627441 0.13594293594360351562 0.2234652787446975708 0.1515947878360748291 0.15084861218929290771 0.15003249049186706543 0.13143928349018096924 0.070823736488819122314 0.10732842981815338135 0.13005420565605163574 0.14868079125881195068 0.16238152980804443359 0.17152476310729980469 0 0.19169101119041442871 0.20093773305416107178 0.07111835479736328125 0.071085557341575622559 0.10645774751901626587 0.12844382226467132568
0.047304697334766387939 0.052080981433391571045 0.06017719954252243042 0.11341425031423568726 0.14123390614986419678 0.16346426308155059814 0.18456748127937316895 0.19705529510974884033 0.20084466040134429932 0.20794184505939483643 0.2178795933723449707 0.22825087606906890869 0.24017225205898284912 0.24652288854122161865 0.24541087448596954346 0.24288891255855560303 0.23948869109153747559 0.23803570866584777832 0.05973000451922416687 0.060246434062719345093 0.232576712965965271 0.11243824660778045654 0.11232330650091171265 0.23178708553314208984 0.1363725811243057251 0.13488903641700744629 0.13364300131797790527 0.10905641317367553711 0.070713922381401062012 0.10749638825654983521 0.12972027063369750977 0.14724938571453094482 0.16297887265682220459 0.17515356838703155518 0.18365895748138427734 0 0.20173344016075134277 0.20964770019054412842 0.21753679215908050537 0.22492131590843200684 0.2313970029354095459 0.23714095354080200195
-9999 -9999 -9999 0.063338615000247955322 0.062277156859636306763 0.11371433734893798828 0.14373829960823059082 0.058158732950687408447 0.11239982396364212036 0.13836835324764251709 0.16128849983215332031 0.1806049644947052002 0.19637687504291534424 0.20946528017520904541 0.21931016445159912109 0.22671766579151153564 0.23165696859359741211 0.2364304661750793457 0.24129197001457214355 0.24174916744232177734 0.059476457536220550537 0.061194736510515213013 0.24049675464630126953 0.11281036585569381714 0.11232715845108032227 0.11145441979169845581 0.069322802126407623291 0.070241950452327728271 0.10803733021020889282 0.13003483414649963379 0.14705647528171539307 0.16160245239734649658 0.17498253285884857178 0.18603534996509552002 0.19465725123882293701 0 0.21024274826049804688 0.21617387235164642334 0.22163274884223937988 0.22789411246776580811 0.23487232625484466553 0.24129633605480194092
-9999 -9999 -9999 -9999 -9999 -9999 -9999 -9999 -9999 0.065672494471073150635 0.11412138491868972778 0.1448335498571395874 0.16545550525188446045 0.1816714853048324585 0.19557280838489532471 0.20769234001636505127 0.21860727667808532715 0.22851979732513427734 0.23746696114540100098 0.24404245615005493164 0.24767239391803741455 0.24821676313877105713 0.056457493454217910767 0.059241358190774917603 0.062094394117593765259 0.065850824117660522461 0.11084602773189544678 0.13313880562782287598 0.14871081709861755371 0.16191120445728302002 0.17422477900981903076 0.18552224338054656982 0.19610440731048583984 0.28099945187568664551 0.28579226136207580566 0 0.28752437233924865723 0.28598648309707641602 0.28400510549545288086 0.28499197959899902344 0.28867521882057189941 0.29223778843879699707
-9999 -9999 -9999 -9999 -9999 -9999 -9999 -9999 -9999 -9999 0.053421452641487121582 0.042279329150915145874 0.11373490840196609497 0.14216019213199615479 0.16207811236381530762 0.17871765792369842529 0.1942996978759765625 0.20696723461151123047 0.21620076894760131836 0.22455817461013793945 0.23311184346675872803 0.23812642693519592285 0.23804907500743865967 0.23563866317272186279 0.23258075118064880371 0.22860646247863769531 0.22422365844249725342 0.22152385115623474121 0.21999497711658477783 0.22119621932506561279 0.2245648503303527832 0.22833256423473358154 0.23230215907096862793 0.070715986192226409912 0.071006998419761657715 0 0.13082462549209594727 0.14570727944374084473 0.1569394916296005249 0.16805404424667358398 0.1799106597900390625 0.19155900180339813232
-9999 -9999 -9999 -9999 -9999 -9999 -9999 -9999 -9999 -9999 -9999 -9999 -9999 -9999 -9999 -9999 -9999 -9999 0.058184463530778884888 0.055349022150039672852 0.042472779750823974609 0.031940449029207229614 0.042330522090196609497 0.11388337612152099609 0.14082476496696472168 0.1578798443078994751 0.17052476108074188232 0.18019494414329528809 0.18768016993999481201 0.19613504409790039062 0.20582760870456695557 0.21500656008720397949 0.2237974703311920166 0.22741755843162536621 0.22675949335098266602 0.32629704475402832031 0.22148841619491577148 0.22031614184379577637 0.21698965132236480713 0.21604223549365997314 0.2171627730131149292 0.21949811279773712158
-9999 -9999 -9999 -9999 -9999 -9999 -9999 -9999 -9999 -9999 -9999 -9999 -9999 -9999 -9999 -9999 -9999 -9999 -9999 -9999 -9999 0.11332678049802780151 0.11365076899528503418 0.055996838957071304321 0.064535357058048248291 0.11178337037563323975 0.13657109439373016357 0.15365459024906158447 0.16568927466869354248 0.17748200893402099609 0.19017733633518218994 0.20161530375480651855 0.21198448538780212402 0.21716427803039550781 0.21780799329280853271 0.31609487533569335938 0.21945792436599731445 0.2198972553014755249 0.21708956360816955566 0.21606796979904174805 0.21650837361812591553 0.21866452693939208984
-9999 -9999 -9999 -9999 -9999 -9999 -9999 -9999 -9999 -9999 -9999 -9999 -9999 -9999 -9999 -9999 -9999 -9999 -9999 -9999 -9999 -9999 -9999 0.14086169004440307617 0.11180496960878372192 0.068025134503841400146 0.06789703667163848877 0.11098269373178482056 0.13367584347724914551 0.15133535861968994141 0.16817753016948699951 0.18241195380687713623 0.1941299140453338623 0.20129355788230895996 0.28597033023834228516 0.20459602773189544678 0.21079842746257781982 0.21305669844150543213 0.21187950670719146729 0.21147617697715759277 0.2116965949535369873 0.21374474465847015381
-9999 -9999 -9999 -9999 -9999 -9999 -9999 -9999 -9999 -9999 -9999 -9999 -9999 -9999 -9999 -9999 -9999 -9999 -9999 -9999 -9999 -9999 -9999 -9999 0.15508878231048583984 0.13577300310134887695 0.11158612370491027832 0.068250872194766998291 0.11005215346813201904 0.13404570519924163818 0.15438660979270935059 0.17055946588516235352 0.18277619779109954834 0.19124114513397216797 0.26982450485229492188 0.19797608256340026855 0.20426571369171142578 -9999 -9999 -9999 -9999 -9999
-9999 -9999 -9999 -9999 -9999 -9999 -9999 -9999 -9999 -9999 -9999 -9999 -9999 -9999 -9999 -9999 -9999 -9999 -9999 -9999 -9999 -9999 -9999 -9999 -9999 -9999 0.15558253228664398193 0.13642004132270812988 0.069216765463352203369 0.11049440503120422363 0.13642038404941558838 0.15541963279247283936 0.16908857226371765137 0.17938086390495300293 0 -9999 -9999 -9999 -9999 -9999 -9999 -9999
-9999 -9999 -9999 -9999 -9999 -9999 -9999 -9999 -9999 -9999 -9999 -9999 -9999 -9999 -9999 -9999 -9999 -9999 -9999 -9999 -9999 -9999 -9999 -9999 -9999 -9999 -9999 0.16960649192333221436 0.15445759892463684082 0.068481475114822387695 0.11145795136690139771 0.13612832129001617432 0.15278902649879455566 0.16551832854747772217 -9999 -9999 -9999 -9999 -9999 -9999 -9999 -9999
-9999 -9999 -9999 -9999 -9999 -9999 -9999 -9999 -9999 -9999 -9999 -9999 -9999 -9999 -9999 -9999 -9999 -9999 -9999 -9999 -9999 -9999 -9999 -9999 -9999 -9999 -9999 -9999 0.18325164914131164551 0.17184177041053771973 0.067720189690589904785 0.068818509578704833984 0.10949748009443283081 0.070576675236225128174 -9999 -9999 -9999 -9999 -9999 -9999 -9999 -9999
-9999 -9999 -9999 -9999 -9999 -9999 -9999 -9999 -9999 -9999 -9999 -9999 -9999 -9999 -9999 -9999 -9999 -9999 -9999 -9999 -9999 -9999 -9999 -9999 -9999 -9999 -9999 -9999 -9999 0.19661536812782287598 0.1847317814826965332 0.11051835119724273682 0.070361077785491943359 0.15617789328098297119 -9999 -9999 -9999 -9999 -9999 -9999 -9999 -9999
-9999 -9999 -9999 -9999 -9999 -9999 -9999 -9999 -9999 -9999 -9999 -9999 -9999 -9999 -9999 -9999 -9999 -9999 -9999 -9999 -9999 -9999 -9999 -9999 -9999 -9999 -9999 -9999 -9999 -9999 0.20303362607955932617 0.19089135527610778809 0.13209126889705657959 -9999 -9999 -9999 -9999 -9999 -9999 -9999 -9999 -9999
