tests/data/reference/gistest/full/control/widthrill.asc
ncols        125
nrows        78
xllcorner    -713756.799299980048
yllcorner    -1061032.369616159936
cellsize     10.000000000000
NODATA_value  -9999
[rows 38 to 56 of 78, columns 0 to 41 of 125]
-9999 -9999 -9999 -9999 -9999 -9999 -9999 -9999 -9999 -9999 -9999 -9999 -9999 0.064166650176048278809 0.38679772615432739258 0 0.088002286851406097412 0.15104539692401885986 0.18373250961303710938 0.21877580881118774414 0.14882546663284301758 0.29125213623046875 0.25651055574417114258 0.27956321835517883301 0.31712108850479125977 0.2552350163459777832 0.14805582165718078613 0.094296351075172424316 0.14724986255168914795 0.17994458973407745361 0.14826107025146484375 0.14782482385635375977 0.1474876701831817627 0.14685358107089996338 0.095429874956607818604 0 0 0.14703759551048278809 0 0 0 0.023678205907344818115
-9999 -9999 -9999 -9999 -9999 -9999 -9999 -9999 -9999 -9999 -9999 -9999 0 0.3814601600170135498 0.062223646789789199829 0 0.12579391896724700928 0.17299720644950866699 0.21250125765800476074 0.12655963003635406494 0.2867234349250793457 0.24817076325416564941 0.27315759658813476562 0.31335547566413879395 0.24901956319808959961 0.12638212740421295166 0 0.12596073746681213379 0.16637085378170013428 0.12638822197914123535 0.12676550447940826416 0.12679721415042877197 0.12680776417255401611 0 0 0.095275826752185821533 0.12564510107040405273 0 0.09241183847188949585 0.12640084326267242432 0.14787535369396209717 0.012435571290552616119
-9999 -9999 -9999 -9999 -9999 -9999 -9999 -9999 -9999 -9999 -9999 -9999 0.37481069564819335938 0.11942283064126968384 0 0.046156823635101318359 0.1550095677375793457 0.20850718021392822266 0.087375663220882415771 0.28587749600410461426 0.24241466820240020752 0.26676970720291137695 0.30833062529563903809 0.24094150960445404053 0.092749744653701782227 0 0.093047328293323516846 0.14930142462253570557 0.092339046299457550049 0.090702921152114868164 0.086600020527839660645 0.085556149482727050781 0 0.092385791242122650146 0.12509275972843170166 0.14535270631313323975 0.16376698017120361328 0.18000520765781402588 0.19441494345664978027 0 0 0.15683066844940185547
-9999 -9999 -9999 -9999 -9999 -9999 -9999 -9999 -9999 -9999 -9999 0.30795145034790039062 0.18033076822757720947 0 0 0.12214650213718414307 0.19763652980327606201 0 0.29158028960227966309 0.23953308165073394775 0.26333442330360412598 0.30475822091102600098 0.23274068534374237061 0 0 0.093195147812366485596 0.12657946348190307617 0 0 0 0 0 0.090271010994911193848 0.12599079310894012451 0.14566944539546966553 0.16112911701202392578 0.17565126717090606689 0.18905285000801086426 0 0.19946628808975219727 0.095735967159271240234 0.095598660409450531006
-9999 -9999 -9999 -9999 -9999 -9999 -9999 -9999 -9999 -9999 -9999 0.29256132245063781738 0.15510231256484985352 0 0.037633907049894332886 0.17859189212322235107 0.19718801975250244141 0.29222777485847473145 0.23858697712421417236 0.26473721861839294434 0.30430126190185546875 0.22398963570594787598 0.091501422226428985596 0.12648728489875793457 0.14847494661808013916 0.16653840243816375732 0.44814369082450866699 0.47191098332405090332 0.47548320889472961426 0.48618856072425842285 0.50590550899505615234 0.50290733575820922852 0.47995576262474060059 0.46570384502410888672 0.4569085538387298584 0.45451995730400085449 0.45717895030975341797 0.46226096153259277344 0.48735335469245910645 0.4861990809440612793 0.49196931719779968262 0.4917672574520111084
-9999 -9999 -9999 -9999 -9999 -9999 -9999 -9999 -9999 -9999 0.26282989978790283203 0.073763072490692138672 0.12419584393501281738 0 0.15506611764430999756 0.17822070419788360596 0.21300812065601348877 0.22724597156047821045 0.26377701759338378906 0.31104859709739685059 0.21664489805698394775 0 0 0.092512875795364379883 0.40108475089073181152 0.41747039556503295898 0.1671724170446395874 0.12652699649333953857 0.149869576096534729 0.16960456967353820801 0.18874238431453704834 0.20121724903583526611 0.20629221200942993164 0.21178705990314483643 0.21795415878295898438 0.22530739009380340576 0.23394554853439331055 0.24303528666496276855 0.25270852446556091309 0.25773760676383972168 0.25861999392509460449 0.26309227943420410156
-9999 -9999 -9999 -9999 -9999 -9999 -9999 -9999 -9999 0 0.24242989718914031982 0 0.070083059370517730713 0.12352022528648376465 0.15506303310394287109 0.19688452780246734619 0.2128041684627532959 0.25115695595741271973 0.30777221918106079102 0.20886617898941040039 0.21535359323024749756 0.29099768400192260742 0.34774473309516906738 0.39559268951416015625 0.14951159060001373291 0.14881502091884613037 0.093741543591022491455 0 0.093452744185924530029 0.12642355263233184814 0.15077117085456848145 0.16859374940395355225 0.17965967953205108643 0.18960618972778320312 0.19943732023239135742 0.20922896265983581543 0.21921533346176147461 0.64162248373031616211 0.66306245326995849609 0.67712444067001342773 0.68348509073257446289 0.69609355926513671875
-9999 -9999 -9999 -9999 -9999 -9999 -9999 -9999 -9999 0.1545664668083190918 0.1549374312162399292 0 0.065954126417636871338 0.12493562698364257812 0.17744004726409912109 0.1961085200309753418 0.23904582858085632324 0.29624116420745849609 0.19335195422172546387 0.20561465620994567871 0.2124318927526473999 0.2198171466588973999 0.22888125479221343994 0.12632516026496887207 0.12654122710227966309 0 0 0.094186797738075256348 0.12595775723457336426 0.14868706464767456055 0.16746313869953155518 0.1821295619010925293 0.19268426299095153809 0.20261599123477935791 0.59277480840682983398 0.60778421163558959961 0.62248671054840087891 0.24089506268501281738 0.2380342334508895874 0.23557130992412567139 0.23306216299533843994 0.23210729658603668213
-9999 -9999 -9999 -9999 -9999 -9999 -9999 -9999 -9999 0.12004286050796508789 0.121823139488697052 0 0.070488847792148590088 0.15441235899925231934 0.17604805529117584229 0.22368176281452178955 0.28791633248329162598 0.1762100905179977417 0.19330826401710510254 0.2057959139347076416 0.21285693347454071045 0.21983428299427032471 0.093512758612632751465 0.093554876744747161865 0.092912092804908752441 0.12624260783195495605 0.147337302565574646 0.16442334651947021484 0.18098317086696624756 0.19468797743320465088 0.20573054254055023193 0.21629929542541503906 0.56900143623352050781 0.5859349370002746582 0.22308237850666046143 0.22891509532928466797 0.23360592126846313477 0.22959779202938079834 0.22595654428005218506 0.22337071597576141357 0.22126230597496032715 0.23425681889057159424
-9999 -9999 -9999 -9999 -9999 -9999 -9999 -9999 0.25049281120300292969 0.063001677393913269043 0.073146238923072814941 0 0.12617269158363342285 0.15348869562149047852 0.20559632778167724609 0.27097016572952270508 0.15381738543510437012 0.17627707123756408691 0.19539265334606170654 0.20890171825885772705 0.21609862148761749268 0 0 0 0 0.093779675662517547607 0.1253871619701385498 0.14685428142547607422 0.482959747314453125 0.50682932138442993164 0.52227574586868286133 0.54143023490905761719 0.21471953392028808594 0.2133340686559677124 0.22037485241889953613 0.22630260884761810303 0.22359089553356170654 0.22067040205001831055 0.21765218675136566162 0.21547867357730865479 0.22832038998603820801 0.21932728588581085205
-9999 -9999 -9999 -9999 -9999 -9999 -9999 -9999 0.23200406134128570557 0 0 0.074373699724674224854 0.12603384256362915039 0.19139401614665985107 0.26060748100280761719 0.1268851161003112793 0.1532472074031829834 0.17531822621822357178 0.19492769241333007812 0.20892956852912902832 0.20366758108139038086 0.27763974666595458984 0.32447531819343566895 0.35996896028518676758 0.41231966018676757812 0.42687729001045227051 0.44263097643852233887 0.46222725510597229004 0.20422652363777160645 0.20425789058208465576 0.20261941850185394287 0.20213788747787475586 0.20252835750579833984 0.21168772876262664795 0.21903130412101745605 0.21695277094841003418 0.21514432132244110107 0.21285943686962127686 0.20982763171195983887 0.22358156740665435791 0.21410267055034637451 0.21988642215728759766
-9999 -9999 -9999 -9999 -9999 -9999 -9999 0.12318181246519088745 0.19674012064933776855 0 0 0.046591244637966156006 0.17847488820552825928 0.25878638029098510742 0.082525193691253662109 0.12669724225997924805 0.15325760841369628906 0.17442229390144348145 0.19366084039211273193 0.19223266839981079102 0.20245331525802612305 0.1987791210412979126 0.1961517333984375 0.25186434388160705566 0.1464300304651260376 0.16295416653156280518 0.17749574780464172363 0.19003564119338989258 0.19022572040557861328 0.19057457149028778076 0.19023489952087402344 0.18998993933200836182 0.20189279317855834961 0.21227444708347320557 0.21146041154861450195 0.21023856103420257568 0.20881995558738708496 0.20656614005565643311 0.2205410301685333252 0.20902010798454284668 0.21524231135845184326 0.21374835073947906494
-9999 -9999 -9999 -9999 -9999 -9999 0.17993894219398498535 0.064605303108692169189 0.12257193028926849365 0 0 0.15382955968379974365 0.2611548304557800293 0 0.078381203114986419678 0.12655428051948547363 0.15318015217781066895 0.17396600544452667236 0.17547871172428131104 0.19186979532241821289 0.18760819733142852783 0.18380770087242126465 0.24472138285636901855 0.1251026839017868042 0.14470915496349334717 0.16050732135772705078 0.17485721409320831299 0.17462544143199920654 0.1742680668830871582 0.17469763755798339844 0.1752014458179473877 0.18751879036426544189 0.19885872304439544678 0.19931299984455108643 0.19965387880802154541 0.19957841932773590088 0.19902852177619934082 0.2172009199857711792 0.20495410263538360596 0.21078924834728240967 0.20815125107765197754 0.20695154368877410889
-9999 -9999 -9999 -9999 -9999 -9999 0.15346220135688781738 0 0 0 0.10355778783559799194 0.20376636087894439697 0.11428825557231903076 0 0.072585657238960266113 0.12640771269798278809 0.15325938165187835693 0.15331338346004486084 0.17520205676555633545 0.17449364066123962402 0.1712573319673538208 0.23806254565715789795 0.094910986721515655518 0.12406725436449050903 0.14283706247806549072 0.15781709551811218262 0.15783542394638061523 0.15751388669013977051 0.15698164701461791992 0.157213553786277771 0.17143180966377258301 0.18359310925006866455 0.1836277395486831665 0.18392300605773925781 0.18458822369575500488 0.18540745973587036133 0.20699070394039154053 0.19700179994106292725 0.20604215562343597412 0.20334257185459136963 0.20025373995304107666 0.19930456578731536865
-9999 -9999 -9999 -9999 -9999 0.17943520843982696533 0 0 0 0 0 0.087793551385402679443 0 0 0.060095440596342086792 0.1259368211030960083 0.12649111449718475342 0.15362092852592468262 0.15402674674987792969 0.15410989522933959961 0.24132081866264343262 0 0.094483271241188049316 0.12435192614793777466 0.14309662580490112305 0.14174823462963104248 0.14126773178577423096 0.14089556038379669189 0.14043740928173065186 0.15602391958236694336 0.17023500800132751465 0.17077676951885223389 0.17089137434959411621 0.17081582546234130859 0.17091773450374603271 0.19410072267055511475 0.18373823165893554688 0.19520278275012969971 0.19573996961116790771 0.19409067928791046143 0.19091252982616424561 0.18989619612693786621
-9999 -9999 -9999 -9999 -9999 0 0 0 0 0 0 0 0 0 0 0.068150281906127929688 0.12558986246585845947 0.12620048224925994873 0.12616363167762756348 0.17706514894962310791 0.15492218732833862305 0 0.090144835412502288818 0.12607063353061676025 0.12488184124231338501 0.12354648113250732422 0.12268403917551040649 0.12228991836309432983 0.1412023007869720459 0.15696488320827484131 0.15798422694206237793 0.15887925028800964355 0.15918570756912231445 0.15861713886260986328 0.18317328393459320068 0.1706059575080871582 0.18196305632591247559 0.18217918276786804199 0.18321910500526428223 0.18279239535331726074 0.18036729097366333008 0.17909379303455352783
-9999 -9999 -9999 -9999 0 0 0 0 -9999 -9999 -9999 -9999 -9999 0 0 0 0.048164855688810348511 0.065014533698558807373 0.071359045803546905518 0.052682664245367050171 0.11330658942461013794 0 0.072145298123359680176 0.08669366687536239624 0.091641068458557128906 0.094337515532970428467 0.095359638333320617676 0.12355580180883407593 0.14287224411964416504 0.14269594848155975342 0.1432673335075378418 0.14405986666679382324 0.14459517598152160645 0.17443796992301940918 0.15899708867073059082 0.17146538197994232178 0.17051437497138977051 0.17028486728668212891 0.17088271677494049072 0.17066355049610137939 0.16917185485363006592 0.16808073222637176514
-9999 -9999 -9999 -9999 0.076221853494644165039 0 -9999 -9999 -9999 -9999 -9999 -9999 -9999 -9999 0 0 0 0 0 0 0 0 0 0 0 0 0.091955736279487609863 0.12565235793590545654 0.12476532161235809326 0.12427973002195358276 0.12425135821104049683 0.12454415857791900635 0.16315138339996337891 0.14581783115863800049 0.16111056506633758545 0.15981878340244293213 0.15880580246448516846 0.15839231014251708984 0.1584625542163848877 0.15767338871955871582 0.1563752293586730957 0.20074827969074249268
-9999 -9999 -9999 0.10367932915687561035 0 0 -9999 -9999 -9999 -9999 -9999 -9999 -9999 -9999 -9999 -9999 -9999 0 0 0.10595073550939559937 0.062511563301086425781 -9999 -9999 -9999 -9999 0 0.079345993697643280029 0.088974215090274810791 0.092678144574165344238 0.093927852809429168701 0.094345301389694213867 0.14742487668991088867 0.12583026289939880371 0.14751838147640228271 0.14605283737182617188 0.14483815431594848633 0.14386506378650665283 0.14347867667675018311 0.14359356462955474854 0.14263089001178741455 0.19234646856784820557 0.15574069321155548096
