tests/data/reference/gistest/full/control/widthrill.asc
ncols        125
nrows        78
xllcorner    -713756.799299980048
yllcorner    -1061032.369616159936
cellsize     10.000000000000
NODATA_value  -9999
[rows 19 to 37 of 78, columns 0 to 41 of 125]
-9999 -9999 -9999 -9999 -9999 -9999 -9999 -9999 -9999 -9999 -9999 -9999 -9999 -9999 -9999 -9999 -9999 -9999 -9999 0 0.14809966087341308594 0.31597635149955749512 0.093051634728908538818 0 0.030326154083013534546 0 0.49594402313232421875 0.33522334694862365723 0.33710691332817077637 0 0.31052306294441223145 0.14082184433937072754 0.046364773064851760864 0.18677490949630737305 0.2598451077938079834 0.11976100504398345947 0.21422858536243438721 0.29828330874443054199 0.21165795624256134033 0.23188568651676177979 0.24311551451683044434 0.22314023971557617188
-9999 -9999 -9999 -9999 -9999 -9999 -9999 -9999 -9999 -9999 -9999 -9999 -9999 -9999 -9999 -9999 -9999 -9999 0 0.097105354070663452148 0.34751597046852111816 0.12687815725803375244 0 0.094739891588687896729 0 0 0.3441969454288482666 0.35116636753082275391 0.34572279453277587891 0.095453694462776184082 0.31043422222137451172 0.15510922670364379883 0.046875134110450744629 0.20501923561096191406 0.26582685112953186035 0.13790941238403320312 0.22141498327255249023 0.30191341042518615723 0.21861259639263153076 0.23768538236618041992 0.24846157431602478027 0.22932870686054229736
-9999 -9999 -9999 -9999 -9999 -9999 -9999 -9999 -9999 -9999 -9999 -9999 -9999 -9999 -9999 -9999 -9999 0 0.087146833539009094238 0.38896581530570983887 0.17588280141353607178 0 0 0 0 0.18347316980361938477 0.36892309784889221191 0.36564835906028747559 0.35092177987098693848 0.12365834414958953857 0.31205469369888305664 0.04410173371434211731 0.16651886701583862305 0.22125717997550964355 0.27132195234298706055 0.15271142125129699707 0.22956906259059906006 0.30987095832824707031 0.22837118804454803467 0.24552126228809356689 0.25478479266166687012 0.23560988903045654297
-9999 -9999 -9999 -9999 -9999 -9999 -9999 -9999 -9999 -9999 -9999 -9999 -9999 -9999 -9999 -9999 -9999 0.066435649991035461426 0.10794426500797271729 0.47958037257194519043 0 0 0 0 0.16326715052127838135 0.20247089862823486328 0.3768799901008605957 0.36590027809143066406 0.34988796710968017578 0.1428852081298828125 0.31547024846076965332 0.043908480554819107056 0.095451533794403076172 0.17733682692050933838 0.32922819256782531738 0.16569069027900695801 0.23723290860652923584 0.31510359048843383789 0.047802913933992385864 0.31274488568305969238 0.26001065969467163086 0.24180005490779876709
-9999 -9999 -9999 -9999 -9999 -9999 -9999 -9999 -9999 -9999 -9999 -9999 -9999 -9999 -9999 -9999 -9999 0.20297548174858093262 0.46341142058372497559 0 0 0 0 0 0.22009621560573577881 0.21265803277492523193 0.36544638872146606445 0.35498720407485961914 0.34587562084197998047 0.15811602771282196045 0.32061880826950073242 0.043269064277410507202 0.095453232526779174805 0.12000507116317749023 0.18758334219455718994 0.35538080334663391113 0.24381120502948760986 0.31661111116409301758 0.05015363544225692749 0.31743836402893066406 0.26444682478904724121 0.24811124801635742188
-9999 -9999 -9999 -9999 -9999 -9999 -9999 -9999 -9999 -9999 -9999 -9999 -9999 -9999 -9999 -9999 0.64132332801818847656 0.54376447200775146484 0.087035603821277618408 0 0 0 0 0.041753917932510375977 0.13104031980037689209 0.22709839046001434326 0.38923427462577819824 0.34926155209541320801 0.343719482421875 0.17252546548843383789 0.057505667209625244141 0.32093441486358642578 0.095480337738990783691 0.12027525901794433594 0.13895107805728912354 0.38725638389587402344 0.25110301375389099121 0.31969255208969116211 0.050932824611663818359 0.32426685094833374023 0.26983916759490966797 0.25422894954681396484
-9999 -9999 -9999 -9999 -9999 -9999 -9999 -9999 -9999 -9999 -9999 -9999 -9999 -9999 -9999 -9999 0 0 0 0 0 0 0.13301293551921844482 0.17280618846416473389 0.10219824314117431641 0.14859727025032043457 0.22611375153064727783 0.47123003005981445312 0.34272798895835876465 0.18272492289543151855 0.058805786073207855225 0.10225971043109893799 0.32439890503883361816 0.12451323866844177246 0.14029979705810546875 0.15609855949878692627 0.43631079792976379395 0.047989774495363235474 0.31925719976425170898 0.094869151711463928223 0.39491677284240722656 0.25991588830947875977
-9999 -9999 -9999 -9999 -9999 -9999 -9999 -9999 -9999 -9999 -9999 -9999 -9999 -9999 -9999 -9999 0.047266885638236999512 0 0 0 0 0 0.2016944587230682373 0.1556352078914642334 0.18640768527984619141 0.13000439107418060303 0.16499216854572296143 0.50998514890670776367 0.35401496291160583496 0.19621153175830841064 0.10246334969997406006 0.057474475353956222534 0.12705382704734802246 0.33329313993453979492 0.14562399685382843018 0.16013950109481811523 0.16853158175945281982 0.43063330650329589844 0.095025576651096343994 0.3234157264232635498 0.11865907162427902222 0.44240078330039978027
-9999 -9999 -9999 -9999 -9999 -9999 -9999 -9999 -9999 -9999 -9999 -9999 -9999 -9999 -9999 -9999 -9999 0 0 0 0 0.18870161473751068115 0.20362976193428039551 0.28235468268394470215 0.3159160912036895752 0.3538532555103302002 0.3689416348934173584 0.39203441143035888672 0.54107362031936645508 0.37208387255668640137 0.2101710885763168335 0.12828546762466430664 0.10253053158521652222 0.1479269564151763916 0.34835836291313171387 0.16281834244728088379 0.17108575999736785889 0.17852231860160827637 0.42946058511734008789 0.11879537254571914673 0.32613131403923034668 0.45156380534172058105
-9999 -9999 -9999 -9999 -9999 -9999 -9999 -9999 -9999 -9999 -9999 -9999 -9999 -9999 -9999 -9999 -9999 -9999 0 0 0.13745993375778198242 0.16006739437580108643 0.1785402446985244751 0.19366869330406188965 0.2058133929967880249 0.21572203934192657471 0.22366230189800262451 0.23386803269386291504 0.44080474972724914551 0.64940643310546875 0.37874102592468261719 0.22255751490592956543 0.15012326836585998535 0.13017946481704711914 0.16769886016845703125 0.3536732792854309082 0.1731004863977432251 0.18124255537986755371 0.19087196886539459229 0.43794256448745727539 0.14027164876461029053 0.52125543355941772461
-9999 -9999 -9999 -9999 -9999 -9999 -9999 -9999 -9999 -9999 -9999 -9999 -9999 -9999 -9999 -9999 -9999 -9999 0 0.10186246782541275024 0.13485638797283172607 0.15852884948253631592 0.17810192704200744629 0.19351500272750854492 0.20476904511451721191 0.21353015303611755371 0.22033834457397460938 0.23012274503707885742 0.24388337135314941406 0.25356805324554443359 0.66418820619583129883 0.71943944692611694336 0.74050384759902954102 0.17043805122375488281 0.15249210596084594727 0.18199521303176879883 0.35221141576766967773 0.37429523468017578125 0.40216368436813354492 0.20464058220386505127 0.44310712814331054688 0.15481477975845336914
-9999 -9999 -9999 -9999 -9999 -9999 -9999 -9999 -9999 -9999 -9999 -9999 -9999 -9999 -9999 -9999 -9999 -9999 0 0.092512682080268859863 0.13171364367008209229 0.15656197071075439453 0.48421582579612731934 0.48241087794303894043 0.4742183685302734375 0.4676856696605682373 0.46202427148818969727 0.46372675895690917969 0.47328877449035644531 0.47515159845352172852 0.46879169344902038574 0.47139939665794372559 0.48186147212982177734 0.82912272214889526367 0.84861654043197631836 0.84600830078125 0.82694101333618164062 0.8112824559211730957 0.8013737797737121582 0.8358643651008605957 0.82677924633026123047 0.88011419773101806641
-9999 -9999 -9999 -9999 -9999 -9999 -9999 -9999 -9999 -9999 -9999 -9999 -9999 -9999 -9999 -9999 -9999 -9999 0 0.23194009065628051758 0.30671900510787963867 0.46168062090873718262 0.21425236761569976807 0.2913443446159362793 0.34854611754417419434 0.3493861854076385498 0.44930556416511535645 0.47678670287132263184 0.5360819697380065918 0.535114288330078125 0.52826797962188720703 0.53017032146453857422 0.54173505306243896484 0.55853521823883056641 0.5837497711181640625 0.59004795551300048828 0.57442253828048706055 0.78262889385223388672 0.75928062200546264648 0.74223250150680541992 0.73517060279846191406 0.74460268020629882812
-9999 -9999 -9999 -9999 -9999 -9999 -9999 -9999 -9999 -9999 -9999 -9999 -9999 -9999 -9999 -9999 -9999 0.090721078217029571533 0.20408354699611663818 0.2185233384370803833 0.39386793971061706543 0.20172332227230072021 0.21141318976879119873 0.22993107140064239502 0.24487851560115814209 0.33615666627883911133 0.22620463371276855469 0.31759434938430786133 0.28390401601791381836 0.2869319915771484375 0.29099220037460327148 0.2980124056339263916 0.53853321075439453125 0.56824505329132080078 0.6048596501350402832 0.63115012645721435547 0.65888237953186035156 0.12834160029888153076 0.14566770195960998535 0.21011272072792053223 0.18710231781005859375 0.17509004473686218262
-9999 -9999 -9999 -9999 -9999 -9999 -9999 -9999 -9999 -9999 -9999 -9999 -9999 -9999 -9999 -9999 0 0.15139861404895782471 0.2006982266902923584 0.38369467854499816895 0.18731757998466491699 0.20069430768489837646 0.22172853350639343262 0.23894013464450836182 0.25836431980133056641 0.21341590583324432373 0.31378713250160217285 0.28150534629821777344 0.29160717129707336426 0.39621150493621826172 0.44567000865936279297 0.47142398357391357422 0.18723213672637939453 0.21065548062324523926 0.22986815869808197021 0.30105009675025939941 0.09561875462532043457 0.12300676852464675903 0.20270855724811553955 0.17938210070133209229 0.16485741734504699707 0.16241866350173950195
-9999 -9999 -9999 -9999 -9999 -9999 -9999 -9999 -9999 -9999 -9999 -9999 -9999 -9999 -9999 -9999 0.12695081532001495361 0.18592832982540130615 0.37177079916000366211 0.16880500316619873047 0.18521457910537719727 0.21185989677906036377 0.23232664167881011963 0.2564792633056640625 0.20570962131023406982 0.30847504734992980957 0.27732697129249572754 0.29186928272247314453 0.3149852454662322998 0.26310700178146362305 0.19302549958229064941 0.1711407005786895752 0.19551612436771392822 0.21486727893352508545 0.28866928815841674805 0.035994641482830047607 0.095702581107616424561 0.1913763582706451416 0.16817031800746917725 0.15371240675449371338 0.15193234384059906006 0.18325732648372650146
-9999 -9999 -9999 -9999 -9999 -9999 -9999 -9999 -9999 -9999 -9999 -9999 -9999 -9999 -9999 0.0895023345947265625 0.17072629928588867188 0.37080055475234985352 0.15002557635307312012 0.16814871132373809814 0.19744259119033813477 0.22136823832988739014 0.25088351964950561523 0.19771924614906311035 0.31101578474044799805 0.27538648247718811035 0.29150700569152832031 0.31870704889297485352 0.26020535826683044434 0.18275509774684906006 0.15687741339206695557 0.18172539770603179932 0.20194360613822937012 0.26001796126365661621 0.12163113057613372803 0.038854528218507766724 0.1814273148775100708 0.15553544461727142334 0.13928304612636566162 0.13791026175022125244 0.17445604503154754639 0.13484106957912445068
-9999 -9999 -9999 -9999 -9999 -9999 -9999 -9999 -9999 -9999 -9999 -9999 -9999 -9999 0 0.1514476388692855835 0.36664620041847229004 0.12676092982292175293 0.14976218342781066895 0.18284042179584503174 0.20806531608104705811 0.23925516009330749512 0.18396329879760742188 0.30806803703308105469 0.27318298816680908203 0.29117894172668457031 0.32198131084442138672 0.26231947541236877441 0.17429734766483306885 0.1428950875997543335 0.17213563621044158936 0.19383494555950164795 0.24930627644062042236 0.041118357330560684204 0.095683068037033081055 0.17083050310611724854 0.14178706705570220947 0.12206944078207015991 0.12159816920757293701 0.1674102097749710083 0.11963769793510437012 0.11841070652008056641
-9999 -9999 -9999 -9999 -9999 -9999 -9999 -9999 -9999 -9999 -9999 -9999 -9999 -9999 0.1263399273157119751 0.36918425559997558594 0.090761765837669372559 0.1266966015100479126 0.16773048043251037598 0.19554968178272247314 0.22805887460708618164 0.16682085394859313965 0.29932484030723571777 0.26476660370826721191 0.28596457839012145996 0.32069075107574462891 0.26014721393585205078 0.16437737643718719482 0.12475427985191345215 0.16208945214748382568 0.18913659453392028809 0.16133584082126617432 0.20808374881744384766 0.024713408201932907104 0.15879753232002258301 0.12328214943408966064 0.095596402883529663086 0.095614746212959289551 0.15962351858615875244 0.095713235437870025635 0.095732979476451873779 0.095565594732761383057
