tests/data/reference/gistest/full/control/widthrill.asc
ncols        125
nrows        78
xllcorner    -713756.799299980048
yllcorner    -1061032.369616159936
cellsize     10.000000000000
NODATA_value  -9999
[rows 38 to 56 of 78, columns 42 to 83 of 125]
0.046304117888212203979 0.095016062259674072266 0.11905900388956069946 0.136583670973777771 0.15013058483600616455 0.16174407303333282471 0.17218405008316040039 0.051970664411783218384 0.04981866106390953064 0.049752715975046157837 0.063771940767765045166 0.10061511397361755371 0.12199158966541290283 0.13968965411186218262 0.94049084186553955078 0.96178644895553588867 0.95782315731048583984 0.96615439653396606445 0.98853743076324462891 1.0107954740524291992 1.0303487777709960938 1.0481443405151367188 1.0629138946533203125 1.0805312395095825195 1.1011253595352172852 1.1259248256683349609 1.1549111604690551758 1.1740121841430664062 1.7218130826950073242 1.7211108207702636719 0.33551183342933654785 0.3146819770336151123 0.2959105372428894043 0.73470032215118408203 0.27612781524658203125 0.26254194974899291992 0.27194613218307495117 0.25782769918441772461 0.58877009153366088867 0.23846486210823059082 0.49389934539794921875 0.71262449026107788086
0.045325051993131637573 0.09516369551420211792 0.11974070221185684204 0.13791832327842712402 0.15210251510143280029 0.16374367475509643555 0.17374670505523681641 0.1841465681791305542 0.1956402212381362915 0.20430174469947814941 0.2093464583158493042 0.21465598046779632568 0.88828796148300170898 0.90165132284164428711 0.26736351847648620605 0.28366842865943908691 0.26494899392127990723 0.26271927356719970703 0.25817644596099853516 0.22705048322677612305 0.22810478508472442627 0.2295341789722442627 0.23245197534561157227 0.20029683411121368408 0.20290376245975494385 0.20596656203269958496 0.20901212096214294434 0.30509513616561889648 0.35764095187187194824 0.36992472410202026367 1.7578959465026855469 1.7594342231750488281 1.6971762180328369141 1.7066695690155029297 0.80715608596801757812 0.27648502588272094727 0.2803751826286315918 0.26442259550094604492 0.58452063798904418945 0.35465240478515625 0 0.45475563406944274902
0.09535929560661315918 0.11963833868503570557 0.13894322514533996582 0.15480403602123260498 0.16772785782814025879 0.17780043184757232666 0.18551020324230194092 0.19378820061683654785 0.20304997265338897705 0.21187633275985717773 0.21982559561729431152 0.90567076206207275391 0.26453635096549987793 0.26136469841003417969 0.27808293700218200684 0.25999504327774047852 0.25497221946716308594 0.24760581552982330322 0.21485121548175811768 0.21454186737537384033 0.21481201052665710449 0.21573133766651153564 0.18218864500522613525 0.18360993266105651855 0.18538840115070343018 0.18752065300941467285 0.22764280438423156738 0.20199631154537200928 0.5510845184326171875 0.59761595726013183594 0.63571965694427490234 0.65312111377716064453 0.99918633699417114258 0.65014529228210449219 1.9096980094909667969 0.88810956478118896484 0.29831755161285400391 0.27464953064918518066 0.056945335119962692261 0.33104926347732543945 0.33335709571838378906 0.45941710472106933594
0.16655726730823516846 0.17850276827812194824 0.19141949713230133057 0.20216447114944458008 0.2101929783821105957 0.21661369502544403076 0.22177270054817199707 0.22757171094417572021 0.23380111157894134521 0.89083105325698852539 0.91116356849670410156 0.26476511359214782715 0.26090204715728759766 0.27811989188194274902 0.2620379030704498291 0.25915595889091491699 0.24941845238208770752 0.21228520572185516357 0.21073478460311889648 0.20921589434146881104 0.2083072662353515625 0.17178991436958312988 0.17227567732334136963 0.17266075313091278076 0.17303520441055297852 0.21100270748138427734 0.18332917988300323486 0.51671844720840454102 0.25495192408561706543 0.19078247249126434326 0.18726278841495513916 0.18999199569225311279 0.26449039578437805176 0.46869540214538574219 0.3721650242805480957 2.0204780101776123047 0.90779328346252441406 0.29831841588020324707 0.39677816629409790039 0.964817047119140625 0.34812980890274047852 0.4713096916675567627
0.49859499931335449219 0.50456660985946655273 0.51296573877334594727 0.51446813344955444336 0.50918537378311157227 0.50795453786849975586 0.51095277070999145508 0.51325690746307373047 0.89888799190521240234 0.26336374878883361816 0.26296064257621765137 0.26029995083808898926 0.27778974175453186035 0.26053190231323242188 0.26017722487449645996 0.25321817398071289062 0.21269224584102630615 0.21020214259624481201 0.20849871635437011719 0.20621629059314727783 0.16422477364540100098 0.16355267167091369629 0.16351091861724853516 0.16323752701282501221 0.20216968655586242676 0.1718409806489944458 0.50303292274475097656 0.24214756488800048828 0.17229893803596496582 0.16455782949924468994 0.16746224462985992432 0.19813169538974761963 0.17230810225009918213 0.17540174722671508789 0.18255056440830230713 0.35329559445381164551 2.9350962638854980469 3.0468776226043701172 1.2042882442474365234 0.67086362838745117188 0.36886036396026611328 0.49013364315032958984
0.27082702517509460449 0.27778285741806030273 0.28395435214042663574 0.28792276978492736816 0.28985694050788879395 0.29539290070533752441 0.30429750680923461914 0.8451054692268371582 0.2646566927433013916 0.26097798347473144531 0.25846019387245178223 0.27901124954223632812 0.26072809100151062012 0.25942754745483398438 0.25353172421455383301 0.2126105576753616333 0.21069219708442687988 0.20911511778831481934 0.20814168453216552734 0.1602678149938583374 0.15774962306022644043 0.15610210597515106201 0.15529768168926239014 0.19775998592376708984 0.16377158463001251221 0.50213569402694702148 0.23669105768203735352 0.16190846264362335205 0.15111827850341796875 0.15113198757171630859 0.17935287952423095703 0.15309847891330718994 0.15625368058681488037 0.15894185006618499756 0.16406293213367462158 0.16719458997249603271 0.31857958436012268066 0.39593991637229919434 0.41520673036575317383 3.0760850906372070312 0.69698721170425415039 0.58717298507690429688
0.71522718667984008789 0.73214817047119140625 0.72836208343505859375 0.72858321666717529297 0.73116922378540039062 0.80001097917556762695 0.8272393345832824707 0.26388052105903625488 0.26294428110122680664 0.25883081555366516113 0.27850890159606933594 0.25988540053367614746 0.25899234414100646973 0.25142145156860351562 0.20737928152084350586 0.20703963935375213623 0.20616045594215393066 0.20548290014266967773 0.15299928188323974609 0.15194082260131835938 0.14970624446868896484 0.14775127172470092773 0.19545277953147888184 0.1572192460298538208 0.51220095157623291016 0.23564776778221130371 0.15440839529037475586 0.14181332290172576904 0.14046715199947357178 0.16984577476978302002 0.13990470767021179199 0.13999128341674804688 0.1402905881404876709 0.14460799098014831543 0.14850050210952758789 0.1509790569543838501 0.17866139113903045654 0 0.23935343325138092041 0.36420777440071105957 2.9809291362762451172 2.0153882503509521484
0.24645166099071502686 0.23965841531753540039 0.3169701695442199707 0.37275841832160949707 0.42092695832252502441 0.24961020052433013916 0.2521076500415802002 0.25541031360626220703 0.25874993205070495605 0.28363347053527832031 0.2610747218132019043 0.25916701555252075195 0.25167608261108398438 0.20223750174045562744 0.19997237622737884521 0.1992270350456237793 0.1990480571985244751 0.13925766944885253906 0.13947030901908874512 0.13944897055625915527 0.13853745162487030029 0.19503372907638549805 0.15017551183700561523 0.53073924779891967773 0.23856747150421142578 0.14720891416072845459 0.13267156481742858887 0.13136580586433410645 0.16462622582912445068 0.12891091406345367432 0.1287440955638885498 0.12818856537342071533 0.12743459641933441162 0.12841351330280303955 0.13419294357299804688 0.13580375909805297852 0.30734917521476745605 0 0.14223632216453552246 0.15908947587013244629 0.17362375557422637939 0.22339448332786560059
0.22758603096008300781 0.23454605042934417725 0.2340854257345199585 0.23483486473560333252 0.23711058497428894043 0.2389017939567565918 0.24069347977638244629 0.24405317008495330811 0.27545753121376037598 0.25894874334335327148 0.25756099820137023926 0.2501983344554901123 0.19898219406604766846 0.19684180617332458496 0.19319158792495727539 0.1918392479419708252 0.12178743630647659302 0.1216441616415977478 0.12150390446186065674 0.12156337499618530273 0.19158166646957397461 0.13966061174869537354 0.54736250638961791992 0.24006678164005279541 0.13701142370700836182 0.11882250756025314331 0.11852061748504638672 0.16096994280815124512 0.11559046059846878052 0.11468368768692016602 0.1144846007227897644 0.1137225031852722168 0.11254389584064483643 0.11264899373054504395 0.11434631794691085815 0.20174729824066162109 0 0 0.064690865576267242432 0.1009659990668296814 0.12359449267387390137 0.14308808743953704834
0.22523614764213562012 0.22449716925621032715 0.22406859695911407471 0.22474046051502227783 0.22687609493732452393 0.22906798124313354492 0.23080931603908538818 0.25918871164321899414 0.24387721717357635498 0.24793168902397155762 0.24235640466213226318 0.18867795169353485107 0.191561087965965271 0.19065858423709869385 0.18629048764705657959 0.0957163199782371521 0.095677919685840606689 0.095722861588001251221 0.095712989568710327148 0.18210668861865997314 0.12216471880674362183 0.56120550632476806641 0.23844106495380401611 0.12056460976600646973 0.09554325789213180542 0.095564208924770355225 0.15485051274299621582 0.095339030027389526367 0.094601638615131378174 0.094081997871398925781 0.093932092189788818359 0.093460172414779663086 0.092648915946483612061 0.092276357114315032959 0.19019217789173126221 0.056252125650644302368 0 0.077444665133953094482 0.13728478550910949707 0.15204256772994995117 0.1632442176342010498 0.17504152655601501465
0.21815732121467590332 0.2167816460132598877 0.21585662662982940674 0.21587537229061126709 0.2171643376350402832 0.21926283836364746094 0.24846509099006652832 0.23054137825965881348 0.2327629774808883667 0.22876054048538208008 0.17289260029792785645 0.17544221878051757812 0.17913365364074707031 0.17955331504344940186 0 0.01148771774023771286 0 0.013740884140133857727 0.17326381802558898926 0.09572003781795501709 0.56808531284332275391 0.23613543808460235596 0.095646217465400695801 0.043248258531093597412 0.041272126138210296631 0.14093726873397827148 0.038776628673076629639 0.042741701006889343262 0.048740692436695098877 0.051039230078458786011 0.051533091813325881958 0.053030882030725479126 0.054995123296976089478 0.1837342381477355957 0.092368446290493011475 0.11338275671005249023 0.12942676246166229248 0.6249103546142578125 0.43326079845428466797 0.43585240840911865234 0.43149095773696899414 0.4340413510799407959
0.21237790584564208984 0.21079641580581665039 0.20933055877685546875 0.20848059654235839844 0.2085297703742980957 0.23749426007270812988 0.2199201434850692749 0.22173357009887695312 0.2149715721607208252 0.15528988838195800781 0.15739627182483673096 0.15970094501972198486 0.16269613802433013916 0 0.09518197178840637207 0.12435901165008544922 0.1451380997896194458 0.16186895966529846191 0 0.57849854230880737305 0.2322409898042678833 0.034775871783494949341 0.040584977716207504272 0.095655925571918487549 0.12179672718048095703 0.038899719715118408203 0.095717027783393859863 0.12141840159893035889 0.13845972716808319092 0.15230762958526611328 0.16496489942073822021 0.17516602575778961182 0.1829967498779296875 0.054431110620498657227 0.056588008999824523926 0.23343236744403839111 0.59641677141189575195 0.20075723528861999512 0.11802449822425842285 0.13663487136363983154 0.1484514772891998291 0.15992842614650726318
0.2064151465892791748 0.20512159168720245361 0.20347411930561065674 0.2020432204008102417 0.23011928796768188477 0.20945177972316741943 0.21146070957183837891 0.20482394099235534668 0.13783875107765197754 0.13866971433162689209 0.14042761921882629395 0.14204800128936767578 0.38931047916412353516 0.39821925759315490723 0.40297645330429077148 0.40624660253524780273 0.40927764773368835449 0.41349589824676513672 0.58760374784469604492 0.22845575213432312012 0.024275872856378555298 0.09572280198335647583 0.12208474427461624146 0.14092299342155456543 0.15680341422557830811 0.17007386684417724609 0.18121470510959625244 0.19001580774784088135 0.19660508632659912109 0.20384889841079711914 0.21196995675563812256 0.21952582895755767822 0.22653593122959136963 0.22957901656627655029 0.22909913957118988037 0.33559083938598632812 0 0.096860975027084350586 0.05668908730149269104 0.097125135362148284912 0.11709125339984893799 0.13284040987491607666
0.1998112797737121582 0.19927740097045898438 0.19792912900447845459 0.22779437899589538574 0.20311653614044189453 0.20246838033199310303 0.19468253850936889648 0.11942061781883239746 0.11939265578985214233 0.11980366706848144531 0.12084253877401351929 0.3733043670654296875 0.21213521063327789307 0.28414067625999450684 0.29962381720542907715 0.35280534625053405762 0.42813894152641296387 0.47549298405647277832 0.22043280303478240967 0.20946487784385681152 0.2148275226354598999 0.22158549726009368896 0.22958730161190032959 0.23679485917091369629 0.2436046600341796875 0.24930508434772491455 0.25383815169334411621 0.33551892638206481934 0.33262655138969421387 0.33294436335563659668 0.33580619096755981445 0.34178572893142700195 0.35150545835494995117 0.35334277153015136719 0.34712958335876464844 0.18803170323371887207 0 0.056295398622751235962 0.092345170676708221436 0.1123852655291557312 0.12993669509887695312 0.14311917126178741455
0.19086726009845733643 0.19115015864372253418 0.22527997195720672607 0.19897150993347167969 0.19713570177555084229 0.18649184703826904297 0.095147758722305297852 0.095169603824615478516 0.095215909183025360107 0.095321141183376312256 0.36436697840690612793 0.19980050623416900635 0.20020920038223266602 0.03803529590368270874 0.21666987240314483643 0.29488205909729003906 0.2634181976318359375 0.20809213817119598389 0.19880042970180511475 0.21659350395202636719 0.22038964927196502686 0.22730578482151031494 0.23755347728729248047 0.24593843519687652588 0.25237166881561279297 0.25767105817794799805 0.26187765598297119141 0.04473902285099029541 0.095025733113288879395 0.11773892492055892944 0.13420675694942474365 0.14984031021595001221 0.16749313473701477051 0.18007582426071166992 0.1861012578010559082 0.052779231220483779907 0 0.11704735457897186279 0.13098414242267608643 0.1420246809720993042 0.15128688514232635498 0.16276274621486663818
0.17960298061370849609 0.21770441532135009766 0.19145473837852478027 0.19115021824836730957 0.17945407330989837646 0.046013195067644119263 0.047838598489761352539 0.048090636730194091797 0.047034997493028640747 0.35974678397178649902 0.1895055621862411499 0.18966242671012878418 0.18895125389099121094 0.20091608166694641113 0.28593519330024719238 0.2581768035888671875 0.19775401055812835693 0.18606673181056976318 0.20723402500152587891 0.23050065338611602783 0.28076416254043579102 0.28476184606552124023 0.29482531547546386719 0.30363953113555908203 0.31040236353874206543 0.31470209360122680664 0.31684705615043640137 0.31491294503211975098 0.30995935201644897461 0.30749204754829406738 0.30687832832336425781 0.31494408845901489258 0.33406743407249450684 0.4229005277156829834 0.41520091891288757324 0.40670678019523620605 0.1642786562442779541 0.39286467432975769043 0.38899785280227661133 0.38501843810081481934 0.38099178671836853027 0.38357114791870117188
0.20836466550827026367 0.17995361983776092529 0.18063369393348693848 0.16878694295883178711 0.16776330769062042236 0.17824561893939971924 0.18742823600769042969 0.31310975551605224609 0.35717633366584777832 0.17895789444446563721 0.17900928854942321777 0.17854200303554534912 0.2137756645679473877 0.26906177401542663574 0.24682202935218811035 0.18735320866107940674 0.17390215396881103516 0.19629500806331634521 0.22380696237087249756 0.1934537738561630249 0.23724304139614105225 0.24202270805835723877 0.25113841891288757324 0.26120898127555847168 0.27189469337463378906 0.27866923809051513672 0.28150975704193115234 0.28177049756050109863 0.27985355257987976074 0.27911654114723205566 0.27929872274398803711 0.28766292333602905273 0.30719113349914550781 0.039414014667272567749 0.049923308193683624268 0.094122909009456634521 0 0.13144916296005249023 0.1423330456018447876 0.15118719637393951416 0.15863314270973205566 0.16759499907493591309
0.16858327388763427734 0.16849780082702636719 0.1555007249116897583 0.15501934289932250977 0.18861714005470275879 0.23568476736545562744 0.27046874165534973145 0.20566928386688232422 0.16714848577976226807 0.1671476513147354126 0.16647939383983612061 0.20571586489677429199 0.17640967667102813721 0.22996917366981506348 0.17155565321445465088 0.15977013111114501953 0.18495854735374450684 0.21410608291625976562 0.18358711898326873779 0.23514485359191894531 0.045509830117225646973 0.24739132821559906006 0.2899742424488067627 0.29826146364212036133 0.36631163954734802246 0.43573296070098876953 0.4329929649829864502 0.42914351820945739746 0.42393448948860168457 0.41944602131843566895 0.41575604677200317383 0.42338988184928894043 0.44666337966918945312 0.44886320829391479492 0.42853710055351257324 0.41651248931884765625 0.64188647270202636719 0.40428274869918823242 0.40090921521186828613 0.39875593781471252441 0.39774560928344726562 0.40108752250671386719
0.15562668442726135254 0.1401455998420715332 0.14011581242084503174 0.17934493720531463623 0.15339988470077514648 0.15272727608680725098 0.19616308808326721191 0.15297485888004302979 0.15385931730270385742 0.15336534380912780762 0.19535365700721740723 0.16450610756874084473 0.21957702934741973877 0.15334318578243255615 0.1408678889274597168 0.17157663404941558838 0.20387208461761474609 0.17054940760135650635 0.22677347064018249512 0.1802037358283996582 0.23760497570037841797 0.17692530155181884766 0.17547999322414398193 0.23443323373794555664 0.28132802248001098633 0.19166181981563568115 0.25101500749588012695 0.25413328409194946289 0.25696578621864318848 0.25935116410255432129 0.26146200299263000488 0.26814106106758117676 0.28080227971076965332 0.28425291180610656738 0.27845436334609985352 0.41984638571739196777 0.41887268424034118652 0.27336639165878295898 0.27522262930870056152 0.27820768952369689941 0.28224283456802368164 0.28618538379669189453
