tests/data/reference/gistest/full/control/widthrill.asc
ncols        125
nrows        78
xllcorner    -713756.799299980048
yllcorner    -1061032.369616159936
cellsize     10.000000000000
NODATA_value  -9999
[rows 57 to 75 of 78, columns 43 to 85 of 125]
0.12139857560396194458 0.16884565353393554688 0.13956981897354125977 0.13828401267528533936 0.20426520705223083496 0.1372356712818145752 0.13752627372741699219 0.13821075856685638428 0.18617203831672668457 0.15000307559967041016 0.23661598563194274902 0.13731716573238372803 0.11985614895820617676 0.15419699251651763916 0.19096115231513977051 0.1560948789119720459 0.21798941493034362793 0.16746081411838531494 0.16675372421741485596 0.16665124893188476562 0.16560623049736022949 0.16387675702571868896 0.27770024538040161133 0.17799870669841766357 0.17864979803562164307 0.27005305886268615723 0.30436098575592041016 0.33208644390106201172 0.391933441162109375 0.39071476459503173828 0.3932692110538482666 0.4003792107105255127 0.4012839198112487793 0.39533662796020507812 0.60902321338653564453 0.60089284181594848633 0.38226997852325439453 0.384532928466796875 0.3880793452262878418 0.39261865615844726562 0.3927675783634185791 0.38942265510559082031 0.38928148150444030762
0.15622211992740631104 0.12181792408227920532 0.12150375545024871826 0.19892203807830810547 0.12014899402856826782 0.11978223174810409546 0.11987648159265518188 0.1782130897045135498 0.13766817748546600342 0.22813144326210021973 0.11784956604242324829 0.095362938940525054932 0.1389226764440536499 0.17791455984115600586 0.13921904563903808594 0.20888651907444000244 0.1550334542989730835 0.15381632745265960693 0.15313202142715454102 0.15318316221237182617 0.15268537402153015137 0.27257388830184936523 0.16381554305553436279 0.16519559919834136963 0.26489758491516113281 0.17541041970252990723 0.17378212511539459229 0.26239144802093505859 0.18052056431770324707 0.23635999858379364014 0.24097657203674316406 0.24645987153053283691 0.25063675642013549805 0.25311040878295898438 0.38580662012100219727 0.38835856318473815918 0.25819003582000732422 0.26408776640892028809 0.26983600854873657227 0.27534505724906921387 0.41052386164665222168 0.40341341495513916016 0.40134736895561218262
0.095719747245311737061 0.095727577805519104004 0.19335220754146575928 0.095709078013896942139 0.095681600272655487061 0.095644973218441009521 0.16855409741401672363 0.12160220742225646973 0.2304770052433013916 0.0946331024169921875 0.051665298640727996826 0.12119219452142715454 0.16989462077617645264 0.12090859562158584595 0.19897411763668060303 0.13988512754440307617 0.13989967107772827148 0.13916727900505065918 0.13840560615062713623 0.13800059258937835693 0.26981997489929199219 0.15202760696411132812 0.15155860781669616699 0.25726270675659179688 0.16449961066246032715 0.16377964615821838379 0.2593186795711517334 0.17174991965293884277 0.17002046108245849609 0.16843572258949279785 0.214994773268699646 0.22656421363353729248 0.23605920374393463135 0.25823521614074707031 0.39698377251625061035 0.2618096470832824707 0.26604330539703369141 0.28835809230804443359 0.31471213698387145996 0.35122033953666687012 0.12814716994762420654 0.15920981764793395996 0.18157914280891418457
0.033272221684455871582 0.18340916931629180908 0.035125296562910079956 0.035418372601270675659 0.034310922026634216309 0.15840739011764526367 0.095734804868698120117 0.22897523641586303711 0.043330904096364974976 0.050996918231248855591 0.095014177262783050537 0.15761983394622802734 0.095665149390697479248 0.19209586083889007568 0.12112529575824737549 0.12122949212789535522 0.1213275715708732605 0.12122377753257751465 0.12060949951410293579 0.26502695679664611816 0.13763201236724853516 0.13767591118812561035 0.25168937444686889648 0.15106761455535888672 0.15074984729290008545 0.25464746356010437012 0.16198885440826416016 0.1605901867151260376 0.15903674066066741943 0.14560122787952423096 0.055775340646505355835 0.055815830826759338379 0.13025006651878356934 0.057399880141019821167 0 0.11140324920415878296 0.12713393568992614746 0.1545880436897277832 0.19772094488143920898 0.113186664879322052 0.091968461871147155762 0.091164156794548034668 0.090504810214042663574
0.17435726523399353027 0.031060695648193359375 0.095728665590286254883 0.12263194471597671509 0.14294236898422241211 0 0.22542612254619598389 0.035208187997341156006 0.095614567399024963379 0.11925357580184936523 0.13822962343692779541 0.02079266868531703949 0.18907929956912994385 0.095716260373592376709 0.095711179077625274658 0.095669202506542205811 0.095682814717292785645 0.095711916685104370117 0.26532649993896484375 0.12014975398778915405 0.11962842196226119995 0.2473424375057220459 0.13728669285774230957 0.13616342842578887939 0.24758580327033996582 0.14936105906963348389 0.14861202239990234375 0.14757715165615081787 0.13275443017482757568 0.055545628070831298828 0.093341745436191558838 0.11554947495460510254 0.055927380919456481934 0.092267297208309173584 0 0.12957011163234710693 0.14261223375797271729 0.19051989912986755371 0.09263019263744354248 0.056896042078733444214 0.057182323187589645386 0.057647902518510818481 0.058079026639461517334
0.16343797743320465088 0.17441619932651519775 0.18487623333930969238 0.19562746584415435791 0.20771008729934692383 0.22211839258670806885 0 0.095737174153327941895 0.12097778171300888062 0.13848721981048583984 0.15528190135955810547 0.1755415797233581543 0 0 0.030827509239315986633 0.036937657743692398071 0.036590408533811569214 0.2659676671028137207 0.095734722912311553955 0.095631226897239685059 0.24386608600616455078 0.12047158181667327881 0.12000175565481185913 0.24524524807929992676 0.13578993082046508789 0.13503228127956390381 0.13413302600383758545 0.11617577075958251953 0.05526585504412651062 0.093271665275096893311 0.11497900635004043579 0.13235703110694885254 0.14527374505996704102 0.15407665073871612549 0 0.17297944426536560059 0.18176558613777160645 0.056919094175100326538 0.056618295609951019287 0.092710778117179870605 0.11368713527917861938 0.12927407026290893555 0.14129307866096496582
0 0 0.095670394599437713623 0.12340478599071502686 0.14464986324310302734 0.16451093554496765137 0.17732004821300506592 0.18243609368801116943 0.19026489555835723877 0.20097269117832183838 0.21313606202602386475 0.22856070101261138916 0.2404944300651550293 0.24589851498603820801 0.25034889578819274902 0.25425231456756591797 0.26100116968154907227 0 0 0.2454830557107925415 0.095729120075702667236 0.095704980194568634033 0.24699087440967559814 0.12042391300201416016 0.11924657225608825684 0.11815873533487319946 0.094324260950088500977 0.054811947047710418701 0.093376182019710540771 0.11472037434577941895 0.13117180764675140381 0.14576607942581176758 0.15719242393970489502 0.16536259651184082031 0 0.18242755532264709473 0.19013293087482452393 0.19798171520233154297 0.20557223260402679443 0.2125580906867980957 0.219140663743019104 0.2254559248685836792 0.22997672855854034424
-9999 -9999 0.030900733545422554016 0.025513036176562309265 0.095441423356533050537 0.12517514824867248535 0 0.095720976591110229492 0.12155685573816299438 0.14300087094306945801 0.1612466275691986084 0.17665523290634155273 0.19007372856140136719 0.20110158622264862061 0.21057967841625213623 0.21868374943733215332 0.22793029248714447021 0.23902030289173126221 0.2470318526029586792 0 0.017569767311215400696 0.24823701381683349609 0.095715880393981933594 0.095724366605281829834 0.095504529774188995361 0.050340309739112854004 0.053116809576749801636 0.093706242740154266357 0.11497702449560165405 0.13102577626705169678 0.14461137354373931885 0.15706111490726470947 0.16746655106544494629 0.17577192187309265137 0 0.19074271619319915771 0.196849822998046875 0.20268736779689788818 0.2094189375638961792 0.21700875461101531982 0.22433882951736450195 0.23156414926052093506 0.23733495175838470459
-9999 -9999 -9999 -9999 -9999 -9999 -9999 -9999 0.039203416556119918823 0.095304712653160095215 0.12552684545516967773 0.1462367624044418335 0.16234852373600006104 0.1762266010046005249 0.18872049450874328613 0.20051896572113037109 0.21188575029373168945 0.22303588688373565674 0.23290105164051055908 0.24126742780208587646 0.24827216565608978271 0 0 0.024221504107117652893 0.039757963269948959351 0.095204114913940429688 0.11750018596649169922 0.13258008658885955811 0.1451063305139541626 0.15668627619743347168 0.16735632717609405518 0.17747883498668670654 0.30133286118507385254 0.3061739504337310791 0 0.3086389005184173584 0.30871990323066711426 0.3083330988883972168 0.31131103634834289551 0.317535400390625 0.32398137450218200684 0.33077222108840942383 0.33620992302894592285
-9999 -9999 -9999 -9999 -9999 -9999 -9999 -9999 -9999 0 0 0.094808690249919891357 0.12436005473136901855 0.14416803419589996338 0.16064526140689849854 0.17642505466938018799 0.19031485915184020996 0.2019713670015335083 0.21395085752010345459 0.22744397819042205811 0.23784141242504119873 0.24376998841762542725 0.24743065237998962402 0.24959950149059295654 0.24943956732749938965 0.24765925109386444092 0.24703732132911682129 0.24720309674739837646 0.25022485852241516113 0.25574395060539245605 0.26187759637832641602 0.26853621006011962891 0.054798241704702377319 0.056115332990884780884 0 0.11606419086456298828 0.13008423149585723877 0.14063923060894012451 0.15091371536254882812 0.16176436841487884521 0.17240568995475769043 0.18313871324062347412 0.19307114183902740479
-9999 -9999 -9999 -9999 -9999 -9999 -9999 -9999 -9999 -9999 -9999 -9999 -9999 -9999 -9999 -9999 -9999 0 0 0 0 0 0.094836637377738952637 0.12339330464601516724 0.14059017598628997803 0.15314498543739318848 0.16277408599853515625 0.17030905187129974365 0.17869158089160919189 0.18835633993148803711 0.1978867650032043457 0.20753782987594604492 0.21282532811164855957 0.21421007812023162842 0.32150796055793762207 0.22319607436656951904 0.22583539783954620361 0.22633670270442962646 0.229517325758934021 0.23518291115760803223 0.24231718480587005615 0.25116276741027832031 0.25988855957984924316
-9999 -9999 -9999 -9999 -9999 -9999 -9999 -9999 -9999 -9999 -9999 -9999 -9999 -9999 -9999 -9999 -9999 -9999 -9999 -9999 0.093336977064609527588 0.093834377825260162354 0 0.03534700348973274231 0.095559664070606231689 0.12016575038433074951 0.13683392107486724854 0.14860287308692932129 0.15984773635864257812 0.17181932926177978516 0.18280959129333496094 0.19306749105453491211 0.1988833695650100708 0.20065893232822418213 0.29843208193778991699 0.21218904852867126465 0.21571090817451477051 0.21627880632877349854 0.21890991926193237305 0.22336219251155853271 0.22992774844169616699 0.2389634549617767334 0.24850457906723022461
-9999 -9999 -9999 -9999 -9999 -9999 -9999 -9999 -9999 -9999 -9999 -9999 -9999 -9999 -9999 -9999 -9999 -9999 -9999 -9999 -9999 -9999 0.12394259124994277954 0.095669619739055633545 0.046584784984588623047 0.046173378825187683105 0.095252536237239837646 0.11789888143539428711 0.13473387062549591064 0.15041883289813995361 0.16374537348747253418 0.17488031089305877686 0.18203702569007873535 0.25801527500152587891 0.1914485543966293335 0.19933018088340759277 0.20398078858852386475 0.20566047728061676025 0.20843288302421569824 0.21216817200183868408 0.21809379756450653076 0.22657209634780883789 0.23599077761173248291
-9999 -9999 -9999 -9999 -9999 -9999 -9999 -9999 -9999 -9999 -9999 -9999 -9999 -9999 -9999 -9999 -9999 -9999 -9999 -9999 -9999 -9999 -9999 0.1394042670726776123 0.11995113641023635864 0.095485582947731018066 0.047220967710018157959 0.094841152429580688477 0.11815805733203887939 0.13719820976257324219 0.15243466198444366455 0.16413260996341705322 0.17247410118579864502 0.24084956943988800049 0.18454621732234954834 0.19211949408054351807 -9999 -9999 -9999 -9999 -9999 -9999 -9999
-9999 -9999 -9999 -9999 -9999 -9999 -9999 -9999 -9999 -9999 -9999 -9999 -9999 -9999 -9999 -9999 -9999 -9999 -9999 -9999 -9999 -9999 -9999 -9999 -9999 0.13897432386875152588 0.12006273865699768066 0.050011225044727325439 0.095026634633541107178 0.11988759785890579224 0.1380405724048614502 0.15127094089984893799 0.16136038303375244141 0 -9999 -9999 -9999 -9999 -9999 -9999 -9999 -9999 -9999
-9999 -9999 -9999 -9999 -9999 -9999 -9999 -9999 -9999 -9999 -9999 -9999 -9999 -9999 -9999 -9999 -9999 -9999 -9999 -9999 -9999 -9999 -9999 -9999 -9999 -9999 0.15290771424770355225 0.13762690126895904541 0.047879129648208618164 0.095423296093940734863 0.1197412535548210144 0.13602343201637268066 0.14840127527713775635 -9999 -9999 -9999 -9999 -9999 -9999 -9999 -9999 -9999 -9999
-9999 -9999 -9999 -9999 -9999 -9999 -9999 -9999 -9999 -9999 -9999 -9999 -9999 -9999 -9999 -9999 -9999 -9999 -9999 -9999 -9999 -9999 -9999 -9999 -9999 -9999 -9999 0.16659119725227355957 0.15428486466407775879 0.045687489211559295654 0.048809468746185302734 0.094550825655460357666 0.054279036819934844971 -9999 -9999 -9999 -9999 -9999 -9999 -9999 -9999 -9999 -9999
-9999 -9999 -9999 -9999 -9999 -9999 -9999 -9999 -9999 -9999 -9999 -9999 -9999 -9999 -9999 -9999 -9999 -9999 -9999 -9999 -9999 -9999 -9999 -9999 -9999 -9999 -9999 -9999 0.1805677264928817749 0.16727341711521148682 0.095074415206909179688 0.053529299795627593994 0.12165445834398269653 -9999 -9999 -9999 -9999 -9999 -9999 -9999 -9999 -9999 -9999
-9999 -9999 -9999 -9999 -9999 -9999 -9999 -9999 -9999 -9999 -9999 -9999 -9999 -9999 -9999 -9999 -9999 -9999 -9999 -9999 -9999 -9999 -9999 -9999 -9999 -9999 -9999 -9999 -9999 0.18890562653541564941 0.17451563477516174316 0.11674561351537704468 -9999 -9999 -9999 -9999 -9999 -9999 -9999 -9999 -9999 -9999 -9999
