tests/data/reference/gistest/full/control/widthrill.asc
ncols        125
nrows        78
xllcorner    -713756.799299980048
yllcorner    -1061032.369616159936
cellsize     10.000000000000
NODATA_value  -9999
[rows 19 to 37 of 78, columns 0 to 41 of 125]
-9999 -9999 -9999 -9999 -9999 -9999 -9999 -9999 -9999 -9999 -9999 -9999 -9999 -9999 -9999 -9999 -9999 0.045569334179162979126 0.11455682665109634399 0.18383413553237915039 0.21523290872573852539 0.38412705063819885254 0.11344934254884719849 0.05160806700587272644 0.063264667987823486328 0 0.46983170509338378906 0.31613931059837341309 0.28320702910423278809 0.058553956449031829834 0.2928282618522644043 0.15853123366832733154 0.067989736795425415039 0.20697689056396484375 0.23015324771404266357 0.13617151975631713867 0.24490571022033691406 0.31116095185279846191 0.23014152050018310547 0.23471157252788543701 0.23078598082065582275 0.21566468477249145508
-9999 -9999 -9999 -9999 -9999 -9999 -9999 -9999 -9999 -9999 -9999 -9999 -9999 -9999 -9999 -9999 0.016377458348870277405 0.1164113953709602356 0.14874514937400817871 0.20636680722236633301 0.42084914445877075195 0.14697420597076416016 0 0.11411438882350921631 0 0 0.3226757049560546875 0.32521864771842956543 0.28606522083282470703 0.11381695419549942017 0.28902259469032287598 0.1730820387601852417 0.068146817386150360107 0.22630509734153747559 0.22911787033081054688 0.15513134002685546875 0.24944905936717987061 0.31020605564117431641 0.23206977546215057373 0.23456241190433502197 0.2310425490140914917 0.22027508914470672607
-9999 -9999 -9999 -9999 -9999 -9999 -9999 -9999 -9999 -9999 -9999 -9999 -9999 -9999 -9999 -9999 0.1137943267822265625 0.15045328438282012939 0.17683009803295135498 0.47722294926643371582 0.19353382289409637451 0 0 0 0 0.20545236766338348389 0.33986169099807739258 0.33290883898735046387 0.28817638754844665527 0.14158207178115844727 0.28795948624610900879 0.067208684980869293213 0.18436516821384429932 0.24324433505535125732 0.22772145271301269531 0.17057345807552337646 0.25365549325942993164 0.31277930736541748047 0.23582819104194641113 0.2360378652811050415 0.23243321478366851807 0.22483777999877929688
-9999 -9999 -9999 -9999 -9999 -9999 -9999 -9999 -9999 -9999 -9999 -9999 -9999 -9999 -9999 -9999 0.14863885939121246338 0.17724476754665374756 0.19788415729999542236 0.56064695119857788086 0 0 0 0 0.15333615243434906006 0.22559911012649536133 0.34149736166000366211 0.32786992192268371582 0.28522136807441711426 0.1610256582498550415 0.28971269726753234863 0.067128442227840423584 0.11148207634687423706 0.19475081562995910645 0.30564999580383300781 0.18394333124160766602 0.25543999671936035156 0.31279176473617553711 0.068469971418380737305 0.30509772896766662598 0.23319138586521148682 0.22908180952072143555
-9999 -9999 -9999 -9999 -9999 -9999 -9999 -9999 -9999 -9999 -9999 -9999 -9999 -9999 -9999 0 0.16749356687068939209 0.27724680304527282715 0.52781379222869873047 0 0 0 0 0 0.22348804771900177002 0.23563608527183532715 0.32636892795562744141 0.31353804469108581543 0.28067046403884887695 0.17640863358974456787 0.29377830028533935547 0.066894114017486572266 0.11146543920040130615 0.13636060059070587158 0.2039966583251953125 0.33813640475273132324 0.25418224930763244629 0.30930328369140625 0.069269657135009765625 0.30442178249359130859 0.23369607329368591309 0.23315721750259399414
-9999 -9999 -9999 -9999 -9999 -9999 -9999 -9999 -9999 -9999 -9999 -9999 -9999 -9999 -9999 0 0.71496468782424926758 0.60309070348739624023 0.11008888483047485352 0 0 0 0 0.066820427775382995605 0.083489902317523956299 0.22970248758792877197 0.32007607817649841309 0.30407401919364929199 0.27774581313133239746 0.18993164598941802979 0.07401577383279800415 0.29345738887786865234 0.11151628941297531128 0.13669449090957641602 0.15613983571529388428 0.37434425950050354004 0.25366130471229553223 0.30752378702163696289 0.06952546536922454834 0.30590483546257019043 0.2352593839168548584 0.23672758042812347412
-9999 -9999 -9999 -9999 -9999 -9999 -9999 -9999 -9999 -9999 -9999 -9999 -9999 -9999 -9999 0.80326247215270996094 0 0 0 0 0 0 0.14548151195049285889 0.17867384850978851318 0.11742877215147018433 0.120805397629737854 0.227925911545753479 0.39584994316101074219 0.27594286203384399414 0.19907252490520477295 0.074633523821830749512 0.11596902459859848022 0.29484459757804870605 0.1399914175271987915 0.15773522853851318359 0.17404527962207794189 0.4227536618709564209 0.068519577383995056152 0.30254837870597839355 0.11014118790626525879 0.35867014527320861816 0.23947162926197052002
-9999 -9999 -9999 -9999 -9999 -9999 -9999 -9999 -9999 -9999 -9999 -9999 -9999 0 0 0.26193314790725708008 0.088215552270412445068 0 0 0 0 0 0.21137368679046630859 0.16868689656257629395 0.1928392946720123291 0.14484104514122009277 0.14496619999408721924 0.41760843992233276367 0.28287705779075622559 0.21123930811882019043 0.11661868542432785034 0.073976583778858184814 0.14153611660003662109 0.29793950915336608887 0.16199280321598052979 0.17746655642986297607 0.18613196909427642822 0.41419523954391479492 0.11043103039264678955 0.30204609036445617676 0.13470676541328430176 0.39977905154228210449
-9999 -9999 -9999 -9999 -9999 -9999 -9999 -9999 -9999 -9999 -9999 -9999 -9999 -9999 0 0.072455540299415588379 0.07256272435188293457 0 0 0 0 0.17141254246234893799 0.18683984875679016113 0.27709931135177612305 0.31359180808067321777 0.35147133469581604004 0.36647889018058776855 0.38048383593559265137 0.43995130062103271484 0.29230430722236633301 0.22226735949516296387 0.14325816929340362549 0.11681617796421051025 0.16341444849967956543 0.30568078160285949707 0.17924676835536956787 0.18729043006896972656 0.19435468316078186035 0.41016837954521179199 0.13479815423488616943 0.30028176307678222656 0.40714859962463378906
-9999 -9999 -9999 -9999 -9999 -9999 -9999 -9999 -9999 -9999 -9999 -9999 -9999 -9999 -9999 -9999 0 0 0 0 0.1580524146556854248 0.18135917186737060547 0.20054383575916290283 0.21620871126651763916 0.22865957021713256836 0.23872274160385131836 0.24657757580280303955 0.25667122006416320801 0.43565902113914489746 0.56711232662200927734 0.29252871870994567871 0.22950568795204162598 0.16604745388031005859 0.14579933881759643555 0.18366302549839019775 0.30529770255088806152 0.18824209272861480713 0.19599583745002746582 0.20502880215644836426 0.41532409191131591797 0.15637947618961334229 0.46859592199325561523
-9999 -9999 -9999 -9999 -9999 -9999 -9999 -9999 -9999 -9999 -9999 -9999 -9999 -9999 -9999 -9999 -9999 0 0 0.1297655254602432251 0.15741649270057678223 0.1801551133394241333 0.20003329217433929443 0.21540282666683197021 0.22602137923240661621 0.23369206488132476807 0.23881015181541442871 0.24649377167224884033 0.25675496459007263184 0.25997284054756164551 0.58519750833511352539 0.61900860071182250977 0.63940972089767456055 0.18636061251163482666 0.16836921870708465576 0.19651433825492858887 0.29952663183212280273 0.31909546256065368652 0.34695073962211608887 0.21604882180690765381 0.41730239987373352051 0.17108005285263061523
-9999 -9999 -9999 -9999 -9999 -9999 -9999 -9999 -9999 -9999 -9999 -9999 -9999 -9999 -9999 -9999 -9999 0 0 0.15253491699695587158 0.17491129040718078613 0.1914825439453125 0.46631985902786254883 0.46027201414108276367 0.44863650202751159668 0.43892362713813781738 0.43027129769325256348 0.42857322096824645996 0.43409708142280578613 0.43260967731475830078 0.42380210757255554199 0.42313963174819946289 0.42944628000259399414 0.70576322078704833984 0.71740013360977172852 0.7107524871826171875 0.69006019830703735352 0.6758327484130859375 0.66647422313690185547 0.68843978643417358398 0.67704039812088012695 0.73641884326934814453
-9999 -9999 -9999 -9999 -9999 -9999 -9999 -9999 -9999 -9999 -9999 -9999 -9999 -9999 -9999 -9999 0 0 0.15202657878398895264 0.37065428495407104492 0.39870163798332214355 0.45093435049057006836 0.20649564266204833984 0.27297160029411315918 0.31640672683715820312 0.31109243631362915039 0.38147094845771789551 0.40625748038291931152 0.43204459547996520996 0.42883545160293579102 0.42112264037132263184 0.42038014531135559082 0.42718613147735595703 0.43796581029891967773 0.45505449175834655762 0.45754647254943847656 0.44342663884162902832 0.6101048588752746582 0.58896005153656005859 0.57265907526016235352 0.56694817543029785156 0.57241255044937133789
-9999 -9999 -9999 -9999 -9999 -9999 -9999 -9999 -9999 -9999 -9999 -9999 -9999 -9999 -9999 0 0 0.2762063145637512207 0.34232673048973083496 0.2151346355676651001 0.3651300966739654541 0.20186278223991394043 0.20468109846115112305 0.20810346305370330811 0.20949900150299072266 0.27453002333641052246 0.21067701280117034912 0.21185612678527832031 0.20725931227207183838 0.20894128084182739258 0.21259246766567230225 0.21755464375019073486 0.39310923218727111816 0.42640525102615356445 0.46426525712013244629 0.49195212125778198242 0.53826600313186645508 0.14529588818550109863 0.16225551068782806396 0.20861333608627319336 0.19770886003971099854 0.1888001561164855957
-9999 -9999 -9999 -9999 -9999 -9999 -9999 -9999 -9999 -9999 -9999 -9999 -9999 -9999 -9999 0 0.28847447037696838379 0.21807567775249481201 0.21219702064990997314 0.3610426485538482666 0.19480888545513153076 0.20132650434970855713 0.20661519467830657959 0.20876197516918182373 0.20719331502914428711 0.20464214682579040527 0.21402175724506378174 0.20669515430927276611 0.20437422394752502441 0.26587247848510742188 0.31042158603668212891 0.34667408466339111328 0.19962199032306671143 0.2122580409049987793 0.21740612387657165527 0.3086795806884765625 0.11335741728544235229 0.14030052721500396729 0.20494697988033294678 0.19272930920124053955 0.18017151951789855957 0.17776241898536682129
-9999 -9999 -9999 -9999 -9999 -9999 -9999 -9999 -9999 -9999 -9999 -9999 -9999 -9999 0 0.2229906618595123291 0.21059435606002807617 0.21174022555351257324 0.35522890090942382812 0.18143166601657867432 0.19235531985759735107 0.20389932394027709961 0.20786488056182861328 0.20878054201602935791 0.20295031368732452393 0.21616432070732116699 0.20567943155765533447 0.20472173392772674561 0.20262521505355834961 0.20342972874641418457 0.19848984479904174805 0.1854432523250579834 0.20212075114250183105 0.20907458662986755371 0.30147498846054077148 0.064633481204509735107 0.11237295717000961304 0.19695779681205749512 0.18316157162189483643 0.16969059407711029053 0.1677748560905456543 0.19331291317939758301
-9999 -9999 -9999 -9999 -9999 -9999 -9999 -9999 -9999 -9999 -9999 -9999 -9999 0 0 0.19714426994323730469 0.21167795360088348389 0.35986942052841186523 0.16599154472351074219 0.1798594743013381958 0.1962162405252456665 0.20372124016284942627 0.20813843607902526855 0.20096133649349212646 0.22349274158477783203 0.20638082921504974365 0.20536732673645019531 0.20403973758220672607 0.20245265960693359375 0.1915034949779510498 0.17225773632526397705 0.19175805151462554932 0.2013692706823348999 0.27306419610977172852 0.13832202553749084473 0.065466605126857757568 0.18964277207851409912 0.17148450016975402832 0.15538926422595977783 0.15372647345066070557 0.18670324981212615967 0.15026381611824035645
-9999 -9999 -9999 -9999 -9999 -9999 -9999 -9999 -9999 -9999 -9999 -9999 -9999 0 0.18171170353889465332 0.20795336365699768066 0.36167821288108825684 0.14543104171752929688 0.16467212140560150146 0.18672400712966918945 0.19669346511363983154 0.20286627113819122314 0.1926736682653427124 0.2276865541934967041 0.20709949731826782227 0.20635947585105895996 0.21081727743148803711 0.20561909675598144531 0.18610626459121704102 0.15915600955486297607 0.18490602076053619385 0.1975745856761932373 0.26435586810111999512 0.066216394305229187012 0.11214620620012283325 0.18117809295654296875 0.15837466716766357422 0.1384095996618270874 0.13765595853328704834 0.18164169788360595703 0.13503308594226837158 0.13347464799880981445
-9999 -9999 -9999 -9999 -9999 -9999 -9999 -9999 -9999 -9999 -9999 -9999 0 0 0.20792558789253234863 0.37040928006172180176 0.11342170089483261108 0.14428910613059997559 0.17546436190605163574 0.18931643664836883545 0.19713160395622253418 0.1793721616268157959 0.22822453081607818604 0.20386967062950134277 0.20456145703792572021 0.21582299470901489258 0.20672911405563354492 0.17914938926696777344 0.14208933711051940918 0.17735171318054199219 0.19726566970348358154 0.17536985874176025391 0.22363679111003875732 0.062053047120571136475 0.1708917766809463501 0.14016674458980560303 0.11307950317859649658 0.11286921799182891846 0.17583964765071868896 0.11244012415409088135 0.11206032335758209229 0.11120227724313735962
