tests/data/reference/gistest/full/control/widthrill.asc
ncols        125
nrows        78
xllcorner    -713756.799299980048
yllcorner    -1061032.369616159936
cellsize     10.000000000000
NODATA_value  -9999
[rows 19 to 37 of 78, columns 42 to 83 of 125]
0.17296046018600463867 0.24138619005680084229 0.200353965163230896 0.19224727153778076172 0.15039248764514923096 0.16350890696048736572 0.20309038460254669189 0.11903659254312515259 0.050966121256351470947 0.094580195844173431396 0.13424859941005706787 0.14774402976036071777 0.1967366635799407959 0.1587028205394744873 0.1324411928653717041 0.13245172798633575439 0.11615876853466033936 0.094036504626274108887 0.094200573861598968506 0.094413615763187408447 0.094673879444599151611 0.09496437758207321167 0.18618874251842498779 0.11953394114971160889 0.1192359626293182373 0.11908888071775436401 0.23442125320434570312 0.14051258563995361328 0.32020264863967895508 0.1472063213586807251 0.14921624958515167236 0 0.091459795832633972168 0.69003576040267944336 0.29699954390525817871 0.14544115960597991943 0.12219792604446411133 0.095626786351203918457 0.040439408272504806519 -9999 -9999 -9999
0.18204125761985778809 0.24484942853450775146 0.20583753287792205811 0.1985607445240020752 0.161230430006980896 0.17254549264907836914 0.20799845457077026367 0.13517890870571136475 0.052953101694583892822 0.094210512936115264893 0.11670406907796859741 0.14742842316627502441 0.15871450304985046387 0.20237539708614349365 0.16790398955345153809 0.14568379521369934082 0.14602968096733093262 0.13263046741485595703 0.11631152033805847168 0.11687140911817550659 0.11759831756353378296 0.11813111603260040283 0.11821347475051879883 0.19222250580787658691 0.13525323569774627686 0.13574369251728057861 0.13762670755386352539 0.27222087979316711426 0.32293218374252319336 0.16267453134059906006 0.16416645050048828125 0.093938462436199188232 0 0 0.68114328384399414062 0.31018707156181335449 0.14181585609912872314 0.12066151946783065796 0.09546009451150894165 0.0417176075279712677 0.030746392905712127686 -9999
0.19053433835506439209 0.2489029616117477417 0.21150957047939300537 0.2047773897647857666 0.17097523808479309082 0.18125966191291809082 0.21358178555965423584 0.14800532162189483643 0.094018831849098205566 0.054458759725093841553 0.11640704423189163208 0.13323684036731719971 0.15793411433696746826 0.16739161312580108643 0.20810821652412414551 0.17720377445220947266 0.1576738208532333374 0.15828453004360198975 0.14718168973922729492 0.1338557898998260498 0.13418728113174438477 0.13414557278156280518 0.13408334553241729736 0.13442350924015045166 0.1995344012975692749 0.15093560516834259033 0.15379992127418518066 0.2986952364444732666 0.32293629646301269531 0.17405691742897033691 0.17557312548160552979 0.12463909387588500977 0.095057308673858642578 0 0.095005154609680175781 0.65033668279647827148 0.31287679076194763184 0.19562551379203796387 0.12114112824201583862 0.095245093107223510742 0.095357507467269897461 0.036735620349645614624
0.19914208352565765381 0.25457814335823059082 0.21846489608287811279 0.21192236244678497314 0.180471077561378479 0.18983341753482818604 0.21972569823265075684 0.15942333638668060303 0.11613227427005767822 0.093804053962230682373 0.054588090628385543823 0.1326369941234588623 0.14517046511173248291 0.16660392284393310547 0.17659324407577514648 0.21538408100605010986 0.1864035874605178833 0.16881924867630004883 0.16980794072151184082 0.15963517129421234131 0.14740638434886932373 0.14726869761943817139 0.14766663312911987305 0.14845064282417297363 0.14944115281105041504 0.21123166382312774658 0.16746628284454345703 0.32684966921806335449 0.32649093866348266602 0.18435075879096984863 0.18473048508167266846 0.14285856485366821289 0.12274759262800216675 0.095736987888813018799 0.12338475883007049561 0 0.64305269718170166016 0.3129774928092956543 0.22958552837371826172 0.12098092585802078247 0.12046343833208084106 0.095674723386764526367
0.20815268158912658691 0.2620544135570526123 0.22697533667087554932 0.22024963796138763428 0.19014157354831695557 0.19855010509490966797 0.22655941545963287354 0.17034409940242767334 0.13318075239658355713 0.11611559242010116577 0.054994169622659683228 0.093372970819473266602 0.14427731931209564209 0.1560497581958770752 0.17684736847877502441 0.18610656261444091797 0.22215348482131958008 0.1949615776538848877 0.1792001873254776001 0.17985761165618896484 0.17011694610118865967 0.15971516072750091553 0.16028672456741333008 0.16085010766983032227 0.16204729676246643066 0.16464425623416900635 0.2246913909912109375 0.35804992914199829102 0.33383825421333312988 0.1944920271635055542 0.19246052205562591553 0.15551756322383880615 0.13936284184455871582 0.12061692029237747192 0.1399558335542678833 0.037580534815788269043 0.095711678266525268555 0.6394507288932800293 0.32557407021522521973 0.27259099483489990234 0.14574868977069854736 0.12263083457946777344
0.21612972021102905273 0.26832640171051025391 0.23443439602851867676 0.2276414036750793457 0.19871722161769866943 0.20614896714687347412 0.23225982487201690674 0.17952215671539306641 0.14659713208675384521 0.055147383362054824829 0.13145400583744049072 0.092995494604110717773 0.11421658843755722046 0.15595012903213500977 0.16728980839252471924 0.18610596656799316406 0.19461117684841156006 0.22957056760787963867 0.204334259033203125 0.18893517553806304932 0.18878422677516937256 0.18013702332973480225 0.17076361179351806641 0.17164312303066253662 0.17372593283653259277 0.17663562297821044922 0.17984426021575927734 0.39977538585662841797 0.33470618724822998047 0.2021239548921585083 0.19927100837230682373 0.16596037149429321289 0.15205936133861541748 0.13714599609375 0.15237770974636077881 0.095436476171016693115 0.1217104792594909668 0.020448619499802589417 0.65668070316314697266 0.33884313702583312988 0.28011542558670043945 0.1981843113899230957
0.22299881279468536377 0.27325484156608581543 0.24068710207939147949 0.23400439321994781494 0.2062040865421295166 0.21262864768505096436 0.23679873347282409668 0.18701930344104766846 0.15708592534065246582 0.093102075159549713135 0.056499887257814407349 0.1433188021183013916 0.11399605870246887207 0.1305122077465057373 0.16687312722206115723 0.17763651907444000244 0.19583755731582641602 0.20471531152725219727 0.23810131847858428955 0.21199120581150054932 0.19635888934135437012 0.1964028477668762207 0.18898460268974304199 0.18202832341194152832 0.18489588797092437744 0.18723690509796142578 0.18876811861991882324 0.41386687755584716797 0.33022430539131164551 0.20737482607364654541 0.20529784262180328369 0.17525193095207214355 0.16297030448913574219 0.15036480128765106201 0.16331121325492858887 0.11913360655307769775 0.13810148835182189941 0.09555676579475402832 0.61918967962265014648 0.03203288838267326355 0.329784393310546875 0.32686716318130493164
0.23011015355587005615 0.27894738316535949707 0.24721604585647583008 0.24010673165321350098 0.21272842586040496826 0.21780693531036376953 0.24016360938549041748 0.19340772926807403564 0.1660366058349609375 0.11380790919065475464 0.056945461779832839966 0.092532388865947723389 0.15470884740352630615 0.13054227828979492188 0.14519190788269042969 0.17863027751445770264 0.18887619674205780029 0.20551444590091705322 0.21208858489990234375 0.24209123849868774414 0.21732892096042633057 0.20377023518085479736 0.20531478524208068848 0.19993193447589874268 0.19385173916816711426 0.19547502696514129639 0.19660367071628570557 0.43327984213829040527 0.332000732421875 0.21473351120948791504 0.21292141079902648926 0.18528011441230773926 0.17418107390403747559 0.16292758285999298096 0.17412541806697845459 0.13625800609588623047 0.15092013776302337646 0.11886528879404067993 0.59744411706924438477 0.095449529588222503662 0.32421168684959411621 0.32646027207374572754
0.23766976594924926758 0.2854964137077331543 0.25404044985771179199 0.24588878452777862549 0.21822628378868103027 0.22170585393905639648 0.24251313507556915283 0.19892483949661254883 0.17395375669002532959 0.12910357117652893066 0.092256404459476470947 0.11328082531690597534 0.05668066069483757019 0.16675235331058502197 0.14635351300239562988 0.1596212536096572876 0.18935684859752655029 0.19710235297679901123 0.21077334880828857422 0.21696501970291137695 0.24680033326148986816 0.22458250820636749268 0.21285419166088104248 0.21444885432720184326 0.2084090113639831543 0.20214094221591949463 0.20462238788604736328 0.45934846997261047363 0.3393096923828125 0.22441630065441131592 0.22254872322082519531 0.19682964682579040527 0.18666578829288482666 0.17608880996704101562 0.18562833964824676514 0.15091718733310699463 0.16245633363723754883 0.13520674407482147217 0.58706724643707275391 0.11853750050067901611 0.31574496626853942871 0.31399047374725341797
0.24397923052310943604 0.2886600196361541748 0.25726005434989929199 0.24888238310813903809 0.22230991721153259277 0.22555047273635864258 0.24572153389453887939 0.20470421016216278076 0.1815382540225982666 0.14182755351066589355 0.11301399022340774536 0.12942363321781158447 0.09294570237398147583 0.17732462286949157715 0.15903709828853607178 0.053729370236396789551 0.17053385078907012939 0.19659666717052459717 0.20307680964469909668 0.21646541357040405273 0.22321011126041412354 0.25261580944061279297 0.23195545375347137451 0.2207072526216506958 0.22234110534191131592 0.21794706583023071289 0.21399185061454772949 0.48583227396011352539 0.3428885042667388916 0.23081512749195098877 0.22869592905044555664 0.20467227697372436523 0.19545882940292358398 0.18597930669784545898 0.19474692642688751221 0.16315414011478424072 0.17262244224548339844 0.14839716255664825439 0.58186101913452148438 0.13482670485973358154 0.31357452273368835449 0.31015193462371826172
0.5525156855583190918 0.28817093372344970703 0.25717106461524963379 0.24950571358203887939 0.22531525790691375732 0.22951646149158477783 0.24974113702774047852 0.21077601611614227295 0.18900606036186218262 0.15320837497711181641 0.12932355701923370361 0.14366693794727325439 0.11508381366729736328 0.18719668686389923096 0.1697772592306137085 0.054116375744342803955 0.094069249927997589111 0.17968182265758514404 0.20298200845718383789 0.20893913507461547852 0.22208355367183685303 0.22919361293315887451 0.25863182544708251953 0.23970185220241546631 0.23081924021244049072 0.23505052924156188965 0.23159809410572052002 0.22468614578247070312 0.54768896102905273438 0.23380067944526672363 0.23121151328086853027 0.20858170092105865479 0.20037242770195007324 0.19247253239154815674 0.20140342414379119873 0.17342464625835418701 0.18181313574314117432 0.1599448472261428833 0.58113533258438110352 0.14872848987579345703 0.31628587841987609863 0.3120288848876953125
0.93920487165451049805 0.60808885097503662109 0.2732925713062286377 0.26340967416763305664 0.23658728599548339844 0.23966570198535919189 0.25835984945297241211 0.2189782261848449707 0.19773918390274047852 0.16495937108993530273 0.14448890089988708496 0.15774896740913391113 0.13316933810710906982 0.19710280001163482666 0.17984949052333831787 0.093995027244091033936 0.054248157888650894165 0.11631446331739425659 0.18665055930614471436 0.20867897570133209229 0.21628089249134063721 0.23061102628707885742 0.23928552865982055664 0.26987004280090332031 0.25271081924438476562 0.24369053542613983154 0.24419938027858734131 0.2354237288236618042 0.22523283958435058594 0.55173975229263305664 0.2334553450345993042 0.21298703551292419434 0.20611329376697540283 0.19942228496074676514 0.20806857943534851074 0.18250660598278045654 0.1900606006383895874 0.1704158782958984375 0.58237749338150024414 0.16060844063758850098 0.31802511215209960938 0.31247618794441223145
0.77947115898132324219 1.1702705621719360352 1.2783975601196289062 1.2600182294845581055 0.28200221061706542969 0.33016160130500793457 0.27216473221778869629 0.22953708469867706299 0.20831069350242614746 0.17822301387786865234 0.16038796305656433105 0.17296202480792999268 0.14991545677185058594 0.20727998018264770508 0.1896260678768157959 0.1164885982871055603 0.093851871788501739502 0.055070601403713226318 0.1319557875394821167 0.19521448016166687012 0.21936012804508209229 0.2288783639669418335 0.24499434232711791992 0.25428947806358337402 0.28343734145164489746 0.26087006926536560059 0.24561758339405059814 0.24184010922908782959 0.23231971263885498047 0.55891948938369750977 0.23579135537147521973 0.21804144978523254395 0.21272112429141998291 0.20690867304801940918 0.21479508280754089355 0.19063399732112884521 0.19767339527606964111 0.18034370243549346924 0.58558881282806396484 0.17116035521030426025 0.31919261813163757324 0.31198295950889587402
0.17557606101036071777 0.25386348366737365723 0.29800155758857727051 0.33668276667594909668 1.268853306770324707 1.2737144231796264648 1.2670300006866455078 0.28894621133804321289 0.3090305030345916748 0.19773633778095245361 0.17984342575073242188 0.19080755114555358887 0.16717627644538879395 0.22001287341117858887 0.20182619988918304443 0.052349727600812911987 0.13400050997734069824 0.11629308760166168213 0.093879885971546173096 0.14772252738475799561 0.20713208615779876709 0.23042050004005432129 0.23947793245315551758 0.25306138396263122559 0.2581945955753326416 0.28113433718681335449 0.25735113024711608887 0.2435636371374130249 0.24142703413963317871 0.57801902294158935547 0.24200870096683502197 0.22554467618465423584 0.2203900068998336792 0.21432510018348693848 0.22105821967124938965 0.19808939099311828613 0.20504184067249298096 0.18985199928283691406 0.59095358848571777344 0.18198989331722259521 0.32436802983283996582 0.31620499491691589355
0.1918748021125793457 0.16186590492725372314 0.16190420091152191162 0.16327054798603057861 0.21808111667633056641 0.25356128811836242676 0.28499710559844970703 1.2856738567352294922 1.3579252958297729492 1.4098038673400878906 0.22830705344676971436 0.20273943245410919189 0.20752379298210144043 0.18288642168045043945 0.23275241255760192871 0.21411238610744476318 0.095037922263145446777 0.14989498257637023926 0.13490819931030273438 0.11742389947175979614 0.1608553081750869751 0.21397534012794494629 0.23395255208015441895 0.23938539624214172363 0.24975705146789550781 0.25413799285888671875 0.27713215351104736328 0.25796306133270263672 0.24808578193187713623 0.24995084106922149658 0.61565864086151123047 0.23574292659759521484 0.22927416861057281494 0.2217311561107635498 0.22688736021518707275 0.20503243803977966309 0.21229355037212371826 0.19918382167816162109 0.59870755672454833984 0.1936283111572265625 0.3337764441967010498 0.42356526851654052734
0.1481879502534866333 0.14662563800811767578 0.14785549044609069824 0.14725461602210998535 0.1341037750244140625 0.13521403074264526367 0.13592062890529632568 0.13833639025688171387 0.19315995275974273682 0.23932668566703796387 1.4424262046813964844 1.4609769582748413086 1.4055583477020263672 0.21907450258731842041 0.1961593925952911377 0.24004007875919342041 0.22109523415565490723 0.11870006471872329712 0.16185605525970458984 0.14836338162422180176 0.13348503410816192627 0.16937534511089324951 0.21660588681697845459 0.23390245437622070312 0.23899762332439422607 0.24978479743003845215 0.25567972660064697266 0.28081783652305603027 0.26536238193511962891 0.25886696577072143555 0.65083175897598266602 0.2465985417366027832 0.23980817198753356934 0.23125302791595458984 0.2352358698844909668 0.21417044103145599365 0.22188965976238250732 0.21021157503128051758 0.61019372940063476562 0.20493967831134796143 0.34219431877136230469 0.4557876884937286377
0.13376544415950775146 0.13330374658107757568 0.1329997628927230835 0.11585647612810134888 0.11890670657157897949 0.11858244240283966064 0.11828062683343887329 0.1199621930718421936 0.12218277156352996826 0.20771022140979766846 0.24746562540531158447 0.28092062473297119141 0.28460904955863952637 1.3498824834823608398 0.22337965667247772217 0.20272339880466461182 0.24144689738750457764 0.22380274534225463867 0.13687051832675933838 0.17118643224239349365 0.15961691737174987793 0.14729347825050354004 0.17718638479709625244 0.21972094476222991943 0.23665973544120788574 0.2426595836877822876 0.25497552752494812012 0.26375761628150939941 0.29135549068450927734 0.27860471606254577637 0.27367773652076721191 0.6925048828125 0.25388166308403015137 0.24478462338447570801 0.24795207381248474121 0.22639794647693634033 0.23483656346797943115 0.22385793924331665039 0.62699234485626220703 0.21631218492984771729 0.34951320290565490723 0.47152146697044372559
0.11734618246555328369 0.11708098649978637695 0.09435412287712097168 0.094233557581901550293 0.093964017927646636963 0.093698479235172271729 0.09820099174976348877 0.098409138619899749756 0.19118903577327728271 0.1227351650595664978 0.12437704950571060181 0.059664469212293624878 0.10198438912630081177 0.12595324218273162842 1.320995330810546875 1.3145602941513061523 1.2770838737487792969 1.2640126943588256836 0.23013360798358917236 0.15207563340663909912 0.18379434943199157715 0.17374081909656524658 0.16262191534042358398 0.19127662479877471924 0.23439633846282958984 0.33000853657722473145 0.27133047580718994141 0.27980789542198181152 0.30628794431686401367 0.2916424870491027832 0.28509882092475891113 0.055962901562452316284 0.6986179351806640625 0.33052089810371398926 0.25714346766471862793 0.23913992941379547119 0.24880526959896087646 0.23648282885551452637 0.63905179500579833984 0.22581332921981811523 0.35378503799438476562 0.48369759321212768555
0.094997838139533996582 0.051747806370258331299 0.051372285932302474976 0.051810730248689651489 0.052882418036460876465 0.053628683090209960938 0.05416689068078994751 0.18028551340103149414 0.099665649235248565674 0.099931232631206512451 0.10007735341787338257 0.1232916712760925293 0.13954634964466094971 0.15465979278087615967 0.1716251671314239502 0.18350940942764282227 0.18941141664981842041 0.19771839678287506104 1.2969341278076171875 1.3201082944869995117 1.3392169475555419922 1.3540171384811401367 1.3626739978790283203 1.3807407617568969727 1.4102113246917724609 1.4424711465835571289 1.4773886203765869141 1.4791862964630126953 0.30725234746932983398 0.32720166444778442383 0.30517297983169555664 0.29073688387870788574 0.10211829841136932373 0.71680289506912231445 0.26362755894660949707 0.25010961294174194336 0.26122185587882995605 0.24857059121131896973 0.64437657594680786133 0.23269876837730407715 0.35454258322715759277 0.76827061176300048828
