tests/data/reference/gistest/full/control/widthrill.asc
ncols        125
nrows        78
xllcorner    -713756.799299980048
yllcorner    -1061032.369616159936
cellsize     10.000000000000
NODATA_value  -9999
[rows 19 to 37 of 78, columns 43 to 85 of 125]
0.24138605594635009766 0.20035384595394134521 0.19224716722965240479 0.15039238333702087402 0.16350880265235900879 0.20309026539325714111 0.1190365031361579895 0.050965998321771621704 0.094580113887786865234 0.13424851000308990479 0.14774394035339355469 0.19673655927181243896 0.15870273113250732422 0.13244110345840454102 0.13245163857936859131 0.11615868657827377319 0.094036422669887542725 0.094200491905212402344 0.094413533806800842285 0.094673797488212585449 0.094964295625686645508 0.18618863821029663086 0.1195338517427444458 0.11923587322235107422 0.11908879131078720093 0.2344211190938949585 0.14051248133182525635 0.32020246982574462891 0.14720621705055236816 0.14921613037586212158 0 0.091459654271602630615 0.69003546237945556641 0.29699939489364624023 0.1454410552978515625 0.12219782918691635132 0.095626696944236755371 0.040439207106828689575 -9999 -9999 -9999 -9999 -9999
0.24484929442405700684 0.20583741366863250732 0.19856062531471252441 0.16123032569885253906 0.17254537343978881836 0.20799833536148071289 0.13517881929874420166 0.052952993661165237427 0.09421043097972869873 0.11670397967100143433 0.14742833375930786133 0.15871439874172210693 0.20237529277801513672 0.16790388524532318115 0.14568370580673217773 0.14602957665920257568 0.13263037800788879395 0.11631143838167190552 0.11687131971120834351 0.1175982356071472168 0.11813103407621383667 0.11821338534355163574 0.19222238659858703613 0.13525314629077911377 0.13574360311031341553 0.1376266181468963623 0.27222073078155517578 0.32293203473091125488 0.16267441213130950928 0.16416634619235992432 0.093938335776329040527 0 0 0.68114298582077026367 0.31018689274787902832 0.14181575179100036621 0.12066143006086349487 0.095459997653961181641 0.041717417538166046143 0.030746059492230415344 -9999 -9999 -9999
0.24890282750129699707 0.21150945127010345459 0.20477727055549621582 0.17097514867782592773 0.18125955760478973389 0.21358166635036468506 0.14800523221492767334 0.094018749892711639404 0.054458659142255783081 0.11640696227550506592 0.13323675096035003662 0.15793402493000030518 0.16739150881767272949 0.20810809731483459473 0.17720367014408111572 0.15767373144626617432 0.15828442573547363281 0.14718160033226013184 0.13385570049285888672 0.13418719172477722168 0.13414548337459564209 0.13408325612545013428 0.13442341983318328857 0.19953428208827972412 0.1509355008602142334 0.15379981696605682373 0.29869508743286132812 0.32293611764907836914 0.17405679821968078613 0.175573006272315979 0.12463898956775665283 0.095057196915149688721 0 0.095005042850971221924 0.65033638477325439453 0.31287661194801330566 0.19562539458274841309 0.12114103883504867554 0.095245003700256347656 0.095357418060302734375 0.036735374480485916138 -9999 -9999
0.25457802414894104004 0.21846477687358856201 0.21192224323749542236 0.18047095835208892822 0.1898333132266998291 0.21972557902336120605 0.15942324697971343994 0.11613218486309051514 0.093803972005844116211 0.054587990045547485352 0.13263690471649169922 0.14517037570476531982 0.16660383343696594238 0.1765931546688079834 0.21538396179676055908 0.18640346825122833252 0.16881914436817169189 0.16980783641338348389 0.15963506698608398438 0.14740629494190216064 0.14726859331130981445 0.14766654372215270996 0.1484505385160446167 0.14944106340408325195 0.2112315446138381958 0.1674661785364151001 0.32684952020645141602 0.32649075984954833984 0.1843506544828414917 0.18473036587238311768 0.14285846054553985596 0.12274748831987380981 0.095736891031265258789 0.12338465452194213867 0 0.6430523991584777832 0.31297734379768371582 0.22958539426326751709 0.12098083645105361938 0.12046334892511367798 0.095674626529216766357 0.019520943984389305115 -9999
0.26205426454544067383 0.22697521746158599854 0.22024950385093688965 0.19014145433902740479 0.19854998588562011719 0.22655929625034332275 0.17034399509429931641 0.13318066298961639404 0.11611551046371459961 0.054994072765111923218 0.093372888863086700439 0.144277229905128479 0.15604965388774871826 0.17684726417064666748 0.18610645830631256104 0.2221533656120300293 0.19496147334575653076 0.17920008301734924316 0.17985750734806060791 0.17011685669422149658 0.15971507132053375244 0.16028663516044616699 0.16085000336170196533 0.16204720735549926758 0.16464415192604064941 0.22469127178192138672 0.35804975032806396484 0.33383807539939880371 0.19449190795421600342 0.19246040284633636475 0.15551745891571044922 0.13936273753643035889 0.12061683088541030884 0.13995572924613952637 0.037580303847789764404 0.095711573958396911621 0.63945043087005615234 0.32557389140129089355 0.27259084582328796387 0.14574858546257019043 0.12263073772192001343 0.095724053680896759033 0.011123742908239364624
0.26832625269889831543 0.23443426191806793213 0.22764128446578979492 0.19871710240840911865 0.20614884793758392334 0.23225970566272735596 0.17952205240726470947 0.14659702777862548828 0.055147286504507064819 0.13145391643047332764 0.092995412647724151611 0.11421651393175125122 0.15595003962516784668 0.16728971898555755615 0.18610586225986480713 0.19461105763912200928 0.22957043349742889404 0.20433413982391357422 0.18893507122993469238 0.18878412246704101562 0.18013691902160644531 0.17076350748538970947 0.17164303362369537354 0.17372582852840423584 0.17663551867008209229 0.17984415590763092041 0.3997751772403717041 0.33470603823661804199 0.20212383568286895752 0.19927088916301727295 0.16596026718616485596 0.15205925703048706055 0.13714590668678283691 0.15237762033939361572 0.095436386764049530029 0.12171038240194320679 0.020447973161935806274 0.6566804051399230957 0.33884295821189880371 0.28011527657508850098 0.19818419218063354492 0.12249200046062469482 0.095712885260581970215
0.27325469255447387695 0.24068698287010192871 0.23400425910949707031 0.20620396733283996582 0.21262852847576141357 0.23679859936237335205 0.18701919913291931152 0.15708583593368530273 0.093102000653743743896 0.056499797850847244263 0.14331871271133422852 0.11399597674608230591 0.13051213324069976807 0.16687303781509399414 0.17763641476631164551 0.19583743810653686523 0.20471519231796264648 0.23810118436813354492 0.21199108660221099854 0.19635878503322601318 0.19640272855758666992 0.18898449838161468506 0.18202820420265197754 0.18489576876163482666 0.18723680078983306885 0.18876801431179046631 0.4138666689395904541 0.33022412657737731934 0.20737470686435699463 0.20529772341251373291 0.17525182664394378662 0.1629702150821685791 0.15036469697952270508 0.16331110894680023193 0.11913351714611053467 0.13810138404369354248 0.095556676387786865234 0.61918938159942626953 0.032032582908868789673 0.32978421449661254883 0.32686698436737060547 0.14553894102573394775 0.12296479195356369019
0.27894723415374755859 0.24721591174602508545 0.24010659754276275635 0.21272830665111541748 0.21780681610107421875 0.24016347527503967285 0.19340762495994567871 0.16603651642799377441 0.11380782723426818848 0.056945376098155975342 0.09253231436014175415 0.15470875799655914307 0.13054218888282775879 0.1451918184757232666 0.1786301732063293457 0.18887607753276824951 0.20551434159278869629 0.21208846569061279297 0.24209111928939819336 0.21732880175113677979 0.20377013087272644043 0.2053146660327911377 0.19993181526660919189 0.19385163486003875732 0.19547492265701293945 0.19660355150699615479 0.43327960371971130371 0.33200058341026306152 0.21473339200019836426 0.21292127668857574463 0.18528001010417938232 0.17418096959590911865 0.16292747855186462402 0.17412531375885009766 0.13625791668891906738 0.15092003345489501953 0.11886519938707351685 0.59744381904602050781 0.095449440181255340576 0.32421150803565979004 0.32646009325981140137 0.16217409074306488037 0.14314563572406768799
0.28549626469612121582 0.25404030084609985352 0.24588865041732788086 0.21822616457939147949 0.2217057347297668457 0.2425130009651184082 0.19892472028732299805 0.1739536672830581665 0.12910348176956176758 0.092256329953670501709 0.11328074336051940918 0.056680571287870407104 0.16675224900245666504 0.1463534235954284668 0.15962116420269012451 0.18935672938823699951 0.1971022486686706543 0.21077322959899902344 0.21696490049362182617 0.24680019915103912354 0.22458237409591674805 0.21285408735275268555 0.21444873511791229248 0.20840889215469360352 0.20214082300662994385 0.2046222686767578125 0.45934823155403137207 0.33930954337120056152 0.22441616654396057129 0.22254858911037445068 0.19682954251766204834 0.18666568398475646973 0.17608870565891265869 0.1856282353401184082 0.1509170830249786377 0.16245624423027038574 0.13520665466785430908 0.58706700801849365234 0.11853741109371185303 0.31574478745460510254 0.3139902949333190918 0.17106306552886962891 0.15930239856243133545
0.28865987062454223633 0.25725993514060974121 0.24888224899768829346 0.22230978310108184814 0.2255503535270690918 0.24572141468524932861 0.20470410585403442383 0.18153814971446990967 0.14182746410369873047 0.11301391571760177612 0.12942354381084442139 0.092945627868175506592 0.17732451856136322021 0.15903699398040771484 0.053729262202978134155 0.17053376138210296631 0.19659654796123504639 0.2030766904354095459 0.21646529436111450195 0.22320999205112457275 0.25261566042900085449 0.23195531964302062988 0.22070713341236114502 0.22234098613262176514 0.21794694662094116211 0.21399173140525817871 0.48583203554153442383 0.34288832545280456543 0.23081500828266143799 0.22869580984115600586 0.20467215776443481445 0.1954587101936340332 0.1859791874885559082 0.19474682211875915527 0.16315403580665588379 0.1726223379373550415 0.14839707314968109131 0.58186072111129760742 0.13482661545276641846 0.31357437372207641602 0.31015175580978393555 0.17957969009876251221 0.17188648879528045654
0.28817078471183776855 0.25717091560363769531 0.24950557947158813477 0.2253151237964630127 0.22951634228229522705 0.24974100291728973389 0.21077591180801391602 0.18900594115257263184 0.15320828557014465332 0.12932346761226654053 0.14366684854030609131 0.11508373171091079712 0.18719658255577087402 0.16977715492248535156 0.054116271436214447021 0.094069167971611022949 0.17968171834945678711 0.20298188924789428711 0.20893901586532592773 0.22208343446254730225 0.22919347882270812988 0.25863170623779296875 0.23970171809196472168 0.23081910610198974609 0.23505039513111114502 0.23159795999526977539 0.2246860116720199585 0.54768866300582885742 0.23380056023597717285 0.23121139407157897949 0.208581581711769104 0.20037230849266052246 0.1924724280834197998 0.20140330493450164795 0.17342454195022583008 0.18181303143501281738 0.15994474291801452637 0.58113503456115722656 0.1487283855676651001 0.31628572940826416016 0.31202870607376098633 0.18792040646076202393 0.18093588948249816895
0.60808855295181274414 0.27329242229461669922 0.26340952515602111816 0.23658715188503265381 0.23966556787490844727 0.25835973024368286133 0.21897810697555541992 0.19773907959461212158 0.16495928168296813965 0.14448881149291992188 0.15774887800216674805 0.13316924870014190674 0.19710268080234527588 0.17984938621520996094 0.093994945287704467773 0.054248053580522537231 0.11631438136100769043 0.18665045499801635742 0.2086788564920425415 0.21628077328205108643 0.23061090707778930664 0.23928539454936981201 0.26986989378929138184 0.25271070003509521484 0.24369040131568908691 0.24419926106929779053 0.23542359471321105957 0.22523272037506103516 0.55173951387405395508 0.23345522582530975342 0.21298690140247344971 0.20611317455768585205 0.19942216575145721436 0.20806846022605895996 0.18250650167465209961 0.19006049633026123047 0.17041577398777008057 0.58237725496292114258 0.16060833632946014404 0.3180249333381652832 0.31247600913047790527 0.19440752267837524414 0.18798418343067169189
1.170270085334777832 1.2783969640731811523 1.2600176334381103516 0.28200206160545349121 0.3301614224910736084 0.27216458320617675781 0.22953696548938751221 0.20831057429313659668 0.17822290956974029541 0.16038787364959716797 0.17296192049980163574 0.149915352463722229 0.2072798609733581543 0.18962594866752624512 0.11648851633071899414 0.09385178983211517334 0.055070504546165466309 0.13195569813251495361 0.19521437585353851318 0.2193600088357925415 0.22887824475765228271 0.24499420821666717529 0.25428935885429382324 0.28343719244003295898 0.26086992025375366211 0.24561746418476104736 0.24183997511863708496 0.23231959342956542969 0.55891919136047363281 0.23579123616218566895 0.21804133057594299316 0.21272100508213043213 0.2069085538387298584 0.21479496359825134277 0.19063389301300048828 0.19767327606678009033 0.1803435981273651123 0.58558851480484008789 0.17116025090217590332 0.31919243931770324707 0.31198278069496154785 0.19945199787616729736 0.2809263765811920166
0.25386333465576171875 0.29800137877464294434 0.33668255805969238281 1.2688528299331665039 1.2737138271331787109 1.2670294046401977539 0.28894606232643127441 0.30903035402297973633 0.19773623347282409668 0.17984332144260406494 0.19080744683742523193 0.16717617213726043701 0.22001273930072784424 0.20182608067989349365 0.052349612116813659668 0.13400042057037353516 0.11629299819469451904 0.093879804015159606934 0.14772242307662963867 0.20713196694850921631 0.23042036592960357666 0.23947779834270477295 0.25306123495101928711 0.25819447636604309082 0.28113418817520141602 0.25735098123550415039 0.24356350302696228027 0.24142690002918243408 0.57801872491836547852 0.24200856685638427734 0.22554455697536468506 0.22038987278938293457 0.2143249809741973877 0.22105810046195983887 0.19808927178382873535 0.20504172146320343018 0.18985189497470855713 0.59095335006713867188 0.18198977410793304443 0.32436788082122802734 0.31620484590530395508 0.32113817334175109863 0.20063850283622741699
0.16186580061912536621 0.16190408170223236084 0.16327042877674102783 0.21808096766471862793 0.25356110930442810059 0.28499692678451538086 1.2856732606887817383 1.3579246997833251953 1.4098031520843505859 0.22830690443515777588 0.20273931324481964111 0.2075236588716506958 0.18288631737232208252 0.23275227844715118408 0.21411225199699401855 0.095037832856178283691 0.14989489316940307617 0.13490810990333557129 0.11742381006479263306 0.16085521876811981201 0.21397522091865539551 0.23395243287086486816 0.239385262131690979 0.24975691735744476318 0.25413787364959716797 0.2771320044994354248 0.25796294212341308594 0.2480856478214263916 0.2499507218599319458 0.61565834283828735352 0.23574280738830566406 0.22927403450012207031 0.22173102200031280518 0.22688724100589752197 0.2050323188304901123 0.21229343116283416748 0.19918370246887207031 0.59870725870132446289 0.19362820684909820557 0.33377629518508911133 0.42356505990028381348 0.20882236957550048828 0.13613514602184295654
0.1466255486011505127 0.14785538613796234131 0.14725451171398162842 0.13410368561744689941 0.13521391153335571289 0.1359205096960067749 0.13833627104759216309 0.19315980374813079834 0.23932649195194244385 1.4424254894256591797 1.4609762430191040039 1.4055576324462890625 0.21907436847686767578 0.19615925848484039307 0.24003994464874267578 0.22109511494636535645 0.11869998276233673096 0.16185595095157623291 0.14836329221725463867 0.13348494470119476318 0.16937524080276489258 0.21660576760768890381 0.23390233516693115234 0.23899750411510467529 0.24978467822074890137 0.25567960739135742188 0.2808176875114440918 0.26536226272583007812 0.25886681675910949707 0.65083146095275878906 0.24659840762615203857 0.23980803787708282471 0.23125289380550384521 0.23523573577404022217 0.21417032182216644287 0.2218895256519317627 0.2102114558219909668 0.61019349098205566406 0.20493955910205841064 0.34219413995742797852 0.45578745007514953613 0.15047323703765869141 0.13609506189823150635
0.13330367207527160645 0.13299967348575592041 0.11585639417171478271 0.11890660971403121948 0.11858234554529190063 0.11828053742647171021 0.11996207386255264282 0.12218265235424041748 0.20771008729934692383 0.24746546149253845215 0.28092044591903686523 0.2846088409423828125 1.3498818874359130859 0.22337950766086578369 0.20272326469421386719 0.24144674837589263916 0.22380261123180389404 0.13687041401863098145 0.17118632793426513672 0.159616813063621521 0.14729337394237518311 0.17718628048896789551 0.21972082555294036865 0.23665961623191833496 0.24265944957733154297 0.25497537851333618164 0.26375746726989746094 0.29135534167289733887 0.27860456705093383789 0.27367758750915527344 0.69250452518463134766 0.25388151407241821289 0.24478448927402496338 0.24795192480087280273 0.22639782726764678955 0.23483642935752868652 0.22385782003402709961 0.62699210643768310547 0.2163120657205581665 0.34951302409172058105 0.47152122855186462402 0.15028612315654754639 0
0.11708090454339981079 0.094354040920734405518 0.094233475625514984131 0.093963943421840667725 0.093698397278785705566 0.09820089489221572876 0.098409041762351989746 0.19118893146514892578 0.12273504585027694702 0.1243769228458404541 0.05966429784893989563 0.10198425501585006714 0.12595309317111968994 1.3209947347640991211 1.3145596981048583984 1.277083277702331543 1.2640120983123779297 0.23013347387313842773 0.15207551419734954834 0.18379423022270202637 0.1737406998872756958 0.1626217961311340332 0.19127650558948516846 0.23439618945121765137 0.33000835776329040527 0.27133032679557800293 0.27980774641036987305 0.3062877953052520752 0.29164233803749084473 0.28509867191314697266 0.055962700396776199341 0.69861757755279541016 0.33052068948745727539 0.25714331865310668945 0.23913978040218353271 0.24880512058734893799 0.23648269474506378174 0.63905149698257446289 0.22581319510936737061 0.35378488898277282715 0.48369732499122619629 0.10077979415655136108 0
0.051747687160968780518 0.051372162997722625732 0.05181061476469039917 0.052882306277751922607 0.053628578782081604004 0.054166790097951889038 0.18028540909290313721 0.09966554492712020874 0.099931120872497558594 0.10007724910974502563 0.12329155206680297852 0.13954623043537139893 0.15465964376926422119 0.17162501811981201172 0.18350924551486968994 0.18941123783588409424 0.19771823287010192871 1.2969335317611694336 1.3201078176498413086 1.3392163515090942383 1.3540165424346923828 1.3626734018325805664 1.3807401657104492188 1.410210728645324707 1.442470550537109375 1.4773880243301391602 1.4791857004165649414 0.30725216865539550781 0.32720148563385009766 0.30517280101776123047 0.29073670506477355957 0.1021181643009185791 0.71680253744125366211 0.26362740993499755859 0.25010946393013000488 0.26122170686721801758 0.24857044219970703125 0.64437627792358398438 0.23269863426685333252 0.3545424044132232666 0.76827019453048706055 0 0.094451963901519775391
