tests/data/reference/gistest/full/control/widthrill.asc
ncols        125
nrows        78
xllcorner    -713756.799299980048
yllcorner    -1061032.369616159936
cellsize     10.000000000000
NODATA_value  -9999
[rows 38 to 56 of 78, columns 0 to 42 of 125]
-9999 -9999 -9999 -9999 -9999 -9999 -9999 -9999 -9999 -9999 -9999 0 0 0.18483808636665344238 0.50221860408782958984 0 0.088002122938632965088 0.15104527771472930908 0.18373239040374755859 0.21877567470073699951 0.1488253474235534668 0.29125198721885681152 0.2565104067325592041 0.27956306934356689453 0.34873279929161071777 0.25523486733436584473 0.14805570244789123535 0.094296231865882873535 0.14724974334239959717 0.17994447052478790283 0.14826095104217529297 0.14782470464706420898 0.14748756587505340576 0.14685347676277160645 0.095429763197898864746 0 0 0.1470374763011932373 0 0 0 0.023677676916122436523 0.046303961426019668579
-9999 -9999 -9999 -9999 -9999 -9999 -9999 -9999 -9999 -9999 -9999 0 0.16331961750984191895 0.50791263580322265625 0.062223289161920547485 0 0.1257937699556350708 0.17299708724021911621 0.21250112354755401611 0.12655951082706451416 0.28672325611114501953 0.24817061424255371094 0.27315744757652282715 0.34609124064445495605 0.24901942908763885498 0.12638200819492340088 0 0.12596061825752258301 0.1663707345724105835 0.12638810276985168457 0.12676537036895751953 0.12679709494113922119 0.12680763006210327148 0 0 0.095275714993476867676 0.12564498186111450195 0 0.092411704361438751221 0.12640070915222167969 0.14787523448467254639 0.012434146367013454437 0.045324888080358505249
-9999 -9999 -9999 -9999 -9999 -9999 -9999 -9999 -9999 -9999 0 0 0.52174699306488037109 0.11942263692617416382 0 0.046156223863363265991 0.15500941872596740723 0.20850704610347747803 0.087375499308109283447 0.28587734699249267578 0.24241453409194946289 0.26676955819129943848 0.34214454889297485352 0.2409413754940032959 0.092749610543251037598 0 0.093047194182872772217 0.14930130541324615479 0.09233891218900680542 0.090702779591083526611 0.086599849164485931396 0.085555970668792724609 0 0.092385649681091308594 0.12509265542030334473 0.14535260200500488281 0.1637668609619140625 0.1800050884485244751 0.19441480934619903564 0 0 0.15683056414127349854 0.095359206199645996094
-9999 -9999 -9999 -9999 -9999 -9999 -9999 -9999 -9999 -9999 0 0.46608313918113708496 0.18033060431480407715 0 0 0.12214633822441101074 0.19763638079166412354 0 0.29158014059066772461 0.23953293263912200928 0.2633342742919921875 0.33997651934623718262 0.23274055123329162598 0 0 0.093195021152496337891 0.12657932937145233154 0 0 0 0 0 0.090270861983299255371 0.12599067389965057373 0.14566932618618011475 0.161128997802734375 0.17565114796161651611 0.18905273079872131348 0 0.19946615397930145264 0.095735862851142883301 0.095598563551902770996 0.16655714809894561768
-9999 -9999 -9999 -9999 -9999 -9999 -9999 -9999 -9999 0 0 0.43550187349319458008 0.15510216355323791504 0 0.037633080035448074341 0.1785917431116104126 0.19718787074089050293 0.29222759604454040527 0.23858682811260223389 0.26473706960678100586 0.34157681465148925781 0.22398950159549713135 0.091501280665397644043 0.12648716568946838379 0.14847482740879058838 0.16653828322887420654 0.44814345240592956543 0.47191074490547180176 0.4754829704761505127 0.48618832230567932129 0.50590521097183227539 0.50290709733963012695 0.47995552420616149902 0.46570360660552978516 0.45690834522247314453 0.45451974868774414062 0.4571787416934967041 0.46226075291633605957 0.48735311627388000488 0.48619887232780456543 0.49196907877922058105 0.49176701903343200684 0.49859476089477539062
-9999 -9999 -9999 -9999 -9999 -9999 -9999 -9999 0 0 0.42035382986068725586 0.073762819170951843262 0.12419568002223968506 0 0.15506595373153686523 0.17822055518627166748 0.21300797164440155029 0.22724582254886627197 0.26377686858177185059 0.35193115472793579102 0.21664476394653320312 0 0 0.092512741684913635254 0.40108454227447509766 0.41747018694877624512 0.16717229783535003662 0.12652687728404998779 0.14986945688724517822 0.16960445046424865723 0.18874225020408630371 0.20121711492538452148 0.20629209280014038086 0.2117869257926940918 0.21795402467250823975 0.22530725598335266113 0.23394541442394256592 0.24303515255451202393 0.25270837545394897461 0.2577374577522277832 0.25861984491348266602 0.26309213042259216309 0.27082687616348266602
-9999 -9999 -9999 -9999 -9999 -9999 -9999 -9999 0 0.036522921174764633179 0.41086781024932861328 0 0.070082776248455047607 0.1235200539231300354 0.15506288409233093262 0.19688437879085540771 0.21280403435230255127 0.25115680694580078125 0.35099688172340393066 0.20886602997779846191 0.21535345911979675293 0.29099750518798828125 0.34774455428123474121 0.39559248089790344238 0.14951147139072418213 0.14881490170955657959 0.09374141693115234375 0 0.093452617526054382324 0.12642343342304229736 0.15077105164527893066 0.16859363019466400146 0.17965956032276153564 0.18960607051849365234 0.19943720102310180664 0.2092288285493850708 0.21921519935131072998 0.64920288324356079102 0.67026031017303466797 0.68392193317413330078 0.68986546993255615234 0.70216697454452514648 0.72108542919158935547
-9999 -9999 -9999 -9999 -9999 -9999 -9999 -9999 0 0.39645785093307495117 0.15493726730346679688 0 0.065953806042671203613 0.12493547052145004272 0.17743991315364837646 0.19610837101936340332 0.23904567956924438477 0.34044635295867919922 0.19335182011127471924 0.20561452209949493408 0.21243177354335784912 0.21981702744960784912 0.22888112068176269531 0.12632504105567932129 0.1265411078929901123 0 0 0.094186671078205108643 0.12595763802528381348 0.14868694543838500977 0.16746301949024200439 0.18212944269180297852 0.1926841437816619873 0.20261585712432861328 0.59815245866775512695 0.61452072858810424805 0.63038933277130126953 0.24089492857456207275 0.23803409934043884277 0.23557117581367492676 0.23306202888488769531 0.2321071624755859375 0.2589785158634185791
-9999 -9999 -9999 -9999 -9999 -9999 -9999 0 0.37526080012321472168 0.12004266679286956787 0.12182295322418212891 0 0.070488564670085906982 0.15441222488880157471 0.17604792118072509766 0.22368161380290985107 0.33398190140724182129 0.17620994150638580322 0.19330811500549316406 0.20579577982425689697 0.21285679936408996582 0.21983414888381958008 0.093512624502182006836 0.093554742634296417236 0.092911958694458007812 0.12624248862266540527 0.14733718335628509521 0.16442322731018066406 0.18098305165767669678 0.19468784332275390625 0.2057304084300994873 0.21629916131496429443 0.5730807185173034668 0.59167027473449707031 0.23215463757514953613 0.23726220428943634033 0.23360578715801239014 0.22959765791893005371 0.22595641016960144043 0.22337058186531066895 0.22126217186450958252 0.24697197973728179932 0.22758591175079345703
-9999 -9999 -9999 -9999 -9999 -9999 -9999 0.18999847769737243652 0.25049266219139099121 0.063001327216625213623 0.073145978152751922607 0 0.12617254257202148438 0.15348856151103973389 0.20559619367122650146 0.31708747148513793945 0.15381725132465362549 0.17627692222595214844 0.19539250433444976807 0.20890156924724578857 0.21609848737716674805 0 0 0 0 0.093779549002647399902 0.12538704276084899902 0.14685416221618652344 0.48565444350242614746 0.50932300090789794922 0.52457255125045776367 0.5457210540771484375 0.2245458066463470459 0.22306747734546661377 0.22928476333618164062 0.2263024747371673584 0.22359077632427215576 0.22067028284072875977 0.21765205264091491699 0.21547853946685791016 0.24169485270977020264 0.21932716667652130127 0.23839405179023742676
-9999 -9999 -9999 -9999 -9999 -9999 0 0.26836955547332763672 0.23200389742851257324 0 0 0.074373446404933929443 0.12603369355201721191 0.19139388203620910645 0.3085396885871887207 0.12688498198986053467 0.15324707329273223877 0.17531809210777282715 0.19492754340171813965 0.20892941951751708984 0.21665075421333312988 0.28507325053215026855 0.32998561859130859375 0.36444750428199768066 0.4158191978931427002 0.43013033270835876465 0.44563570618629455566 0.46501150727272033691 0.20422638952732086182 0.20425775647163391113 0.21312928199768066406 0.21261949837207794189 0.21304409205913543701 0.22130292654037475586 0.21903117001056671143 0.21695263683795928955 0.21514420211315155029 0.21285930275917053223 0.20982749760150909424 0.23783041536808013916 0.21410255134105682373 0.23384606838226318359 0.21815718710422515869
-9999 -9999 -9999 -9999 -9999 0 0 0.1231816411018371582 0.19673997163772583008 0 0 0.046590656042098999023 0.17847475409507751465 0.31155869364738464355 0.082524992525577545166 0.12669710814952850342 0.15325748920440673828 0.17442215979099273682 0.1936607062816619873 0.20738197863101959229 0.20245318114757537842 0.19877900183200836182 0.19615159928798675537 0.25186419486999511719 0.14642991125583648682 0.16295406222343444824 0.17749562859535217285 0.1900355219841003418 0.19022558629512786865 0.20203249156475067139 0.20167011022567749023 0.20140291750431060791 0.21234941482543945312 0.21227431297302246094 0.21146027743816375732 0.21023842692375183105 0.20881983637809753418 0.20656600594520568848 0.2360010296106338501 0.2090199887752532959 0.2302293926477432251 0.21374823153018951416 0.21237778663635253906
-9999 -9999 -9999 -9999 -9999 0 0.17993877828121185303 0.064604967832565307617 0.12257175147533416748 0 0 0.15382938086986541748 0.32229900360107421875 0 0.078380979597568511963 0.12655413150787353516 0.15318001806735992432 0.17396587133407592773 0.19320131838321685791 0.19186964631080627441 0.1876080632209777832 0.18380758166313171387 0.24472124874591827393 0.12510257959365844727 0.14470905065536499023 0.16050721704959869385 0.17485709488391876221 0.17462532222270965576 0.18655526638031005859 0.18705034255981445312 0.18761998414993286133 0.19868069887161254883 0.19885858893394470215 0.1993128657341003418 0.19965375959873199463 0.19957828521728515625 0.19902840256690979004 0.23414498567581176758 0.20495396852493286133 0.22706556320190429688 0.20815113186836242676 0.20695142447948455811 0.20641502737998962402
-9999 -9999 -9999 -9999 0 0 0.15346200764179229736 0 0 0 0.10355749726295471191 0.26797017455101013184 0.18097645044326782227 0 0.072585396468639373779 0.12640756368637084961 0.1532592475414276123 0.17384795844554901123 0.17520190775394439697 0.17449352145195007324 0.17125721275806427002 0.23806239664554595947 0.09491087496280670166 0.1240671500563621521 0.14283695816993713379 0.15781699120998382568 0.1578353196382522583 0.17098151147365570068 0.17037649452686309814 0.17064806818962097168 0.18338339030742645264 0.18359299004077911377 0.18362762033939361572 0.18392288684844970703 0.1845881044864654541 0.18540734052658081055 0.22499220073223114014 0.19700168073177337646 0.22392985224723815918 0.20334245264530181885 0.20025362074375152588 0.19930444657802581787 0.19981116056442260742
-9999 -9999 -9999 -9999 0 0.17943498492240905762 0 0 0 0 0 0.2267503887414932251 0.15010233223438262939 0 0.060095060616731643677 0.12593667209148406982 0.15377198159694671631 0.15362079441547393799 0.15402661263942718506 0.15410976111888885498 0.24132066965103149414 0 0.094483152031898498535 0.12435182183980941772 0.14309652149677276611 0.14174813032150268555 0.15687385201454162598 0.15642312169075012207 0.15585601329803466797 0.16926231980323791504 0.17023490369319915771 0.17077666521072387695 0.17089127004146575928 0.17081572115421295166 0.17091761529445648193 0.21308207511901855469 0.18373811244964599609 0.21434323489665985107 0.19573985040187835693 0.19409056007862091064 0.19091241061687469482 0.18989607691764831543 0.19086715579032897949
-9999 -9999 -9999 0 0 0 0 0 0 0 0 0.15852460265159606934 0 0 0 0.12435556948184967041 0.125589713454246521 0.12620033323764801025 0.126163482666015625 0.17706499993801116943 0.15492203831672668457 0 0.090144686400890350342 0.12607051432132720947 0.12488173693418502808 0.14362739026546478271 0.14224565029144287109 0.14163129031658172607 0.15679982304573059082 0.15696476399898529053 0.157984122633934021 0.15887914597988128662 0.15918558835983276367 0.15861703455448150635 0.20378273725509643555 0.17060583829879760742 0.20236857235431671143 0.18217906355857849121 0.18321898579597473145 0.18279227614402770996 0.18036718666553497314 0.17909367382526397705 0.17960287630558013916
-9999 -9999 -9999 0 0 0 0 0 0 0 0 0 0 0 0 0 0.048164296895265579224 0.065014205873012542725 0.07135877758264541626 0.052682183682918548584 0.11330635100603103638 0 0.072145029902458190918 0.086693495512008666992 0.12666615843772888184 0.12561050057411193848 0.12434615939855575562 0.14365236461162567139 0.14287213981151580811 0.14269584417343139648 0.14326722919940948486 0.14405976235866546631 0.14459507167339324951 0.19785811007022857666 0.15899696946144104004 0.19421747326850891113 0.17051427066326141357 0.17028474807739257812 0.17088261246681213379 0.17066344618797302246 0.16917173564434051514 0.1680806279182434082 0.20836454629898071289
-9999 -9999 0 0 0.076221324503421783447 0 0 0 0 -9999 -9999 -9999 0 0 0 0 0 0 0 0 0 0 0 0.032353095710277557373 0.072183899581432342529 0.085401929914951324463 0.12661570310592651367 0.12565223872661590576 0.12476521730422973633 0.12427962571382522583 0.12425124645233154297 0.12454405426979064941 0.1903590857982635498 0.14581772685050964355 0.18762955069541931152 0.1598186790943145752 0.15880569815635681152 0.15839220583438873291 0.15846244990825653076 0.15767326951026916504 0.15637512505054473877 0.20074816048145294189 0.16858316957950592041
-9999 -9999 0 0.10367880016565322876 0 0 0 -9999 -9999 -9999 -9999 -9999 -9999 0 0 0 0.09664952009916305542 0 0 0.10595045983791351318 0.062510363757610321045 0 0 0 0 0.045306678861379623413 0.079345777630805969238 0.088974058628082275391 0.092678010463714599609 0.093927726149559020996 0.094345174729824066162 0.17969697713851928711 0.12583015859127044678 0.17985494434833526611 0.14605273306369781494 0.14483805000782012939 0.1438649594783782959 0.14347857236862182617 0.14359344542026519775 0.14263078570365905762 0.19234634935855865479 0.15574058890342712402 0.15562658011913299561
