tests/data/reference/gistest/full/control/widthrill.asc
ncols        125
nrows        78
xllcorner    -713756.799299980048
yllcorner    -1061032.369616159936
cellsize     10.000000000000
NODATA_value  -9999
[rows 38 to 56 of 78, columns 42 to 83 of 125]
0.046304114162921905518 0.095016062259674072266 0.11905900388956069946 0.136583670973777771 0.15013058483600616455 0.16174405813217163086 0.17218403518199920654 0.051970664411783218384 0.049818657338619232178 0.049752715975046157837 0.063771940767765045166 0.10061511397361755371 0.12199158221483230591 0.13968965411186218262 0.94639039039611816406 0.96758186817169189453 0.96333724260330200195 0.97150558233261108398 0.99381279945373535156 1.0160079002380371094 1.0355347394943237305 1.0532965660095214844 1.0680191516876220703 1.0856047868728637695 1.1062171459197998047 1.1310534477233886719 1.1600944995880126953 1.1792743206024169922 1.7500929832458496094 1.7490572929382324219 0.34007206559181213379 0.3146819770336151123 0.2959105372428894043 0.73470032215118408203 0.27612781524658203125 0.26254194974899291992 0.27194610238075256348 0.25782769918441772461 0.64567172527313232422 0.23846486210823059082 0.54793649911880493164 0.77653735876083374023
0.045325048267841339111 0.09516369551420211792 0.11974070221185684204 0.13791832327842712402 0.15210251510143280029 0.16374367475509643555 0.17374669015407562256 0.18414655327796936035 0.1956402212381362915 0.20430172979831695557 0.20934644341468811035 0.21465596556663513184 0.89414674043655395508 0.90736341476440429688 0.26736351847648620605 0.28366839885711669922 0.26494899392127990723 0.26271927356719970703 0.25817641615867614746 0.22705048322677612305 0.22810478508472442627 0.2295341789722442627 0.23245196044445037842 0.20029683411121368408 0.20290374755859375 0.20596656203269958496 0.20901212096214294434 0.30509513616561889648 0.35764092206954956055 0.36992469429969787598 1.7859344482421875 1.7874195575714111328 1.7238503694534301758 1.7332032918930053711 0.80715608596801757812 0.27648502588272094727 0.2803751826286315918 0.26442259550094604492 0.64059865474700927734 0.3546523749828338623 0 0.49372327327728271484
0.09535929560661315918 0.11963833868503570557 0.13894322514533996582 0.15480402112007141113 0.16772785782814025879 0.17780043184757232666 0.18551020324230194092 0.19378820061683654785 0.20304997265338897705 0.21187633275985717773 0.21982559561729431152 0.91180115938186645508 0.26453635096549987793 0.26136469841003417969 0.27808290719985961914 0.25999504327774047852 0.25497221946716308594 0.24760581552982330322 0.21485121548175811768 0.21454186737537384033 0.21481201052665710449 0.21573133766651153564 0.18218864500522613525 0.18360993266105651855 0.18538838624954223633 0.18752065300941467285 0.22764280438423156738 0.20199629664421081543 0.56038314104080200195 0.60632741451263427734 0.64442306756973266602 0.66159403324127197266 1.0123105049133300781 0.65847742557525634766 1.9389917850494384766 0.88810956478118896484 0.29831752181053161621 0.27464950084686279297 0.056945331394672393799 0.37280678749084472656 0.36443322896957397461 0.4983437955379486084
0.16655725240707397461 0.17850275337696075439 0.19141949713230133057 0.20216447114944458008 0.2101929783821105957 0.21661369502544403076 0.22177270054817199707 0.22757169604301452637 0.23380111157894134521 0.89727562665939331055 0.91749715805053710938 0.26476511359214782715 0.26090201735496520996 0.27811986207962036133 0.2620379030704498291 0.25915595889091491699 0.24941843748092651367 0.21228520572185516357 0.21073478460311889648 0.20921587944030761719 0.2083072662353515625 0.17178991436958312988 0.17227567732334136963 0.17266075313091278076 0.17303520441055297852 0.2110026925802230835 0.18332917988300323486 0.52550619840621948242 0.25495189428329467773 0.19078247249126434326 0.18726278841495513916 0.18999199569225311279 0.26449036598205566406 0.46869540214538574219 0.3721650242805480957 2.0510149002075195312 0.90779328346252441406 0.29831841588020324707 0.39677816629409790039 1.0488775968551635742 0.37974765896797180176 0.51073896884918212891
0.49859496951103210449 0.50456660985946655273 0.51296573877334594727 0.51446813344955444336 0.50918537378311157227 0.50795447826385498047 0.51095271110534667969 0.51325684785842895508 0.90560817718505859375 0.26336374878883361816 0.26296064257621765137 0.26029995083808898926 0.27778974175453186035 0.26053190231323242188 0.26017722487449645996 0.25321817398071289062 0.21269224584102630615 0.21020212769508361816 0.20849871635437011719 0.20621629059314727783 0.16422477364540100098 0.16355267167091369629 0.16351091861724853516 0.16323752701282501221 0.20216967165470123291 0.1718409806489944458 0.51165002584457397461 0.24214756488800048828 0.17229893803596496582 0.16455781459808349609 0.16746224462985992432 0.19813168048858642578 0.17230808734893798828 0.17540174722671508789 0.18255054950714111328 0.35329556465148925781 2.9792554378509521484 3.0877301692962646484 1.220676422119140625 0.72222471237182617188 0.40158230066299438477 0.53070908784866333008
0.27082702517509460449 0.27778285741806030273 0.28395435214042663574 0.28792276978492736816 0.28985694050788879395 0.29539290070533752441 0.30429747700691223145 0.85324859619140625 0.2646566927433013916 0.26097798347473144531 0.25846019387245178223 0.27901124954223632812 0.26072806119918823242 0.25942751765251159668 0.25353172421455383301 0.2126105576753616333 0.21069219708442687988 0.20911511778831481934 0.2081416696310043335 0.1602678149938583374 0.15774960815906524658 0.15610210597515106201 0.15529768168926239014 0.19775998592376708984 0.16377158463001251221 0.51080363988876342773 0.23669104278087615967 0.16190846264362335205 0.15111827850341796875 0.15113198757171630859 0.17935286462306976318 0.15309847891330718994 0.15625368058681488037 0.15894185006618499756 0.16406293213367462158 0.16719457507133483887 0.31857958436012268066 0.39593988656997680664 0.41520673036575317383 3.1167161464691162109 0.75009161233901977539 0.63610863685607910156
0.72108578681945800781 0.7399756312370300293 0.73611682653427124023 0.73630881309509277344 0.73889124393463134766 0.80874276161193847656 0.83582460880279541016 0.26388052105903625488 0.26294428110122680664 0.25883078575134277344 0.27850890159606933594 0.25988540053367614746 0.25899234414100646973 0.25142145156860351562 0.20737928152084350586 0.20703962445259094238 0.20616045594215393066 0.20548288524150848389 0.15299928188323974609 0.15194082260131835938 0.14970624446868896484 0.14775127172470092773 0.19545277953147888184 0.1572192460298538208 0.52111417055130004883 0.23564776778221130371 0.15440838038921356201 0.14181332290172576904 0.14046715199947357178 0.16984577476978302002 0.13990470767021179199 0.13999126851558685303 0.1402905881404876709 0.14460797607898712158 0.14850050210952758789 0.1509790569543838501 0.17866139113903045654 0 0.23935343325138092041 0.36420774459838867188 3.0200664997100830078 2.0551831722259521484
0.25897863507270812988 0.23965841531753540039 0.32522559165954589844 0.37913933396339416504 0.42629516124725341797 0.24961018562316894531 0.2521076500415802002 0.25541031360626220703 0.25874993205070495605 0.28363347053527832031 0.2610747218132019043 0.25916701555252075195 0.25167605280876159668 0.20223748683929443359 0.19997237622737884521 0.1992270350456237793 0.19904804229736328125 0.13925766944885253906 0.13947029411792755127 0.13944897055625915527 0.13853745162487030029 0.1950337141752243042 0.15017551183700561523 0.54005318880081176758 0.23856745660305023193 0.14720889925956726074 0.13267154991626739502 0.13136580586433410645 0.16462622582912445068 0.12891091406345367432 0.1287440955638885498 0.12818856537342071533 0.12743459641933441162 0.12841351330280303955 0.13419294357299804688 0.13580375909805297852 0.30734917521476745605 0 0.14223632216453552246 0.15908947587013244629 0.17362374067306518555 0.22339446842670440674
0.22758603096008300781 0.24728180468082427979 0.23408541083335876465 0.23483486473560333252 0.23711057007312774658 0.23890177905559539795 0.24069347977638244629 0.24405317008495330811 0.27545753121376037598 0.25894874334335327148 0.25756096839904785156 0.2501983344554901123 0.19898219406604766846 0.19684180617332458496 0.19319158792495727539 0.19183923304080963135 0.12178743630647659302 0.12164415419101715088 0.12150389701128005981 0.12156336754560470581 0.19158166646957397461 0.13966061174869537354 0.55704998970031738281 0.24006678164005279541 0.13701142370700836182 0.11882250010967254639 0.11852061003446578979 0.16096994280815124512 0.11559046059846878052 0.11468368768692016602 0.1144846007227897644 0.11372249573469161987 0.11254389584064483643 0.11264898627996444702 0.11434631794691085815 0.20174729824066162109 0 0 0.064690858125686645508 0.1009659990668296814 0.12359449267387390137 0.14308808743953704834
0.23839418590068817139 0.2244971543550491333 0.22406859695911407471 0.22474046051502227783 0.22687609493732452393 0.22906798124313354492 0.23080931603908538818 0.25918871164321899414 0.24387720227241516113 0.24793168902397155762 0.24235638976097106934 0.18867795169353485107 0.191561087965965271 0.19065858423709869385 0.18629048764705657959 0.095716312527656555176 0.095677919685840606689 0.095722861588001251221 0.095712989568710327148 0.18210668861865997314 0.12216471880674362183 0.57122272253036499023 0.23844106495380401611 0.12056460976600646973 0.095543250441551208496 0.095564208924770355225 0.15485051274299621582 0.095339030027389526367 0.094601638615131378174 0.094081990420818328857 0.093932092189788818359 0.093460172414779663086 0.092648915946483612061 0.092276357114315032959 0.19019217789173126221 0.056252121925354003906 0 0.077444635331630706787 0.13728478550910949707 0.15204256772994995117 0.1632442176342010498 0.1750415116548538208
0.21815730631351470947 0.21678163111209869385 0.21585662662982940674 0.21587535738945007324 0.2171643376350402832 0.21926283836364746094 0.24846507608890533447 0.23054137825965881348 0.2327629774808883667 0.22876054048538208008 0.17289260029792785645 0.17544221878051757812 0.17913365364074707031 0.17955330014228820801 0 0.011487642303109169006 0 0.013740828260779380798 0.17326380312442779541 0.095720030367374420166 0.57831007242202758789 0.23613543808460235596 0.095646210014820098877 0.043248251080513000488 0.041272122412919998169 0.14093726873397827148 0.038776624947786331177 0.0427416972815990448 0.048740692436695098877 0.051039226353168487549 0.051533088088035583496 0.053030878305435180664 0.054995119571685791016 0.1837342381477355957 0.092368446290493011475 0.11338274925947189331 0.12942674756050109863 0.6249103546142578125 0.43326076865196228027 0.43585237860679626465 0.43149092793464660645 0.4340413510799407959
0.21237790584564208984 0.21079641580581665039 0.2093305438756942749 0.20848059654235839844 0.2085297703742980957 0.23749426007270812988 0.2199201434850692749 0.22173357009887695312 0.2149715721607208252 0.15528987348079681396 0.15739627182483673096 0.15970094501972198486 0.16269613802433013916 0 0.09518197178840637207 0.12435900419950485229 0.1451380997896194458 0.16186894476413726807 0 0.58900022506713867188 0.23224097490310668945 0.034775864332914352417 0.040584973990917205811 0.095655918121337890625 0.12179672718048095703 0.038899715989828109741 0.095717027783393859863 0.12141839414834976196 0.13845972716808319092 0.15230762958526611328 0.16496489942073822021 0.17516602575778961182 0.18299673497676849365 0.054431110620498657227 0.056588008999824523926 0.23343235254287719727 0.59641677141189575195 0.20075723528861999512 0.11802449822425842285 0.13663487136363983154 0.14845146238803863525 0.15992841124534606934
0.2064151465892791748 0.20512159168720245361 0.20347411930561065674 0.20204320549964904785 0.23011928796768188477 0.20945176482200622559 0.21146070957183837891 0.20482392609119415283 0.13783875107765197754 0.13866971433162689209 0.14042761921882629395 0.14204800128936767578 0.39599847793579101562 0.40491375327110290527 0.40960395336151123047 0.41278430819511413574 0.41572538018226623535 0.41987696290016174316 0.59836280345916748047 0.22845575213432312012 0.024275856092572212219 0.095722794532775878906 0.12208473682403564453 0.14092299342155456543 0.15680341422557830811 0.17007386684417724609 0.18121470510959625244 0.19001580774784088135 0.19660508632659912109 0.20384889841079711914 0.21196995675563812256 0.21952582895755767822 0.22653591632843017578 0.22957901656627655029 0.22909912467002868652 0.33559083938598632812 0 0.096860975027084350586 0.05668908730149269104 0.097125135362148284912 0.11709125339984893799 0.13284040987491607666
0.1998112797737121582 0.19927738606929779053 0.19792912900447845459 0.22779437899589538574 0.20311653614044189453 0.20246836543083190918 0.19468252360820770264 0.11942061781883239746 0.11939265578985214233 0.11980365961790084839 0.12084253132343292236 0.37985265254974365234 0.21213519573211669922 0.28414067625999450684 0.29962378740310668945 0.35280534625053405762 0.42813894152641296387 0.48536154627799987793 0.22043280303478240967 0.20946486294269561768 0.2148275226354598999 0.22158549726009368896 0.22958728671073913574 0.23679484426975250244 0.2436046600341796875 0.24930508434772491455 0.25383815169334411621 0.33551892638206481934 0.33262655138969421387 0.33294433355331420898 0.33580619096755981445 0.34178569912910461426 0.35150542855262756348 0.35334277153015136719 0.34712958335876464844 0.18803170323371887207 0 0.056295398622751235962 0.092345170676708221436 0.1123852655291557312 0.12993669509887695312 0.14311917126178741455
0.19086726009845733643 0.19115014374256134033 0.22527995705604553223 0.19897149503231048584 0.19713570177555084229 0.18649183213710784912 0.095147751271724700928 0.095169596374034881592 0.095215901732444763184 0.095321133732795715332 0.37090510129928588867 0.19980050623416900635 0.20020920038223266602 0.038035288453102111816 0.21666987240314483643 0.29488205909729003906 0.28781262040138244629 0.20809213817119598389 0.19880042970180511475 0.21659350395202636719 0.22038964927196502686 0.22730576992034912109 0.23755346238613128662 0.24593843519687652588 0.25237166881561279297 0.25767105817794799805 0.26187762618064880371 0.044739019125699996948 0.095025733113288879395 0.11773892492055892944 0.13420675694942474365 0.14984031021595001221 0.16749313473701477051 0.18007582426071166992 0.1861012578010559082 0.052779227495193481445 0 0.11704735457897186279 0.13098414242267608643 0.1420246809720993042 0.15128688514232635498 0.16276273131370544434
0.17960298061370849609 0.21770441532135009766 0.19145473837852478027 0.19115020334720611572 0.17945407330989837646 0.046013191342353820801 0.047838594764471054077 0.048090633004903793335 0.047034993767738342285 0.36635881662368774414 0.1895055621862411499 0.18966242671012878418 0.18895123898983001709 0.20091606676578521729 0.28593519330024719238 0.28370144963264465332 0.19775399565696716309 0.18606673181056976318 0.20723402500152587891 0.23050065338611602783 0.28076416254043579102 0.28476184606552124023 0.29482531547546386719 0.30363953113555908203 0.31040236353874206543 0.31470209360122680664 0.31684705615043640137 0.31491294503211975098 0.30995935201644897461 0.30749204754829406738 0.30687832832336425781 0.31494408845901489258 0.33406743407249450684 0.4229005277156829834 0.41520088911056518555 0.40670678019523620605 0.16427864134311676025 0.39286467432975769043 0.38899785280227661133 0.38501843810081481934 0.38099175691604614258 0.38357114791870117188
0.20836466550827026367 0.17995361983776092529 0.18063369393348693848 0.16878692805767059326 0.16776330769062042236 0.17824560403823852539 0.18742823600769042969 0.31310975551605224609 0.36390718817710876465 0.17895789444446563721 0.17900927364826202393 0.17854198813438415527 0.2137756645679473877 0.26906177401542663574 0.2728500068187713623 0.18735320866107940674 0.17390213906764984131 0.19629500806331634521 0.22380694746971130371 0.1934537738561630249 0.23724304139614105225 0.24202269315719604492 0.25113841891288757324 0.26120898127555847168 0.27189469337463378906 0.27866923809051513672 0.28150975704193115234 0.28177049756050109863 0.27985355257987976074 0.27911654114723205566 0.27929872274398803711 0.28766292333602905273 0.30719113349914550781 0.039414010941982269287 0.049923304468393325806 0.094122909009456634521 0 0.13144916296005249023 0.1423330456018447876 0.15118719637393951416 0.15863314270973205566 0.16759498417377471924
0.16858327388763427734 0.16849780082702636719 0.15550071001052856445 0.15501934289932250977 0.18861714005470275879 0.23568475246429443359 0.27046871185302734375 0.22143629193305969238 0.16714848577976226807 0.1671476513147354126 0.16647939383983612061 0.20571586489677429199 0.17640966176986694336 0.2558218538761138916 0.17155565321445465088 0.15977011620998382568 0.18495853245258331299 0.21410608291625976562 0.18358711898326873779 0.23514485359191894531 0.045509826391935348511 0.24739132821559906006 0.2899742424488067627 0.29826146364212036133 0.36631163954734802246 0.44102513790130615234 0.4381650388240814209 0.43418589234352111816 0.42883512377738952637 0.42421814799308776855 0.42041301727294921875 0.42806449532508850098 0.45153206586837768555 0.45368555188179016113 0.43306747078895568848 0.42084985971450805664 0.64869362115859985352 0.40837445855140686035 0.40491133928298950195 0.4026832282543182373 0.40161141753196716309 0.40493616461753845215
0.15562668442726135254 0.1401455998420715332 0.14011581242084503174 0.17934492230415344238 0.15339988470077514648 0.15272727608680725098 0.21289850771427154541 0.15297485888004302979 0.15385931730270385742 0.15336534380912780762 0.19535364210605621338 0.16450610756874084473 0.2461923062801361084 0.15334318578243255615 0.1408678889274597168 0.17157663404941558838 0.20387206971645355225 0.17054940760135650635 0.22677347064018249512 0.1802037358283996582 0.23760496079921722412 0.17692530155181884766 0.17547999322414398193 0.23443323373794555664 0.29149323701858520508 0.1916618049144744873 0.25101497769355773926 0.25413328409194946289 0.25696578621864318848 0.25935116410255432129 0.26146200299263000488 0.26814106106758117676 0.28080224990844726562 0.28425291180610656738 0.27845436334609985352 0.41984638571739196777 0.41887265443801879883 0.27336639165878295898 0.27522262930870056152 0.27820768952369689941 0.28224283456802368164 0.28618538379669189453
