tests/data/reference/gistest/full/control/widthrill.asc
ncols        125
nrows        78
xllcorner    -713756.799299980048
yllcorner    -1061032.369616159936
cellsize     10.000000000000
NODATA_value  -9999
[rows 57 to 75 of 78, columns 42 to 83 of 125]
0.12138803303241729736 0.12139867246150970459 0.16884577274322509766 0.1395699232816696167 0.13828411698341369629 0.18633478879928588867 0.13723576068878173828 0.13752636313438415527 0.13821086287498474121 0.18617215752601623535 0.15000316500663757324 0.20911046862602233887 0.13731725513935089111 0.11985624581575393677 0.15419709682464599609 0.19096127152442932129 0.15609498322010040283 0.21798954904079437256 0.16746091842651367188 0.16675382852554321289 0.16665135324001312256 0.16560633480548858643 0.1638768613338470459 0.26758438348770141602 0.17799882590770721436 0.17864990234375 0.25338628888130187988 0.29133063554763793945 0.32119953632354736328 0.37850275635719299316 0.37757182121276855469 0.38027390837669372559 0.38737255334854125977 0.38847234845161437988 0.3829364776611328125 0.58948194980621337891 0.58199733495712280273 0.37087208032608032227 0.37324735522270202637 0.37686452269554138184 0.38144338130950927734 0.38175719976425170898
0.095679849386215209961 0.15622223913669586182 0.12181802093982696533 0.12150385230779647827 0.17900325357913970947 0.12014909088611602783 0.11978232860565185547 0.11987657099962234497 0.17821319401264190674 0.13766828179359436035 0.19941744208335876465 0.11784965544939041138 0.095363035798072814941 0.13892276585102081299 0.17791466414928436279 0.13921913504600524902 0.20888665318489074707 0.15503355860710144043 0.15381643176078796387 0.15313212573528289795 0.15318326652050018311 0.1526854783296585083 0.26213753223419189453 0.16381564736366271973 0.16519570350646972656 0.24759456515312194824 0.17541052401065826416 0.17378222942352294922 0.25183272361755371094 0.18052068352699279785 0.23636013269424438477 0.24097670614719390869 0.24646000564098358154 0.25063690543174743652 0.25311055779457092285 0.38580688834190368652 0.38835880160331726074 0.2581901848316192627 0.26408791542053222656 0.26983615756034851074 0.27534520626068115234 0.41052407026290893555
0.14132830500602722168 0.095719851553440093994 0.095727674663066864014 0.17075100541114807129 0.095709174871444702148 0.09568169713020324707 0.095645070075988769531 0.16855421662330627441 0.12160230427980422974 0.19846706092357635498 0.094633191823959350586 0.051665417850017547607 0.12119229137897491455 0.16989473998546600342 0.12090869247913360596 0.19897423684597015381 0.13988523185253143311 0.13989977538585662842 0.13916738331317901611 0.13840569555759429932 0.13800068199634552002 0.25891861319541931152 0.15202771127223968506 0.15155871212482452393 0.23944199085235595703 0.16449971497058868408 0.16377975046634674072 0.248278006911277771 0.17175002396106719971 0.17002056539058685303 0.16843582689762115479 0.21499490737915039062 0.22656434774398803711 0.23605933785438537598 0.25823536515235900879 0.39698401093482971191 0.26180979609489440918 0.26604345440864562988 0.28835827112197875977 0.31471228599548339844 0.35122051835060119629 0.12814725935459136963
0.030535887926816940308 0.033272515982389450073 0.15789492428302764893 0.035125568509101867676 0.035418637096881866455 0.034311201423406600952 0.15840749442577362061 0.095734901726245880127 0.1935974806547164917 0.043331086635589599609 0.050997044891119003296 0.095014266669750213623 0.15761995315551757812 0.095665246248245239258 0.19209598004817962646 0.1211253926157951355 0.12122958898544311523 0.12132766842842102051 0.12122387439012527466 0.1206095963716506958 0.25370460748672485352 0.13763210177421569824 0.13767600059509277344 0.23310437798500061035 0.15106771886348724365 0.15074993669986724854 0.24314641952514648438 0.16198895871639251709 0.16059027612209320068 0.15903684496879577637 0.14560131728649139404 0.055775437504053115845 0.055815927684307098389 0.13025015592575073242 0.057399965822696685791 0 0.11140333116054534912 0.12713402509689331055 0.15458811819553375244 0.19772104918956756592 0.11318674683570861816 0.091968536376953125
0.1243527531623840332 0.14402158558368682861 0.031061030924320220947 0.095728769898414611816 0.12263204902410507202 0.14294247329235076904 0 0.18621866405010223389 0.035208456218242645264 0.095614664256572723389 0.11925367265939712524 0.13822972774505615234 0.020793318748474121094 0.18907941877841949463 0.095716364681720733643 0.095711275935173034668 0.09566929936408996582 0.095682911574840545654 0.095712013542652130127 0.25325983762741088867 0.12014985084533691406 0.11962851136922836304 0.2277660667896270752 0.1372867971658706665 0.13616353273391723633 0.23569621145725250244 0.14936114847660064697 0.14861212670803070068 0.1475772559642791748 0.13275451958179473877 0.055545724928379058838 0.093341827392578125 0.11554956436157226562 0.055927477777004241943 0.092267371714115142822 0 0.12957018613815307617 0.14261229336261749268 0.19052000343799591064 0.092630267143249511719 0.056896127760410308838 0.05718240886926651001
-9999 0 0.095571182668209075928 0.12312291562557220459 0.14285987615585327148 0.16026106476783752441 0.17774747312068939209 0 0.095737278461456298828 0.12097787857055664062 0.13848730921745300293 0.15528202056884765625 0.17554169893264770508 0 0 0.030827848240733146667 0.036937903612852096558 0.036590658128261566162 0.25302588939666748047 0.095734827220439910889 0.095631323754787445068 0.22304749488830566406 0.12047167867422103882 0.12000184506177902222 0.23262885212898254395 0.13579003512859344482 0.13503238558769226074 0.13413311541080474854 0.11617586016654968262 0.055265955626964569092 0.093271747231483459473 0.11497909575700759888 0.13235712051391601562 0.1452738344669342041 0.15407674014568328857 0 0.17297953367233276367 0.18176569044589996338 0.056919179856777191162 0.056618385016918182373 0.092710860073566436768 0.11368721723556518555
-9999 -9999 -9999 -9999 0.024878216907382011414 0.095451846718788146973 0.12546168267726898193 0.14593866467475891113 0.15714202821254730225 0.16820243000984191895 0.18076114356517791748 0.19413876533508300781 0.21015417575836181641 0.22291538119316101074 0.22958275675773620605 0.2351446300745010376 0.24001443386077880859 0.2474018484354019165 0 0 0.22260257601737976074 0.095729216933250427246 0.095705077052116394043 0.23325483500957489014 0.12042400985956192017 0.11924666911363601685 0.11815882474184036255 0.094324342906475067139 0.054812051355838775635 0.093376263976097106934 0.11472046375274658203 0.13117189705371856689 0.14576616883277893066 0.15719252824783325195 0.16536270081996917725 0 0.18242765963077545166 0.19013303518295288086 0.1979818195104598999 0.20557235181331634521 0.21255820989608764648 0.21914076805114746094
-9999 -9999 -9999 -9999 -9999 -9999 -9999 -9999 -9999 -9999 0.028753491118550300598 0.095445901155471801758 0.12461786717176437378 0.14597100019454956055 0.16266359388828277588 0.17635895311832427979 0.18778368830680847168 0.1993309706449508667 0.21194553375244140625 0.22162479162216186523 0 0.017570607364177703857 0.23319931328296661377 0.095715977251529693604 0.095724470913410186768 0.095504619181156158447 0.050340436398983001709 0.053116921335458755493 0.09370632469654083252 0.11497710645198822021 0.13102586567401885986 0.14461147785186767578 0.15706121921539306641 0.16746665537357330322 0.1757720261812210083 0 0.19074282050132751465 0.19684992730617523193 0.20268748700618743896 0.20941904187202453613 0.21700887382030487061 0.22433894872665405273
-9999 -9999 -9999 -9999 -9999 -9999 -9999 -9999 -9999 -9999 -9999 0 0.094970300793647766113 0.12463025748729705811 0.14524486660957336426 0.1619288325309753418 0.17658481001853942871 0.19003425538539886475 0.20276428759098052979 0.21400335431098937988 0.2236143648624420166 0.23175035417079925537 0 0 0.024222016334533691406 0.03975817561149597168 0.095204204320907592773 0.11750026792287826538 0.13258019089698791504 0.14510643482208251953 0.15668638050556182861 0.16735643148422241211 0.17747893929481506348 0.26867634057998657227 0.27526208758354187012 0 0.2796325385570526123 0.28060996532440185547 0.28110772371292114258 0.28461381793022155762 0.29105180501937866211 0.29768064618110656738
-9999 -9999 -9999 -9999 -9999 -9999 -9999 -9999 -9999 -9999 -9999 -9999 -9999 -9999 -9999 -9999 -9999 -9999 -9999 0 0.093683771789073944092 0.12620854377746582031 0.1478033214807510376 0.16316634416580200195 0.1744937896728515625 0.18218003213405609131 0.18710972368717193604 0.19164170324802398682 0.19592526555061340332 0.20182467997074127197 0.20932611823081970215 0.21708299219608306885 0.22508509457111358643 0.054798342287540435791 0.056115426123142242432 0 0.11606424301862716675 0.13008429110050201416 0.14063930511474609375 0.15091380476951599121 0.1617644578218460083 0.17240577936172485352
-9999 -9999 -9999 -9999 -9999 -9999 -9999 -9999 -9999 -9999 -9999 -9999 -9999 -9999 -9999 -9999 -9999 -9999 -9999 -9999 -9999 -9999 0 0.094836756587028503418 0.12339340895414352417 0.14059026539325714111 0.15314508974552154541 0.16277419030666351318 0.17030915617942810059 0.17869170010089874268 0.18835645914077758789 0.19788688421249389648 0.2075379490852355957 0.21282544732093811035 0.2142101973295211792 0.32150816917419433594 0.22319619357585906982 0.22583551704883575439 0.22633683681488037109 0.22951745986938476562 0.23518304526805877686 0.24231731891632080078
-9999 -9999 -9999 -9999 -9999 -9999 -9999 -9999 -9999 -9999 -9999 -9999 -9999 -9999 -9999 -9999 -9999 -9999 -9999 -9999 -9999 -9999 -9999 -9999 0.035347271710634231567 0.095559753477573394775 0.12016584724187850952 0.13683401048183441162 0.14860297739505767822 0.15984784066677093506 0.17181943356990814209 0.18280969560146331787 0.19306761026382446289 0.19888348877429962158 0.20065905153751373291 0.29843232035636901855 0.21218916773796081543 0.21571102738380432129 0.21627894043922424316 0.21891005337238311768 0.2233623117208480835 0.22992786765098571777
-9999 -9999 -9999 -9999 -9999 -9999 -9999 -9999 -9999 -9999 -9999 -9999 -9999 -9999 -9999 -9999 -9999 -9999 -9999 -9999 -9999 -9999 -9999 -9999 -9999 0.046584937721490859985 0.046173535287380218506 0.095252625644207000732 0.1178989708423614502 0.13473396003246307373 0.15041893720626831055 0.16374547779560089111 0.17488041520118713379 0.18203714489936828613 0.25801548361778259277 0.19144865870475769043 -9999 -9999 -9999 -9999 -9999 -9999
-9999 -9999 -9999 -9999 -9999 -9999 -9999 -9999 -9999 -9999 -9999 -9999 -9999 -9999 -9999 -9999 -9999 -9999 -9999 -9999 -9999 -9999 -9999 -9999 -9999 -9999 -9999 0.047221116721630096436 0.094841241836547851562 0.11815814673900604248 0.13719831407070159912 0.15243476629257202148 0.16413271427154541016 0.1724742203950881958 -9999 -9999 -9999 -9999 -9999 -9999 -9999 -9999
-9999 -9999 -9999 -9999 -9999 -9999 -9999 -9999 -9999 -9999 -9999 -9999 -9999 -9999 -9999 -9999 -9999 -9999 -9999 -9999 -9999 -9999 -9999 -9999 -9999 -9999 -9999 -9999 0.050011355429887771606 0.095026724040508270264 0.11988769471645355225 0.13804066181182861328 0.15127104520797729492 -9999 -9999 -9999 -9999 -9999 -9999 -9999 -9999 -9999
-9999 -9999 -9999 -9999 -9999 -9999 -9999 -9999 -9999 -9999 -9999 -9999 -9999 -9999 -9999 -9999 -9999 -9999 -9999 -9999 -9999 -9999 -9999 -9999 -9999 -9999 -9999 -9999 -9999 0.047879274934530258179 0.095423392951488494873 0.11974134296178817749 0.13602352142333984375 -9999 -9999 -9999 -9999 -9999 -9999 -9999 -9999 -9999
-9999 -9999 -9999 -9999 -9999 -9999 -9999 -9999 -9999 -9999 -9999 -9999 -9999 -9999 -9999 -9999 -9999 -9999 -9999 -9999 -9999 -9999 -9999 -9999 -9999 -9999 -9999 -9999 -9999 -9999 0.045687649399042129517 0.048809606581926345825 0.094550907611846923828 -9999 -9999 -9999 -9999 -9999 -9999 -9999 -9999 -9999
-9999 -9999 -9999 -9999 -9999 -9999 -9999 -9999 -9999 -9999 -9999 -9999 -9999 -9999 -9999 -9999 -9999 -9999 -9999 -9999 -9999 -9999 -9999 -9999 -9999 -9999 -9999 -9999 -9999 -9999 -9999 0.095074504613876342773 -9999 -9999 -9999 -9999 -9999 -9999 -9999 -9999 -9999 -9999
-9999 -9999 -9999 -9999 -9999 -9999 -9999 -9999 -9999 -9999 -9999 -9999 -9999 -9999 -9999 -9999 -9999 -9999 -9999 -9999 -9999 -9999 -9999 -9999 -9999 -9999 -9999 -9999 -9999 -9999 -9999 -9999 -9999 -9999 -9999 -9999 -9999 -9999 -9999 -9999 -9999 -9999
