tests/data/reference/gistest/full/control/widthrill.asc
ncols        125
nrows        78
xllcorner    -713756.799299980048
yllcorner    -1061032.369616159936
cellsize     10.000000000000
NODATA_value  -9999
[rows 38 to 56 of 78, columns 0 to 41 of 125]
-9999 -9999 -9999 -9999 -9999 -9999 -9999 -9999 -9999 -9999 -9999 0 0 0.202298775315284729 0.39517778158187866211 0 0.11182335019111633301 0.16205509006977081299 0.1819356083869934082 0.19249020516872406006 0.16402259469032287598 0.22928820550441741943 0.20026545226573944092 0.2017466425895690918 0.21942174434661865234 0.20643036067485809326 0.16493900120258331299 0.11353397369384765625 0.16440133750438690186 0.19248400628566741943 0.16485662758350372314 0.16373170912265777588 0.16265773773193359375 0.16119025647640228271 0.11319875717163085938 0.059692643582820892334 0.054645143449306488037 0.16510999202728271484 0.050625871866941452026 0.051562536507844924927 0.053978174924850463867 0.061871394515037536621
-9999 -9999 -9999 -9999 -9999 -9999 -9999 -9999 -9999 -9999 -9999 0 0.18940430879592895508 0.40600749850273132324 0.10037383437156677246 0 0.14206400513648986816 0.17556437849998474121 0.19033671915531158447 0.14418381452560424805 0.23314398527145385742 0.19632057845592498779 0.19856461882591247559 0.22299678623676300049 0.20545832812786102295 0.14502266049385070801 0.043454769998788833618 0.1443058699369430542 0.18229624629020690918 0.14499638974666595459 0.14557822048664093018 0.14491021633148193359 0.14439491927623748779 0.029893964529037475586 0.054828647524118423462 0.11363771557807922363 0.14440383017063140869 0.03994585573673248291 0.11397563666105270386 0.14618563652038574219 0.16704647243022918701 0.061123717576265335083
-9999 -9999 -9999 -9999 -9999 -9999 -9999 -9999 -9999 -9999 0 0 0.42174714803695678711 0.14121177792549133301 0 0.092404231429100036621 0.16359518468379974365 0.19072359800338745117 0.11176610738039016724 0.24031515419483184814 0.19415244460105895996 0.19527155160903930664 0.22595608234405517578 0.20318974554538726807 0.11360369622707366943 0.037610664963722229004 0.1136404871940612793 0.16737620532512664795 0.11378512531518936157 0.11353174597024917603 0.11162308603525161743 0.11082410812377929688 0 0.11447710543870925903 0.14372292160987854004 0.16382500529289245605 0.1828196793794631958 0.19887058436870574951 0.21182014048099517822 0.051094554364681243896 0.06002537161111831665 0.17389170825481414795
-9999 -9999 -9999 -9999 -9999 -9999 -9999 -9999 -9999 -9999 0 0.37886101007461547852 0.18810185790061950684 0.089127600193023681641 0 0.13910762965679168701 0.18732139468193054199 0 0.25366100668907165527 0.19466346502304077148 0.19397406280040740967 0.23009364306926727295 0.20091837644577026367 0.029175760224461555481 0.040105611085891723633 0.11376855522394180298 0.14598444104194641113 0.019926359876990318298 0.0060774744488298892975 0 0 0 0.11398287117481231689 0.14538735151290893555 0.16405783593654632568 0.17921221256256103516 0.19332587718963623047 0.20546644926071166992 0.055097624659538269043 0.21318371593952178955 0.1123781353235244751 0.11164847761392593384
-9999 -9999 -9999 -9999 -9999 -9999 -9999 -9999 -9999 0 0 0.36142936348915100098 0.16940604150295257568 0 0.090163826942443847656 0.17806485295295715332 0.18956436216831207275 0.26455739140510559082 0.19809165596961975098 0.19644679129123687744 0.23673899471759796143 0.19850078225135803223 0.11400537192821502686 0.145642891526222229 0.16604594886302947998 0.18266277015209197998 0.38843491673469543457 0.41110852360725402832 0.41029492020606994629 0.41548335552215576172 0.42815765738487243652 0.42206791043281555176 0.39982455968856811523 0.38502511382102966309 0.37489470839500427246 0.37008979916572570801 0.36940079927444458008 0.37064915895462036133 0.37504172325134277344 0.3697465062141418457 0.36056321859359741211 0.35510781407356262207
-9999 -9999 -9999 -9999 -9999 -9999 -9999 -9999 0 0 0.35678783059120178223 0.10577867180109024048 0.14349439740180969238 0 0.163664206862449646 0.18022643029689788818 0.19523644447326660156 0.19785833358764648438 0.2000649869441986084 0.24912405014038085938 0.19769905507564544678 0 0.018469456583261489868 0.11405425518751144409 0.34261757135391235352 0.35877275466918945312 0.18231314420700073242 0.14547559618949890137 0.16775085031986236572 0.18611288070678710938 0.20311687886714935303 0.21218158304691314697 0.21298573911190032959 0.21429705619812011719 0.21629251539707183838 0.21943619847297668457 0.2237304002046585083 0.22831833362579345703 0.23309288918972015381 0.23373392224311828613 0.23136070370674133301 0.23251859843730926514
-9999 -9999 -9999 -9999 -9999 -9999 -9999 -9999 0 0 0.36079835891723632812 0 0.10266663134098052979 0.14085124433040618896 0.16564771533012390137 0.19036707282066345215 0.19592419266700744629 0.20037496089935302734 0.25529235601425170898 0.19764839112758636475 0.19741393625736236572 0.26025849580764770508 0.30454137921333312988 0.3407675325870513916 0.16720229387283325195 0.16597773134708404541 0.1136224791407585144 0.043722439557313919067 0.11377862095832824707 0.14576771855354309082 0.17040462791919708252 0.18742612004280090332 0.19669575989246368408 0.20487223565578460693 0.21276335418224334717 0.22043702006340026855 0.22738781571388244629 0.57368922233581542969 0.5907039642333984375 0.60158884525299072266 0.60534811019897460938 0.61425042152404785156
-9999 -9999 -9999 -9999 -9999 -9999 -9999 -9999 0 0.35122483968734741211 0.17011730372905731201 0 0.10025750845670700073 0.14282384514808654785 0.18117372691631317139 0.19121344387531280518 0.20018380880355834961 0.25576254725456237793 0.1924292147159576416 0.19506162405014038086 0.19376668334007263184 0.19516287744045257568 0.19912411272525787354 0.14528216421604156494 0.14542277157306671143 0.035724010318517684937 0.046676486730575561523 0.11391104757785797119 0.1449330747127532959 0.16768778860569000244 0.18621136248111724854 0.19984458386898040771 0.20861689746379852295 0.2161105722188949585 0.53507262468338012695 0.54863125085830688477 0.56103080511093139648 0.21901270747184753418 0.21856407821178436279 0.21772253513336181641 0.21629537642002105713 0.21605437994003295898
-9999 -9999 -9999 -9999 -9999 -9999 -9999 0 0.33823981881141662598 0.14430086314678192139 0.14485117793083190918 0 0.10301309078931808472 0.16596490144729614258 0.18088589608669281006 0.19643923640251159668 0.25899305939674377441 0.18387079238891601562 0.19136710464954376221 0.19353730976581573486 0.19357010722160339355 0.19536074995994567871 0.11412961035966873169 0.11360497027635574341 0.1134796142578125 0.14479325711727142334 0.16478426754474639893 0.18114139139652252197 0.19648239016532897949 0.20753918588161468506 0.21478596329689025879 0.22067919373512268066 0.51696211099624633789 0.5325749516487121582 0.22020901739597320557 0.21957479417324066162 0.21873764693737030029 0.21687634289264678955 0.21452762186527252197 0.21256600320339202881 0.21095646917819976807 0.21140973269939422607
-9999 -9999 -9999 -9999 -9999 -9999 -9999 0 0.25522902607917785645 0.10303837805986404419 0.10628776252269744873 0 0.14361518621444702148 0.16444076597690582275 0.18781448900699615479 0.25500050187110900879 0.16782020032405853271 0.18262565135955810547 0.19157207012176513672 0.19572116434574127197 0.19644173979759216309 0.015020745806396007538 0.035815864801406860352 0.041606467217206954956 0.041263509541749954224 0.11375436186790466309 0.1435734480619430542 0.16480463743209838867 0.43969064950942993164 0.46082168817520141602 0.47442808747291564941 0.49248608946800231934 0.21895945072174072266 0.21855886280536651611 0.21876819431781768799 0.21817134320735931396 0.21700708568096160889 0.21491251885890960693 0.21222469210624694824 0.21024477481842041016 0.21017166972160339355 0.20882970094680786133
-9999 -9999 -9999 -9999 -9999 -9999 0 0.24539464712142944336 0.24453312158584594727 0 0 0.10464583337306976318 0.14196807146072387695 0.17920424044132232666 0.25685617327690124512 0.14483040571212768555 0.16569659113883972168 0.18063458800315856934 0.19126488268375396729 0.19597227871417999268 0.19621191918849945068 0.25834041833877563477 0.29834708571434020996 0.32939323782920837402 0.3790690004825592041 0.39134001731872558594 0.40570464730262756348 0.42350646853446960449 0.20731382071971893311 0.20928895473480224609 0.21211782097816467285 0.21340714395046234131 0.21506670117378234863 0.21710328757762908936 0.21683856844902038574 0.21597895026206970215 0.21476449072360992432 0.21259112656116485596 0.20953348278999328613 0.21010756492614746094 0.20800414681434631348 0.20833703875541687012
-9999 -9999 -9999 -9999 -9999 0 0 0.14468590915203094482 0.21230265498161315918 0 0 0.091570302844047546387 0.17022912204265594482 0.26827540993690490723 0.10910772532224655151 0.1438369452953338623 0.16442939639091491699 0.17918498814105987549 0.18991144001483917236 0.19352318346500396729 0.19212202727794647217 0.19191442430019378662 0.19273902475833892822 0.24390202760696411133 0.16374531388282775879 0.17886948585510253906 0.18981063365936279297 0.19685065746307373047 0.19924108684062957764 0.20563530921936035156 0.20723503828048706055 0.20841811597347259521 0.21345292031764984131 0.21515858173370361328 0.21544291079044342041 0.21481414139270782471 0.21350377798080444336 0.21104061603546142578 0.21187849342823028564 0.2072747349739074707 0.20809130370616912842 0.20711816847324371338
-9999 -9999 -9999 -9999 -9999 0 0.19047906994819641113 0.10124488919973373413 0.14243139326572418213 0.07521222531795501709 0 0.15190434455871582031 0.2877413332462310791 0 0.10644122213125228882 0.14257860183715820312 0.16310942173004150391 0.17801122367382049561 0.18777765333652496338 0.18824663758277893066 0.18639998137950897217 0.18524663150310516357 0.24537703394889831543 0.14306879043579101562 0.16151629388332366943 0.17448984086513519287 0.1839618980884552002 0.18608079850673675537 0.19345867633819580078 0.19582691788673400879 0.19798299670219421387 0.20395450294017791748 0.20584206283092498779 0.20747564733028411865 0.20858621597290039062 0.20878203213214874268 0.20806261897087097168 0.21395021677017211914 0.2074915468692779541 0.20833882689476013184 0.20545224845409393311 0.20569802820682525635
-9999 -9999 -9999 -9999 0 0 0.17334002256393432617 0 0.053733658045530319214 0 0.11748342961072921753 0.24275077879428863525 0.17313045263290405273 0 0.10249708592891693115 0.14080806076526641846 0.1622892916202545166 0.17629718780517578125 0.1789636462926864624 0.17925825715065002441 0.177289620041847229 0.24539887905120849609 0.11381591111421585083 0.14136253297328948975 0.15763132274150848389 0.16790980100631713867 0.17046104371547698975 0.17969602346420288086 0.18070788681507110596 0.18265490233898162842 0.19127033650875091553 0.19307528436183929443 0.1943677067756652832 0.19562514126300811768 0.19682906568050384521 0.19776687026023864746 0.20983240008354187012 0.20368772745132446289 0.20880980789661407471 0.20442876219749450684 0.20273755490779876709 0.20336489379405975342
-9999 -9999 -9999 -9999 0 0.19460669159889221191 0.021249085664749145508 0 0 0 0 0.20090636610984802246 0.15394474565982818604 0 0.094364412128925323486 0.13938257098197937012 0.1623633652925491333 0.16315472126007080078 0.16444918513298034668 0.16501969099044799805 0.25436645746231079102 0.022627698257565498352 0.11418493092060089111 0.14036460220813751221 0.15381735563278198242 0.15504905581474304199 0.16640499234199523926 0.16751113533973693848 0.16869917511940002441 0.17856617271900177002 0.1811755448579788208 0.18312507867813110352 0.18430694937705993652 0.18484041094779968262 0.18517784774303436279 0.20268251001834869385 0.19364438951015472412 0.20359504222869873047 0.20048925280570983887 0.20004539191722869873 0.19837079942226409912 0.19871020317077636719
-9999 -9999 -9999 0 0 0 0 0 0 0 0 0.11783169955015182495 0.062527745962142944336 0 0.075458221137523651123 0.14028072357177734375 0.14044465124607086182 0.14148858189582824707 0.1418765336275100708 0.19387930631637573242 0.17086309194564819336 0 0.11238699406385421753 0.13840423524379730225 0.13981141149997711182 0.1536251455545425415 0.1538460850715637207 0.15521025657653808594 0.16700123250484466553 0.16888119280338287354 0.17152024805545806885 0.17366705834865570068 0.17467670142650604248 0.17428800463676452637 0.19731727242469787598 0.18269146978855133057 0.19566957652568817139 0.18984405696392059326 0.19216360151767730713 0.19323238730430603027 0.19195477664470672607 0.19126355648040771484
-9999 -9999 -9999 0 0 0 0 0 0 0 0 0 0 0 0.032324567437171936035 0.083948075771331787109 0.091458097100257873535 0.098318941891193389893 0.10193150490522384644 0.094489723443984985352 0.14191134274005889893 0 0.097776681184768676758 0.10964849591255187988 0.13808482885360717773 0.1387106478214263916 0.13920050859451293945 0.15458680689334869385 0.15572153031826019287 0.15711404383182525635 0.15892660617828369141 0.16052706539630889893 0.16146162152290344238 0.1950168311595916748 0.17285507917404174805 0.1907981187105178833 0.18029360473155975342 0.18135960400104522705 0.18360000848770141602 0.18453688919544219971 0.18335625529289245605 0.18246641755104064941
-9999 -9999 0 0 0.11148404330015182495 0 0 0 0 -9999 -9999 -9999 0 0 0 0 0 0 0 0 0 0 0 0.078172251582145690918 0.09956470876932144165 0.10932857543230056763 0.13952766358852386475 0.14045673608779907227 0.14068938791751861572 0.14094631373882293701 0.14142712950706481934 0.14210189878940582275 0.19142121076583862305 0.16148449480533599854 0.18741810321807861328 0.17148713767528533936 0.171670570969581604 0.17280828952789306641 0.17399580776691436768 0.17333573102951049805 0.17197027802467346191 0.20150814950466156006
-9999 -9999 0 0.12119422852993011475 0 0 0 -9999 -9999 -9999 -9999 -9999 -9999 0 0 0 0.12689483165740966797 0 0.080678991973400115967 0.13310584425926208496 0.084793470799922943115 0 0 0 0 0.087195806205272674561 0.10600992292165756226 0.11181319504976272583 0.11366418749094009399 0.11412993818521499634 0.1142228245735168457 0.18487393856048583984 0.14326964318752288818 0.18319319188594818115 0.15957179665565490723 0.15933597087860107422 0.15961752831935882568 0.16009065508842468262 0.16029056906700134277 0.15907214581966400146 0.1973972618579864502 0.17148754000663757324
