tests/data/reference/gistest/full/control/widthrill.asc
ncols        125
nrows        78
xllcorner    -713756.799299980048
yllcorner    -1061032.369616159936
cellsize     10.000000000000
NODATA_value  -9999
[rows 19 to 37 of 78, columns 42 to 83 of 125]
0.19092476367950439453 0.23260863125324249268 0.20691491663455963135 0.20250874757766723633 0.16752916574478149414 0.1803359687328338623 0.21675652265548706055 0.13511165976524353027 0.069548308849334716797 0.10949948430061340332 0.14999495446681976318 0.16336309909820556641 0.1939754486083984375 0.1745026707649230957 0.14848989248275756836 0.1486024707555770874 0.13150359690189361572 0.10858099907636642456 0.10887120664119720459 0.10925808548927307129 0.10974901914596557617 0.11032857000827789307 0.20494264364242553711 0.13565619289875030518 0.13511808216571807861 0.13480190932750701904 0.23312057554721832275 0.15712836384773254395 0.29048019647598266602 0.16475966572761535645 0.16671954095363616943 0.010817084461450576782 0.1136035919189453125 0.6497732996940612793 0.32220107316970825195 0.16467233002185821533 0.13941295444965362549 0.11194272339344024658 0.066149219870567321777 -9999 -9999 -9999
0.20007368922233581543 0.23290486633777618408 0.21125894784927368164 0.20766745507717132568 0.17880226671695709229 0.18934653699398040771 0.21998462080955505371 0.15175092220306396484 0.070194289088249206543 0.10887295007705688477 0.13205270469188690186 0.16355319321155548096 0.17430281639099121094 0.19727624952793121338 0.18334712088108062744 0.16236731410026550293 0.16290982067584991455 0.14884616434574127197 0.13166879117488861084 0.13238598406314849854 0.13332083821296691895 0.13399453461170196533 0.13405051827430725098 0.20946420729160308838 0.15149620175361633301 0.15193496644496917725 0.15410321950912475586 0.27053475379943847656 0.28731378912925720215 0.17973175644874572754 0.1804851144552230835 0.11469878256320953369 0.030097659677267074585 0 0.63924020528793334961 0.33378225564956665039 0.15981344878673553467 0.13724331557750701904 0.11165023595094680786 0.066587761044502258301 0.063482850790023803711 -9999
0.20845718681812286377 0.23388542234897613525 0.2158037722110748291 0.21275347471237182617 0.18894410133361816406 0.19797791540622711182 0.2236989140510559082 0.1651334613561630249 0.10857617110013961792 0.070618599653244018555 0.13177482783794403076 0.14935834705829620361 0.17409069836139678955 0.18251816928386688232 0.2006976008415222168 0.19199825823307037354 0.17484050989151000977 0.17571923136711120605 0.16428677737712860107 0.15027189254760742188 0.15064439177513122559 0.15054962038993835449 0.15041705965995788574 0.1507514268159866333 0.21465493738651275635 0.16784651577472686768 0.17100070416927337646 0.2968432307243347168 0.28215974569320678711 0.19042985141277313232 0.19076566398143768311 0.14338348805904388428 0.11382354050874710083 0.055230624973773956299 0.11420424282550811768 0.60839593410491943359 0.33169135451316833496 0.21725593507289886475 0.13824041187763214111 0.11108972877264022827 0.11124818027019500732 0.065101385116577148438
0.21670164167881011963 0.23629106581211090088 0.22159624099731445312 0.21875937283039093018 0.19880384206771850586 0.20634910464286804199 0.2276471555233001709 0.17711146175861358643 0.13150992989540100098 0.10820268094539642334 0.070650756359100341797 0.14879347383975982666 0.1616487652063369751 0.18245792388916015625 0.19104182720184326172 0.20550489425659179688 0.20007933676242828369 0.18616546690464019775 0.18749104440212249756 0.17726953327655792236 0.1644392162561416626 0.16422468423843383789 0.16462120413780212402 0.16545218229293823242 0.16649065911769866943 0.22328144311904907227 0.18489816784858703613 0.32566821575164794922 0.28025901317596435547 0.19990462064743041992 0.19870138168334960938 0.16127277910709381104 0.13997925817966461182 0.11265178769826889038 0.14084638655185699463 0.057459488511085510254 0.59967964887619018555 0.32527580857276916504 0.25359615683555603027 0.13806743919849395752 0.13719154894351959229 0.11248134076595306396
0.224993094801902771 0.24005891382694244385 0.22880354523658752441 0.22580669820308685303 0.20875348150730133057 0.21470187604427337646 0.2318614572286605835 0.18853750824928283691 0.14962463080883026123 0.13148610293865203857 0.070757329463958740234 0.10747195780277252197 0.16083498299121856689 0.17286090552806854248 0.19229799509048461914 0.19945459067821502686 0.20971891283988952637 0.20690511167049407959 0.19625206291675567627 0.19720420241355895996 0.18779091536998748779 0.17719139158725738525 0.17776048183441162109 0.17828951776027679443 0.17951118946075439453 0.18227173388004302979 0.23190090060234069824 0.35766237974166870117 0.28160566091537475586 0.2091105729341506958 0.20522341132164001465 0.17382247745990753174 0.15655048191547393799 0.1369434744119644165 0.15690796077251434326 0.065248854458332061768 0.11275706440210342407 0.59446293115615844727 0.3317756950855255127 0.30001547932624816895 0.16542889177799224854 0.14039289951324462891
0.23167105019092559814 0.24267652630805969238 0.23477454483509063721 0.23176153004169464111 0.21731731295585632324 0.2216122746467590332 0.2345295250415802002 0.19788300991058349609 0.16384738683700561523 0.070801526308059692383 0.14751458168029785156 0.1068729013204574585 0.12903203070163726807 0.17306780815124511719 0.18436121940612792969 0.20058318972587585449 0.2062358856201171875 0.21432407200336456299 0.21390457451343536377 0.20505724847316741943 0.20511966943740844727 0.19740565121173858643 0.18826867640018463135 0.18910880386829376221 0.19124732911586761475 0.19424651563167572021 0.19746385514736175537 0.3977877199649810791 0.2777055203914642334 0.21534098684787750244 0.2107242196798324585 0.18425507843494415283 0.16949452459812164307 0.15383027493953704834 0.1693045198917388916 0.11151587218046188354 0.1382331550121307373 0.061476126313209533691 0.60854983329772949219 0.33889165520668029785 0.30618298053741455078 0.22086535394191741943
0.23661819100379943848 0.24426989257335662842 0.23938429355621337891 0.23660951852798461914 0.22450111806392669678 0.22707220911979675293 0.23578985035419464111 0.20517687499523162842 0.17484499514102935791 0.10705863684415817261 0.071064308285713195801 0.15996100008487701416 0.12877364456653594971 0.14636111259460449219 0.18433541059494018555 0.1945362389087677002 0.20875629782676696777 0.21400821208953857422 0.21956840157508850098 0.21840883791446685791 0.21067859232425689697 0.21093924343585968018 0.20514002442359924316 0.19911019504070281982 0.20199695229530334473 0.2042137831449508667 0.20547913014888763428 0.41177362203598022461 0.26972278952598571777 0.21868915855884552002 0.21512292325496673584 0.19344352185726165771 0.18064841628074645996 0.16757492721080780029 0.18037535250186920166 0.13540169596672058105 0.15471623837947845459 0.11169222742319107056 0.57215523719787597656 0.063685737550258636475 0.32410922646522521973 0.35597595572471618652
0.24117830395698547363 0.24668611586093902588 0.24405142664909362793 0.24102063477039337158 0.23037861287593841553 0.2308864295482635498 0.23584289848804473877 0.21102163195610046387 0.18413443863391876221 0.12856571376323699951 0.071119293570518493652 0.1061704978346824646 0.17203602194786071777 0.14643619954586029053 0.16212059557437896729 0.19623997807502746582 0.20516473054885864258 0.21607725322246551514 0.21824842691421508789 0.22051146626472473145 0.2200406491756439209 0.21557788550853729248 0.21731300652027130127 0.21430905163288116455 0.2097676396369934082 0.2110468447208404541 0.21175621449947357178 0.43110245466232299805 0.2669423222541809082 0.22388271987438201904 0.22080780565738677979 0.20329965651035308838 0.19211280345916748047 0.18080081045627593994 0.19139274954795837402 0.15331661701202392578 0.16792124509811401367 0.13478475809097290039 0.55048859119415283203 0.11143857240676879883 0.31338161230087280273 0.35292586684226989746
0.24541005492210388184 0.24982605874538421631 0.24865162372589111328 0.24481377005577087402 0.23476970195770263672 0.23308800160884857178 0.23506140708923339844 0.21565702557563781738 0.19220203161239624023 0.14476802945137023926 0.10575794428586959839 0.12791010737419128418 0.071089349687099456787 0.18481642007827758789 0.16355238854885101318 0.17760321497917175293 0.2064545750617980957 0.21180683374404907227 0.21814300119876861572 0.2195046842098236084 0.2218869328498840332 0.22307884693145751953 0.22134658694267272949 0.22290828824043273926 0.21982696652412414551 0.21568940579891204834 0.21765775978565216064 0.4568907320499420166 0.26854097843170166016 0.23076474666595458984 0.22792379558086395264 0.21440178155899047852 0.20469462871551513672 0.19465829432010650635 0.20305791497230529785 0.16893103718757629395 0.17993812263011932373 0.15174217522144317627 0.53939294815063476562 0.13446511328220367432 0.30038571357727050781 0.33667138218879699707
0.24746780097484588623 0.25001707673072814941 0.24943070113658905029 0.24557502567768096924 0.23721130192279815674 0.23496674001216888428 0.23529350757598876953 0.22028373181819915771 0.19975538551807403564 0.1583620607852935791 0.12758882343769073486 0.145170554518699646 0.10682079941034317017 0.19575695693492889404 0.17705404758453369141 0.07041218876838684082 0.18886066973209381104 0.21219453215599060059 0.21537895500659942627 0.22018550336360931396 0.2217346876859664917 0.22391946613788604736 0.22570763528347015381 0.22494971752166748047 0.22627997398376464844 0.22542247176170349121 0.22435452044010162354 0.48278900980949401855 0.2672805488109588623 0.23355586826801300049 0.23095951974391937256 0.22085879743099212646 0.21270088851451873779 0.20457060635089874268 0.21181593835353851318 0.18191969394683837891 0.19042007625102996826 0.16561535000801086426 0.53310227394104003906 0.15142260491847991943 0.29374453425407409668 0.3290487825870513916
0.49196037650108337402 0.2470226585865020752 0.24686866998672485352 0.24390687048435211182 0.23813471198081970215 0.23671945929527282715 0.23644539713859558105 0.22486583888530731201 0.20694139599800109863 0.17055076360702514648 0.1450748145580291748 0.16054533421993255615 0.13021488487720489502 0.20566330850124359131 0.18827901780605316162 0.070529706776142120361 0.10864686965942382812 0.19783528149127960205 0.21635395288467407227 0.21822975575923919678 0.22174432873725891113 0.22335173189640045166 0.22580514848232269287 0.22822643816471099854 0.22986270487308502197 0.23326091468334197998 0.23380716145038604736 0.23055347800254821777 0.51298809051513671875 0.23251391947269439697 0.23015065491199493408 0.22267696261405944824 0.21614882349967956543 0.21047425270080566406 0.21766361594200134277 0.19271646440029144287 0.19969950616359710693 0.17781585454940795898 0.5309429168701171875 0.16617625951766967773 0.29184132814407348633 0.3262519538402557373
0.73931467533111572266 0.53571689128875732422 0.25827166438102722168 0.25410312414169311523 0.24691104888916015625 0.24415968358516693115 0.24164517223834991455 0.23116312921047210693 0.21514059603214263916 0.18316812813282012939 0.16154691576957702637 0.17583626508712768555 0.14971081912517547607 0.21522371470928192139 0.19858846068382263184 0.10853739082813262939 0.070561118423938751221 0.13169473409652709961 0.20397162437438964844 0.21913167834281921387 0.22193549573421478271 0.22560419142246246338 0.22827740013599395752 0.23140507936477661133 0.23476228117942810059 0.23625081777572631836 0.23578500747680664062 0.23173859715461730957 0.22605550289154052734 0.51713913679122924805 0.22898662090301513672 0.22471673786640167236 0.22026334702968597412 0.21668852865695953369 0.22335696220397949219 0.20215067267417907715 0.20772428810596466064 0.18883615732192993164 0.53059166669845581055 0.17877721786499023438 0.28916761279106140137 0.32160317897796630859
0.59187275171279907227 0.90898966789245605469 1.0130677223205566406 0.9980418086051940918 0.26626852154731750488 0.33475053310394287109 0.25047916173934936523 0.23893095552921295166 0.22470951080322265625 0.19735775887966156006 0.17894420027732849121 0.1923618614673614502 0.16792385280132293701 0.22444656491279602051 0.20823724567890167236 0.13197064399719238281 0.10828095674514770508 0.070770330727100372314 0.14802315831184387207 0.21130515635013580322 0.22614240646362304688 0.22982159256935119629 0.23390819132328033447 0.23651166260242462158 0.23781673610210418701 0.23625832796096801758 0.232061043381690979 0.22790350019931793213 0.22358021140098571777 0.52442222833633422852 0.22790712118148803711 0.2271086573600769043 0.2250133901834487915 0.22320602834224700928 0.22889153659343719482 0.2104116976261138916 0.21477390825748443604 0.19918152689933776855 0.53203219175338745117 0.18991406261920928955 0.28611025214195251465 0.31637668609619140625
0.1898218989372253418 0.26410534977912902832 0.3099295198917388916 0.3497873842716217041 1.0019806623458862305 1.0055230855941772461 0.99891608953475952148 0.26021042466163635254 0.32120823860168457031 0.21808120608329772949 0.20028357207775115967 0.21154375374317169189 0.18671584129333496094 0.23525486886501312256 0.21988935768604278564 0.069988429546356201172 0.15058828890323638916 0.13169771432876586914 0.10832319408655166626 0.16492985188961029053 0.22130014002323150635 0.23227070271968841553 0.2345345914363861084 0.23553930222988128662 0.23436850309371948242 0.23163197934627532959 0.22814755141735076904 0.22497244179248809814 0.22260528802871704102 0.5412794947624206543 0.23025292158126831055 0.23155644536018371582 0.23050445318222045898 0.22927907109260559082 0.23362976312637329102 0.21773216128349304199 0.22122450172901153564 0.20890077948570251465 0.53541660308837890625 0.20132370293140411377 0.28668686747550964355 0.31612095236778259277
0.1989994049072265625 0.17710795998573303223 0.177442893385887146 0.17886085808277130127 0.23757925629615783691 0.27548390626907348633 0.30861330032348632812 1.0076801776885986328 1.0648360252380371094 1.1027692556381225586 0.24855002760887145996 0.22458408772945404053 0.22825741767883300781 0.20320072770118713379 0.2441209256649017334 0.23030824959278106689 0.11051402240991592407 0.16760122776031494141 0.15165023505687713623 0.13315540552139282227 0.17869913578033447266 0.2248637080192565918 0.23045760393142700195 0.22911480069160461426 0.22761078178882598877 0.22614493966102600098 0.22488161921501159668 0.22428429126739501953 0.22417214512825012207 0.22539356350898742676 0.57479864358901977539 0.23787581920623779297 0.23665010929107666016 0.23483236134052276611 0.23752608895301818848 0.22419382631778717041 0.22717639803886413574 0.21819119155406951904 0.54094016551971435547 0.21343924105167388916 0.29092127084732055664 0.4325001835823059082
0.16392919421195983887 0.16232132911682128906 0.1629387587308883667 0.16258320212364196777 0.14911507070064544678 0.1498972773551940918 0.15079140663146972656 0.15373468399047851562 0.21285179257392883301 0.26283255219459533691 1.1241142749786376953 1.1360771656036376953 1.0905095338821411133 0.23697608709335327148 0.21524676680564880371 0.24556916952133178711 0.23359572887420654297 0.13471885025501251221 0.17996287345886230469 0.16570571064949035645 0.14986373484134674072 0.18703095614910125732 0.22353178262710571289 0.2255229949951171875 0.22411589324474334717 0.22345075011253356934 0.22341638803482055664 0.22444467246532440186 0.22621008753776550293 0.22863474488258361816 0.60397511720657348633 0.24363796412944793701 0.24346821010112762451 0.24177514016628265381 0.24340985715389251709 0.23258961737155914307 0.23513656854629516602 0.22903136909008026123 0.54979169368743896484 0.2247447967529296875 0.29421085119247436523 0.46279931068420410156
0.1490955352783203125 0.14869169890880584717 0.14865706861019134521 0.13099396228790283203 0.132944449782371521 0.13257707655429840088 0.13224320113658905029 0.13360491394996643066 0.13638260960578918457 0.22354502975940704346 0.26409244537353515625 0.29730704426765441895 0.29762893915176391602 1.0439512729644775391 0.23689250648021697998 0.21931055188179016113 0.24042721092700958252 0.23133489489555358887 0.1523250192403793335 0.18842107057571411133 0.17643059790134429932 0.16334764659404754639 0.1937809288501739502 0.22237350046634674072 0.22374166548252105713 0.22345152497291564941 0.22441507875919342041 0.22667111456394195557 0.22954833507537841797 0.23288325965404510498 0.2362219393253326416 0.64252322912216186523 0.25210845470428466797 0.25117260217666625977 0.25239542126655578613 0.2434342503547668457 0.2458416670560836792 0.24225279688835144043 0.56335741281509399414 0.23538503050804138184 0.29650375247001647949 0.47526213526725769043
0.13220179080963134766 0.13219375908374786377 0.10910148918628692627 0.10888702422380447388 0.10842688381671905518 0.10799458622932434082 0.11085056513547897339 0.11115883290767669678 0.20818698406219482422 0.13701280951499938965 0.13905741274356842041 0.075003258883953094482 0.11543575674295425415 0.14036661386489868164 1.020191192626953125 1.0130121707916259766 0.98192220926284790039 0.96996641159057617188 0.23226770758628845215 0.1680205613374710083 0.20071434974670410156 0.19087560474872589111 0.17940229177474975586 0.20736381411552429199 0.23170171678066253662 0.30290058255195617676 0.23385314643383026123 0.23544266819953918457 0.23674079775810241699 0.23832915723323822021 0.24009138345718383789 0.073276117444038391113 0.64657390117645263672 0.3275432884693145752 0.25656896829605102539 0.25314271450042724609 0.2563902437686920166 0.25342154502868652344 0.57260757684707641602 0.24306392669677734375 0.29623892903327941895 0.48426896333694458008
0.11007120460271835327 0.069775782525539398193 0.069661505520343780518 0.069815516471862792969 0.070163413882255554199 0.07038959115743637085 0.07054027169942855835 0.19834311306476593018 0.11311119794845581055 0.11352283507585525513 0.11379631608724594116 0.13770951330661773682 0.15451678633689880371 0.17053933441638946533 0.18876245617866516113 0.20100389420986175537 0.20642660558223724365 0.21442854404449462891 0.99245131015777587891 1.0078986883163452148 1.0205806493759155273 1.0293179750442504883 1.0334974527359008789 1.0449870824813842773 1.0643666982650756836 1.0853879451751708984 1.1067993640899658203 1.1060137748718261719 0.25130298733711242676 0.2469387054443359375 0.24340528249740600586 0.23924791812896728516 0.11559747159481048584 0.66434496641159057617 0.25726950168609619141 0.25983011722564697266 0.26454389095306396484 0.26243641972541809082 0.57580298185348510742 0.24723097681999206543 0.29314458370208740234 0.75444811582565307617
