tests/data/reference/gistest/full/control/widthrill.asc
ncols        125
nrows        78
xllcorner    -713756.799299980048
yllcorner    -1061032.369616159936
cellsize     10.000000000000
NODATA_value  -9999
[rows 19 to 37 of 78, columns 43 to 85 of 125]
0.24138677120208740234 0.20035445690155029297 0.19224774837493896484 0.15039286017417907715 0.16350932419300079346 0.20309087634086608887 0.11903694272041320801 0.050966575741767883301 0.094580516219139099121 0.13424895703792572021 0.14774440228939056396 0.19673715531826019287 0.15870322287082672119 0.1324415355920791626 0.13245207071304321289 0.11615908890962600708 0.094036810100078582764 0.094200886785984039307 0.094413928687572479248 0.094674199819564819336 0.094964705407619476318 0.18618920445442199707 0.11953429132699966431 0.11923631280660629272 0.11908923089504241943 0.23442181944847106934 0.14051297307014465332 0.32020342350006103516 0.14720676839351654053 0.14921671152114868164 0 0.091460347175598144531 0.69003748893737792969 0.29700028896331787109 0.14544159173965454102 0.12219829857349395752 0.095627143979072570801 0.040440175682306289673 -9999 -9999 -9999 -9999 -9999
0.24485002458095550537 0.20583802461624145508 0.19856122136116027832 0.16123081743717193604 0.17254590988159179688 0.20799896121025085449 0.13517926633358001709 0.052953507751226425171 0.094210825860500335693 0.11670439690351486206 0.14742879569530487061 0.15871489048004150391 0.20237590372562408447 0.16790439188480377197 0.14568416774272918701 0.14603003859519958496 0.13263082504272460938 0.11631184816360473633 0.11687173694372177124 0.11759865283966064453 0.11813145875930786133 0.11821381747722625732 0.19222296774387359619 0.13525360822677612305 0.13574405014514923096 0.13762708008289337158 0.27222153544425964355 0.32293298840522766113 0.16267497837543487549 0.16416692733764648438 0.093938939273357391357 0 0 0.68114501237869262695 0.31018781661987304688 0.14181625843048095703 0.1206618770956993103 0.095460437238216400146 0.041718322783708572388 0.030747698619961738586 -9999 -9999 -9999
0.24890355765819549561 0.21151007711887359619 0.20477788150310516357 0.17097565531730651855 0.18126010894775390625 0.21358230710029602051 0.14800569415092468262 0.094019137322902679443 0.054459132254123687744 0.11640737205743789673 0.1332371830940246582 0.15793451666831970215 0.16739201545715332031 0.20810872316360473633 0.17720420658588409424 0.15767422318458557129 0.15828491747379302979 0.14718206226825714111 0.13385614752769470215 0.13418763875961303711 0.13414593040943145752 0.13408370316028594971 0.134423866868019104 0.19953487813472747803 0.15093599259853363037 0.15380032360553741455 0.29869595170021057129 0.32293710112571716309 0.17405737936496734619 0.17557360231876373291 0.12463950365781784058 0.09505774080753326416 0 0.095005594193935394287 0.65033835172653198242 0.31287753582000732422 0.19562599062919616699 0.12114149332046508789 0.095245428383350372314 0.095357850193977355957 0.036736544221639633179 -9999 -9999
0.25457876920700073242 0.21846541762351989746 0.21192286908626556396 0.18047150969505310059 0.18983387947082519531 0.21972623467445373535 0.15942373871803283691 0.11613259464502334595 0.093804351985454559326 0.054588459432125091553 0.13263735175132751465 0.14517082273960113525 0.16660432517528533936 0.17659367620944976807 0.21538461744785308838 0.18640403449535369873 0.16881965100765228271 0.16980835795402526855 0.15963555872440338135 0.14740675687789916992 0.14726907014846801758 0.14766702055931091309 0.14845101535320281982 0.14944154024124145508 0.21123218536376953125 0.16746671497821807861 0.32685047388076782227 0.32649174332618713379 0.18435123562812805176 0.18473096191883087158 0.14285896718502044678 0.12274797260761260986 0.095737367868423461914 0.12338515371084213257 0 0.64305436611175537109 0.31297826766967773438 0.22958607971668243408 0.12098129093647003174 0.12046379595994949341 0.095675081014633178711 0.019524611532688140869 -9999
0.2620550692081451416 0.22697588801383972168 0.22025015950202941895 0.190142020583152771 0.19855058193206787109 0.2265599668025970459 0.17034451663494110107 0.13318111002445220947 0.1161159127950668335 0.054994527250528335571 0.093373261392116546631 0.14427767693996429443 0.15605013072490692139 0.176847800612449646 0.1861070096492767334 0.22215403616428375244 0.19496205449104309082 0.17920063436031341553 0.17985805869102478027 0.1701173633337020874 0.15971556305885314941 0.16028712689876556396 0.16085051000118255615 0.1620477139949798584 0.16464467346668243408 0.22469194233417510986 0.35805079340934753418 0.33383908867835998535 0.19449251890182495117 0.1924610137939453125 0.15551796555519104004 0.13936322927474975586 0.12061727792024612427 0.13995622098445892334 0.03758142516016960144 0.095712065696716308594 0.63945239782333374023 0.3255748450756072998 0.27259165048599243164 0.14574912190437316895 0.12263122200965881348 0.095724530518054962158 0.01113423425704240799
0.2683270573616027832 0.23443496227264404297 0.22764195501804351807 0.19871769845485687256 0.20614945888519287109 0.23226039111614227295 0.17952258884906768799 0.14659748971462249756 0.055147737264633178711 0.13145433366298675537 0.092995777726173400879 0.11421690136194229126 0.1559505164623260498 0.16729022562503814697 0.18610641360282897949 0.19461163878440856934 0.22957113385200500488 0.20433475077152252197 0.18893563747406005859 0.18878468871116638184 0.18013745546340942383 0.17076402902603149414 0.1716435551643371582 0.17372636497020721436 0.17663607001304626465 0.17984472215175628662 0.39977633953094482422 0.33470705151557922363 0.20212446153163909912 0.1992715001106262207 0.16596078872680664062 0.15205974876880645752 0.13714636862277984619 0.1523781120777130127 0.095436826348304748535 0.12171085178852081299 0.020451404154300689697 0.65668243169784545898 0.33884397149085998535 0.28011611104011535645 0.19818481802940368652 0.12249248474836349487 0.095713406801223754883
0.27325549721717834473 0.24068768322467803955 0.2340049445629119873 0.20620457828044891357 0.21262915432453155518 0.23679929971694946289 0.18701975047588348389 0.15708631277084350586 0.093102365732192993164 0.056500211358070373535 0.14331915974617004395 0.11399636417627334595 0.1305125504732131958 0.16687354445457458496 0.17763695120811462402 0.19583803415298461914 0.20471580326557159424 0.23810189962387084961 0.21199171245098114014 0.19635936617851257324 0.19640332460403442383 0.18898506462574005127 0.1820287555456161499 0.18489633500576019287 0.18723736703395843506 0.18876859545707702637 0.41386786103248596191 0.33022513985633850098 0.20737533271312713623 0.20529834926128387451 0.17525236308574676514 0.16297072172164916992 0.15036518871784210205 0.1633116304874420166 0.11913394927978515625 0.13810186088085174561 0.095557130873203277588 0.61919128894805908203 0.032034106552600860596 0.32978519797325134277 0.32686793804168701172 0.14553947746753692627 0.12296530604362487793
0.27894806861877441406 0.24721664190292358398 0.24010731279850006104 0.21272893249988555908 0.2178074568510055542 0.24016417562961578369 0.19340819120407104492 0.16603700816631317139 0.11380821466445922852 0.056945774704217910767 0.092532671988010406494 0.15470921993255615234 0.13054260611534118652 0.14519228041172027588 0.17863070964813232422 0.18887664377689361572 0.20551495254039764404 0.21208910644054412842 0.24209184944629669189 0.21732945740222930908 0.20377072691917419434 0.20531527698040008545 0.19993242621421813965 0.19385221600532531738 0.19547551870346069336 0.19660414755344390869 0.43328085541725158691 0.33200156688690185547 0.21473403275012969971 0.21292191743850708008 0.18528057634830474854 0.17418150603771209717 0.16292798519134521484 0.17412585020065307617 0.13625836372375488281 0.1509205251932144165 0.11886563897132873535 0.59744566679000854492 0.095449879765510559082 0.32421249151229858398 0.32646104693412780762 0.16217465698719024658 0.1431461721658706665
0.28549712896347045898 0.25404107570648193359 0.24588936567306518555 0.21822680532932281494 0.221706390380859375 0.24251371622085571289 0.19892531633377075195 0.17395417392253875732 0.12910389900207519531 0.092256680130958557129 0.11328112334012985229 0.056680977344512939453 0.16675275564193725586 0.14635388553142547607 0.15962165594100952148 0.18935731053352355957 0.19710282981395721436 0.21077385544776916504 0.21696554124355316162 0.24680094420909881592 0.22458304464817047119 0.21285471320152282715 0.21444937586784362793 0.20840951800346374512 0.2021414339542388916 0.2046228945255279541 0.45934957265853881836 0.33931055665016174316 0.22441685199737548828 0.22254925966262817383 0.19683013856410980225 0.18666625022888183594 0.17608925700187683105 0.18562880158424377441 0.15091757476329803467 0.16245673596858978271 0.13520710170269012451 0.58706879615783691406 0.11853784322738647461 0.31574574112892150879 0.31399121880531311035 0.17106363177299499512 0.15930294990539550781
0.28866073489189147949 0.25726068019866943359 0.24888299405574798584 0.22231043875217437744 0.22555100917816162109 0.2457221299409866333 0.20470470190048217773 0.18153868615627288818 0.1418279111385345459 0.11301429569721221924 0.12942396104335784912 0.092945992946624755859 0.17732505500316619873 0.15903748571872711182 0.05372975766658782959 0.17053426802158355713 0.19659714400768280029 0.20307730138301849365 0.2164659351110458374 0.2232106626033782959 0.25261643528938293457 0.23195601999759674072 0.22070778906345367432 0.22234164178371429443 0.21794760227203369141 0.21399237215518951416 0.48583343625068664551 0.34288939833641052246 0.23081569373607635498 0.22869649529457092285 0.20467276871204376221 0.19545930624008178711 0.18597975373268127441 0.19474740326404571533 0.16315455734729766846 0.17262285947799682617 0.14839754998683929443 0.58186256885528564453 0.13482706248760223389 0.31357529759407043457 0.31015264987945556641 0.17958025634288787842 0.17188705503940582275
0.28817164897918701172 0.25717169046401977539 0.24950632452964782715 0.22531577944755554199 0.22951699793338775635 0.24974173307418823242 0.21077652275562286377 0.18900650739669799805 0.1532087475061416626 0.12932388484477996826 0.14366729557514190674 0.11508412659168243408 0.18719713389873504639 0.16977767646312713623 0.054116751998662948608 0.094069555401802062988 0.17968225479125976562 0.20298250019550323486 0.20893964171409606934 0.22208409011363983154 0.22919416427612304688 0.25863248109817504883 0.23970243334770202637 0.23081980645656585693 0.23505111038684844971 0.23159866034984588623 0.22468669712543487549 0.54769027233123779297 0.23380126059055328369 0.23121207952499389648 0.20858220756053924561 0.20037290453910827637 0.19247300922870635986 0.20140390098094940186 0.17342506349086761475 0.18181358277797698975 0.15994524955749511719 0.58113688230514526367 0.14872886240482330322 0.31628668308258056641 0.31202960014343261719 0.18792098760604858398 0.180936470627784729
0.60809034109115600586 0.27329325675964355469 0.26341030001640319824 0.2365878373384475708 0.23966626822948455811 0.25836047530174255371 0.21897874772548675537 0.19773966073989868164 0.16495977342128753662 0.1444892585277557373 0.15774935483932495117 0.13316968083381652832 0.19710327684879302979 0.17984992265701293945 0.093995332717895507812 0.054248534142971038818 0.11631479114294052124 0.18665102124214172363 0.20867948234081268311 0.21628141403198242188 0.23061159253120422363 0.2392861098051071167 0.2698707282543182373 0.25271144509315490723 0.2436911463737487793 0.24419999122619628906 0.23542429506778717041 0.2252333909273147583 0.55174112319946289062 0.23345592617988586426 0.21298754215240478516 0.2061137855052947998 0.19942276179790496826 0.20806908607482910156 0.18250705301761627197 0.19006106257438659668 0.17041629552841186523 0.58237910270690917969 0.16060882806777954102 0.31802588701248168945 0.31247693300247192383 0.19440811872482299805 0.1879847794771194458
1.1702740192413330078 1.2784011363983154297 1.2600218057632446289 0.28200292587280273438 0.33016240596771240234 0.27216538786888122559 0.22953763604164123535 0.20831118524074554443 0.17822344601154327393 0.16038836538791656494 0.17296245694160461426 0.14991582930088043213 0.2072804868221282959 0.18962651491165161133 0.11648891866207122803 0.093852177262306213379 0.055070959031581878662 0.1319561302661895752 0.19521495699882507324 0.2193606644868850708 0.22887893021106719971 0.24499493837356567383 0.25429010391235351562 0.28343805670738220215 0.26087069511413574219 0.2456181943416595459 0.2418407052755355835 0.23232029378414154053 0.55892086029052734375 0.23579193651676177979 0.21804197132587432861 0.21272164583206176758 0.20690916478633880615 0.21479560434818267822 0.19063445925712585449 0.19767387211322784424 0.18034414947032928467 0.585590362548828125 0.17116077244281768799 0.31919339299201965332 0.31198370456695556641 0.19945260882377624512 0.28092718124389648438
0.25386413931846618652 0.29800233244895935059 0.33668366074562072754 1.2688570022583007812 1.2737179994583129883 1.267033696174621582 0.28894692659378051758 0.30903124809265136719 0.19773682951927185059 0.17984388768672943115 0.19080802798271179199 0.16717670857906341553 0.22001340985298156738 0.20182669162750244141 0.052350148558616638184 0.13400085270404815674 0.11629340797662734985 0.093880191445350646973 0.1477228999137878418 0.20713259279727935791 0.23042105138301849365 0.23947851359844207764 0.25306200981140136719 0.2581952512264251709 0.28113505244255065918 0.25735175609588623047 0.24356423318386077881 0.24142763018608093262 0.57802045345306396484 0.24200928211212158203 0.2255452275276184082 0.22039052844047546387 0.21432562172412872314 0.22105874121189117432 0.19808986783027648926 0.20504233241081237793 0.18985246121883392334 0.59095519781112670898 0.1819903254508972168 0.32436886429786682129 0.31620576977729797363 0.32113909721374511719 0.20063911378383636475
0.16186633706092834473 0.16190461814403533936 0.16327100992202758789 0.21808172762393951416 0.25356200337409973145 0.2849979400634765625 1.2856775522232055664 1.357929229736328125 1.4098079204559326172 0.22830766439437866211 0.20273995399475097656 0.2075243145227432251 0.18288688361644744873 0.23275297880172729492 0.21411290764808654785 0.09503825753927230835 0.1498953700065612793 0.13490855693817138672 0.11742422729730606079 0.16085571050643920898 0.21397586166858673096 0.233953133225440979 0.23938597738742828369 0.24975767731666564941 0.25413861870765686035 0.27713283896446228027 0.25796371698379516602 0.24808639287948608398 0.24995146691799163818 0.61566013097763061523 0.23574349284172058105 0.2292747199535369873 0.22173167765140533447 0.22688791155815124512 0.20503291487693786621 0.21229405701160430908 0.19918429851531982422 0.59870916604995727539 0.19362878799438476562 0.33377727866172790527 0.42356628179550170898 0.20882299542427062988 0.13613562285900115967
0.14662601053714752197 0.14785589277744293213 0.14725501835346221924 0.13410416245460510254 0.13521446287631988525 0.13592106103897094727 0.1383368372917175293 0.19316059350967407227 0.23932747542858123779 1.4424303770065307617 1.4609812498092651367 1.4055624008178710938 0.21907506883144378662 0.19615991413593292236 0.24004065990447998047 0.22109577059745788574 0.11870040744543075562 0.16185645759105682373 0.14836375415325164795 0.13348537683486938477 0.1693757474422454834 0.21660640835762023926 0.23390302062034606934 0.23899821937084197998 0.24978542327880859375 0.25568035244941711426 0.28081855177879333496 0.2653630375862121582 0.25886762142181396484 0.65083336830139160156 0.24659915268421173096 0.23980875313282012939 0.23125357925891876221 0.23523643612861633301 0.21417096257209777832 0.22189018130302429199 0.2102120816707611084 0.61019545793533325195 0.2049401700496673584 0.34219518303871154785 0.45578876137733459473 0.15047372877597808838 0.13609552383422851562
0.13330410420894622803 0.13300010561943054199 0.11585680395364761353 0.11890707910060882568 0.11858280748128890991 0.11828099191188812256 0.11996261775493621826 0.12218322604894638062 0.20771078765392303467 0.24746634066104888916 0.28092148900032043457 0.28460991382598876953 1.3498865365982055664 0.22338025271892547607 0.20272395014762878418 0.24144749343395233154 0.22380329668521881104 0.13687092065811157227 0.17118687927722930908 0.15961733460426330566 0.14729388058185577393 0.17718683183193206787 0.2197214961051940918 0.23666033148765563965 0.24266019463539123535 0.25497615337371826172 0.26375827193260192871 0.29135623574256896973 0.27860543131828308105 0.2736784517765045166 0.69250655174255371094 0.25388228893280029297 0.24478523433208465576 0.24795268476009368896 0.2263984978199005127 0.23483712971210479736 0.22385849058628082275 0.62699407339096069336 0.2163127213716506958 0.34951409697532653809 0.47152259945869445801 0.15028659999370574951 0
0.11708132177591323853 0.09435443580150604248 0.094233870506286621094 0.093964330852031707764 0.093698777258396148682 0.098201349377632141113 0.098409503698348999023 0.19118952751159667969 0.12273562699556350708 0.12437752634286880493 0.059665106236934661865 0.10198490321636199951 0.12595379352569580078 1.3209992647171020508 1.3145641088485717773 1.2770876884460449219 1.2640165090560913086 0.23013420403003692627 0.1520760953426361084 0.18379485607147216797 0.17374131083488464355 0.16262237727642059326 0.19127714633941650391 0.23439693450927734375 0.33000937104225158691 0.27133119106292724609 0.27980861067771911621 0.30628877878189086914 0.29164326190948486328 0.28509956598281860352 0.055963657796382904053 0.69861966371536254883 0.33052170276641845703 0.25714412331581115723 0.23914051055908203125 0.24880589544773101807 0.23648341000080108643 0.63905352354049682617 0.2258138805627822876 0.35378596186637878418 0.48369872570037841797 0.10078249871730804443 0
0.051748242229223251343 0.051372729241847991943 0.051811162382364273071 0.052882824093103408813 0.053629074245691299438 0.054167270660400390625 0.18028596043586730957 0.099666036665439605713 0.099931627511978149414 0.10007775574922561646 0.12329213321208953857 0.13954685628414154053 0.15466034412384033203 0.1716257929801940918 0.18351007997989654541 0.1894121021032333374 0.19771911203861236572 1.2969380617141723633 1.3201123476028442383 1.3392210006713867188 1.3540213108062744141 1.3626781702041625977 1.38074493408203125 1.4102157354354858398 1.4424755573272705078 1.4773932695388793945 1.479190826416015625 0.30725318193435668945 0.32720255851745605469 0.30517381429672241211 0.29073765873908996582 0.1021188199520111084 0.71680468320846557617 0.26362827420234680176 0.25011023879051208496 0.26122251152992248535 0.24857121706008911133 0.64437836408615112305 0.23269933462142944336 0.35454350709915161133 0.76827251911163330078 0 0.094452358782291412354
