tests/data/reference/gistest/full/control/widthrill.asc
ncols        125
nrows        78
xllcorner    -713756.799299980048
yllcorner    -1061032.369616159936
cellsize     10.000000000000
NODATA_value  -9999
[rows 38 to 56 of 78, columns 0 to 42 of 125]
-9999 -9999 -9999 -9999 -9999 -9999 -9999 -9999 -9999 -9999 -9999 0 0 0.18483851850032806396 0.50222009420394897461 0 0.088002920150756835938 0.15104590356349945068 0.18373306095600128174 0.21877641975879669189 0.1488259434700012207 0.29125291109085083008 0.25651124119758605957 0.27956399321556091309 0.3487339317798614502 0.2552357017993927002 0.14805628359317779541 0.094296820461750030518 0.14725030958652496338 0.17994508147239685059 0.14826153218746185303 0.1478252708911895752 0.14748813211917877197 0.14685402810573577881 0.095430292189121246338 0 0 0.14703802764415740967 0 0 0 0.023680320009589195251 0.046304691582918167114
-9999 -9999 -9999 -9999 -9999 -9999 -9999 -9999 -9999 -9999 -9999 0 0.16332003474235534668 0.50791412591934204102 0.062225084751844406128 0 0.12579455971717834473 0.17299778759479522705 0.2125018686056137085 0.12656010687351226807 0.28672417998313903809 0.24817144870758056641 0.27315834164619445801 0.34609237313270568848 0.24902023375034332275 0.12638258934020996094 0 0.12596116960048675537 0.1663713306188583374 0.12638868391513824463 0.12676598131656646729 0.12679770588874816895 0.12680825591087341309 0 0 0.095276243984699249268 0.12564553320407867432 0 0.092412360012531280518 0.12640129029750823975 0.1478758007287979126 0.01244271453469991684 0.045325648039579391479
-9999 -9999 -9999 -9999 -9999 -9999 -9999 -9999 -9999 -9999 0 0 0.52174860239028930664 0.11942362040281295776 0 0.046159408986568450928 0.155010223388671875 0.20850782096385955811 0.087376311421394348145 0.28587824106216430664 0.24241535365581512451 0.26677045226097106934 0.34214568138122558594 0.24094216525554656982 0.092750258743762969971 0 0.093047827482223510742 0.14930190145969390869 0.092339567840099334717 0.090703487396240234375 0.086600683629512786865 0.085556834936141967773 0 0.092386312782764434814 0.12509319186210632324 0.14535313844680786133 0.16376742720603942871 0.18000569939613342285 0.19441545009613037109 0 0 0.1568310856819152832 0.095359668135643005371
-9999 -9999 -9999 -9999 -9999 -9999 -9999 -9999 -9999 -9999 0 0.46608451008796691895 0.18033146858215332031 0 0 0.12214727699756622314 0.19763718545436859131 0 0.29158109426498413086 0.23953376710414886475 0.26333516836166381836 0.33997762203216552734 0.23274132609367370605 0 0 0.093195647001266479492 0.12657992541790008545 0 0 0 0 0 0.090271584689617156982 0.12599122524261474609 0.14566987752914428711 0.16112954914569854736 0.17565172910690307617 0.18905334174633026123 0 0.19946679472923278809 0.095736339688301086426 0.095599010586738586426 0.16655768454074859619
-9999 -9999 -9999 -9999 -9999 -9999 -9999 -9999 -9999 0 0 0.43550324440002441406 0.15510296821594238281 0 0.037637706845998764038 0.17859254777431488037 0.1971886754035949707 0.29222857952117919922 0.23858769237995147705 0.26473796367645263672 0.34157794713973999023 0.22399026155471801758 0.091501966118812561035 0.1264877617359161377 0.14847540855407714844 0.1665388941764831543 0.44814479351043701172 0.47191217541694641113 0.47548440098762512207 0.48618981242179870605 0.50590682029724121094 0.50290864706039428711 0.47995701432228088379 0.46570506691932678223 0.45690974593162536621 0.4545211493968963623 0.45718017220497131348 0.46226221323013305664 0.48735466599464416504 0.48620039224624633789 0.49197062849998474121 0.49176856875419616699 0.49859634041786193848
-9999 -9999 -9999 -9999 -9999 -9999 -9999 -9999 0 0 0.42035514116287231445 0.073764078319072723389 0.12419651448726654053 0 0.1550667881965637207 0.17822134494781494141 0.21300879120826721191 0.22724667191505432129 0.26377779245376586914 0.35193231701850891113 0.21664552390575408936 0 0 0.092513397336006164551 0.40108576416969299316 0.41747143864631652832 0.16717290878295898438 0.1265274733304977417 0.14987005293369293213 0.16960507631301879883 0.1887429356575012207 0.20121780037879943848 0.206292763352394104 0.21178761124610900879 0.21795471012592315674 0.22530795633792877197 0.23394612967967987061 0.24303589761257171631 0.25270915031433105469 0.25773826241493225098 0.25862061977386474609 0.26309293508529663086 0.27082771062850952148
-9999 -9999 -9999 -9999 -9999 -9999 -9999 -9999 0 0.036527883261442184448 0.41086906194686889648 0 0.070084191858768463135 0.12352092564105987549 0.15506367385387420654 0.19688518345355987549 0.21280485391616821289 0.25115770101547241211 0.35099804401397705078 0.20886680483818054199 0.21535420417785644531 0.2909984290599822998 0.34774562716484069824 0.3955936729907989502 0.14951206743717193604 0.14881548285484313965 0.093742027878761291504 0 0.093453235924243927002 0.12642401456832885742 0.15077166259288787842 0.16859424114227294922 0.1796601712703704834 0.1896066814661026001 0.19943782687187194824 0.2092294842004776001 0.21921588480472564697 0.64920485019683837891 0.67026233673095703125 0.68392401933670043945 0.68986755609512329102 0.70216906070709228516 0.72108763456344604492
-9999 -9999 -9999 -9999 -9999 -9999 -9999 -9999 0 0.39645910263061523438 0.15493811666965484619 0 0.06595541536808013916 0.1249362751841545105 0.1774406731128692627 0.19610917568206787109 0.23904654383659362793 0.34044745564460754395 0.19335256516933441162 0.20561526715755462646 0.21243250370025634766 0.21981775760650634766 0.2288818657398223877 0.12632562220096588135 0.12654170393943786621 0 0 0.094187259674072265625 0.12595818936824798584 0.14868752658367156982 0.1674636155366897583 0.18213006854057312012 0.19268478453159332275 0.20261651277542114258 0.59815424680709838867 0.61452257633209228516 0.63039118051528930664 0.24089567363262176514 0.23803482949733734131 0.23557189106941223145 0.233062744140625 0.23210786283016204834 0.25897932052612304688
-9999 -9999 -9999 -9999 -9999 -9999 -9999 0 0.37526199221611022949 0.12004363536834716797 0.12182386964559555054 0 0.070489965379238128662 0.15441295504570007324 0.17604866623878479004 0.2236824333667755127 0.33398297429084777832 0.17621068656444549561 0.19330886006355285645 0.2057965397834777832 0.2128575444221496582 0.21983487904071807861 0.093513242900371551514 0.093555361032485961914 0.092912599444389343262 0.12624305486679077148 0.14733774960041046143 0.16442380845546722412 0.18098367750644683838 0.19468849897384643555 0.2057310938835144043 0.21629986166954040527 0.57308244705200195312 0.59167206287384033203 0.23215536773204803467 0.23726294934749603271 0.23360651731491088867 0.2295983731746673584 0.22595709562301635742 0.22337126731872558594 0.22126284241676330566 0.24697275459766387939 0.22758659720420837402
-9999 -9999 -9999 -9999 -9999 -9999 -9999 0.19000609219074249268 0.25049355626106262207 0.063003063201904296875 0.073147259652614593506 0 0.12617328763008117676 0.15348926186561584473 0.2055969536304473877 0.31708848476409912109 0.15381795167922973633 0.17627766728401184082 0.19539327919483184814 0.2089023590087890625 0.21609924733638763428 0 0 0 0 0.093780152499675750732 0.12538759410381317139 0.1468547135591506958 0.48565590381622314453 0.50932455062866210938 0.52457416057586669922 0.54572272300720214844 0.22454652190208435059 0.22306819260120391846 0.22928549349308013916 0.22630318999290466309 0.22359146177768707275 0.22067096829414367676 0.21765272319316864014 0.2154792100191116333 0.24169559776782989502 0.21932782232761383057 0.23839479684829711914
-9999 -9999 -9999 -9999 -9999 -9999 0 0.26837053894996643066 0.23200474679470062256 0 0 0.074374690651893615723 0.12603445351123809814 0.19139461219310760498 0.30854067206382751465 0.12688565254211425781 0.15324775874614715576 0.17531880736351013184 0.19492831826210021973 0.20893019437789916992 0.21665151417255401611 0.28507414460182189941 0.32998663187026977539 0.36444860696792602539 0.4158204495906829834 0.43013161420822143555 0.44563704729080200195 0.4650128781795501709 0.20422706007957458496 0.20425842702388763428 0.2131299823522567749 0.21262018382549285889 0.213044777512550354 0.22130364179611206055 0.21903185546398162842 0.21695332229137420654 0.21514487266540527344 0.21285997331142425537 0.20982815325260162354 0.23783116042613983154 0.21410320699214935303 0.23384678363800048828 0.21815785765647888184
-9999 -9999 -9999 -9999 -9999 0 0 0.12318251281976699829 0.19674074649810791016 0 0 0.046593785285949707031 0.17847554385662078857 0.3115596771240234375 0.08252595365047454834 0.12669780850410461426 0.15325815975666046143 0.1744228750467300415 0.19366145133972167969 0.20738273859024047852 0.20245389640331268311 0.19877970218658447266 0.19615228474140167236 0.25186499953269958496 0.14643046259880065918 0.16295462846755981445 0.17749622464179992676 0.19003616273403167725 0.1902262270450592041 0.20203316211700439453 0.20167076587677001953 0.20140357315540313721 0.21235010027885437012 0.21227499842643737793 0.21146094799041748047 0.2102390974760055542 0.20882049202919006348 0.20656666159629821777 0.23600175976753234863 0.20902062952518463135 0.23023010790348052979 0.21374888718128204346 0.21237844228744506836
-9999 -9999 -9999 -9999 -9999 0 0.17993959784507751465 0.064606636762619018555 0.12257263809442520142 0 0 0.15383033454418182373 0.32230007648468017578 0 0.078382082283496856689 0.12655486166477203369 0.15318070352077484131 0.17396657168865203857 0.19320206344127655029 0.19187037646770477295 0.18760876357555389404 0.18380823731422424316 0.244722023606300354 0.12510310113430023193 0.14470958709716796875 0.16050776839256286621 0.17485769093036651611 0.17462590336799621582 0.1865558922290802002 0.18705095350742340088 0.18762059509754180908 0.19868133962154388428 0.1988592296838760376 0.19931350648403167725 0.19965440034866333008 0.1995789259672164917 0.19902902841567993164 0.23414573073387145996 0.20495462417602539062 0.22706627845764160156 0.20815178751945495605 0.20695206522941589355 0.20641566812992095947
-9999 -9999 -9999 -9999 0 0 0.15346296131610870361 0 0 0 0.10355900228023529053 0.26797115802764892578 0.18097734451293945312 0 0.072586707770824432373 0.12640829384326934814 0.15325991809368133545 0.17384864389896392822 0.17520262300968170166 0.17449423670768737793 0.17125786840915679932 0.2380631566047668457 0.094911426305770874023 0.12406765669584274292 0.14283746480941772461 0.1578175276517868042 0.15783585608005523682 0.17098209261894226074 0.17037704586982727051 0.17064861953258514404 0.18338400125503540039 0.18359358608722686768 0.18362821638584136963 0.18392348289489746094 0.18458870053291320801 0.18540793657302856445 0.22499291598796844482 0.19700230658054351807 0.22393055260181427002 0.2033430933952331543 0.20025424659252166748 0.19930505752563476562 0.19981178641319274902
-9999 -9999 -9999 -9999 0 0.17943608760833740234 0 0 0 0 0 0.22675144672393798828 0.15010342001914978027 0 0.060097005218267440796 0.12593743205070495605 0.15377268195152282715 0.15362147986888885498 0.15402734279632568359 0.15411047637462615967 0.24132147431373596191 0 0.09448372572660446167 0.12435233592987060547 0.14309704303741455078 0.14174863696098327637 0.15687440335750579834 0.15642365813255310059 0.15585653483867645264 0.16926288604736328125 0.17023545503616333008 0.17077721655368804932 0.17089182138442993164 0.17081627249717712402 0.17091818153858184814 0.21308274567127227783 0.18373870849609375 0.21434392035007476807 0.19574047625064849854 0.1940911710262298584 0.19091302156448364258 0.18989667296409606934 0.1908677518367767334
-9999 -9999 -9999 0 0 0 0 0 0 0 0 0.1585264354944229126 0 0 0 0.12435639649629592896 0.12559047341346740723 0.12620109319686889648 0.12616424262523651123 0.17706575989723205566 0.1549227982759475708 0 0.090145416557788848877 0.12607109546661376953 0.12488226592540740967 0.14362794160842895508 0.14224615693092346191 0.14163179695606231689 0.15680035948753356934 0.15696530044078826904 0.15798465907573699951 0.15887968242168426514 0.15918613970279693604 0.15861757099628448486 0.20378339290618896484 0.17060640454292297363 0.20236921310424804688 0.18217964470386505127 0.18321958184242248535 0.18279285728931427002 0.18036775290966033936 0.17909424006938934326 0.17960344254970550537
-9999 -9999 -9999 0 0 0 0 0 0 0 0 0 0 0 0 0 0.04816724732518196106 0.065015867352485656738 0.07136014103889465332 0.052684675902128219604 0.11330752074718475342 0 0.072146371006965637207 0.086694329977035522461 0.12666679918766021729 0.12561106681823730469 0.12434668093919754028 0.1436529010534286499 0.14287264645099639893 0.1426963508129119873 0.14326775074005126953 0.14406028389930725098 0.14459560811519622803 0.19785876572132110596 0.1589975208044052124 0.19421809911727905273 0.17051482200622558594 0.17028531432151794434 0.17088316380977630615 0.17066399753093719482 0.1691722869873046875 0.16808116436004638672 0.20836518704891204834
-9999 -9999 0 0 0.07622417062520980835 0 0 0 0 -9999 -9999 -9999 0 0 0 0 0 0 0 0 0 0 0 0.032359249889850616455 0.072185233235359191895 0.085402801632881164551 0.12661631405353546143 0.12565280497074127197 0.12476574629545211792 0.12428013980388641357 0.12425176054239273071 0.12454457581043243408 0.19035972654819488525 0.14581827819347381592 0.18763017654418945312 0.15981923043727874756 0.15880623459815979004 0.15839274227619171143 0.15846298635005950928 0.15767380595207214355 0.15637564659118652344 0.2007487863302230835 0.16858370602130889893
-9999 -9999 0 0.10368166118860244751 0 0 0 -9999 -9999 -9999 -9999 -9999 -9999 0 0 0 0.096651263535022735596 0 0 0.10595185309648513794 0.062517836689949035645 0 0 0 0 0.045309983193874359131 0.079346843063831329346 0.088974826037883758545 0.092678658664226531982 0.093928329646587371826 0.094345763325691223145 0.17969761788845062256 0.12583070993423461914 0.17985557019710540771 0.1460532844066619873 0.14483858644962310791 0.14386548101902008057 0.14347909390926361084 0.14359396696090698242 0.14263130724430084229 0.19234696030616760254 0.15574111044406890869 0.15562710165977478027
