tests/data/reference/gistest/full/control/widthrill.asc
ncols        125
nrows        78
xllcorner    -713756.799299980048
yllcorner    -1061032.369616159936
cellsize     10.000000000000
NODATA_value  -9999
[rows 19 to 37 of 78, columns 0 to 41 of 125]
-9999 -9999 -9999 -9999 -9999 -9999 -9999 -9999 -9999 -9999 -9999 -9999 -9999 -9999 -9999 -9999 -9999 0 0.094625346362590789795 0.16359548270702362061 0.19399857521057128906 0.37308928370475769043 0.093051627278327941895 0 0.030326144769787788391 0 0.51672917604446411133 0.3396116793155670166 0.34166285395622253418 0 0.31052303314208984375 0.14082184433937072754 0.046364769339561462402 0.18677490949630737305 0.30390036106109619141 0.11976100504398345947 0.26634946465492248535 0.29828330874443054199 0.2203782200813293457 0.24445633590221405029 0.2546170651912689209 0.22980122268199920654
-9999 -9999 -9999 -9999 -9999 -9999 -9999 -9999 -9999 -9999 -9999 -9999 -9999 -9999 -9999 -9999 0 0.096004471182823181152 0.12940293550491333008 0.1853281855583190918 0.41127747297286987305 0.12687814235687255859 0 0.094739884138107299805 0 0 0.35665720701217651367 0.35562551021575927734 0.35023891925811767578 0.095453687012195587158 0.31043422222137451172 0.15510922670364379883 0.046875130385160446167 0.20501922070980072021 0.30872276425361633301 0.13790941238403320312 0.27121177315711975098 0.30191341042518615723 0.2268352806568145752 0.24969454109668731689 0.25951376557350158691 0.23566642403602600098
-9999 -9999 -9999 -9999 -9999 -9999 -9999 -9999 -9999 -9999 -9999 -9999 -9999 -9999 -9999 -9999 0.0911771431565284729 0.12972827255725860596 0.15547232329845428467 0.4701195061206817627 0.17588278651237487793 0 0 0 0 0.18347316980361938477 0.38194563984870910645 0.37015482783317565918 0.35535231232643127441 0.12365834414958953857 0.31205469369888305664 0.044101729989051818848 0.16651886701583862305 0.22125717997550964355 0.31308603286743164062 0.15271142125129699707 0.27763608098030090332 0.30987092852592468262 0.23629750311374664307 0.25715500116348266602 0.26548659801483154297 0.24167330563068389893
-9999 -9999 -9999 -9999 -9999 -9999 -9999 -9999 -9999 -9999 -9999 -9999 -9999 -9999 -9999 -9999 0.12778408825397491455 0.15611438453197479248 0.17791564762592315674 0.56395041942596435547 0 0 0 0 0.1632671356201171875 0.20247088372707366943 0.38979306817054748535 0.37025982141494750977 0.35415372252464294434 0.1428852081298828125 0.31547024846076965332 0.043908476829528808594 0.095451533794403076172 0.17733682692050933838 0.36094844341278076172 0.16569069027900695801 0.2836971580982208252 0.3151035606861114502 0.047802910208702087402 0.32502168416976928711 0.27035051584243774414 0.24762298166751861572
-9999 -9999 -9999 -9999 -9999 -9999 -9999 -9999 -9999 -9999 -9999 -9999 -9999 -9999 -9999 0 0.14983779191970825195 0.26670494675636291504 0.53935444355010986328 0 0 0 0 0 0.22009621560573577881 0.21265803277492523193 0.3774872124195098877 0.3590475618839263916 0.34992811083793640137 0.15811602771282196045 0.32061880826950073242 0.04326906055212020874 0.095453232526779174805 0.12000507116317749023 0.18758332729339599609 0.38389918208122253418 0.28864696621894836426 0.31661111116409301758 0.050153631716966629028 0.32911559939384460449 0.27442872524261474609 0.25372666120529174805
-9999 -9999 -9999 -9999 -9999 -9999 -9999 -9999 -9999 -9999 -9999 -9999 -9999 -9999 -9999 0 0.76576220989227294922 0.63010728359222412109 0.087035588920116424561 0 0 0 0 0.041753906756639480591 0.13104030489921569824 0.22709839046001434326 0.39920592308044433594 0.35312062501907348633 0.34761115908622741699 0.17252546548843383789 0.057505663484334945679 0.32093441486358642578 0.095480337738990783691 0.12027525156736373901 0.13895106315612792969 0.41284844279289245605 0.29465273022651672363 0.31969255208969116211 0.050932824611663818359 0.33549591898918151855 0.27953702211380004883 0.2596562802791595459
-9999 -9999 -9999 -9999 -9999 -9999 -9999 -9999 -9999 -9999 -9999 -9999 -9999 -9999 -9999 0.90786862373352050781 0 0 0 0 0 0 0.13301292061805725098 0.17280618846416473389 0.10219823569059371948 0.14859727025032043457 0.22611373662948608398 0.48008361458778381348 0.34648391604423522949 0.18272492289543151855 0.058805782347917556763 0.10225971043109893799 0.32439887523651123047 0.12451323866844177246 0.1402997821569442749 0.15609855949878692627 0.47607180476188659668 0.047989770770072937012 0.31925719976425170898 0.094869151711463928223 0.40836292505264282227 0.2651659548282623291
-9999 -9999 -9999 -9999 -9999 -9999 -9999 -9999 -9999 -9999 -9999 -9999 -9999 0 0 0.24177865684032440186 0.047266848385334014893 0 0 0 0 0 0.2016944587230682373 0.1556352078914642334 0.18640768527984619141 0.13000439107418060303 0.16499215364456176758 0.51826524734497070312 0.35778641700744628906 0.19621153175830841064 0.10246334224939346313 0.057474471628665924072 0.12705381214618682861 0.33329313993453979492 0.14562399685382843018 0.16013950109481811523 0.16853156685829162598 0.46929940581321716309 0.095025576651096343994 0.32341569662094116211 0.11865906417369842529 0.45564490556716918945
-9999 -9999 -9999 -9999 -9999 -9999 -9999 -9999 -9999 -9999 -9999 -9999 -9999 -9999 0 0 0 0 0 0 0 0.18870161473751068115 0.20362974703311920166 0.28235468268394470215 0.3159160912036895752 0.3538532555103302002 0.3689416050910949707 0.39203438162803649902 0.54977953433990478516 0.37594845890998840332 0.2101710885763168335 0.12828545272350311279 0.10253052413463592529 0.14792694151401519775 0.34835836291313171387 0.16281834244728088379 0.17108575999736785889 0.17852230370044708252 0.46737977862358093262 0.1187953650951385498 0.32613131403923034668 0.46441566944122314453
-9999 -9999 -9999 -9999 -9999 -9999 -9999 -9999 -9999 -9999 -9999 -9999 -9999 -9999 -9999 -9999 0 0 0 0 0.13745993375778198242 0.16006739437580108643 0.1785402446985244751 0.1936686784029006958 0.2058133929967880249 0.21572203934192657471 0.22366228699684143066 0.23386803269386291504 0.44080471992492675781 0.65610218048095703125 0.3825664818286895752 0.22255751490592956543 0.15012326836585998535 0.13017944991588592529 0.16769886016845703125 0.3536732792854309082 0.1731004863977432251 0.18124255537986755371 0.19087196886539459229 0.47607946395874023438 0.14027164876461029053 0.53162026405334472656
-9999 -9999 -9999 -9999 -9999 -9999 -9999 -9999 -9999 -9999 -9999 -9999 -9999 -9999 -9999 -9999 -9999 0 0 0.15799395740032196045 0.17694342136383056641 0.19343224167823791504 0.20857019722461700439 0.2202253490686416626 0.22824788093566894531 0.234475746750831604 0.23923337459564208984 0.24782201647758483887 0.26103723049163818359 0.26989141106605529785 0.67368024587631225586 0.72905302047729492188 0.74986869096755981445 0.17043803632259368896 0.15249209105968475342 0.18199521303176879883 0.35221141576766967773 0.37429523468017578125 0.40216368436813354492 0.20464058220386505127 0.48116034269332885742 0.15481476485729217529
-9999 -9999 -9999 -9999 -9999 -9999 -9999 -9999 -9999 -9999 -9999 -9999 -9999 -9999 -9999 -9999 -9999 0 0 0.13458397984504699707 0.15898646414279937744 0.17800520360469818115 0.60612845420837402344 0.6019204258918762207 0.5897362828254699707 0.57978528738021850586 0.57104402780532836914 0.57157671451568603516 0.58191019296646118164 0.58268064260482788086 0.57332479953765869141 0.57510155439376831055 0.5865523219108581543 0.88601362705230712891 0.90563672780990600586 0.90186840295791625977 0.88023591041564941406 0.86338156461715698242 0.85265833139419555664 0.88183951377868652344 0.87101507186889648438 0.93172085285186767578
-9999 -9999 -9999 -9999 -9999 -9999 -9999 -9999 -9999 -9999 -9999 -9999 -9999 -9999 -9999 -9999 0 0 0.13161680102348327637 0.35466721653938293457 0.40846350789070129395 0.58493947982788085938 0.21425236761569976807 0.2913443446159362793 0.34854608774185180664 0.34938615560531616211 0.44930556416511535645 0.47678670287132263184 0.53608191013336181641 0.535114288330078125 0.52826797962188720703 0.53017032146453857422 0.54173499345779418945 0.55853521823883056641 0.5837497711181640625 0.59004795551300048828 0.57442253828048706055 0.78951126337051391602 0.76584863662719726562 0.74852693080902099609 0.74115252494812011719 0.75046783685684204102
-9999 -9999 -9999 -9999 -9999 -9999 -9999 -9999 -9999 -9999 -9999 -9999 -9999 -9999 -9999 0 0 0.25564917922019958496 0.32442861795425415039 0.25496381521224975586 0.49220228195190429688 0.20172330737113952637 0.21141318976879119873 0.22993107140064239502 0.24487850069999694824 0.33615666627883911133 0.22620463371276855469 0.31759434938430786133 0.28390401601791381836 0.2869319915771484375 0.29099220037460327148 0.29801237583160400391 0.55074661970138549805 0.58017337322235107422 0.61647814512252807617 0.64214217662811279297 0.66860991716384887695 0.12834160029888153076 0.14566770195960998535 0.21011272072792053223 0.1871023029088973999 0.17509004473686218262
-9999 -9999 -9999 -9999 -9999 -9999 -9999 -9999 -9999 -9999 -9999 -9999 -9999 -9999 -9999 0 0.23680819571018218994 0.20507964491844177246 0.23858560621738433838 0.48185774683952331543 0.18731756508350372314 0.20069430768489837646 0.22172851860523223877 0.23894013464450836182 0.25836431980133056641 0.21341589093208312988 0.31378713250160217285 0.28150534629821777344 0.29160717129707336426 0.41442400217056274414 0.46063479781150817871 0.4853782355785369873 0.18723213672637939453 0.21065546572208404541 0.22986815869808197021 0.30105009675025939941 0.09561875462532043457 0.12300676107406616211 0.20270855724811553955 0.17938210070133209229 0.16485741734504699707 0.16241866350173950195
-9999 -9999 -9999 -9999 -9999 -9999 -9999 -9999 -9999 -9999 -9999 -9999 -9999 -9999 0 0.10854031890630722046 0.19245965778827667236 0.22725795209407806396 0.46925011277198791504 0.16880500316619873047 0.18521457910537719727 0.21185988187789916992 0.23232664167881011963 0.2564792633056640625 0.20570962131023406982 0.30847504734992980957 0.27732697129249572754 0.29186928272247314453 0.34137547016143798828 0.26310700178146362305 0.19302549958229064941 0.1711407005786895752 0.19551610946655273438 0.21486727893352508545 0.28866928815841674805 0.035994634032249450684 0.095702573657035827637 0.19137634336948394775 0.16817031800746917725 0.15371239185333251953 0.15193234384059906006 0.18325732648372650146
-9999 -9999 -9999 -9999 -9999 -9999 -9999 -9999 -9999 -9999 -9999 -9999 -9999 0 0 0.17643824219703674316 0.21751378476619720459 0.47085726261138916016 0.15002557635307312012 0.16814871132373809814 0.19744259119033813477 0.22136823832988739014 0.25088351964950561523 0.1977192312479019165 0.31101578474044799805 0.27538648247718811035 0.29150697588920593262 0.34654402732849121094 0.26020535826683044434 0.18275508284568786621 0.15687741339206695557 0.18172539770603179932 0.20194360613822937012 0.26001796126365661621 0.1216311231255531311 0.0388545207679271698 0.1814273148775100708 0.15553544461727142334 0.13928304612636566162 0.13791026175022125244 0.17445604503154754639 0.13484106957912445068
-9999 -9999 -9999 -9999 -9999 -9999 -9999 -9999 -9999 -9999 -9999 -9999 -9999 0 0.15940026938915252686 0.20521855354309082031 0.46845331788063049316 0.12676092982292175293 0.14976218342781066895 0.18284042179584503174 0.20806531608104705811 0.23925516009330749512 0.18396328389644622803 0.30806800723075866699 0.27318298816680908203 0.29117894172668457031 0.35135984420776367188 0.26231947541236877441 0.17429734766483306885 0.1428950875997543335 0.17213563621044158936 0.1938349306583404541 0.24930626153945922852 0.041118353605270385742 0.095683060586452484131 0.17083048820495605469 0.14178706705570220947 0.12206944078207015991 0.12159816920757293701 0.1674102097749710083 0.11963769793510437012 0.11841070652008056641
-9999 -9999 -9999 -9999 -9999 -9999 -9999 -9999 -9999 -9999 -9999 -9999 0 0 0.19782088696956634521 0.47502818703651428223 0.090761758387088775635 0.1266966015100479126 0.16773048043251037598 0.19554968178272247314 0.22805885970592498779 0.16682085394859313965 0.29932484030723571777 0.26476657390594482422 0.28596457839012145996 0.35126036405563354492 0.26014721393585205078 0.16437737643718719482 0.12475427985191345215 0.16208945214748382568 0.18913657963275909424 0.16133584082126617432 0.20808374881744384766 0.024713391438126564026 0.15879753232002258301 0.12328214943408966064 0.095596395432949066162 0.095614738762378692627 0.15962350368499755859 0.095713235437870025635 0.095732979476451873779 0.095565587282180786133
