tests/data/reference/gistest/full/control/widthrill.asc
ncols        125
nrows        78
xllcorner    -713756.799299980048
yllcorner    -1061032.369616159936
cellsize     10.000000000000
NODATA_value  -9999
[rows 19 to 37 of 78, columns 0 to 42 of 125]
-9999 -9999 -9999 -9999 -9999 -9999 -9999 -9999 -9999 -9999 -9999 -9999 -9999 -9999 -9999 -9999 -9999 0 0.094625234603881835938 0.16359536349773406982 0.19399845600128173828 0.37308907508850097656 0.093051500618457794189 0 0.030325805768370628357 0 0.51672887802124023438 0.33961150050163269043 0.3416627049446105957 0 0.31052291393280029297 0.14082174003124237061 0.046364616602659225464 0.18677479028701782227 0.30390021204948425293 0.11976091563701629639 0.26634934544563293457 0.29828315973281860352 0.22037811577320098877 0.24445620179176330566 0.25461694598197937012 0.22980108857154846191 0.17296035587787628174
-9999 -9999 -9999 -9999 -9999 -9999 -9999 -9999 -9999 -9999 -9999 -9999 -9999 -9999 -9999 -9999 0 0.09600429236888885498 0.12940280139446258545 0.18532805144786834717 0.41127726435661315918 0.12687800824642181396 0 0.094739772379398345947 0 0 0.3566570281982421875 0.35562533140182495117 0.3502387702465057373 0.095453582704067230225 0.31043407320976257324 0.15510912239551544189 0.04687498137354850769 0.20501910150051116943 0.30872261524200439453 0.13790930807590484619 0.2712116539478302002 0.30191326141357421875 0.22683516144752502441 0.24969440698623657227 0.25951364636421203613 0.2356663048267364502 0.18204115331172943115
-9999 -9999 -9999 -9999 -9999 -9999 -9999 -9999 -9999 -9999 -9999 -9999 -9999 -9999 -9999 -9999 0.091176882386207580566 0.12972807884216308594 0.1554721444845199585 0.47011923789978027344 0.17588262259960174561 0 0 0 0 0.18347311019897460938 0.38194546103477478027 0.37015464901924133301 0.35535216331481933594 0.12365823984146118164 0.31205454468727111816 0.0441015586256980896 0.16651876270771026611 0.22125704586505889893 0.31308588385581970215 0.15271131694316864014 0.27763596177101135254 0.30987077951431274414 0.23629738390445709229 0.25715488195419311523 0.26548644900321960449 0.2416731715202331543 0.19053423404693603516
-9999 -9999 -9999 -9999 -9999 -9999 -9999 -9999 -9999 -9999 -9999 -9999 -9999 -9999 -9999 -9999 0.12778383493423461914 0.15611416101455688477 0.17791540920734405518 0.56395012140274047852 0 0 0 0 0.16326673328876495361 0.2024708092212677002 0.38979288935661315918 0.37025964260101318359 0.35415357351303100586 0.14288510382175445557 0.31547009944915771484 0.043908305466175079346 0.095451436936855316162 0.1773367077112197876 0.36094829440116882324 0.16569058597087860107 0.28369703888893127441 0.31510341167449951172 0.047802764922380447388 0.32502150535583496094 0.27035036683082580566 0.24762284755706787109 0.19914196431636810303
-9999 -9999 -9999 -9999 -9999 -9999 -9999 -9999 -9999 -9999 -9999 -9999 -9999 -9999 -9999 0 0.14983747899532318115 0.26670467853546142578 0.53935414552688598633 0 0 0 0 0 0.22009609639644622803 0.212657928466796875 0.37748703360557556152 0.35904738306999206543 0.34992796182632446289 0.15811592340469360352 0.32061868906021118164 0.043268881738185882568 0.095453135669231414795 0.12000498175621032715 0.18758322298526763916 0.38389900326728820801 0.28864684700965881348 0.31661093235015869141 0.050153505057096481323 0.32911545038223266602 0.27442857623100280762 0.25372654199600219727 0.20815256237983703613
-9999 -9999 -9999 -9999 -9999 -9999 -9999 -9999 -9999 -9999 -9999 -9999 -9999 -9999 -9999 0 0.76576173305511474609 0.63010692596435546875 0.087035298347473144531 0 0 0 0 0.041753545403480529785 0.13104014098644256592 0.22709825634956359863 0.39920574426651000977 0.35312044620513916016 0.34761101007461547852 0.17252534627914428711 0.057505473494529724121 0.3209342658519744873 0.095480240881443023682 0.12027516216039657593 0.1389509737491607666 0.41284823417663574219 0.29465261101722717285 0.31969240307807922363 0.050932701677083969116 0.33549576997756958008 0.27953690290451049805 0.25965616106986999512 0.21612960100173950195
-9999 -9999 -9999 -9999 -9999 -9999 -9999 -9999 -9999 -9999 -9999 -9999 -9999 -9999 -9999 0.90786802768707275391 0 0 0 0 0 0 0.13301281630992889404 0.17280608415603637695 0.10219807922840118408 0.14859710633754730225 0.22611360251903533936 0.48008337616920471191 0.34648376703262329102 0.18272478878498077393 0.058805603533983230591 0.10225956887006759644 0.32439875602722167969 0.1245131269097328186 0.14029969274997711182 0.15609845519065856934 0.47607159614562988281 0.047989632934331893921 0.31925702095031738281 0.094869062304496765137 0.4083627164363861084 0.26516583561897277832 0.22299867868423461914
-9999 -9999 -9999 -9999 -9999 -9999 -9999 -9999 -9999 -9999 -9999 -9999 -9999 0 0 0.24177829921245574951 0.047265946865081787109 0 0 0 0 0 0.20169430971145629883 0.15563507378101348877 0.18640756607055664062 0.1300042271614074707 0.16499198973178863525 0.51826500892639160156 0.35778626799583435059 0.19621138274669647217 0.10246320068836212158 0.057474281638860702515 0.12705366313457489014 0.33329299092292785645 0.14562386274337768555 0.16013938188552856445 0.16853146255016326904 0.46929919719696044922 0.095025487244129180908 0.32341554760932922363 0.11865897476673126221 0.45564466714859008789 0.23011001944541931152
-9999 -9999 -9999 -9999 -9999 -9999 -9999 -9999 -9999 -9999 -9999 -9999 -9999 -9999 0 0 0 0 0 0 0 0.18870145082473754883 0.20362958312034606934 0.28235447406768798828 0.31591588258743286133 0.35385301709175109863 0.36894136667251586914 0.39203411340713500977 0.5497792363166809082 0.37594828009605407715 0.21017092466354370117 0.12828530371189117432 0.10253038257360458374 0.14792679250240325928 0.34835821390151977539 0.16281819343566894531 0.17108562588691711426 0.17852218449115753174 0.46737957000732421875 0.11879527568817138672 0.32613113522529602051 0.46441543102264404297 0.23766963183879852295
-9999 -9999 -9999 -9999 -9999 -9999 -9999 -9999 -9999 -9999 -9999 -9999 -9999 -9999 -9999 -9999 0 0 0 0 0.13745987415313720703 0.16006730496883392334 0.17854012548923492432 0.19366854429244995117 0.20581324398517608643 0.21572187542915344238 0.22366212308406829834 0.23386785387992858887 0.44080442190170288086 0.65610182285308837891 0.38256630301475524902 0.22255733609199523926 0.15012310445308685303 0.13017928600311279297 0.16769868135452270508 0.35367310047149658203 0.17310033738613128662 0.18124242126941680908 0.19087183475494384766 0.47607925534248352051 0.14027154445648193359 0.531620025634765625 0.24397909641265869141
-9999 -9999 -9999 -9999 -9999 -9999 -9999 -9999 -9999 -9999 -9999 -9999 -9999 -9999 -9999 -9999 -9999 0 0 0.15799380838871002197 0.17694325745105743408 0.19343207776546478271 0.20857001841068267822 0.22022515535354614258 0.22824768722057342529 0.23447555303573608398 0.23923318088054656982 0.24782182276248931885 0.26103702187538146973 0.26989120244979858398 0.67367988824844360352 0.72905266284942626953 0.74986827373504638672 0.17043785750865936279 0.15249192714691162109 0.18199501931667327881 0.35221123695373535156 0.37429505586624145508 0.40216347575187683105 0.20464043319225311279 0.48116013407707214355 0.15481464564800262451 0.55251544713973999023
-9999 -9999 -9999 -9999 -9999 -9999 -9999 -9999 -9999 -9999 -9999 -9999 -9999 -9999 -9999 -9999 -9999 0 0 0.13458384573459625244 0.15898631513118743896 0.17800503969192504883 0.60612821578979492188 0.60192018747329711914 0.58973604440689086914 0.57978510856628417969 0.57104378938674926758 0.57157653570175170898 0.58190995454788208008 0.5826804041862487793 0.57332462072372436523 0.57510137557983398438 0.58655214309692382812 0.88601320981979370117 0.90563631057739257812 0.90186798572540283203 0.88023549318313598633 0.86338114738464355469 0.85265791416168212891 0.8818390965461730957 0.87101465463638305664 0.93172043561935424805 0.93920445442199707031
-9999 -9999 -9999 -9999 -9999 -9999 -9999 -9999 -9999 -9999 -9999 -9999 -9999 -9999 -9999 -9999 0 0 0.13161672651767730713 0.35466712713241577148 0.40846338868141174316 0.58493924140930175781 0.21425220370292663574 0.29134413599967956543 0.34854587912559509277 0.34938594698905944824 0.44930529594421386719 0.47678643465042114258 0.53608167171478271484 0.53511399030685424805 0.52826768159866333008 0.53017008304595947266 0.54173475503921508789 0.55853492021560668945 0.58374947309494018555 0.59004765748977661133 0.57442224025726318359 0.78951090574264526367 0.76584827899932861328 0.74852663278579711914 0.74115222692489624023 0.75046753883361816406 0.77947080135345458984
-9999 -9999 -9999 -9999 -9999 -9999 -9999 -9999 -9999 -9999 -9999 -9999 -9999 -9999 -9999 0 0 0.25564914941787719727 0.3244285285472869873 0.25496369600296020508 0.4922021031379699707 0.20172317326068878174 0.21141304075717926025 0.22993092238903045654 0.24487836658954620361 0.33615648746490478516 0.22620449960231781006 0.31759417057037353516 0.28390386700630187988 0.28693184256553649902 0.29099205136299133301 0.29801225662231445312 0.55074638128280639648 0.58017313480377197266 0.61647790670394897461 0.64214187860488891602 0.668609619140625 0.12834148108959197998 0.14566758275032043457 0.21011260151863098145 0.18710218369960784912 0.17508992552757263184 0.17557594180107116699
-9999 -9999 -9999 -9999 -9999 -9999 -9999 -9999 -9999 -9999 -9999 -9999 -9999 -9999 -9999 0 0.23680810630321502686 0.20507955551147460938 0.2385854870080947876 0.48185753822326660156 0.18731744587421417236 0.20069417357444763184 0.22172839939594268799 0.23894000053405761719 0.25836417078971862793 0.2134157717227935791 0.31378698348999023438 0.28150519728660583496 0.29160702228546142578 0.41442382335662841797 0.46063461899757385254 0.48537802696228027344 0.18723201751708984375 0.21065534651279449463 0.22986802458763122559 0.30104994773864746094 0.095618650317192077637 0.1230066642165184021 0.20270843803882598877 0.1793819814920425415 0.16485731303691864014 0.16241855919361114502 0.19187468290328979492
-9999 -9999 -9999 -9999 -9999 -9999 -9999 -9999 -9999 -9999 -9999 -9999 -9999 -9999 0 0.10854014754295349121 0.19245958328247070312 0.22725784778594970703 0.46924990415573120117 0.16880488395690917969 0.18521444499492645264 0.21185976266860961914 0.232326507568359375 0.25647911429405212402 0.2057094871997833252 0.30847489833831787109 0.27732685208320617676 0.29186913371086120605 0.3413753211498260498 0.26310685276985168457 0.19302538037300109863 0.17114058136940002441 0.19551600515842437744 0.21486714482307434082 0.28866910934448242188 0.035994384437799453735 0.095702484250068664551 0.19137623906135559082 0.16817021369934082031 0.15371230244636535645 0.15193225443363189697 0.18325720727443695068 0.14818784594535827637
-9999 -9999 -9999 -9999 -9999 -9999 -9999 -9999 -9999 -9999 -9999 -9999 -9999 0 0 0.17643818259239196777 0.2175136953592300415 0.47085708379745483398 0.15002545714378356934 0.16814859211444854736 0.19744247198104858398 0.22136811912059783936 0.25088337063789367676 0.19771911203861236572 0.31101563572883605957 0.27538636326789855957 0.29150685667991638184 0.34654387831687927246 0.26020523905754089355 0.18275497853755950928 0.15687730908393859863 0.18172529339790344238 0.20194348692893981934 0.26001781225204467773 0.12163103371858596802 0.038854304701089859009 0.18142719566822052002 0.15553534030914306641 0.13928295671939849854 0.13791015744209289551 0.17445594072341918945 0.1348409801721572876 0.13376535475254058838
-9999 -9999 -9999 -9999 -9999 -9999 -9999 -9999 -9999 -9999 -9999 -9999 -9999 0 0.15940020978450775146 0.20521844923496246338 0.4684531092643737793 0.12676081061363220215 0.14976206421852111816 0.18284030258655548096 0.20806519687175750732 0.23925502598285675049 0.18396316468715667725 0.30806785821914672852 0.27318286895751953125 0.29117879271507263184 0.3513596951961517334 0.26231935620307922363 0.17429722845554351807 0.14289498329162597656 0.17213551700115203857 0.19383482635021209717 0.24930612742900848389 0.041118156164884567261 0.095682971179485321045 0.17083038389682769775 0.14178696274757385254 0.1220693439245223999 0.121598072350025177 0.16741010546684265137 0.11963760852813720703 0.11841061711311340332 0.11734610050916671753
-9999 -9999 -9999 -9999 -9999 -9999 -9999 -9999 -9999 -9999 -9999 -9999 0 0 0.19782079756259918213 0.47502800822257995605 0.090761616826057434082 0.12669648230075836182 0.1677303612232208252 0.19554956257343292236 0.22805874049663543701 0.16682073473930358887 0.2993246912956237793 0.26476645469665527344 0.28596442937850952148 0.35126021504402160645 0.2601470947265625 0.16437725722789764404 0.12475417554378509521 0.1620893329381942749 0.18913646042346954346 0.16133572161197662354 0.20808362960815429688 0.024712916463613510132 0.15879742801189422607 0.12328204512596130371 0.095596291124820709229 0.095614634454250335693 0.15962339937686920166 0.095713131129741668701 0.09573288261890411377 0.095565497875213623047 0.09499775618314743042
