tests/data/reference/gistest/full/control/widthrill.asc
ncols        125
nrows        78
xllcorner    -713756.799299980048
yllcorner    -1061032.369616159936
cellsize     10.000000000000
NODATA_value  -9999
[rows 38 to 56 of 78, columns 0 to 41 of 125]
-9999 -9999 -9999 -9999 -9999 -9999 -9999 -9999 -9999 -9999 -9999 0 0 0.18483816087245941162 0.50221884250640869141 0 0.088002279400825500488 0.15104538202285766602 0.18373250961303710938 0.21877580881118774414 0.14882546663284301758 0.29125213623046875 0.25651052594184875488 0.27956321835517883301 0.34873294830322265625 0.2552350163459777832 0.14805582165718078613 0.094296351075172424316 0.14724986255168914795 0.17994457483291625977 0.1482610553503036499 0.14782480895519256592 0.1474876701831817627 0.14685358107089996338 0.095429874956607818604 0 0 0.14703758060932159424 0 0 0 0.023678187280893325806
-9999 -9999 -9999 -9999 -9999 -9999 -9999 -9999 -9999 -9999 -9999 0 0.16331970691680908203 0.50791281461715698242 0.062223635613918304443 0 0.12579391896724700928 0.17299720644950866699 0.21250124275684356689 0.12655963003635406494 0.28672340512275695801 0.24817074835300445557 0.27315759658813476562 0.34609138965606689453 0.24901956319808959961 0.12638211250305175781 0 0.12596072256565093994 0.16637083888053894043 0.12638822197914123535 0.12676548957824707031 0.12679721415042877197 0.12680774927139282227 0 0 0.095275819301605224609 0.12564510107040405273 0 0.09241183847188949585 0.12640082836151123047 0.14787535369396209717 0.012435507960617542267
-9999 -9999 -9999 -9999 -9999 -9999 -9999 -9999 -9999 -9999 0 0 0.52174723148345947266 0.11942282319068908691 0 0.046156797558069229126 0.15500955283641815186 0.20850718021392822266 0.087375655770301818848 0.28587749600410461426 0.24241466820240020752 0.26676970720291137695 0.34214472770690917969 0.24094150960445404053 0.092749744653701782227 0 0.093047320842742919922 0.14930142462253570557 0.092339046299457550049 0.090702921152114868164 0.086600013077259063721 0.085556142032146453857 0 0.092385783791542053223 0.12509275972843170166 0.14535270631313323975 0.16376696527004241943 0.18000520765781402588 0.19441492855548858643 0 0 0.15683066844940185547
-9999 -9999 -9999 -9999 -9999 -9999 -9999 -9999 -9999 -9999 0 0.46608334779739379883 0.18033076822757720947 0 0 0.12214649468660354614 0.19763651490211486816 0 0.29158028960227966309 0.23953306674957275391 0.26333442330360412598 0.33997666835784912109 0.23274068534374237061 0 0 0.093195147812366485596 0.12657944858074188232 0 0 0 0 0 0.090271003544330596924 0.12599077820777893066 0.14566944539546966553 0.16112911701202392578 0.17565126717090606689 0.18905285000801086426 0 0.19946627318859100342 0.095735967159271240234 0.095598652958869934082
-9999 -9999 -9999 -9999 -9999 -9999 -9999 -9999 -9999 0 0 0.43550208210945129395 0.15510231256484985352 0 0.037633869796991348267 0.17859189212322235107 0.19718801975250244141 0.29222777485847473145 0.23858696222305297852 0.26473718881607055664 0.34157696366310119629 0.22398963570594787598 0.091501414775848388672 0.12648728489875793457 0.14847493171691894531 0.16653840243816375732 0.4481436610221862793 0.47191098332405090332 0.47548320889472961426 0.48618856072425842285 0.50590544939041137695 0.50290733575820922852 0.47995576262474060059 0.46570381522178649902 0.4569085538387298584 0.4545199275016784668 0.45717895030975341797 0.46226096153259277344 0.48735335469245910645 0.4861990809440612793 0.49196931719779968262 0.4917672276496887207
-9999 -9999 -9999 -9999 -9999 -9999 -9999 -9999 0 0 0.42035400867462158203 0.073763065040111541748 0.12419583648443222046 0 0.15506610274314880371 0.17822070419788360596 0.21300812065601348877 0.22724597156047821045 0.26377701759338378906 0.35193130373954772949 0.21664489805698394775 0 0 0.092512875795364379883 0.40108475089073181152 0.41747039556503295898 0.1671724170446395874 0.12652699649333953857 0.149869576096534729 0.16960456967353820801 0.18874238431453704834 0.20121723413467407227 0.20629221200942993164 0.21178705990314483643 0.21795415878295898438 0.22530739009380340576 0.2339455336332321167 0.24303528666496276855 0.25270849466323852539 0.25773760676383972168 0.2586199641227722168 0.26309227943420410156
-9999 -9999 -9999 -9999 -9999 -9999 -9999 -9999 0 0.036523729562759399414 0.41086798906326293945 0 0.070083051919937133789 0.12352021783590316772 0.15506303310394287109 0.19688452780246734619 0.2128041684627532959 0.25115695595741271973 0.35099706053733825684 0.20886616408824920654 0.21535359323024749756 0.29099768400192260742 0.34774473309516906738 0.39559265971183776855 0.14951159060001373291 0.14881502091884613037 0.093741536140441894531 0 0.093452744185924530029 0.12642355263233184814 0.15077117085456848145 0.16859374940395355225 0.17965967953205108643 0.18960618972778320312 0.19943732023239135742 0.20922894775867462158 0.21921533346176147461 0.64920324087142944336 0.67026060819625854492 0.68392229080200195312 0.68986582756042480469 0.70216727256774902344
-9999 -9999 -9999 -9999 -9999 -9999 -9999 -9999 0 0.39645802974700927734 0.15493741631507873535 0 0.06595411151647567749 0.1249356195330619812 0.17744004726409912109 0.1961085200309753418 0.23904581367969512939 0.34044653177261352539 0.19335195422172546387 0.20561465620994567871 0.2124318927526473999 0.2198171466588973999 0.22888123989105224609 0.12632516026496887207 0.12654122710227966309 0 0 0.094186790287494659424 0.12595774233341217041 0.14868706464767456055 0.16746313869953155518 0.1821295619010925293 0.19268426299095153809 0.20261599123477935791 0.59815275669097900391 0.614521026611328125 0.63038963079452514648 0.24089504778385162354 0.23803421854972839355 0.23557129502296447754 0.23306216299533843994 0.23210728168487548828
-9999 -9999 -9999 -9999 -9999 -9999 -9999 0 0.37526097893714904785 0.12004285305738449097 0.12182313203811645508 0 0.07048883289098739624 0.15441235899925231934 0.17604805529117584229 0.2236817479133605957 0.33398205041885375977 0.17621007561683654785 0.19330824911594390869 0.2057959139347076416 0.21285693347454071045 0.21983426809310913086 0.093512751162052154541 0.093554869294166564941 0.092912092804908752441 0.12624260783195495605 0.14733728766441345215 0.16442334651947021484 0.18098317086696624756 0.19468796253204345703 0.20573054254055023193 0.21629929542541503906 0.57308095693588256836 0.59167057275772094727 0.23215477168560028076 0.23726233839988708496 0.23360592126846313477 0.22959779202938079834 0.22595652937889099121 0.22337071597576141357 0.2212622910737991333 0.24697211384773254395
-9999 -9999 -9999 -9999 -9999 -9999 -9999 0.18999947607517242432 0.25049281120300292969 0.063001669943332672119 0.073146231472492218018 0 0.12617269158363342285 0.15348869562149047852 0.20559632778167724609 0.31708762049674987793 0.15381738543510437012 0.17627705633640289307 0.19539265334606170654 0.2089017033576965332 0.21609862148761749268 0 0 0 0 0.093779675662517547607 0.1253871619701385498 0.14685426652431488037 0.48565468192100524902 0.50932323932647705078 0.52457284927368164062 0.54572135210037231445 0.22454592585563659668 0.2230676114559173584 0.22928489744663238525 0.22630260884761810303 0.22359089553356170654 0.22067040205001831055 0.21765218675136566162 0.21547865867614746094 0.24169497191905975342 0.21932728588581085205
-9999 -9999 -9999 -9999 -9999 -9999 0 0.26836973428726196289 0.23200404644012451172 0 0 0.07437369227409362793 0.12603382766246795654 0.19139400124549865723 0.30853986740112304688 0.1268851161003112793 0.1532472074031829834 0.17531822621822357178 0.19492767751216888428 0.20892955362796783447 0.21665088832378387451 0.28507339954376220703 0.32998579740524291992 0.36444768309593200684 0.41581940650939941406 0.43013054132461547852 0.44563594460487365723 0.46501171588897705078 0.20422652363777160645 0.20425787568092346191 0.21312940120697021484 0.21261963248252868652 0.21304422616958618164 0.22130306065082550049 0.21903128921985626221 0.21695277094841003418 0.21514432132244110107 0.21285942196846008301 0.20982761681079864502 0.23783054947853088379 0.21410267055034637451 0.23384618759155273438
-9999 -9999 -9999 -9999 -9999 0 0 0.12318180501461029053 0.19674012064933776855 0 0 0.046591222286224365234 0.17847488820552825928 0.31155884265899658203 0.082525186240673065186 0.12669724225997924805 0.15325760841369628906 0.17442229390144348145 0.19366084039211273193 0.20738212764263153076 0.20245331525802612305 0.1987791210412979126 0.19615171849727630615 0.25186434388160705566 0.14643001556396484375 0.16295416653156280518 0.17749574780464172363 0.19003564119338989258 0.19022570550441741943 0.20203259587287902832 0.20167024433612823486 0.20140303671360015869 0.21234953403472900391 0.21227443218231201172 0.21146039664745330811 0.21023854613304138184 0.20881995558738708496 0.20656614005565643311 0.23600114881992340088 0.20902010798454284668 0.23022951185703277588 0.21374835073947906494
-9999 -9999 -9999 -9999 -9999 0 0.1799389272928237915 0.064605295658111572266 0.12257192283868789673 0 0 0.15382955968379974365 0.32229918241500854492 0 0.078381195664405822754 0.12655428051948547363 0.15318015217781066895 0.17396600544452667236 0.19320145249366760254 0.19186978042125701904 0.18760819733142852783 0.18380770087242126465 0.24472138285636901855 0.1251026839017868042 0.14470915496349334717 0.16050732135772705078 0.17485721409320831299 0.17462544143199920654 0.18655537068843841553 0.18705046176910400391 0.18762010335922241211 0.19868080317974090576 0.19885870814323425293 0.19931299984455108643 0.19965387880802154541 0.19957840442657470703 0.19902852177619934082 0.23414511978626251221 0.20495408773422241211 0.2270656973123550415 0.20815125107765197754 0.20695154368877410889
-9999 -9999 -9999 -9999 0 0 0.15346218645572662354 0 0 0 0.1035577729344367981 0.26797035336494445801 0.18097661435604095459 0 0.072585642337799072266 0.12640769779682159424 0.15325936675071716309 0.17384807765483856201 0.1752020418643951416 0.17449364066123962402 0.1712573319673538208 0.23806254565715789795 0.094910986721515655518 0.12406724691390991211 0.14283704757690429688 0.15781709551811218262 0.15783542394638061523 0.17098160088062286377 0.17037659883499145508 0.17064817249774932861 0.18338350951671600342 0.1835930943489074707 0.1836277395486831665 0.18392300605773925781 0.18458820879459381104 0.18540745973587036133 0.22499233484268188477 0.1970017850399017334 0.22392997145652770996 0.20334257185459136963 0.20025372505187988281 0.19930456578731536865
-9999 -9999 -9999 -9999 0 0.17943519353866577148 0 0 0 0 0 0.22675058245658874512 0.15010252594947814941 0 0.060095425695180892944 0.1259368211030960083 0.15377211570739746094 0.15362092852592468262 0.15402674674987792969 0.15410989522933959961 0.24132081866264343262 0 0.094483263790607452393 0.12435192614793777466 0.1430966109037399292 0.14174823462963104248 0.15687394142150878906 0.156423225998878479 0.1558561176061630249 0.16926242411136627197 0.17023500800132751465 0.17077676951885223389 0.17089137434959411621 0.17081582546234130859 0.17091771960258483887 0.21308219432830810547 0.18373821675777435303 0.21434335410594940186 0.19573996961116790771 0.19409067928791046143 0.19091252982616424561 0.18989618122577667236
-9999 -9999 -9999 0 0 0 0 0 0 0 0 0.15852493047714233398 0 0 0 0.12435573339462280273 0.12558986246585845947 0.12620048224925994873 0.12616363167762756348 0.17706514894962310791 0.15492218732833862305 0 0.090144835412502288818 0.12607061862945556641 0.12488184124231338501 0.14362749457359313965 0.14224573969841003418 0.14163139462471008301 0.15679991245269775391 0.15696486830711364746 0.15798422694206237793 0.15887925028800964355 0.15918570756912231445 0.15861713886260986328 0.20378285646438598633 0.17060594260692596436 0.20236869156360626221 0.18217918276786804199 0.18321910500526428223 0.18279238045215606689 0.18036729097366333008 0.17909379303455352783
-9999 -9999 -9999 0 0 0 0 0 0 0 0 0 0 0 0 0 0.048164833337068557739 0.065014518797397613525 0.071359038352966308594 0.052682645618915557861 0.11330658197402954102 0 0.072145290672779083252 0.086693659424781799316 0.12666626274585723877 0.12561060488224029541 0.12434626370668411255 0.14365246891975402832 0.14287222921848297119 0.14269594848155975342 0.1432673335075378418 0.14405986666679382324 0.14459517598152160645 0.19785822927951812744 0.15899707376956939697 0.19421757757663726807 0.17051437497138977051 0.17028485238552093506 0.17088271677494049072 0.17066355049610137939 0.16917183995246887207 0.16808073222637176514
-9999 -9999 0 0 0.076221831142902374268 0 0 0 0 -9999 -9999 -9999 0 0 0 0 0 0 0 0 0 0 0 0.032354053109884262085 0.072184152901172637939 0.085402101278305053711 0.12661582231521606445 0.12565235793590545654 0.12476532161235809326 0.12427972257137298584 0.1242513507604598999 0.12454415857791900635 0.19035920500755310059 0.14581783115863800049 0.1876296699047088623 0.15981878340244293213 0.15880580246448516846 0.15839231014251708984 0.1584625542163848877 0.15767337381839752197 0.1563752293586730957 0.20074827969074249268
-9999 -9999 0 0.10367930680513381958 0 0 0 -9999 -9999 -9999 -9999 -9999 -9999 0 0 0 0.096649847924709320068 0 0 0.10595072805881500244 0.062511496245861053467 0 0 0 0 0.045307267457246780396 0.079345986247062683105 0.088974207639694213867 0.092678137123584747314 0.093927852809429168701 0.094345293939113616943 0.17969709634780883789 0.12583026289939880371 0.17985504865646362305 0.14605283737182617188 0.14483815431594848633 0.14386506378650665283 0.14347867667675018311 0.14359354972839355469 0.14263089001178741455 0.19234646856784820557 0.15574069321155548096
