tests/data/reference/gistest/full/control/widthrill.asc
ncols        125
nrows        78
xllcorner    -713756.799299980048
yllcorner    -1061032.369616159936
cellsize     10.000000000000
NODATA_value  -9999
[rows 57 to 75 of 78, columns 43 to 85 of 125]
0.12139903753995895386 0.16884620487689971924 0.13957031071186065674 0.13828448951244354248 0.20426583290100097656 0.13723613321781158447 0.13752673566341400146 0.1382112354040145874 0.18617261946201324463 0.15000355243682861328 0.23661670088768005371 0.1373176276683807373 0.11985659599304199219 0.15419749915599822998 0.19096174836158752441 0.15609540045261383057 0.21799008548259735107 0.16746135056018829346 0.16675426065921783447 0.16665178537368774414 0.16560675203800201416 0.16387727856636047363 0.27770110964775085449 0.17799927294254302979 0.17865034937858581543 0.2700538933277130127 0.30436190962791442871 0.33208742737770080566 0.39193460345268249512 0.3907159268856048584 0.39327037334442138672 0.40038040280342102051 0.40128511190414428711 0.39533782005310058594 0.60902512073516845703 0.60089468955993652344 0.38227114081382751465 0.38453409075736999512 0.38808053731918334961 0.39261984825134277344 0.39276880025863647461 0.38942384719848632812 0.38928267359733581543
0.1562226414680480957 0.12181839346885681152 0.12150422483682632446 0.19892264902591705322 0.12014944851398468018 0.11978267878293991089 0.11987692862749099731 0.17821365594863891602 0.13766865432262420654 0.22813212871551513672 0.11784999072551727295 0.095363378524780273438 0.13892315328121185303 0.17791511118412017822 0.13921952247619628906 0.20888715982437133789 0.15503397583961486816 0.15381683409214019775 0.15313252806663513184 0.15318365395069122314 0.15268586575984954834 0.2725747227668762207 0.16381606459617614746 0.1651961207389831543 0.26489838957786560059 0.17541097104549407959 0.17378267645835876465 0.26239225268363952637 0.18052111566066741943 0.23636068403720855713 0.2409772723913192749 0.2464605867862701416 0.25063750147819519043 0.25311115384101867676 0.38580790162086486816 0.38835984468460083008 0.2581908106803894043 0.26408854126930236816 0.26983681321144104004 0.27534586191177368164 0.4105249941349029541 0.40341454744338989258 0.40134847164154052734
0.095720224082469940186 0.095728054642677307129 0.19335280358791351318 0.09570954740047454834 0.095682062208652496338 0.095645435154438018799 0.168554648756980896 0.121602669358253479 0.23047770559787750244 0.094633512198925018311 0.051665853708982467651 0.12119265645742416382 0.169895172119140625 0.12090906500816345215 0.19897472858428955078 0.13988561928272247314 0.13990016281604766846 0.13916777074337005615 0.13840608298778533936 0.13800105452537536621 0.26982080936431884766 0.1520280987024307251 0.15155909955501556396 0.25726348161697387695 0.16450013220310211182 0.16378016769886016846 0.25931948423385620117 0.17175045609474182129 0.17002098262310028076 0.16843624413013458252 0.2149953991174697876 0.22656486928462982178 0.23605987429618835449 0.2582359611988067627 0.39698502421379089355 0.26181039214134216309 0.26604408025741577148 0.28835892677307128906 0.31471300125122070312 0.35122129321098327637 0.12814757227897644043 0.15921029448509216309 0.18157966434955596924
0.033273641020059585571 0.18340975046157836914 0.035126581788063049316 0.035419635474681854248 0.034312263131141662598 0.15840792655944824219 0.095735281705856323242 0.22897593677043914795 0.04333174973726272583 0.050997491925954818726 0.095014594495296478271 0.15762037038803100586 0.095665656030178070068 0.19209645688533782959 0.12112575769424438477 0.1212299540638923645 0.1213280409574508667 0.12122423946857452393 0.12060995399951934814 0.26502776145935058594 0.13763247430324554443 0.13767637312412261963 0.25169014930725097656 0.15106810629367828369 0.15075033903121948242 0.2546482086181640625 0.16198936104774475098 0.16059067845344543457 0.15903723239898681641 0.14560168981552124023 0.055775776505470275879 0.055816262960433959961 0.13025048375129699707 0.057400263845920562744 0 0.11140362173318862915 0.12713433802127838135 0.15458841621875762939 0.19772146642208099365 0.11318704485893249512 0.091968812048435211182 0.091164499521255493164 0.090505138039588928223
0.17435784637928009033 0.031062310561537742615 0.095729149878025054932 0.12263242900371551514 0.14294287562370300293 0 0.22542682290077209473 0.035209465771913528442 0.095615021884441375732 0.11925401538610458374 0.13823010027408599854 0.020796004682779312134 0.1890799105167388916 0.095716744661331176758 0.095711641013622283936 0.095669671893119812012 0.095683276653289794922 0.095712386071681976318 0.26532730460166931152 0.12015020102262496948 0.11962886154651641846 0.24734318256378173828 0.1372871696949005127 0.13616390526294708252 0.2475865483283996582 0.14936153590679168701 0.14861249923706054688 0.147577628493309021 0.13275486230850219727 0.055546067655086517334 0.093342117965221405029 0.11554987728595733643 0.055927809327840805054 0.092267647385597229004 0 0.12957040965557098389 0.14261256158351898193 0.19052039086818695068 0.092630550265312194824 0.056896440684795379639 0.057182714343070983887 0.057648275047540664673 0.058079384267330169678
0.16343854367733001709 0.17441678047180175781 0.18487681448459625244 0.19562807679176330566 0.20771072804927825928 0.22211909294128417969 0 0.09573765099048614502 0.12097823619842529297 0.13848768174648284912 0.15528242290019989014 0.17554216086864471436 0 0 0.030829146504402160645 0.03693882375955581665 0.036591596901416778564 0.26596847176551818848 0.095735207200050354004 0.095631681382656097412 0.24386683106422424316 0.12047203630208969116 0.12000221014022827148 0.24524597823619842529 0.13579039275646209717 0.13503274321556091309 0.13413347303867340088 0.11617618054151535034 0.055266305804252624512 0.093272037804126739502 0.11497940123081207275 0.13235746324062347412 0.14527419209480285645 0.15407711267471313477 0 0.17297989130020141602 0.18176604807376861572 0.056919489055871963501 0.056618701666593551636 0.092711135745048522949 0.1136875152587890625 0.12927448749542236328 0.14129352569580078125
0 0 0.09567089378833770752 0.12340527772903442383 0.14465038478374481201 0.16451150178909301758 0.17732064425945281982 0.18243665993213653564 0.19026549160480499268 0.20097330212593078613 0.2131367027759552002 0.2285614013671875 0.24049517512321472168 0.24589927494525909424 0.25034964084625244141 0.25425308942794799805 0.26100197434425354004 0 0 0.24548380076885223389 0.095729589462280273438 0.095705464482307434082 0.24699161946773529053 0.12042436003684997559 0.11924701184034347534 0.11815916746854782104 0.094324655830860137939 0.054812408983707427979 0.093376554548740386963 0.11472076922655105591 0.13117222487926483154 0.14576652646064758301 0.15719290077686309814 0.16536310315132141113 0 0.18242803215980529785 0.1901334226131439209 0.19798223674297332764 0.2055727839469909668 0.21255865693092346191 0.21914124488830566406 0.22545653581619262695 0.22997735440731048584
-9999 -9999 0.030902363359928131104 0.025515343993902206421 0.095441952347755432129 0.12517568469047546387 0 0.09572143852710723877 0.12155732512474060059 0.14300137758255004883 0.16124717891216278076 0.17665582895278930664 0.19007435441017150879 0.20110222697257995605 0.21058033406734466553 0.21868441998958587646 0.22793099284172058105 0.23902104794979095459 0.24703261256217956543 0 0.017574273049831390381 0.24823777377605438232 0.095716364681720733643 0.095724835991859436035 0.095504976809024810791 0.05034090578556060791 0.053117319941520690918 0.093706622719764709473 0.11497741937637329102 0.13102620840072631836 0.14461182057857513428 0.1570615917444229126 0.16746705770492553711 0.17577244341373443604 0 0.19074320793151855469 0.19685032963752746582 0.2026879042387008667 0.20941948890686035156 0.21700933575630187988 0.22433944046497344971 0.23156477510929107666 0.23733559250831604004
-9999 -9999 -9999 -9999 -9999 -9999 -9999 -9999 0.039204452186822891235 0.09530524909496307373 0.1255273967981338501 0.14623729884624481201 0.16234908998012542725 0.17622719705104827881 0.18872110545635223389 0.20051960647106170654 0.2118864208459854126 0.22303658723831176758 0.23290176689624786377 0.2412681877613067627 0.24827294051647186279 0 0 0.024224035441875457764 0.039758969098329544067 0.095204539597034454346 0.11750060319900512695 0.13258051872253417969 0.14510679244995117188 0.1566867530345916748 0.167356833815574646 0.17747937142848968506 0.3013337552547454834 0.30617484450340270996 0 0.30863976478576660156 0.30872079730033874512 0.30833396315574645996 0.31131190061569213867 0.31753629446029663086 0.32398229837417602539 0.33077317476272583008 0.3362109065055847168
-9999 -9999 -9999 -9999 -9999 -9999 -9999 -9999 -9999 0 0 0.094809256494045257568 0.1243605688214302063 0.14416855573654174805 0.1606458127498626709 0.17642563581466674805 0.19031548500061035156 0.2019720226526260376 0.21395152807235717773 0.22744469344615936279 0.23784215748310089111 0.24377074837684631348 0.24743141233921051025 0.24960026144981384277 0.24944031238555908203 0.2476599961519241333 0.24703806638717651367 0.247203826904296875 0.25022560358047485352 0.25574469566345214844 0.26187837123870849609 0.26853701472282409668 0.054798703640699386597 0.056115757673978805542 0 0.11606443673372268677 0.13008452951908111572 0.14063955843448638916 0.15091408789157867432 0.1617647707462310791 0.17240612208843231201 0.1831391751766204834 0.19307164847850799561
-9999 -9999 -9999 -9999 -9999 -9999 -9999 -9999 -9999 -9999 -9999 -9999 -9999 -9999 -9999 -9999 -9999 0 0 0 0 0 0.094837196171283721924 0.12339379638433456421 0.14059065282344818115 0.1531454920768737793 0.16277459263801574707 0.17030957341194152832 0.17869211733341217041 0.18835690617561340332 0.19788734614849090576 0.20753844082355499268 0.21282595396041870117 0.21421070396900177002 0.32150909304618835449 0.22319673001766204834 0.22583606839179992676 0.22633737325668334961 0.22951799631118774414 0.23518361151218414307 0.24231788516044616699 0.251163482666015625 0.25988933444023132324
-9999 -9999 -9999 -9999 -9999 -9999 -9999 -9999 -9999 -9999 -9999 -9999 -9999 -9999 -9999 -9999 -9999 -9999 -9999 -9999 0.093337602913379669189 0.093834981322288513184 0 0.03534827008843421936 0.095560111105442047119 0.12016619741916656494 0.13683438301086425781 0.14860334992408752441 0.1598482280969619751 0.17181985080242156982 0.1828101426362991333 0.19306807219982147217 0.19888396561145782471 0.20065951347351074219 0.29843321442604064941 0.21218967437744140625 0.21571153402328491211 0.21627944707870483398 0.2189105600118637085 0.22336284816265106201 0.22992841899394989014 0.23896415531635284424 0.2485052943229675293
-9999 -9999 -9999 -9999 -9999 -9999 -9999 -9999 -9999 -9999 -9999 -9999 -9999 -9999 -9999 -9999 -9999 -9999 -9999 -9999 -9999 -9999 0.12394309788942337036 0.095670081675052642822 0.046585503965616226196 0.046174108982086181641 0.095252960920333862305 0.11789930611848831177 0.13473430275917053223 0.15041932463645935059 0.16374589502811431885 0.17488084733486175537 0.18203757703304290771 0.25801637768745422363 0.19144912064075469971 0.19933076202869415283 0.20398138463497161865 0.20566108822822570801 0.208433493971824646 0.21216879785060882568 0.21809442341327667236 0.22657275199890136719 0.2359914630651473999
-9999 -9999 -9999 -9999 -9999 -9999 -9999 -9999 -9999 -9999 -9999 -9999 -9999 -9999 -9999 -9999 -9999 -9999 -9999 -9999 -9999 -9999 -9999 0.13940475881099700928 0.11995158344507217407 0.095486029982566833496 0.047221664339303970337 0.094841562211513519287 0.11815848201513290405 0.13719867169857025146 0.15243515372276306152 0.16413313150405883789 0.17247463762760162354 0.24085068702697753906 0.1845467686653137207 0.19212007522583007812 -9999 -9999 -9999 -9999 -9999 -9999 -9999
-9999 -9999 -9999 -9999 -9999 -9999 -9999 -9999 -9999 -9999 -9999 -9999 -9999 -9999 -9999 -9999 -9999 -9999 -9999 -9999 -9999 -9999 -9999 -9999 -9999 0.13897481560707092285 0.12006318569183349609 0.05001182854175567627 0.095027051866054534912 0.11988804489374160767 0.13804103434085845947 0.15127143263816833496 0.16136088967323303223 0 -9999 -9999 -9999 -9999 -9999 -9999 -9999 -9999 -9999
-9999 -9999 -9999 -9999 -9999 -9999 -9999 -9999 -9999 -9999 -9999 -9999 -9999 -9999 -9999 -9999 -9999 -9999 -9999 -9999 -9999 -9999 -9999 -9999 -9999 -9999 0.15290822088718414307 0.13762737810611724854 0.047879803925752639771 0.095423735678195953369 0.11974169313907623291 0.13602387905120849609 0.14840175211429595947 -9999 -9999 -9999 -9999 -9999 -9999 -9999 -9999 -9999 -9999
-9999 -9999 -9999 -9999 -9999 -9999 -9999 -9999 -9999 -9999 -9999 -9999 -9999 -9999 -9999 -9999 -9999 -9999 -9999 -9999 -9999 -9999 -9999 -9999 -9999 -9999 -9999 0.16659173369407653809 0.15428537130355834961 0.045688237994909286499 0.048810109496116638184 0.094551227986812591553 0.054279517382383346558 -9999 -9999 -9999 -9999 -9999 -9999 -9999 -9999 -9999 -9999
-9999 -9999 -9999 -9999 -9999 -9999 -9999 -9999 -9999 -9999 -9999 -9999 -9999 -9999 -9999 -9999 -9999 -9999 -9999 -9999 -9999 -9999 -9999 -9999 -9999 -9999 -9999 -9999 0.18056829273700714111 0.16727395355701446533 0.095074832439422607422 0.053529802709817886353 0.12165621668100357056 -9999 -9999 -9999 -9999 -9999 -9999 -9999 -9999 -9999 -9999
-9999 -9999 -9999 -9999 -9999 -9999 -9999 -9999 -9999 -9999 -9999 -9999 -9999 -9999 -9999 -9999 -9999 -9999 -9999 -9999 -9999 -9999 -9999 -9999 -9999 -9999 -9999 -9999 -9999 0.18890622258186340332 0.17451617121696472168 0.11674602329730987549 -9999 -9999 -9999 -9999 -9999 -9999 -9999 -9999 -9999 -9999 -9999
