out-2/cinfil_m.asc
ncols 101
nrows 101
xllcorner -0.5
yllcorner -0.5
cellsize 1.0
nodata_value -3.40282346639e+38
[rows 44 to 65 of 101, columns 0 to 49 of 101]
-3.40282346639e+38 0.0232961201146 0.0236333238011 0.0239072967254 0.0241450986078 0.0243585056701 0.0245536105726 0.0247344374656 0.024903255599 0.0250619897727 0.0252116264847 0.0253528908101 0.0254863714438 0.0256122770324 0.0257306317951 0.0258412799302 0.0259439499304 0.0260383607012 0.0261239643252 0.0262001706009 0.0262669818068 0.0263237909545 0.0263710555635 0.0264087271022 0.0264378671807 0.0264594300332 0.0264746422708 0.0264848528257 0.0264913518186 0.0264952900495 0.0264975553155 0.0264987906101 0.0264994297378 0.0264997436745 0.0264998901587 0.0264999551214 0.0264999825158 0.036003695683 0.0264999999937 0.0264999999937 0.0264999999937 0.0264999999937 0.0264999999937 0.0264999999937 0.0264999999937 0.0264999999937 0.0264999999937 0.0264999999937 0.0264999999937 0.0264999999937
-3.40282346639e+38 0.0232961201146 0.0236333238011 0.0239072967254 0.0241450986078 0.0243585056701 0.0245536105726 0.0247344374656 0.024903255599 0.0250619897727 0.0252116264847 0.0253528908101 0.0254863714438 0.0256122770324 0.0257306317951 0.0258412799302 0.0259439499304 0.0260383607012 0.0261239643252 0.0262001706009 0.0262669818068 0.0263237909545 0.0263710555635 0.0264087271022 0.0264378671807 0.0264594300332 0.0264746422708 0.0264848528257 0.0264913518186 0.0264952900495 0.0264975553155 0.0264987906101 0.0264994297378 0.0264997436745 0.0264998901587 0.0264999551214 0.0264999825158 0.0362049506723 0.0264999999983 0.0264999999983 0.0264999999983 0.0264999999983 0.0264999999983 0.0264999999983 0.0264999999983 0.0264999999983 0.0264999999983 0.0264999999983 0.0264999999983 0.0264999999983
-3.40282346639e+38 0.0232961201146 0.0236333238011 0.0239072967254 0.0241450986078 0.0243585056701 0.0245536105726 0.0247344374656 0.024903255599 0.0250619897727 0.0252116264847 0.0253528908101 0.0254863714438 0.0256122770324 0.0257306317951 0.0258412799302 0.0259439499304 0.0260383607012 0.0261239643252 0.0262001706009 0.0262669818068 0.0263237909545 0.0263710555635 0.0264087271022 0.0264378671807 0.0264594300332 0.0264746422708 0.0264848528257 0.0264913518186 0.0264952900495 0.0264975553155 0.0264987906101 0.0264994297378 0.0264997436745 0.0264998901587 0.0264999551214 0.0264999825158 0.0364040630786 0.0264999999996 0.0264999999996 0.0264999999996 0.0264999999996 0.0264999999996 0.0264999999996 0.0264999999996 0.0264999999996 0.0264999999996 0.0264999999996 0.0264999999996 0.0264999999996
-3.40282346639e+38 0.0232961201146 0.0236333238011 0.0239072967254 0.0241450986078 0.0243585056701 0.0245536105726 0.0247344374656 0.024903255599 0.0250619897727 0.0252116264847 0.0253528908101 0.0254863714438 0.0256122770324 0.0257306317951 0.0258412799302 0.0259439499304 0.0260383607012 0.0261239643252 0.0262001706009 0.0262669818068 0.0263237909545 0.0263710555635 0.0264087271022 0.0264378671807 0.0264594300332 0.0264746422708 0.0264848528257 0.0264913518186 0.0264952900495 0.0264975553155 0.0264987906101 0.0264994297378 0.0264997436745 0.0264998901587 0.0264999551214 0.0264999825158 0.0366010964404 0.0264999999999 0.0264999999999 0.0264999999999 0.0264999999999 0.0264999999999 0.0264999999999 0.0264999999999 0.0264999999999 0.0264999999999 0.0264999999999 0.0264999999999 0.0264999999999
-3.40282346639e+38 0.0232961201146 0.0236333238011 0.0239072967254 0.0241450986078 0.0243585056701 0.0245536105726 0.0247344374656 0.024903255599 0.0250619897727 0.0252116264847 0.0253528908101 0.0254863714438 0.0256122770324 0.0257306317951 0.0258412799302 0.0259439499304 0.0260383607012 0.0261239643252 0.0262001706009 0.0262669818068 0.0263237909545 0.0263710555635 0.0264087271022 0.0264378671807 0.0264594300332 0.0264746422708 0.0264848528257 0.0264913518186 0.0264952900495 0.0264975553155 0.0264987906101 0.0264994297378 0.0264997436745 0.0264998901587 0.0264999551214 0.0264999825158 0.0367960879715 0.0265 0.0265 0.0265 0.0265 0.0265 0.0265 0.0265 0.0265 0.0265 0.0265 0.0265 0.0265
-3.40282346639e+38 0.0232961201146 0.0236333238011 0.0239072967254 0.0241450986078 0.0243585056701 0.0245536105726 0.0247344374656 0.024903255599 0.0250619897727 0.0252116264847 0.0253528908101 0.0254863714438 0.0256122770324 0.0257306317951 0.0258412799302 0.0259439499304 0.0260383607012 0.0261239643252 0.0262001706009 0.0262669818068 0.0263237909545 0.0263710555635 0.0264087271022 0.0264378671807 0.0264594300332 0.0264746422708 0.0264848528257 0.0264913518186 0.0264952900495 0.0264975553155 0.0264987906101 0.0264994297378 0.0264997436745 0.0264998901587 0.0264999551214 0.0264999825158 0.0369890238435 0.0265 0.0265 0.0265 0.0265 0.0265 0.0265 0.0265 0.0265 0.0265 0.0265 0.0265 0.0265
-3.40282346639e+38 0.0232961201146 0.0236333238011 0.0239072967254 0.0241450986078 0.0243585056701 0.0245536105726 0.0247344374656 0.024903255599 0.0250619897727 0.0252116264847 0.0253528908101 0.0254863714438 0.0256122770324 0.0257306317951 0.0258412799302 0.0259439499304 0.0260383607012 0.0261239643252 0.0262001706009 0.0262669818068 0.0263237909545 0.0263710555635 0.0264087271022 0.0264378671807 0.0264594300332 0.0264746422708 0.0264848528257 0.0264913518186 0.0264952900495 0.0264975553155 0.0264987906101 0.0264994297378 0.0264997436745 0.0264998901587 0.0264999551214 0.0264999825158 0.0371797260833 0.0265 0.0265 0.0265 0.0265 0.0265 0.0265 0.0265 0.0265 0.0265 0.0265 0.0265 0.0265
-3.40282346639e+38 0.0232961201146 0.0236333238011 0.0239072967254 0.0241450986078 0.0243585056701 0.0245536105726 0.0247344374656 0.024903255599 0.0250619897727 0.0252116264847 0.0253528908101 0.0254863714438 0.0256122770324 0.0257306317951 0.0258412799302 0.0259439499304 0.0260383607012 0.0261239643252 0.0262001706009 0.0262669818068 0.0263237909545 0.0263710555635 0.0264087271022 0.0264378671807 0.0264594300332 0.0264746422708 0.0264848528257 0.0264913518186 0.0264952900495 0.0264975553155 0.0264987906101 0.0264994297378 0.0264997436745 0.0264998901587 0.0264999551214 0.0264999825158 0.0373685954031 0.0265 0.0265 0.0265 0.0265 0.0265 0.0265 0.0265 0.0265 0.0265 0.0265 0.0265 0.0265
-3.40282346639e+38 0.0232961201146 0.0236333238011 0.0239072967254 0.0241450986078 0.0243585056701 0.0245536105726 0.0247344374656 0.024903255599 0.0250619897727 0.0252116264847 0.0253528908101 0.0254863714438 0.0256122770324 0.0257306317951 0.0258412799302 0.0259439499304 0.0260383607012 0.0261239643252 0.0262001706009 0.0262669818068 0.0263237909545 0.0263710555635 0.0264087271022 0.0264378671807 0.0264594300332 0.0264746422708 0.0264848528257 0.0264913518186 0.0264952900495 0.0264975553155 0.0264987906101 0.0264994297378 0.0264997436745 0.0264998901587 0.0264999551214 0.0264999825158 0.0375562259236 0.0265 0.0265 0.0265 0.0265 0.0265 0.0265 0.0265 0.0265 0.0265 0.0265 0.0265 0.0265
-3.40282346639e+38 0.0232961201146 0.0236333238011 0.0239072967254 0.0241450986078 0.0243585056701 0.0245536105726 0.0247344374656 0.024903255599 0.0250619897727 0.0252116264847 0.0253528908101 0.0254863714438 0.0256122770324 0.0257306317951 0.0258412799302 0.0259439499304 0.0260383607012 0.0261239643252 0.0262001706009 0.0262669818068 0.0263237909545 0.0263710555635 0.0264087271022 0.0264378671807 0.0264594300332 0.0264746422708 0.0264848528257 0.0264913518186 0.0264952900495 0.0264975553155 0.0264987906101 0.0264994297378 0.0264997436745 0.0264998901587 0.0264999551214 0.0264999825158 0.0377418459206 0.0265 0.0265 0.0265 0.0265 0.0265 0.0265 0.0265 0.0265 0.0265 0.0265 0.0265 0.0265
-3.40282346639e+38 0.0232961201146 0.0236333238011 0.0239072967254 0.0241450986078 0.0243585056701 0.0245536105726 0.0247344374656 0.024903255599 0.0250619897727 0.0252116264847 0.0253528908101 0.0254863714438 0.0256122770324 0.0257306317951 0.0258412799302 0.0259439499304 0.0260383607012 0.0261239643252 0.0262001706009 0.0262669818068 0.0263237909545 0.0263710555635 0.0264087271022 0.0264378671807 0.0264594300332 0.0264746422708 0.0264848528257 0.0264913518186 0.0264952900495 0.0264975553155 0.0264987906101 0.0264994297378 0.0264997436745 0.0264998901587 0.0264999551214 0.0264999825158 0.0379248751965 0.0265 0.0265 0.0265 0.0265 0.0265 0.0265 0.0265 0.0265 0.0265 0.0265 0.0265 0.0265
-3.40282346639e+38 0.0232961201146 0.0236333238011 0.0239072967254 0.0241450986078 0.0243585056701 0.0245536105726 0.0247344374656 0.024903255599 0.0250619897727 0.0252116264847 0.0253528908101 0.0254863714438 0.0256122770324 0.0257306317951 0.0258412799302 0.0259439499304 0.0260383607012 0.0261239643252 0.0262001706009 0.0262669818068 0.0263237909545 0.0263710555635 0.0264087271022 0.0264378671807 0.0264594300332 0.0264746422708 0.0264848528257 0.0264913518186 0.0264952900495 0.0264975553155 0.0264987906101 0.0264994297378 0.0264997436745 0.0264998901587 0.0264999551214 0.0264999825158 0.0381070755086 0.0265 0.0265 0.0265 0.0265 0.0265 0.0265 0.0265 0.0265 0.0265 0.0265 0.0265 0.0265
-3.40282346639e+38 0.0232961201146 0.0236333238011 0.0239072967254 0.0241450986078 0.0243585056701 0.0245536105726 0.0247344374656 0.024903255599 0.0250619897727 0.0252116264847 0.0253528908101 0.0254863714438 0.0256122770324 0.0257306317951 0.0258412799302 0.0259439499304 0.0260383607012 0.0261239643252 0.0262001706009 0.0262669818068 0.0263237909545 0.0263710555635 0.0264087271022 0.0264378671807 0.0264594300332 0.0264746422708 0.0264848528257 0.0264913518186 0.0264952900495 0.0264975553155 0.0264987906101 0.0264994297378 0.0264997436745 0.0264998901587 0.0264999551214 0.0264999825158 0.038287924919 0.0265 0.0265 0.0265 0.0265 0.0265 0.0265 0.0265 0.0265 0.0265 0.0265 0.0265 0.0265
-3.40282346639e+38 0.0232961201146 0.0236333238011 0.0239072967254 0.0241450986078 0.0243585056701 0.0245536105726 0.0247344374656 0.024903255599 0.0250619897727 0.0252116264847 0.0253528908101 0.0254863714438 0.0256122770324 0.0257306317951 0.0258412799302 0.0259439499304 0.0260383607012 0.0261239643252 0.0262001706009 0.0262669818068 0.0263237909545 0.0263710555635 0.0264087271022 0.0264378671807 0.0264594300332 0.0264746422708 0.0264848528257 0.0264913518186 0.0264952900495 0.0264975553155 0.0264987906101 0.0264994297378 0.0264997436745 0.0264998901587 0.0264999551214 0.0264999825158 0.0384656769295 0.0265 0.0265 0.0265 0.0265 0.0265 0.0265 0.0265 0.0265 0.0265 0.0265 0.0265 0.0265
-3.40282346639e+38 0.0232961201146 0.0236333238011 0.0239072967254 0.0241450986078 0.0243585056701 0.0245536105726 0.0247344374656 0.024903255599 0.0250619897727 0.0252116264847 0.0253528908101 0.0254863714438 0.0256122770324 0.0257306317951 0.0258412799302 0.0259439499304 0.0260383607012 0.0261239643252 0.0262001706009 0.0262669818068 0.0263237909545 0.0263710555635 0.0264087271022 0.0264378671807 0.0264594300332 0.0264746422708 0.0264848528257 0.0264913518186 0.0264952900495 0.0264975553155 0.0264987906101 0.0264994297378 0.0264997436745 0.0264998901587 0.0264999551214 0.0264999825158 0.0386433482277 0.0265 0.0265 0.0265 0.0265 0.0265 0.0265 0.0265 0.0265 0.0265 0.0265 0.0265 0.0265
-3.40282346639e+38 0.0232961201146 0.0236333238011 0.0239072967254 0.0241450986078 0.0243585056701 0.0245536105726 0.0247344374656 0.024903255599 0.0250619897727 0.0252116264847 0.0253528908101 0.0254863714438 0.0256122770324 0.0257306317951 0.0258412799302 0.0259439499304 0.0260383607012 0.0261239643252 0.0262001706009 0.0262669818068 0.0263237909545 0.0263710555635 0.0264087271022 0.0264378671807 0.0264594300332 0.0264746422708 0.0264848528257 0.0264913518186 0.0264952900495 0.0264975553155 0.0264987906101 0.0264994297378 0.0264997436745 0.0264998901587 0.0264999551214 0.0264999825158 0.0388191778212 0.0265 0.0265 0.0265 0.0265 0.0265 0.0265 0.0265 0.0265 0.0265 0.0265 0.0265 0.0265
-3.40282346639e+38 0.0232961201146 0.0236333238011 0.0239072967254 0.0241450986078 0.0243585056701 0.0245536105726 0.0247344374656 0.024903255599 0.0250619897727 0.0252116264847 0.0253528908101 0.0254863714438 0.0256122770324 0.0257306317951 0.0258412799302 0.0259439499304 0.0260383607012 0.0261239643252 0.0262001706009 0.0262669818068 0.0263237909545 0.0263710555635 0.0264087271022 0.0264378671807 0.0264594300332 0.0264746422708 0.0264848528257 0.0264913518186 0.0264952900495 0.0264975553155 0.0264987906101 0.0264994297378 0.0264997436745 0.0264998901587 0.0264999551214 0.0264999825158 0.0389921128918 0.0265 0.0265 0.0265 0.0265 0.0265 0.0265 0.0265 0.0265 0.0265 0.0265 0.0265 0.0265
-3.40282346639e+38 0.0232961201146 0.0236333238011 0.0239072967254 0.0241450986078 0.0243585056701 0.0245536105726 0.0247344374656 0.024903255599 0.0250619897727 0.0252116264847 0.0253528908101 0.0254863714438 0.0256122770324 0.0257306317951 0.0258412799302 0.0259439499304 0.0260383607012 0.0261239643252 0.0262001706009 0.0262669818068 0.0263237909545 0.0263710555635 0.0264087271022 0.0264378671807 0.0264594300332 0.0264746422708 0.0264848528257 0.0264913518186 0.0264952900495 0.0264975553155 0.0264987906101 0.0264994297378 0.0264997436745 0.0264998901587 0.0264999551214 0.0264999825158 0.039166048866 0.0265 0.0265 0.0265 0.0265 0.0265 0.0265 0.0265 0.0265 0.0265 0.0265 0.0265 0.0265
-3.40282346639e+38 0.0232961201146 0.0236333238011 0.0239072967254 0.0241450986078 0.0243585056701 0.0245536105726 0.0247344374656 0.024903255599 0.0250619897727 0.0252116264847 0.0253528908101 0.0254863714438 0.0256122770324 0.0257306317951 0.0258412799302 0.0259439499304 0.0260383607012 0.0261239643252 0.0262001706009 0.0262669818068 0.0263237909545 0.0263710555635 0.0264087271022 0.0264378671807 0.0264594300332 0.0264746422708 0.0264848528257 0.0264913518186 0.0264952900495 0.0264975553155 0.0264987906101 0.0264994297378 0.0264997436745 0.0264998901587 0.0264999551214 0.0264999825158 0.0393355623338 0.0265 0.0265 0.0265 0.0265 0.0265 0.0265 0.0265 0.0265 0.0265 0.0265 0.0265 0.0265
-3.40282346639e+38 0.0232961201146 0.0236333238011 0.0239072967254 0.0241450986078 0.0243585056701 0.0245536105726 0.0247344374656 0.024903255599 0.0250619897727 0.0252116264847 0.0253528908101 0.0254863714438 0.0256122770324 0.0257306317951 0.0258412799302 0.0259439499304 0.0260383607012 0.0261239643252 0.0262001706009 0.0262669818068 0.0263237909545 0.0263710555635 0.0264087271022 0.0264378671807 0.0264594300332 0.0264746422708 0.0264848528257 0.0264913518186 0.0264952900495 0.0264975553155 0.0264987906101 0.0264994297378 0.0264997436745 0.0264998901587 0.0264999551214 0.0264999825158 0.0395068590328 0.0265 0.0265 0.0265 0.0265 0.0265 0.0265 0.0265 0.0265 0.0265 0.0265 0.0265 0.0265
-3.40282346639e+38 0.0232961201146 0.0236333238011 0.0239072967254 0.0241450986078 0.0243585056701 0.0245536105726 0.0247344374656 0.024903255599 0.0250619897727 0.0252116264847 0.0253528908101 0.0254863714438 0.0256122770324 0.0257306317951 0.0258412799302 0.0259439499304 0.0260383607012 0.0261239643252 0.0262001706009 0.0262669818068 0.0263237909545 0.0263710555635 0.0264087271022 0.0264378671807 0.0264594300332 0.0264746422708 0.0264848528257 0.0264913518186 0.0264952900495 0.0264975553155 0.0264987906101 0.0264994297378 0.0264997436745 0.0264998901587 0.0264999551214 0.0264999825158 0.0396734561199 0.0265 0.0265 0.0265 0.0265 0.0265 0.0265 0.0265 0.0265 0.0265 0.0265 0.0265 0.0265
-3.40282346639e+38 0.0232961201146 0.0236333238011 0.0239072967254 0.0241450986078 0.0243585056701 0.0245536105726 0.0247344374656 0.024903255599 0.0250619897727 0.0252116264847 0.0253528908101 0.0254863714438 0.0256122770324 0.0257306317951 0.0258412799302 0.0259439499304 0.0260383607012 0.0261239643252 0.0262001706009 0.0262669818068 0.0263237909545 0.0263710555635 0.0264087271022 0.0264378671807 0.0264594300332 0.0264746422708 0.0264848528257 0.0264913518186 0.0264952900495 0.0264975553155 0.0264987906101 0.0264994297378 0.0264997436745 0.0264998901587 0.0264999551214 0.0264999825158 0.0398421664126 0.0265 0.0265 0.0265 0.0265 0.0265 0.0265 0.0265 0.0265 0.0265 0.0265 0.0265 0.0265
