out-2/CumVInL3.asc
ncols 101
nrows 101
xllcorner -0.5
yllcorner -0.5
cellsize 1.0
nodata_value -3.40282346639e+38
[rows 42 to 62 of 101, columns 0 to 46 of 101]
-3.40282346639e+38 0.0 0.00320387988538 0.00607055608427 0.0086632593589 0.0110181607511 0.013159655081 0.0151060445084 0.0168716070427 0.0184683514437 0.019906361671 0.0211947351864 0.0223418443763 0.0233554729325 0.0242431959001 0.0250125641049 0.0256712841747 0.0262273342444 0.0266889735432 0.027065009218 0.0273648386171 0.0275978568103 0.0277740658558 0.0279030102923 0.02799428319 0.0280564160093 0.0280969859761 0.0281223437053 0.0281374908796 0.028146139061 0.0281508490115 0.028153293696 0.0281545030859 0.0281550733481 0.0281553296736 0.0281554395149 0.0281554843934 0.800286139885 0.0281555117023 0.0281555117023 0.0281555117023 0.0281555117023 0.0281555117023 0.0281555117023 0.0281555117023 0.0281555117023 0.0281555117023
-3.40282346639e+38 0.0 0.00320387988538 0.00607055608427 0.0086632593589 0.0110181607511 0.013159655081 0.0151060445084 0.0168716070427 0.0184683514437 0.019906361671 0.0211947351864 0.0223418443763 0.0233554729325 0.0242431959001 0.0250125641049 0.0256712841747 0.0262273342444 0.0266889735432 0.027065009218 0.0273648386171 0.0275978568103 0.0277740658558 0.0279030102923 0.02799428319 0.0280564160093 0.0280969859761 0.0281223437053 0.0281374908796 0.028146139061 0.0281508490115 0.028153293696 0.0281545030859 0.0281550733481 0.0281553296736 0.0281554395149 0.0281554843934 0.819347205442 0.0281555117793 0.0281555117793 0.0281555117793 0.0281555117793 0.0281555117793 0.0281555117793 0.0281555117793 0.0281555117793 0.0281555117793
-3.40282346639e+38 0.0 0.00320387988538 0.00607055608427 0.0086632593589 0.0110181607511 0.013159655081 0.0151060445084 0.0168716070427 0.0184683514437 0.019906361671 0.0211947351864 0.0223418443763 0.0233554729325 0.0242431959001 0.0250125641049 0.0256712841747 0.0262273342444 0.0266889735432 0.027065009218 0.0273648386171 0.0275978568103 0.0277740658558 0.0279030102923 0.02799428319 0.0280564160093 0.0280969859761 0.0281223437053 0.0281374908796 0.028146139061 0.0281508490115 0.028153293696 0.0281545030859 0.0281550733481 0.0281553296736 0.0281554395149 0.0281554843934 0.838202487604 0.0281555118018 0.0281555118018 0.0281555118018 0.0281555118018 0.0281555118018 0.0281555118018 0.0281555118018 0.0281555118018 0.0281555118018
-3.40282346639e+38 0.0 0.00320387988538 0.00607055608427 0.0086632593589 0.0110181607511 0.013159655081 0.0151060445084 0.0168716070427 0.0184683514437 0.019906361671 0.0211947351864 0.0223418443763 0.0233554729325 0.0242431959001 0.0250125641049 0.0256712841747 0.0262273342444 0.0266889735432 0.027065009218 0.0273648386171 0.0275978568103 0.0277740658558 0.0279030102923 0.02799428319 0.0280564160093 0.0280969859761 0.0281223437053 0.0281374908796 0.028146139061 0.0281508490115 0.028153293696 0.0281545030859 0.0281550733481 0.0281553296736 0.0281554395149 0.0281554843934 0.856854293799 0.0281555118081 0.0281555118081 0.0281555118081 0.0281555118081 0.0281555118081 0.0281555118081 0.0281555118081 0.0281555118081 0.0281555118081
-3.40282346639e+38 0.0 0.00320387988538 0.00607055608427 0.0086632593589 0.0110181607511 0.013159655081 0.0151060445084 0.0168716070427 0.0184683514437 0.019906361671 0.0211947351864 0.0223418443763 0.0233554729325 0.0242431959001 0.0250125641049 0.0256712841747 0.0262273342444 0.0266889735432 0.027065009218 0.0273648386171 0.0275978568103 0.0277740658558 0.0279030102923 0.02799428319 0.0280564160093 0.0280969859761 0.0281223437053 0.0281374908796 0.028146139061 0.0281508490115 0.028153293696 0.0281545030859 0.0281550733481 0.0281553296736 0.0281554395149 0.0281554843934 0.875304845004 0.0281555118098 0.0281555118098 0.0281555118098 0.0281555118098 0.0281555118098 0.0281555118098 0.0281555118098 0.0281555118098 0.0281555118098
-3.40282346639e+38 0.0 0.00320387988538 0.00607055608427 0.0086632593589 0.0110181607511 0.013159655081 0.0151060445084 0.0168716070427 0.0184683514437 0.019906361671 0.0211947351864 0.0223418443763 0.0233554729325 0.0242431959001 0.0250125641049 0.0256712841747 0.0262273342444 0.0266889735432 0.027065009218 0.0273648386171 0.0275978568103 0.0277740658558 0.0279030102923 0.02799428319 0.0280564160093 0.0280969859761 0.0281223437053 0.0281374908796 0.028146139061 0.0281508490115 0.028153293696 0.0281545030859 0.0281550733481 0.0281553296736 0.0281554395149 0.0281554843934 0.893556283803 0.0281555118102 0.0281555118102 0.0281555118102 0.0281555118102 0.0281555118102 0.0281555118102 0.0281555118102 0.0281555118102 0.0281555118102
-3.40282346639e+38 0.0 0.00320387988538 0.00607055608427 0.0086632593589 0.0110181607511 0.013159655081 0.0151060445084 0.0168716070427 0.0184683514437 0.019906361671 0.0211947351864 0.0223418443763 0.0233554729325 0.0242431959001 0.0250125641049 0.0256712841747 0.0262273342444 0.0266889735432 0.027065009218 0.0273648386171 0.0275978568103 0.0277740658558 0.0279030102923 0.02799428319 0.0280564160093 0.0280969859761 0.0281223437053 0.0281374908796 0.028146139061 0.0281508490115 0.028153293696 0.0281545030859 0.0281550733481 0.0281553296736 0.0281554395149 0.0281554843934 0.911610689241 0.0281555118103 0.0281555118103 0.0281555118103 0.0281555118103 0.0281555118103 0.0281555118103 0.0281555118103 0.0281555118103 0.0281555118103
-3.40282346639e+38 0.0 0.00320387988538 0.00607055608427 0.0086632593589 0.0110181607511 0.013159655081 0.0151060445084 0.0168716070427 0.0184683514437 0.019906361671 0.0211947351864 0.0223418443763 0.0233554729325 0.0242431959001 0.0250125641049 0.0256712841747 0.0262273342444 0.0266889735432 0.027065009218 0.0273648386171 0.0275978568103 0.0277740658558 0.0279030102923 0.02799428319 0.0280564160093 0.0280969859761 0.0281223437053 0.0281374908796 0.028146139061 0.0281508490115 0.028153293696 0.0281545030859 0.0281550733481 0.0281553296736 0.0281554395149 0.0281554843934 0.929470103147 0.0281555118104 0.0281555118104 0.0281555118104 0.0281555118104 0.0281555118104 0.0281555118104 0.0281555118104 0.0281555118104 0.0281555118104
-3.40282346639e+38 0.0 0.00320387988538 0.00607055608427 0.0086632593589 0.0110181607511 0.013159655081 0.0151060445084 0.0168716070427 0.0184683514437 0.019906361671 0.0211947351864 0.0223418443763 0.0233554729325 0.0242431959001 0.0250125641049 0.0256712841747 0.0262273342444 0.0266889735432 0.027065009218 0.0273648386171 0.0275978568103 0.0277740658558 0.0279030102923 0.02799428319 0.0280564160093 0.0280969859761 0.0281223437053 0.0281374908796 0.028146139061 0.0281508490115 0.028153293696 0.0281545030859 0.0281550733481 0.0281553296736 0.0281554395149 0.0281554843934 0.947136581181 0.0281555118104 0.0281555118104 0.0281555118104 0.0281555118104 0.0281555118104 0.0281555118104 0.0281555118104 0.0281555118104 0.0281555118104
-3.40282346639e+38 0.0 0.00320387988538 0.00607055608427 0.0086632593589 0.0110181607511 0.013159655081 0.0151060445084 0.0168716070427 0.0184683514437 0.019906361671 0.0211947351864 0.0223418443763 0.0233554729325 0.0242431959001 0.0250125641049 0.0256712841747 0.0262273342444 0.0266889735432 0.027065009218 0.0273648386171 0.0275978568103 0.0277740658558 0.0279030102923 0.02799428319 0.0280564160093 0.0280969859761 0.0281223437053 0.0281374908796 0.028146139061 0.0281508490115 0.028153293696 0.0281545030859 0.0281550733481 0.0281553296736 0.0281554395149 0.0281554843934 0.964612356975 0.0281555118104 0.0281555118104 0.0281555118104 0.0281555118104 0.0281555118104 0.0281555118104 0.0281555118104 0.0281555118104 0.0281555118104
-3.40282346639e+38 0.0 0.00320387988538 0.00607055608427 0.0086632593589 0.0110181607511 0.013159655081 0.0151060445084 0.0168716070427 0.0184683514437 0.019906361671 0.0211947351864 0.0223418443763 0.0233554729325 0.0242431959001 0.0250125641049 0.0256712841747 0.0262273342444 0.0266889735432 0.027065009218 0.0273648386171 0.0275978568103 0.0277740658558 0.0279030102923 0.02799428319 0.0280564160093 0.0280969859761 0.0281223437053 0.0281374908796 0.028146139061 0.0281508490115 0.028153293696 0.0281545030859 0.0281550733481 0.0281553296736 0.0281554395149 0.0281554843934 0.98189926345 0.0281555118104 0.0281555118104 0.0281555118104 0.0281555118104 0.0281555118104 0.0281555118104 0.0281555118104 0.0281555118104 0.0281555118104
-3.40282346639e+38 0.0 0.00320387988538 0.00607055608427 0.0086632593589 0.0110181607511 0.013159655081 0.0151060445084 0.0168716070427 0.0184683514437 0.019906361671 0.0211947351864 0.0223418443763 0.0233554729325 0.0242431959001 0.0250125641049 0.0256712841747 0.0262273342444 0.0266889735432 0.027065009218 0.0273648386171 0.0275978568103 0.0277740658558 0.0279030102923 0.02799428319 0.0280564160093 0.0280969859761 0.0281223437053 0.0281374908796 0.028146139061 0.0281508490115 0.028153293696 0.0281545030859 0.0281550733481 0.0281553296736 0.0281554395149 0.0281554843934 0.998998539404 0.0281555118104 0.0281555118104 0.0281555118104 0.0281555118104 0.0281555118104 0.0281555118104 0.0281555118104 0.0281555118104 0.0281555118104
-3.40282346639e+38 0.0 0.00320387988538 0.00607055608427 0.0086632593589 0.0110181607511 0.013159655081 0.0151060445084 0.0168716070427 0.0184683514437 0.019906361671 0.0211947351864 0.0223418443763 0.0233554729325 0.0242431959001 0.0250125641049 0.0256712841747 0.0262273342444 0.0266889735432 0.027065009218 0.0273648386171 0.0275978568103 0.0277740658558 0.0279030102923 0.02799428319 0.0280564160093 0.0280969859761 0.0281223437053 0.0281374908796 0.028146139061 0.0281508490115 0.028153293696 0.0281545030859 0.0281550733481 0.0281553296736 0.0281554395149 0.0281554843934 1.01591219536 0.0281555118104 0.0281555118104 0.0281555118104 0.0281555118104 0.0281555118104 0.0281555118104 0.0281555118104 0.0281555118104 0.0281555118104
-3.40282346639e+38 0.0 0.00320387988538 0.00607055608427 0.0086632593589 0.0110181607511 0.013159655081 0.0151060445084 0.0168716070427 0.0184683514437 0.019906361671 0.0211947351864 0.0223418443763 0.0233554729325 0.0242431959001 0.0250125641049 0.0256712841747 0.0262273342444 0.0266889735432 0.027065009218 0.0273648386171 0.0275978568103 0.0277740658558 0.0279030102923 0.02799428319 0.0280564160093 0.0280969859761 0.0281223437053 0.0281374908796 0.028146139061 0.0281508490115 0.028153293696 0.0281545030859 0.0281550733481 0.0281553296736 0.0281554395149 0.0281554843934 1.03264282204 0.0281555118104 0.0281555118104 0.0281555118104 0.0281555118104 0.0281555118104 0.0281555118104 0.0281555118104 0.0281555118104 0.0281555118104
-3.40282346639e+38 0.0 0.00320387988538 0.00607055608427 0.0086632593589 0.0110181607511 0.013159655081 0.0151060445084 0.0168716070427 0.0184683514437 0.019906361671 0.0211947351864 0.0223418443763 0.0233554729325 0.0242431959001 0.0250125641049 0.0256712841747 0.0262273342444 0.0266889735432 0.027065009218 0.0273648386171 0.0275978568103 0.0277740658558 0.0279030102923 0.02799428319 0.0280564160093 0.0280969859761 0.0281223437053 0.0281374908796 0.028146139061 0.0281508490115 0.028153293696 0.0281545030859 0.0281550733481 0.0281553296736 0.0281554395149 0.0281554843934 1.04919124841 0.0281555118104 0.0281555118104 0.0281555118104 0.0281555118104 0.0281555118104 0.0281555118104 0.0281555118104 0.0281555118104 0.0281555118104
-3.40282346639e+38 0.0 0.00320387988538 0.00607055608427 0.0086632593589 0.0110181607511 0.013159655081 0.0151060445084 0.0168716070427 0.0184683514437 0.019906361671 0.0211947351864 0.0223418443763 0.0233554729325 0.0242431959001 0.0250125641049 0.0256712841747 0.0262273342444 0.0266889735432 0.027065009218 0.0273648386171 0.0275978568103 0.0277740658558 0.0279030102923 0.02799428319 0.0280564160093 0.0280969859761 0.0281223437053 0.0281374908796 0.028146139061 0.0281508490115 0.028153293696 0.0281545030859 0.0281550733481 0.0281553296736 0.0281554395149 0.0281554843934 1.06555882537 0.0281555118104 0.0281555118104 0.0281555118104 0.0281555118104 0.0281555118104 0.0281555118104 0.0281555118104 0.0281555118104 0.0281555118104
-3.40282346639e+38 0.0 0.00320387988538 0.00607055608427 0.0086632593589 0.0110181607511 0.013159655081 0.0151060445084 0.0168716070427 0.0184683514437 0.019906361671 0.0211947351864 0.0223418443763 0.0233554729325 0.0242431959001 0.0250125641049 0.0256712841747 0.0262273342444 0.0266889735432 0.027065009218 0.0273648386171 0.0275978568103 0.0277740658558 0.0279030102923 0.02799428319 0.0280564160093 0.0280969859761 0.0281223437053 0.0281374908796 0.028146139061 0.0281508490115 0.028153293696 0.0281545030859 0.0281550733481 0.0281553296736 0.0281554395149 0.0281554843934 1.08174865032 0.0281555118104 0.0281555118104 0.0281555118104 0.0281555118104 0.0281555118104 0.0281555118104 0.0281555118104 0.0281555118104 0.0281555118104
-3.40282346639e+38 0.0 0.00320387988538 0.00607055608427 0.0086632593589 0.0110181607511 0.013159655081 0.0151060445084 0.0168716070427 0.0184683514437 0.019906361671 0.0211947351864 0.0223418443763 0.0233554729325 0.0242431959001 0.0250125641049 0.0256712841747 0.0262273342444 0.0266889735432 0.027065009218 0.0273648386171 0.0275978568103 0.0277740658558 0.0279030102923 0.02799428319 0.0280564160093 0.0280969859761 0.0281223437053 0.0281374908796 0.028146139061 0.0281508490115 0.028153293696 0.0281545030859 0.0281550733481 0.0281553296736 0.0281554395149 0.0281554843934 1.09776080397 0.0281555118104 0.0281555118104 0.0281555118104 0.0281555118104 0.0281555118104 0.0281555118104 0.0281555118104 0.0281555118104 0.0281555118104
-3.40282346639e+38 0.0 0.00320387988538 0.00607055608427 0.0086632593589 0.0110181607511 0.013159655081 0.0151060445084 0.0168716070427 0.0184683514437 0.019906361671 0.0211947351864 0.0223418443763 0.0233554729325 0.0242431959001 0.0250125641049 0.0256712841747 0.0262273342444 0.0266889735432 0.027065009218 0.0273648386171 0.0275978568103 0.0277740658558 0.0279030102923 0.02799428319 0.0280564160093 0.0280969859761 0.0281223437053 0.0281374908796 0.028146139061 0.0281508490115 0.028153293696 0.0281545030859 0.0281550733481 0.0281553296736 0.0281554395149 0.0281554843934 1.11359712802 0.0281555118104 0.0281555118104 0.0281555118104 0.0281555118104 0.0281555118104 0.0281555118104 0.0281555118104 0.0281555118104 0.0281555118104
-3.40282346639e+38 0.0 0.00320387988538 0.00607055608427 0.0086632593589 0.0110181607511 0.013159655081 0.0151060445084 0.0168716070427 0.0184683514437 0.019906361671 0.0211947351864 0.0223418443763 0.0233554729325 0.0242431959001 0.0250125641049 0.0256712841747 0.0262273342444 0.0266889735432 0.027065009218 0.0273648386171 0.0275978568103 0.0277740658558 0.0279030102923 0.02799428319 0.0280564160093 0.0280969859761 0.0281223437053 0.0281374908796 0.028146139061 0.0281508490115 0.028153293696 0.0281545030859 0.0281550733481 0.0281553296736 0.0281554395149 0.0281554843934 1.12926051701 0.0281555118104 0.0281555118104 0.0281555118104 0.0281555118104 0.0281555118104 0.0281555118104 0.0281555118104 0.0281555118104 0.0281555118104
-3.40282346639e+38 0.0 0.00320387988538 0.00607055608427 0.0086632593589 0.0110181607511 0.013159655081 0.0151060445084 0.0168716070427 0.0184683514437 0.019906361671 0.0211947351864 0.0223418443763 0.0233554729325 0.0242431959001 0.0250125641049 0.0256712841747 0.0262273342444 0.0266889735432 0.027065009218 0.0273648386171 0.0275978568103 0.0277740658558 0.0279030102923 0.02799428319 0.0280564160093 0.0280969859761 0.0281223437053 0.0281374908796 0.028146139061 0.0281508490115 0.028153293696 0.0281545030859 0.0281550733481 0.0281553296736 0.0281554395149 0.0281554843934 1.14474997002 0.0281555118104 0.0281555118104 0.0281555118104 0.0281555118104 0.0281555118104 0.0281555118104 0.0281555118104 0.0281555118104 0.0281555118104
