out-2/CumVRestL3.asc
ncols 101
nrows 101
xllcorner -0.5
yllcorner -0.5
cellsize 1.0
nodata_value -3.40282346639e+38
[rows 0 to 21 of 101, columns 0 to 47 of 101]
-3.40282346639e+38 -3.40282346639e+38 -3.40282346639e+38 -3.40282346639e+38 -3.40282346639e+38 -3.40282346639e+38 -3.40282346639e+38 -3.40282346639e+38 -3.40282346639e+38 -3.40282346639e+38 -3.40282346639e+38 -3.40282346639e+38 -3.40282346639e+38 -3.40282346639e+38 -3.40282346639e+38 -3.40282346639e+38 -3.40282346639e+38 -3.40282346639e+38 -3.40282346639e+38 -3.40282346639e+38 -3.40282346639e+38 -3.40282346639e+38 -3.40282346639e+38 -3.40282346639e+38 -3.40282346639e+38 -3.40282346639e+38 -3.40282346639e+38 -3.40282346639e+38 -3.40282346639e+38 -3.40282346639e+38 -3.40282346639e+38 -3.40282346639e+38 -3.40282346639e+38 -3.40282346639e+38 -3.40282346639e+38 -3.40282346639e+38 -3.40282346639e+38 -3.40282346639e+38 -3.40282346639e+38 -3.40282346639e+38 -3.40282346639e+38 -3.40282346639e+38 -3.40282346639e+38 -3.40282346639e+38 -3.40282346639e+38 -3.40282346639e+38 -3.40282346639e+38 -3.40282346639e+38
-3.40282346639e+38 -3.40282346639e+38 -3.40282346639e+38 -3.40282346639e+38 -3.40282346639e+38 -3.40282346639e+38 -3.40282346639e+38 -3.40282346639e+38 -3.40282346639e+38 -3.40282346639e+38 -3.40282346639e+38 -3.40282346639e+38 -3.40282346639e+38 -3.40282346639e+38 -3.40282346639e+38 -3.40282346639e+38 -3.40282346639e+38 -3.40282346639e+38 -3.40282346639e+38 -3.40282346639e+38 -3.40282346639e+38 -3.40282346639e+38 -3.40282346639e+38 -3.40282346639e+38 -3.40282346639e+38 -3.40282346639e+38 -3.40282346639e+38 -3.40282346639e+38 -3.40282346639e+38 -3.40282346639e+38 -3.40282346639e+38 -3.40282346639e+38 -3.40282346639e+38 -3.40282346639e+38 -3.40282346639e+38 -3.40282346639e+38 -3.40282346639e+38 -3.40282346639e+38 -3.40282346639e+38 -3.40282346639e+38 -3.40282346639e+38 -3.40282346639e+38 -3.40282346639e+38 -3.40282346639e+38 -3.40282346639e+38 -3.40282346639e+38 -3.40282346639e+38 -3.40282346639e+38
-3.40282346639e+38 0.03791744791 0.03791744791 0.03791744791 0.03791744791 0.03791744791 0.03791744791 0.03791744791 0.03791744791 0.03791744791 0.03791744791 0.03791744791 0.03791744791 0.03791744791 0.03791744791 0.03791744791 0.03791744791 0.03791744791 0.03791744791 0.03791744791 0.03791744791 0.03791744791 0.03791744791 0.03791744791 0.03791744791 0.03791744791 0.03791744791 0.03791744791 0.03791744791 0.03791744791 0.03791744791 0.03791744791 0.03791744791 0.03791744791 0.03791744791 0.03791744791 0.03791744791 0.03791744791 0.03791744791 0.03791744791 0.03791744791 0.03791744791 0.03791744791 0.03791744791 0.03791744791 0.03791744791 0.03791744791 0.03791744791
-3.40282346639e+38 0.03791744791 0.0549627506165 0.0549627506165 0.0549627506165 0.0549627506165 0.0549627506165 0.0549627506165 0.0549627506165 0.0549627506165 0.0549627506165 0.0549627506165 0.0549627506165 0.0549627506165 0.0549627506165 0.0549627506165 0.0549627506165 0.0549627506165 0.0549627506165 0.0549627506165 0.0549627506165 0.0549627506165 0.0549627506165 0.0549627506165 0.0549627506165 0.0549627506165 0.0549627506165 0.0549627506165 0.0549627506165 0.0549627506165 0.0549627506165 0.0549627506165 0.0549627506165 0.0549627506165 0.0549627506165 0.0549627506165 0.0549627506165 0.068927356778 0.0549627506165 0.0549627506165 0.0549627506165 0.0549627506165 0.0549627506165 0.0549627506165 0.0549627506165 0.0549627506165 0.0549627506165 0.0549627506165
-3.40282346639e+38 0.03791744791 0.0549627506165 0.0678771873275 0.0678771873275 0.0678771873275 0.0678771873275 0.0678771873275 0.0678771873275 0.0678771873275 0.0678771873275 0.0678771873275 0.0678771873275 0.0678771873275 0.0678771873275 0.0678771873275 0.0678771873275 0.0678771873275 0.0678771873275 0.0678771873275 0.0678771873275 0.0678771873275 0.0678771873275 0.0678771873275 0.0678771873275 0.0678771873275 0.0678771873275 0.0678771873275 0.0678771873275 0.0678771873275 0.0678771873275 0.0678771873275 0.0678771873275 0.0678771873275 0.0678771873275 0.0678771873275 0.0678771873275 0.0999611433754 0.0678771873275 0.0678771873275 0.0678771873275 0.0678771873275 0.0678771873275 0.0678771873275 0.0678771873275 0.0678771873275 0.0678771873275 0.0678771873275
-3.40282346639e+38 0.03791744791 0.0549627506165 0.0678771873275 0.0786082368466 0.0786082368466 0.0786082368466 0.0786082368466 0.0786082368466 0.0786082368466 0.0786082368466 0.0786082368466 0.0786082368466 0.0786082368466 0.0786082368466 0.0786082368466 0.0786082368466 0.0786082368466 0.0786082368466 0.0786082368466 0.0786082368466 0.0786082368466 0.0786082368466 0.0786082368466 0.0786082368466 0.0786082368466 0.0786082368466 0.0786082368466 0.0786082368466 0.0786082368466 0.0786082368466 0.0786082368466 0.0786082368466 0.0786082368466 0.0786082368466 0.0786082368466 0.0786082368466 0.131087214567 0.0786082368466 0.0786082368466 0.0786082368466 0.0786082368466 0.0786082368466 0.0786082368466 0.0786082368466 0.0786082368466 0.0786082368466 0.0786082368466
-3.40282346639e+38 0.03791744791 0.0549627506165 0.0678771873275 0.0786082368466 0.0879083476061 0.0879083476061 0.0879083476061 0.0879083476061 0.0879083476061 0.0879083476061 0.0879083476061 0.0879083476061 0.0879083476061 0.0879083476061 0.0879083476061 0.0879083476061 0.0879083476061 0.0879083476061 0.0879083476061 0.0879083476061 0.0879083476061 0.0879083476061 0.0879083476061 0.0879083476061 0.0879083476061 0.0879083476061 0.0879083476061 0.0879083476061 0.0879083476061 0.0879083476061 0.0879083476061 0.0879083476061 0.0879083476061 0.0879083476061 0.0879083476061 0.0879083476061 0.162218131417 0.0879083476061 0.0879083476061 0.0879083476061 0.0879083476061 0.0879083476061 0.0879083476061 0.0879083476061 0.0879083476061 0.0879083476061 0.0879083476061
-3.40282346639e+38 0.03791744791 0.0549627506165 0.0678771873275 0.0786082368466 0.0879083476061 0.0961608728515 0.0961608728515 0.0961608728515 0.0961608728515 0.0961608728515 0.0961608728515 0.0961608728515 0.0961608728515 0.0961608728515 0.0961608728515 0.0961608728515 0.0961608728515 0.0961608728515 0.0961608728515 0.0961608728515 0.0961608728515 0.0961608728515 0.0961608728515 0.0961608728515 0.0961608728515 0.0961608728515 0.0961608728515 0.0961608728515 0.0961608728515 0.0961608728515 0.0961608728515 0.0961608728515 0.0961608728515 0.0961608728515 0.0961608728515 0.0961608728515 0.193294279499 0.0961608728515 0.0961608728515 0.0961608728515 0.0961608728515 0.0961608728515 0.0961608728515 0.0961608728515 0.0961608728515 0.0961608728515 0.0961608728515
-3.40282346639e+38 0.03791744791 0.0549627506165 0.0678771873275 0.0786082368466 0.0879083476061 0.0961608728515 0.103618189622 0.103618189622 0.103618189622 0.103618189622 0.103618189622 0.103618189622 0.103618189622 0.103618189622 0.103618189622 0.103618189622 0.103618189622 0.103618189622 0.103618189622 0.103618189622 0.103618189622 0.103618189622 0.103618189622 0.103618189622 0.103618189622 0.103618189622 0.103618189622 0.103618189622 0.103618189622 0.103618189622 0.103618189622 0.103618189622 0.103618189622 0.103618189622 0.103618189622 0.103618189622 0.22422554381 0.103618189622 0.103618189622 0.103618189622 0.103618189622 0.103618189622 0.103618189622 0.103618189622 0.103618189622 0.103618189622 0.103618189622
-3.40282346639e+38 0.03791744791 0.0549627506165 0.0678771873275 0.0786082368466 0.0879083476061 0.0961608728515 0.103618189622 0.110391827612 0.110391827612 0.110391827612 0.110391827612 0.110391827612 0.110391827612 0.110391827612 0.110391827612 0.110391827612 0.110391827612 0.110391827612 0.110391827612 0.110391827612 0.110391827612 0.110391827612 0.110391827612 0.110391827612 0.110391827612 0.110391827612 0.110391827612 0.110391827612 0.110391827612 0.110391827612 0.110391827612 0.110391827612 0.110391827612 0.110391827612 0.110391827612 0.110391827612 0.25497519596 0.110391827612 0.110391827612 0.110391827612 0.110391827612 0.110391827612 0.110391827612 0.110391827612 0.110391827612 0.110391827612 0.110391827612
-3.40282346639e+38 0.03791744791 0.0549627506165 0.0678771873275 0.0786082368466 0.0879083476061 0.0961608728515 0.103618189622 0.110391827612 0.116566769155 0.116566769155 0.116566769155 0.116566769155 0.116566769155 0.116566769155 0.116566769155 0.116566769155 0.116566769155 0.116566769155 0.116566769155 0.116566769155 0.116566769155 0.116566769155 0.116566769155 0.116566769155 0.116566769155 0.116566769155 0.116566769155 0.116566769155 0.116566769155 0.116566769155 0.116566769155 0.116566769155 0.116566769155 0.116566769155 0.116566769155 0.116566769155 0.285489008679 0.116566769155 0.116566769155 0.116566769155 0.116566769155 0.116566769155 0.116566769155 0.116566769155 0.116566769155 0.116566769155 0.116566769155
-3.40282346639e+38 0.03791744791 0.0549627506165 0.0678771873275 0.0786082368466 0.0879083476061 0.0961608728515 0.103618189622 0.110391827612 0.116566769155 0.122215334648 0.122215334648 0.122215334648 0.122215334648 0.122215334648 0.122215334648 0.122215334648 0.122215334648 0.122215334648 0.122215334648 0.122215334648 0.122215334648 0.122215334648 0.122215334648 0.122215334648 0.122215334648 0.122215334648 0.122215334648 0.122215334648 0.122215334648 0.122215334648 0.122215334648 0.122215334648 0.122215334648 0.122215334648 0.122215334648 0.122215334648 0.315723608677 0.122215334648 0.122215334648 0.122215334648 0.122215334648 0.122215334648 0.122215334648 0.122215334648 0.122215334648 0.122215334648 0.122215334648
-3.40282346639e+38 0.03791744791 0.0549627506165 0.0678771873275 0.0786082368466 0.0879083476061 0.0961608728515 0.103618189622 0.110391827612 0.116566769155 0.122215334648 0.127376037331 0.127376037331 0.127376037331 0.127376037331 0.127376037331 0.127376037331 0.127376037331 0.127376037331 0.127376037331 0.127376037331 0.127376037331 0.127376037331 0.127376037331 0.127376037331 0.127376037331 0.127376037331 0.127376037331 0.127376037331 0.127376037331 0.127376037331 0.127376037331 0.127376037331 0.127376037331 0.127376037331 0.127376037331 0.127376037331 0.345619693707 0.127376037331 0.127376037331 0.127376037331 0.127376037331 0.127376037331 0.127376037331 0.127376037331 0.127376037331 0.127376037331 0.127376037331
-3.40282346639e+38 0.03791744791 0.0549627506165 0.0678771873275 0.0786082368466 0.0879083476061 0.0961608728515 0.103618189622 0.110391827612 0.116566769155 0.122215334648 0.127376037331 0.1320655479 0.1320655479 0.1320655479 0.1320655479 0.1320655479 0.1320655479 0.1320655479 0.1320655479 0.1320655479 0.1320655479 0.1320655479 0.1320655479 0.1320655479 0.1320655479 0.1320655479 0.1320655479 0.1320655479 0.1320655479 0.1320655479 0.1320655479 0.1320655479 0.1320655479 0.1320655479 0.1320655479 0.1320655479 0.375118278552 0.1320655479 0.1320655479 0.1320655479 0.1320655479 0.1320655479 0.1320655479 0.1320655479 0.1320655479 0.1320655479 0.1320655479
-3.40282346639e+38 0.03791744791 0.0549627506165 0.0678771873275 0.0786082368466 0.0879083476061 0.0961608728515 0.103618189622 0.110391827612 0.116566769155 0.122215334648 0.127376037331 0.1320655479 0.136305252707 0.136305252707 0.136305252707 0.136305252707 0.136305252707 0.136305252707 0.136305252707 0.136305252707 0.136305252707 0.136305252707 0.136305252707 0.136305252707 0.136305252707 0.136305252707 0.136305252707 0.136305252707 0.136305252707 0.136305252707 0.136305252707 0.136305252707 0.136305252707 0.136305252707 0.136305252707 0.136305252707 0.404211388457 0.136305252707 0.136305252707 0.136305252707 0.136305252707 0.136305252707 0.136305252707 0.136305252707 0.136305252707 0.136305252707 0.136305252707
-3.40282346639e+38 0.03791744791 0.0549627506165 0.0678771873275 0.0786082368466 0.0879083476061 0.0961608728515 0.103618189622 0.110391827612 0.116566769155 0.122215334648 0.127376037331 0.1320655479 0.136305252707 0.140110837973 0.140110837973 0.140110837973 0.140110837973 0.140110837973 0.140110837973 0.140110837973 0.140110837973 0.140110837973 0.140110837973 0.140110837973 0.140110837973 0.140110837973 0.140110837973 0.140110837973 0.140110837973 0.140110837973 0.140110837973 0.140110837973 0.140110837973 0.140110837973 0.140110837973 0.140110837973 0.432816770692 0.140110837973 0.140110837973 0.140110837973 0.140110837973 0.140110837973 0.140110837973 0.140110837973 0.140110837973 0.140110837973 0.140110837973
-3.40282346639e+38 0.03791744791 0.0549627506165 0.0678771873275 0.0786082368466 0.0879083476061 0.0961608728515 0.103618189622 0.110391827612 0.116566769155 0.122215334648 0.127376037331 0.1320655479 0.136305252707 0.140110837973 0.14349411153 0.14349411153 0.14349411153 0.14349411153 0.14349411153 0.14349411153 0.14349411153 0.14349411153 0.14349411153 0.14349411153 0.14349411153 0.14349411153 0.14349411153 0.14349411153 0.14349411153 0.14349411153 0.14349411153 0.14349411153 0.14349411153 0.14349411153 0.14349411153 0.14349411153 0.460949129518 0.14349411153 0.14349411153 0.14349411153 0.14349411153 0.14349411153 0.14349411153 0.14349411153 0.14349411153 0.14349411153 0.14349411153
-3.40282346639e+38 0.03791744791 0.0549627506165 0.0678771873275 0.0786082368466 0.0879083476061 0.0961608728515 0.103618189622 0.110391827612 0.116566769155 0.122215334648 0.127376037331 0.1320655479 0.136305252707 0.140110837973 0.14349411153 0.146488883108 0.146488883108 0.146488883108 0.146488883108 0.146488883108 0.146488883108 0.146488883108 0.146488883108 0.146488883108 0.146488883108 0.146488883108 0.146488883108 0.146488883108 0.146488883108 0.146488883108 0.146488883108 0.146488883108 0.146488883108 0.146488883108 0.146488883108 0.146488883108 0.488537422455 0.146488883108 0.146488883108 0.146488883108 0.146488883108 0.146488883108 0.146488883108 0.146488883108 0.146488883108 0.146488883108 0.146488883108
-3.40282346639e+38 0.03791744791 0.0549627506165 0.0678771873275 0.0786082368466 0.0879083476061 0.0961608728515 0.103618189622 0.110391827612 0.116566769155 0.122215334648 0.127376037331 0.1320655479 0.136305252707 0.140110837973 0.14349411153 0.146488883108 0.149088191746 0.149088191746 0.149088191746 0.149088191746 0.149088191746 0.149088191746 0.149088191746 0.149088191746 0.149088191746 0.149088191746 0.149088191746 0.149088191746 0.149088191746 0.149088191746 0.149088191746 0.149088191746 0.149088191746 0.149088191746 0.149088191746 0.149088191746 0.515565079735 0.149088191746 0.149088191746 0.149088191746 0.149088191746 0.149088191746 0.149088191746 0.149088191746 0.149088191746 0.149088191746 0.149088191746
-3.40282346639e+38 0.03791744791 0.0549627506165 0.0678771873275 0.0786082368466 0.0879083476061 0.0961608728515 0.103618189622 0.110391827612 0.116566769155 0.122215334648 0.127376037331 0.1320655479 0.136305252707 0.140110837973 0.14349411153 0.146488883108 0.149088191746 0.151299149971 0.151299149971 0.151299149971 0.151299149971 0.151299149971 0.151299149971 0.151299149971 0.151299149971 0.151299149971 0.151299149971 0.151299149971 0.151299149971 0.151299149971 0.151299149971 0.151299149971 0.151299149971 0.151299149971 0.151299149971 0.151299149971 0.542018589893 0.151299149971 0.151299149971 0.151299149971 0.151299149971 0.151299149971 0.151299149971 0.151299149971 0.151299149971 0.151299149971 0.151299149971
-3.40282346639e+38 0.03791744791 0.0549627506165 0.0678771873275 0.0786082368466 0.0879083476061 0.0961608728515 0.103618189622 0.110391827612 0.116566769155 0.122215334648 0.127376037331 0.1320655479 0.136305252707 0.140110837973 0.14349411153 0.146488883108 0.149088191746 0.151299149971 0.153155962462 0.153155962462 0.153155962462 0.153155962462 0.153155962462 0.153155962462 0.153155962462 0.153155962462 0.153155962462 0.153155962462 0.153155962462 0.153155962462 0.153155962462 0.153155962462 0.153155962462 0.153155962462 0.153155962462 0.153155962462 0.567889103668 0.153155962462 0.153155962462 0.153155962462 0.153155962462 0.153155962462 0.153155962462 0.153155962462 0.153155962462 0.153155962462 0.153155962462
-3.40282346639e+38 0.03791744791 0.0549627506165 0.0678771873275 0.0786082368466 0.0879083476061 0.0961608728515 0.103618189622 0.110391827612 0.116566769155 0.122215334648 0.127376037331 0.1320655479 0.136305252707 0.140110837973 0.14349411153 0.146488883108 0.149088191746 0.151299149971 0.153155962462 0.154681056542 0.154681056542 0.154681056542 0.154681056542 0.154681056542 0.154681056542 0.154681056542 0.154681056542 0.154681056542 0.154681056542 0.154681056542 0.154681056542 0.154681056542 0.154681056542 0.154681056542 0.154681056542 0.154681056542 0.593169589306 0.154681056542 0.154681056542 0.154681056542 0.154681056542 0.154681056542 0.154681056542 0.154681056542 0.154681056542 0.154681056542 0.154681056542
