out-2/CumVInL3.asc
ncols 101
nrows 101
xllcorner -0.5
yllcorner -0.5
cellsize 1.0
nodata_value -3.40282346639e+38
[rows 0 to 20 of 101, columns 47 to 93 of 101]
-3.40282346639e+38 -3.40282346639e+38 -3.40282346639e+38 -3.40282346639e+38 -3.40282346639e+38 -3.40282346639e+38 -3.40282346639e+38 -3.40282346639e+38 -3.40282346639e+38 -3.40282346639e+38 -3.40282346639e+38 -3.40282346639e+38 -3.40282346639e+38 -3.40282346639e+38 -3.40282346639e+38 -3.40282346639e+38 -3.40282346639e+38 -3.40282346639e+38 -3.40282346639e+38 -3.40282346639e+38 -3.40282346639e+38 -3.40282346639e+38 -3.40282346639e+38 -3.40282346639e+38 -3.40282346639e+38 -3.40282346639e+38 -3.40282346639e+38 -3.40282346639e+38 -3.40282346639e+38 -3.40282346639e+38 -3.40282346639e+38 -3.40282346639e+38 -3.40282346639e+38 -3.40282346639e+38 -3.40282346639e+38 -3.40282346639e+38 -3.40282346639e+38 -3.40282346639e+38 -3.40282346639e+38 -3.40282346639e+38 -3.40282346639e+38 -3.40282346639e+38 -3.40282346639e+38 -3.40282346639e+38 -3.40282346639e+38 -3.40282346639e+38 -3.40282346639e+38
-3.40282346639e+38 -3.40282346639e+38 -3.40282346639e+38 -3.40282346639e+38 -3.40282346639e+38 -3.40282346639e+38 -3.40282346639e+38 -3.40282346639e+38 -3.40282346639e+38 -3.40282346639e+38 -3.40282346639e+38 -3.40282346639e+38 -3.40282346639e+38 -3.40282346639e+38 -3.40282346639e+38 -3.40282346639e+38 -3.40282346639e+38 -3.40282346639e+38 -3.40282346639e+38 -3.40282346639e+38 -3.40282346639e+38 -3.40282346639e+38 -3.40282346639e+38 -3.40282346639e+38 -3.40282346639e+38 -3.40282346639e+38 -3.40282346639e+38 -3.40282346639e+38 -3.40282346639e+38 -3.40282346639e+38 -3.40282346639e+38 -3.40282346639e+38 -3.40282346639e+38 -3.40282346639e+38 -3.40282346639e+38 -3.40282346639e+38 -3.40282346639e+38 -3.40282346639e+38 -3.40282346639e+38 -3.40282346639e+38 -3.40282346639e+38 -3.40282346639e+38 -3.40282346639e+38 -3.40282346639e+38 -3.40282346639e+38 -3.40282346639e+38 -3.40282346639e+38
0.0 0.0 0.0 0.0 0.0 0.0 0.0 0.0 0.0 0.0 0.0 0.0 0.0 0.0 0.0 0.0 0.0 0.0 0.0 0.0 0.0 0.0 0.0 0.0 0.0 0.0 0.0 0.0 0.0 0.0 0.0 0.0 0.0 0.0 0.0 0.0 0.0 0.0 0.0 0.0 0.0 0.0 0.0 0.0 0.0 0.0 0.0
0.00320387988538 0.00320387988538 0.00320387988538 0.00320387988538 0.00320387988538 0.00320387988538 0.00320387988538 0.00320387988538 0.00320387988538 0.00320387988538 0.00320387988538 0.00320387988538 0.00320387988538 0.00320387988538 0.00320387988538 0.00640775977077 0.00320387988538 0.00320387988538 0.00320387988538 0.00320387988538 0.00320387988538 0.00320387988538 0.00320387988538 0.00320387988538 0.00320387988538 0.00320387988538 0.00320387988538 0.00320387988538 0.00320387988538 0.00320387988538 0.00320387988538 0.00320387988538 0.00320387988538 0.00320387988538 0.00320387988538 0.00320387988538 0.00320387988538 0.00320387988538 0.00320387988538 0.00320387988538 0.00320387988538 0.00320387988538 0.00320387988538 0.00320387988538 0.00320387988538 0.00320387988538 0.00320387988538
0.00607055608427 0.00607055608427 0.00607055608427 0.00607055608427 0.00607055608427 0.00607055608427 0.00607055608427 0.00607055608427 0.00607055608427 0.00607055608427 0.00607055608427 0.00607055608427 0.00607055608427 0.00607055608427 0.00607055608427 0.0151158839751 0.00607055608427 0.00607055608427 0.00607055608427 0.00607055608427 0.00607055608427 0.00607055608427 0.00607055608427 0.00607055608427 0.00607055608427 0.00607055608427 0.00607055608427 0.00607055608427 0.00607055608427 0.00607055608427 0.00607055608427 0.00607055608427 0.00607055608427 0.00607055608427 0.00607055608427 0.00607055608427 0.00607055608427 0.00607055608427 0.00607055608427 0.00607055608427 0.00607055608427 0.00607055608427 0.00607055608427 0.00607055608427 0.00607055608427 0.00607055608427 0.00607055608427
0.0086632593589 0.0086632593589 0.0086632593589 0.0086632593589 0.0086632593589 0.0086632593589 0.0086632593589 0.0086632593589 0.0086632593589 0.0086632593589 0.0086632593589 0.0086632593589 0.0086632593589 0.0086632593589 0.0086632593589 0.0258866122675 0.0086632593589 0.0086632593589 0.0086632593589 0.0086632593589 0.0086632593589 0.0086632593589 0.0086632593589 0.0086632593589 0.0086632593589 0.0086632593589 0.0086632593589 0.0086632593589 0.0086632593589 0.0086632593589 0.0086632593589 0.0086632593589 0.0086632593589 0.0086632593589 0.0086632593589 0.0086632593589 0.0086632593589 0.0086632593589 0.0086632593589 0.0086632593589 0.0086632593589 0.0086632593589 0.0086632593589 0.0086632593589 0.0086632593589 0.0086632593589 0.0086632593589
0.0110181607511 0.0110181607511 0.0110181607511 0.0110181607511 0.0110181607511 0.0110181607511 0.0110181607511 0.0110181607511 0.0110181607511 0.0110181607511 0.0110181607511 0.0110181607511 0.0110181607511 0.0110181607511 0.0110181607511 0.0385167874446 0.0110181607511 0.0110181607511 0.0110181607511 0.0110181607511 0.0110181607511 0.0110181607511 0.0110181607511 0.0110181607511 0.0110181607511 0.0110181607511 0.0110181607511 0.0110181607511 0.0110181607511 0.0110181607511 0.0110181607511 0.0110181607511 0.0110181607511 0.0110181607511 0.0110181607511 0.0110181607511 0.0110181607511 0.0110181607511 0.0110181607511 0.0110181607511 0.0110181607511 0.0110181607511 0.0110181607511 0.0110181607511 0.0110181607511 0.0110181607511 0.0110181607511
0.013159655081 0.013159655081 0.013159655081 0.013159655081 0.013159655081 0.013159655081 0.013159655081 0.013159655081 0.013159655081 0.013159655081 0.013159655081 0.013159655081 0.013159655081 0.013159655081 0.013159655081 0.052822460274 0.013159655081 0.013159655081 0.013159655081 0.013159655081 0.013159655081 0.013159655081 0.013159655081 0.013159655081 0.013159655081 0.013159655081 0.013159655081 0.013159655081 0.013159655081 0.013159655081 0.013159655081 0.013159655081 0.013159655081 0.013159655081 0.013159655081 0.013159655081 0.013159655081 0.013159655081 0.013159655081 0.013159655081 0.013159655081 0.013159655081 0.013159655081 0.013159655081 0.013159655081 0.013159655081 0.013159655081
0.0151060445084 0.0151060445084 0.0151060445084 0.0151060445084 0.0151060445084 0.0151060445084 0.0151060445084 0.0151060445084 0.0151060445084 0.0151060445084 0.0151060445084 0.0151060445084 0.0151060445084 0.0151060445084 0.0151060445084 0.0686335528657 0.0151060445084 0.0151060445084 0.0151060445084 0.0151060445084 0.0151060445084 0.0151060445084 0.0151060445084 0.0151060445084 0.0151060445084 0.0151060445084 0.0151060445084 0.0151060445084 0.0151060445084 0.0151060445084 0.0151060445084 0.0151060445084 0.0151060445084 0.0151060445084 0.0151060445084 0.0151060445084 0.0151060445084 0.0151060445084 0.0151060445084 0.0151060445084 0.0151060445084 0.0151060445084 0.0151060445084 0.0151060445084 0.0151060445084 0.0151060445084 0.013159655081
0.0168716070427 0.0168716070427 0.0168716070427 0.0168716070427 0.0168716070427 0.0168716070427 0.0168716070427 0.0168716070427 0.0168716070427 0.0168716070427 0.0168716070427 0.0168716070427 0.0168716070427 0.0168716070427 0.0168716070427 0.0857901823475 0.0168716070427 0.0168716070427 0.0168716070427 0.0168716070427 0.0168716070427 0.0168716070427 0.0168716070427 0.0168716070427 0.0168716070427 0.0168716070427 0.0168716070427 0.0168716070427 0.0168716070427 0.0168716070427 0.0168716070427 0.0168716070427 0.0168716070427 0.0168716070427 0.0168716070427 0.0168716070427 0.0168716070427 0.0168716070427 0.0168716070427 0.0168716070427 0.0168716070427 0.0168716070427 0.0168716070427 0.0168716070427 0.0168716070427 0.0151060445084 0.013159655081
0.0184683514437 0.0184683514437 0.0184683514437 0.0184683514437 0.0184683514437 0.0184683514437 0.0184683514437 0.0184683514437 0.0184683514437 0.0184683514437 0.0184683514437 0.0184683514437 0.0184683514437 0.0184683514437 0.0184683514437 0.104141809515 0.0184683514437 0.0184683514437 0.0184683514437 0.0184683514437 0.0184683514437 0.0184683514437 0.0184683514437 0.0184683514437 0.0184683514437 0.0184683514437 0.0184683514437 0.0184683514437 0.0184683514437 0.0184683514437 0.0184683514437 0.0184683514437 0.0184683514437 0.0184683514437 0.0184683514437 0.0184683514437 0.0184683514437 0.0184683514437 0.0184683514437 0.0184683514437 0.0184683514437 0.0184683514437 0.0184683514437 0.0184683514437 0.0168716070427 0.0151060445084 0.013159655081
0.019906361671 0.019906361671 0.019906361671 0.019906361671 0.019906361671 0.019906361671 0.019906361671 0.019906361671 0.019906361671 0.019906361671 0.019906361671 0.019906361671 0.019906361671 0.019906361671 0.019906361671 0.123545641113 0.019906361671 0.019906361671 0.019906361671 0.019906361671 0.019906361671 0.019906361671 0.019906361671 0.019906361671 0.019906361671 0.019906361671 0.019906361671 0.019906361671 0.019906361671 0.019906361671 0.019906361671 0.019906361671 0.019906361671 0.019906361671 0.019906361671 0.019906361671 0.019906361671 0.019906361671 0.019906361671 0.019906361671 0.019906361671 0.019906361671 0.019906361671 0.0184683514437 0.0168716070427 0.0151060445084 0.013159655081
0.0211947351864 0.0211947351864 0.0211947351864 0.0211947351864 0.0211947351864 0.0211947351864 0.0211947351864 0.0211947351864 0.0211947351864 0.0211947351864 0.0211947351864 0.0211947351864 0.0211947351864 0.0211947351864 0.0211947351864 0.143866037415 0.0211947351864 0.0211947351864 0.0211947351864 0.0211947351864 0.0211947351864 0.0211947351864 0.0211947351864 0.0211947351864 0.0211947351864 0.0211947351864 0.0211947351864 0.0211947351864 0.0211947351864 0.0211947351864 0.0211947351864 0.0211947351864 0.0211947351864 0.0211947351864 0.0211947351864 0.0211947351864 0.0211947351864 0.0211947351864 0.0211947351864 0.0211947351864 0.0211947351864 0.0211947351864 0.019906361671 0.0184683514437 0.0168716070427 0.0151060445084 0.013159655081
0.0223418443763 0.0223418443763 0.0223418443763 0.0223418443763 0.0223418443763 0.0223418443763 0.0223418443763 0.0223418443763 0.0223418443763 0.0223418443763 0.0223418443763 0.0223418443763 0.0223418443763 0.0223418443763 0.0223418443763 0.164974141324 0.0223418443763 0.0223418443763 0.0223418443763 0.0223418443763 0.0223418443763 0.0223418443763 0.0223418443763 0.0223418443763 0.0223418443763 0.0223418443763 0.0223418443763 0.0223418443763 0.0223418443763 0.0223418443763 0.0223418443763 0.0223418443763 0.0223418443763 0.0223418443763 0.0223418443763 0.0223418443763 0.0223418443763 0.0223418443763 0.0223418443763 0.0223418443763 0.0223418443763 0.0211947351864 0.019906361671 0.0184683514437 0.0168716070427 0.0151060445084 0.013159655081
0.0233554729325 0.0233554729325 0.0233554729325 0.0233554729325 0.0233554729325 0.0233554729325 0.0233554729325 0.0233554729325 0.0233554729325 0.0233554729325 0.0233554729325 0.0233554729325 0.0233554729325 0.0233554729325 0.0233554729325 0.186747701894 0.0233554729325 0.0233554729325 0.0233554729325 0.0233554729325 0.0233554729325 0.0233554729325 0.0233554729325 0.0233554729325 0.0233554729325 0.0233554729325 0.0233554729325 0.0233554729325 0.0233554729325 0.0233554729325 0.0233554729325 0.0233554729325 0.0233554729325 0.0233554729325 0.0233554729325 0.0233554729325 0.0233554729325 0.0233554729325 0.0233554729325 0.0233554729325 0.0223418443763 0.0211947351864 0.019906361671 0.0184683514437 0.0168716070427 0.0151060445084 0.013159655081
0.0242431959001 0.0242431959001 0.0242431959001 0.0242431959001 0.0242431959001 0.0242431959001 0.0242431959001 0.0242431959001 0.0242431959001 0.0242431959001 0.0242431959001 0.0242431959001 0.0242431959001 0.0242431959001 0.0242431959001 0.209071160177 0.0242431959001 0.0242431959001 0.0242431959001 0.0242431959001 0.0242431959001 0.0242431959001 0.0242431959001 0.0242431959001 0.0242431959001 0.0242431959001 0.0242431959001 0.0242431959001 0.0242431959001 0.0242431959001 0.0242431959001 0.0242431959001 0.0242431959001 0.0242431959001 0.0242431959001 0.0242431959001 0.0242431959001 0.0242431959001 0.0242431959001 0.0233554729325 0.0223418443763 0.0211947351864 0.019906361671 0.0184683514437 0.0168716070427 0.0151060445084 0.013159655081
0.0250125641049 0.0250125641049 0.0250125641049 0.0250125641049 0.0250125641049 0.0250125641049 0.0250125641049 0.0250125641049 0.0250125641049 0.0250125641049 0.0250125641049 0.0250125641049 0.0250125641049 0.0250125641049 0.0250125641049 0.231835172369 0.0250125641049 0.0250125641049 0.0250125641049 0.0250125641049 0.0250125641049 0.0250125641049 0.0250125641049 0.0250125641049 0.0250125641049 0.0250125641049 0.0250125641049 0.0250125641049 0.0250125641049 0.0250125641049 0.0250125641049 0.0250125641049 0.0250125641049 0.0250125641049 0.0250125641049 0.0250125641049 0.0250125641049 0.0250125641049 0.0242431959001 0.0233554729325 0.0223418443763 0.0211947351864 0.019906361671 0.0184683514437 0.0168716070427 0.0151060445084 0.013159655081
0.0256712841747 0.0256712841747 0.0256712841747 0.0256712841747 0.0256712841747 0.0256712841747 0.0256712841747 0.0256712841747 0.0256712841747 0.0256712841747 0.0256712841747 0.0256712841747 0.0256712841747 0.0256712841747 0.0256712841747 0.254937825378 0.0256712841747 0.0256712841747 0.0256712841747 0.0256712841747 0.0256712841747 0.0256712841747 0.0256712841747 0.0256712841747 0.0256712841747 0.0256712841747 0.0256712841747 0.0256712841747 0.0256712841747 0.0256712841747 0.0256712841747 0.0256712841747 0.0256712841747 0.0256712841747 0.0256712841747 0.0256712841747 0.0256712841747 0.0250125641049 0.0242431959001 0.0233554729325 0.0223418443763 0.0211947351864 0.019906361671 0.0184683514437 0.0168716070427 0.0151060445084 0.013159655081
0.0262273342444 0.0262273342444 0.0262273342444 0.0262273342444 0.0262273342444 0.0262273342444 0.0262273342444 0.0262273342444 0.0262273342444 0.0262273342444 0.0262273342444 0.0262273342444 0.0262273342444 0.0262273342444 0.0262273342444 0.278284245959 0.0262273342444 0.0262273342444 0.0262273342444 0.0262273342444 0.0262273342444 0.0262273342444 0.0262273342444 0.0262273342444 0.0262273342444 0.0262273342444 0.0262273342444 0.0262273342444 0.0262273342444 0.0262273342444 0.0262273342444 0.0262273342444 0.0262273342444 0.0262273342444 0.0262273342444 0.0262273342444 0.0256712841747 0.0250125641049 0.0242431959001 0.0233554729325 0.0223418443763 0.0211947351864 0.019906361671 0.0184683514437 0.0168716070427 0.0151060445084 0.013159655081
0.0266889735432 0.0266889735432 0.0266889735432 0.0266889735432 0.0266889735432 0.0266889735432 0.0266889735432 0.0266889735432 0.0266889735432 0.0266889735432 0.0266889735432 0.0266889735432 0.0266889735432 0.0266889735432 0.0266889735432 0.301787244009 0.0266889735432 0.0266889735432 0.0266889735432 0.0266889735432 0.0266889735432 0.0266889735432 0.0266889735432 0.0266889735432 0.0266889735432 0.0266889735432 0.0266889735432 0.0266889735432 0.0266889735432 0.0266889735432 0.0266889735432 0.0266889735432 0.0266889735432 0.0266889735432 0.0266889735432 0.0262273342444 0.0256712841747 0.0250125641049 0.0242431959001 0.0233554729325 0.0223418443763 0.0211947351864 0.019906361671 0.0184683514437 0.0168716070427 0.0151060445084 0.013159655081
0.027065009218 0.027065009218 0.027065009218 0.027065009218 0.027065009218 0.027065009218 0.027065009218 0.027065009218 0.027065009218 0.027065009218 0.027065009218 0.027065009218 0.027065009218 0.027065009218 0.027065009218 0.325368022733 0.027065009218 0.027065009218 0.027065009218 0.027065009218 0.027065009218 0.027065009218 0.027065009218 0.027065009218 0.027065009218 0.027065009218 0.027065009218 0.027065009218 0.027065009218 0.027065009218 0.027065009218 0.027065009218 0.027065009218 0.027065009218 0.0266889735432 0.0262273342444 0.0256712841747 0.0250125641049 0.0242431959001 0.0233554729325 0.0223418443763 0.0211947351864 0.019906361671 0.0184683514437 0.0168716070427 0.0151060445084 0.013159655081
