out-2/MaxQL3t_1.asc
ncols 101
nrows 101
xllcorner -0.5
yllcorner -0.5
cellsize 1.0
nodata_value -3.40282346639e+38
[rows 60 to 79 of 101, columns 44 to 87 of 101]
7.70408548048e-05 7.70408548048e-05 7.70408548048e-05 7.70408548048e-05 7.70408548048e-05 7.70408548048e-05 7.70408548048e-05 7.70408548048e-05 7.70408548048e-05 7.70408548048e-05 7.70408548048e-05 7.70408548048e-05 7.70408548048e-05 7.70408548048e-05 7.70408548048e-05 7.70408548048e-05 7.70408548048e-05 7.70408548048e-05 0.00235923509951 7.70408547202e-05 7.70408544045e-05 7.70408530438e-05 7.70408475945e-05 7.7040827302e-05 7.70407569815e-05 7.70405300889e-05 7.70398481646e-05 7.70379384665e-05 7.70329542756e-05 7.70208293566e-05 7.69933346299e-05 7.69352121803e-05 7.68206484506e-05 7.66100025517e-05 7.62483873745e-05 7.56678912445e-05 7.47943993117e-05 7.3558132933e-05 7.19050464312e-05 6.9805407923e-05 6.72569203931e-05 6.37940364411e-05 6.05219224439e-05 5.68996449139e-05
7.70408548048e-05 7.70408548048e-05 7.70408548048e-05 7.70408548048e-05 7.70408548048e-05 7.70408548048e-05 7.70408548048e-05 7.70408548048e-05 7.70408548048e-05 7.70408548048e-05 7.70408548048e-05 7.70408548048e-05 7.70408548048e-05 7.70408548048e-05 7.70408548048e-05 7.70408548048e-05 7.70408548048e-05 7.70408548048e-05 0.00236546435771 7.70408547202e-05 7.70408544045e-05 7.70408530438e-05 7.70408475945e-05 7.7040827302e-05 7.70407569815e-05 7.70405300889e-05 7.70398481646e-05 7.70379384665e-05 7.70329542756e-05 7.70208293566e-05 7.69933346299e-05 7.69352121803e-05 7.68206484506e-05 7.66100025517e-05 7.62483873745e-05 7.56678912445e-05 7.47943993117e-05 7.3558132933e-05 7.19050464312e-05 6.9805407923e-05 6.72569203931e-05 6.37940364411e-05 6.05219224439e-05 5.68996449139e-05
7.70408548048e-05 7.70408548048e-05 7.70408548048e-05 7.70408548048e-05 7.70408548048e-05 7.70408548048e-05 7.70408548048e-05 7.70408548048e-05 7.70408548048e-05 7.70408548048e-05 7.70408548048e-05 7.70408548048e-05 7.70408548048e-05 7.70408548048e-05 7.70408548048e-05 7.70408548048e-05 7.70408548048e-05 7.70408548048e-05 0.00236660835265 7.70408547202e-05 7.70408544045e-05 7.70408530438e-05 7.70408475945e-05 7.7040827302e-05 7.70407569815e-05 7.70405300889e-05 7.70398481646e-05 7.70379384665e-05 7.70329542756e-05 7.70208293566e-05 7.69933346299e-05 7.69352121803e-05 7.68206484506e-05 7.66100025517e-05 7.62483873745e-05 7.56678912445e-05 7.47943993117e-05 7.3558132933e-05 7.19050464312e-05 6.9805407923e-05 6.72569203931e-05 6.37940364411e-05 6.05219224439e-05 5.68996449139e-05
7.70408548048e-05 7.70408548048e-05 7.70408548048e-05 7.70408548048e-05 7.70408548048e-05 7.70408548048e-05 7.70408548048e-05 7.70408548048e-05 7.70408548048e-05 7.70408548048e-05 7.70408548048e-05 7.70408548048e-05 7.70408548048e-05 7.70408548048e-05 7.70408548048e-05 7.70408548048e-05 7.70408548048e-05 7.70408548048e-05 0.00237032970846 7.70408547202e-05 7.70408544045e-05 7.70408530438e-05 7.70408475945e-05 7.7040827302e-05 7.70407569815e-05 7.70405300889e-05 7.70398481646e-05 7.70379384665e-05 7.70329542756e-05 7.70208293566e-05 7.69933346299e-05 7.69352121803e-05 7.68206484506e-05 7.66100025517e-05 7.62483873745e-05 7.56678912445e-05 7.47943993117e-05 7.3558132933e-05 7.19050464312e-05 6.9805407923e-05 6.72569203931e-05 6.37940364411e-05 6.05219224439e-05 5.68996449139e-05
7.70408548048e-05 7.70408548048e-05 7.70408548048e-05 7.70408548048e-05 7.70408548048e-05 7.70408548048e-05 7.70408548048e-05 7.70408548048e-05 7.70408548048e-05 7.70408548048e-05 7.70408548048e-05 7.70408548048e-05 7.70408548048e-05 7.70408548048e-05 7.70408548048e-05 7.70408548048e-05 7.70408548048e-05 7.70408548048e-05 0.00237075158219 7.70408547202e-05 7.70408544045e-05 7.70408530438e-05 7.70408475945e-05 7.7040827302e-05 7.70407569815e-05 7.70405300889e-05 7.70398481646e-05 7.70379384665e-05 7.70329542756e-05 7.70208293566e-05 7.69933346299e-05 7.69352121803e-05 7.68206484506e-05 7.66100025517e-05 7.62483873745e-05 7.56678912445e-05 7.47943993117e-05 7.3558132933e-05 7.19050464312e-05 6.9805407923e-05 6.72569203931e-05 6.37940364411e-05 6.05219224439e-05 5.68996449139e-05
7.70408548048e-05 7.70408548048e-05 7.70408548048e-05 7.70408548048e-05 7.70408548048e-05 7.70408548048e-05 7.70408548048e-05 7.70408548048e-05 7.70408548048e-05 7.70408548048e-05 7.70408548048e-05 7.70408548048e-05 7.70408548048e-05 7.70408548048e-05 7.70408548048e-05 7.70408548048e-05 7.70408548048e-05 7.70408548048e-05 0.00237089234209 7.70408547202e-05 7.70408544045e-05 7.70408530438e-05 7.70408475945e-05 7.7040827302e-05 7.70407569815e-05 7.70405300889e-05 7.70398481646e-05 7.70379384665e-05 7.70329542756e-05 7.70208293566e-05 7.69933346299e-05 7.69352121803e-05 7.68206484506e-05 7.66100025517e-05 7.62483873745e-05 7.56678912445e-05 7.47943993117e-05 7.3558132933e-05 7.19050464312e-05 6.9805407923e-05 6.72569203931e-05 6.37940364411e-05 6.05219224439e-05 5.68996449139e-05
7.70408548048e-05 7.70408548048e-05 7.70408548048e-05 7.70408548048e-05 7.70408548048e-05 7.70408548048e-05 7.70408548048e-05 7.70408548048e-05 7.70408548048e-05 7.70408548048e-05 7.70408548048e-05 7.70408548048e-05 7.70408548048e-05 7.70408548048e-05 7.70408548048e-05 7.70408548048e-05 7.70408548048e-05 7.70408548048e-05 0.0023709322137 7.70408547202e-05 7.70408544045e-05 7.70408530438e-05 7.70408475945e-05 7.7040827302e-05 7.70407569815e-05 7.70405300889e-05 7.70398481646e-05 7.70379384665e-05 7.70329542756e-05 7.70208293566e-05 7.69933346299e-05 7.69352121803e-05 7.68206484506e-05 7.66100025517e-05 7.62483873745e-05 7.56678912445e-05 7.47943993117e-05 7.3558132933e-05 7.19050464312e-05 6.9805407923e-05 6.72569203931e-05 6.37940364411e-05 6.05219224439e-05 5.68996449139e-05
7.70408548048e-05 7.70408548048e-05 7.70408548048e-05 7.70408548048e-05 7.70408548048e-05 7.70408548048e-05 7.70408548048e-05 7.70408548048e-05 7.70408548048e-05 7.70408548048e-05 7.70408548048e-05 7.70408548048e-05 7.70408548048e-05 7.70408548048e-05 7.70408548048e-05 7.70408548048e-05 7.70408548048e-05 7.70408548048e-05 0.00237094176213 7.70408547202e-05 7.70408544045e-05 7.70408530438e-05 7.70408475945e-05 7.7040827302e-05 7.70407569815e-05 7.70405300889e-05 7.70398481646e-05 7.70379384665e-05 7.70329542756e-05 7.70208293566e-05 7.69933346299e-05 7.69352121803e-05 7.68206484506e-05 7.66100025517e-05 7.62483873745e-05 7.56678912445e-05 7.47943993117e-05 7.3558132933e-05 7.19050464312e-05 6.9805407923e-05 6.72569203931e-05 6.37940364411e-05 6.05219224439e-05 5.68996449139e-05
7.70408548048e-05 7.70408548048e-05 7.70408548048e-05 7.70408548048e-05 7.70408548048e-05 7.70408548048e-05 7.70408548048e-05 7.70408548048e-05 7.70408548048e-05 7.70408548048e-05 7.70408548048e-05 7.70408548048e-05 7.70408548048e-05 7.70408548048e-05 7.70408548048e-05 7.70408548048e-05 7.70408548048e-05 7.70408548048e-05 0.00237094368546 7.70408547202e-05 7.70408544045e-05 7.70408530438e-05 7.70408475945e-05 7.7040827302e-05 7.70407569815e-05 7.70405300889e-05 7.70398481646e-05 7.70379384665e-05 7.70329542756e-05 7.70208293566e-05 7.69933346299e-05 7.69352121803e-05 7.68206484506e-05 7.66100025517e-05 7.62483873745e-05 7.56678912445e-05 7.47943993117e-05 7.3558132933e-05 7.19050464312e-05 6.9805407923e-05 6.72569203931e-05 6.37940364411e-05 6.05219224439e-05 5.68996449139e-05
7.70408548048e-05 7.70408548048e-05 7.70408548048e-05 7.70408548048e-05 7.70408548048e-05 7.70408548048e-05 7.70408548048e-05 7.70408548048e-05 7.70408548048e-05 7.70408548048e-05 7.70408548048e-05 7.70408548048e-05 7.70408548048e-05 7.70408548048e-05 7.70408548048e-05 7.70408548048e-05 7.70408548048e-05 7.70408548048e-05 0.00237094400913 7.70408547202e-05 7.70408544045e-05 7.70408530438e-05 7.70408475945e-05 7.7040827302e-05 7.70407569815e-05 7.70405300889e-05 7.70398481646e-05 7.70379384665e-05 7.70329542756e-05 7.70208293566e-05 7.69933346299e-05 7.69352121803e-05 7.68206484506e-05 7.66100025517e-05 7.62483873745e-05 7.56678912445e-05 7.47943993117e-05 7.3558132933e-05 7.19050464312e-05 6.9805407923e-05 6.72569203931e-05 6.37940364411e-05 6.05219224439e-05 5.68996449139e-05
7.70408548048e-05 7.70408548048e-05 7.70408548048e-05 7.70408548048e-05 7.70408548048e-05 7.70408548048e-05 7.70408548048e-05 7.70408548048e-05 7.70408548048e-05 7.70408548048e-05 7.70408548048e-05 7.70408548048e-05 7.70408548048e-05 7.70408548048e-05 7.70408548048e-05 7.70408548048e-05 7.70408548048e-05 7.70408548048e-05 0.00237094405425 7.70408547202e-05 7.70408544045e-05 7.70408530438e-05 7.70408475945e-05 7.7040827302e-05 7.70407569815e-05 7.70405300889e-05 7.70398481646e-05 7.70379384665e-05 7.70329542756e-05 7.70208293566e-05 7.69933346299e-05 7.69352121803e-05 7.68206484506e-05 7.66100025517e-05 7.62483873745e-05 7.56678912445e-05 7.47943993117e-05 7.3558132933e-05 7.19050464312e-05 6.9805407923e-05 6.72569203931e-05 6.37940364411e-05 6.05219224439e-05 5.68996449139e-05
7.70408548048e-05 7.70408548048e-05 7.70408548048e-05 7.70408548048e-05 7.70408548048e-05 7.70408548048e-05 7.70408548048e-05 7.70408548048e-05 7.70408548048e-05 7.70408548048e-05 7.70408548048e-05 7.70408548048e-05 7.70408548048e-05 7.70408548048e-05 7.70408548048e-05 7.70408548048e-05 7.70408548048e-05 7.70408548048e-05 0.00237094405941 7.70408547202e-05 7.70408544045e-05 7.70408530438e-05 7.70408475945e-05 7.7040827302e-05 7.70407569815e-05 7.70405300889e-05 7.70398481646e-05 7.70379384665e-05 7.70329542756e-05 7.70208293566e-05 7.69933346299e-05 7.69352121803e-05 7.68206484506e-05 7.66100025517e-05 7.62483873745e-05 7.56678912445e-05 7.47943993117e-05 7.3558132933e-05 7.19050464312e-05 6.9805407923e-05 6.72569203931e-05 6.37940364411e-05 6.05219224439e-05 5.68996449139e-05
7.70408548048e-05 7.70408548048e-05 7.70408548048e-05 7.70408548048e-05 7.70408548048e-05 7.70408548048e-05 7.70408548048e-05 7.70408548048e-05 7.70408548048e-05 7.70408548048e-05 7.70408548048e-05 7.70408548048e-05 7.70408548048e-05 7.70408548048e-05 7.70408548048e-05 7.70408548048e-05 7.70408548048e-05 7.70408548048e-05 0.00237094405988 7.70408547202e-05 7.70408544045e-05 7.70408530438e-05 7.70408475945e-05 7.7040827302e-05 7.70407569815e-05 7.70405300889e-05 7.70398481646e-05 7.70379384665e-05 7.70329542756e-05 7.70208293566e-05 7.69933346299e-05 7.69352121803e-05 7.68206484506e-05 7.66100025517e-05 7.62483873745e-05 7.56678912445e-05 7.47943993117e-05 7.3558132933e-05 7.19050464312e-05 6.9805407923e-05 6.72569203931e-05 6.37940364411e-05 6.05219224439e-05 5.68996449139e-05
7.70408548048e-05 7.70408548048e-05 7.70408548048e-05 7.70408548048e-05 7.70408548048e-05 7.70408548048e-05 7.70408548048e-05 7.70408548048e-05 7.70408548048e-05 7.70408548048e-05 7.70408548048e-05 7.70408548048e-05 7.70408548048e-05 7.70408548048e-05 7.70408548048e-05 7.70408548048e-05 7.70408548048e-05 7.70408548048e-05 0.00237094405992 7.70408547202e-05 7.70408544045e-05 7.70408530438e-05 7.70408475945e-05 7.7040827302e-05 7.70407569815e-05 7.70405300889e-05 7.70398481646e-05 7.70379384665e-05 7.70329542756e-05 7.70208293566e-05 7.69933346299e-05 7.69352121803e-05 7.68206484506e-05 7.66100025517e-05 7.62483873745e-05 7.56678912445e-05 7.47943993117e-05 7.3558132933e-05 7.19050464312e-05 6.9805407923e-05 6.72569203931e-05 6.37940364411e-05 6.05219224439e-05 5.68996449139e-05
7.70408548048e-05 7.70408548048e-05 7.70408548048e-05 7.70408548048e-05 7.70408548048e-05 7.70408548048e-05 7.70408548048e-05 7.70408548048e-05 7.70408548048e-05 7.70408548048e-05 7.70408548048e-05 7.70408548048e-05 7.70408548048e-05 7.70408548048e-05 7.70408548048e-05 7.70408548048e-05 7.70408548048e-05 7.70408548048e-05 0.00237094405992 7.70408547202e-05 7.70408544045e-05 7.70408530438e-05 7.70408475945e-05 7.7040827302e-05 7.70407569815e-05 7.70405300889e-05 7.70398481646e-05 7.70379384665e-05 7.70329542756e-05 7.70208293566e-05 7.69933346299e-05 7.69352121803e-05 7.68206484506e-05 7.66100025517e-05 7.62483873745e-05 7.56678912445e-05 7.47943993117e-05 7.3558132933e-05 7.19050464312e-05 6.9805407923e-05 6.72569203931e-05 6.37940364411e-05 6.05219224439e-05 5.68996449139e-05
7.70408548048e-05 7.70408548048e-05 7.70408548048e-05 7.70408548048e-05 7.70408548048e-05 7.70408548048e-05 7.70408548048e-05 7.70408548048e-05 7.70408548048e-05 7.70408548048e-05 7.70408548048e-05 7.70408548048e-05 7.70408548048e-05 7.70408548048e-05 7.70408548048e-05 7.70408548048e-05 7.70408548048e-05 7.70408548048e-05 0.00237094405992 7.70408547202e-05 7.70408544045e-05 7.70408530438e-05 7.70408475945e-05 7.7040827302e-05 7.70407569815e-05 7.70405300889e-05 7.70398481646e-05 7.70379384665e-05 7.70329542756e-05 7.70208293566e-05 7.69933346299e-05 7.69352121803e-05 7.68206484506e-05 7.66100025517e-05 7.62483873745e-05 7.56678912445e-05 7.47943993117e-05 7.3558132933e-05 7.19050464312e-05 6.9805407923e-05 6.72569203931e-05 6.37940364411e-05 6.05219224439e-05 5.68996449139e-05
7.70408548048e-05 7.70408548048e-05 7.70408548048e-05 7.70408548048e-05 7.70408548048e-05 7.70408548048e-05 7.70408548048e-05 7.70408548048e-05 7.70408548048e-05 7.70408548048e-05 7.70408548048e-05 7.70408548048e-05 7.70408548048e-05 7.70408548048e-05 7.70408548048e-05 7.70408548048e-05 7.70408548048e-05 7.70408548048e-05 0.00237094405992 7.70408547202e-05 7.70408544045e-05 7.70408530438e-05 7.70408475945e-05 7.7040827302e-05 7.70407569815e-05 7.70405300889e-05 7.70398481646e-05 7.70379384665e-05 7.70329542756e-05 7.70208293566e-05 7.69933346299e-05 7.69352121803e-05 7.68206484506e-05 7.66100025517e-05 7.62483873745e-05 7.56678912445e-05 7.47943993117e-05 7.3558132933e-05 7.19050464312e-05 6.9805407923e-05 6.72569203931e-05 6.37940364411e-05 6.05219224439e-05 5.68996449139e-05
7.70408548048e-05 7.70408548048e-05 7.70408548048e-05 7.70408548048e-05 7.70408548048e-05 7.70408548048e-05 7.70408548048e-05 7.70408548048e-05 7.70408548048e-05 7.70408548048e-05 7.70408548048e-05 7.70408548048e-05 7.70408548048e-05 7.70408548048e-05 7.70408548048e-05 7.70408548048e-05 7.70408548048e-05 7.70408548048e-05 0.00237094405992 7.70408547202e-05 7.70408544045e-05 7.70408530438e-05 7.70408475945e-05 7.7040827302e-05 7.70407569815e-05 7.70405300889e-05 7.70398481646e-05 7.70379384665e-05 7.70329542756e-05 7.70208293566e-05 7.69933346299e-05 7.69352121803e-05 7.68206484506e-05 7.66100025517e-05 7.62483873745e-05 7.56678912445e-05 7.47943993117e-05 7.3558132933e-05 7.19050464312e-05 6.9805407923e-05 6.72569203931e-05 6.37940364411e-05 6.05219224439e-05 5.68996449139e-05
7.70408548048e-05 7.70408548048e-05 7.70408548048e-05 7.70408548048e-05 7.70408548048e-05 7.70408548048e-05 7.70408548048e-05 7.70408548048e-05 7.70408548048e-05 7.70408548048e-05 7.70408548048e-05 7.70408548048e-05 7.70408548048e-05 7.70408548048e-05 7.70408548048e-05 7.70408548048e-05 7.70408548048e-05 7.70408548048e-05 0.00237094405992 7.70408547202e-05 7.70408544045e-05 7.70408530438e-05 7.70408475945e-05 7.7040827302e-05 7.70407569815e-05 7.70405300889e-05 7.70398481646e-05 7.70379384665e-05 7.70329542756e-05 7.70208293566e-05 7.69933346299e-05 7.69352121803e-05 7.68206484506e-05 7.66100025517e-05 7.62483873745e-05 7.56678912445e-05 7.47943993117e-05 7.3558132933e-05 7.19050464312e-05 6.9805407923e-05 6.72569203931e-05 6.37940364411e-05 6.05219224439e-05 5.68996449139e-05
7.70408548048e-05 7.70408548048e-05 7.70408548048e-05 7.70408548048e-05 7.70408548048e-05 7.70408548048e-05 7.70408548048e-05 7.70408548048e-05 7.70408548048e-05 7.70408548048e-05 7.70408548048e-05 7.70408548048e-05 7.70408548048e-05 7.70408548048e-05 7.70408548048e-05 7.70408548048e-05 7.70408548048e-05 7.70408548048e-05 0.00237094405992 7.70408547202e-05 7.70408544045e-05 7.70408530438e-05 7.70408475945e-05 7.7040827302e-05 7.70407569815e-05 7.70405300889e-05 7.70398481646e-05 7.70379384665e-05 7.70329542756e-05 7.70208293566e-05 7.69933346299e-05 7.69352121803e-05 7.68206484506e-05 7.66100025517e-05 7.62483873745e-05 7.56678912445e-05 7.47943993117e-05 7.3558132933e-05 7.19050464312e-05 6.9805407923e-05 6.72569203931e-05 6.37940364411e-05 6.05219224439e-05 5.68996449139e-05
