out-2/mshearstr_pa.asc
ncols 101
nrows 101
xllcorner -0.5
yllcorner -0.5
cellsize 1.0
nodata_value -3.40282346639e+38
[rows 44 to 65 of 101, columns 0 to 49 of 101]
-3.40282346639e+38 1.45413311518 2.1449140935 2.67155862905 3.10452539901 3.47257374841 3.79092648941 4.0687428728 4.31191553687 4.52433945631 4.70856639846 4.86614409444 4.99791964887 5.10426430021 5.18528480108 5.24284239234 5.27842933976 5.29059715224 5.28106710216 5.25242208803 5.20794640873 5.15131088148 5.08616116632 5.01573112761 4.94262498347 4.86873826679 4.79533136925 4.72320462574 4.65283643471 4.58451429276 4.51842921214 4.45471668938 4.39349748638 4.33488335048 4.278982839 4.2259098465 4.17576433967 28.4360685016 4.08468255555 4.04395942312 4.00657986188 3.97263709407 3.94221629924 3.91540046347 3.89227330398 3.87289843126 3.85732629497 3.84560734482 3.83777594508 3.83385329924
-3.40282346639e+38 1.45413206362 2.14491274438 2.67155891328 3.10452774567 3.47257641292 3.79092353635 4.0687355172 4.31191108434 4.52434156498 4.70856918454 4.86614409444 4.99791934374 5.10426398362 5.18528480108 5.24284239234 5.27843243013 5.29059715224 5.2810639098 5.25242208803 5.20794965921 5.15131414832 5.08616480769 5.01573805927 4.9426319224 4.86873826679 4.79532479019 4.72320097026 4.65283570358 4.58451502391 4.51842994329 4.45471668938 4.39349748638 4.33488335048 4.27898612919 4.22591277112 4.17576433967 28.6991173466 4.08468255555 4.0439564985 4.00657803399 3.97263416945 3.94221081558 3.91539790443 3.89227403514 3.87289843126 3.85732373593 3.84560332347 3.83777375161 3.83385329924
-3.40282346639e+38 1.45413206362 2.14491274438 2.67155948173 3.10452573425 3.47257070325 3.79091973956 4.0687355172 4.31191355797 4.5243463095 4.70856862733 4.86614409444 4.99792208997 5.10426619971 5.18529035574 5.24284809865 5.2784355205 5.29059400486 5.2810639098 5.25242208803 5.20794640873 5.15131378534 5.08616480769 5.01573805927 4.94262863554 4.86873205489 4.79532479019 4.72320462574 4.65283899367 4.58451794849 4.51843140559 4.45471742054 4.39349748638 4.33488627509 4.27899234401 4.22591386785 4.17576433967 28.9448795386 4.08468109324 4.04395503619 4.00657218475 3.9726268579 3.94220825654 3.91540046347 3.89227659418 3.87289843126 3.8573259294 3.84560332347 3.83776717122 3.8338441598
-3.40282346639e+38 1.45413311518 2.1449140935 2.67155891328 3.10452573425 3.47257070325 3.79091973956 4.0687355172 4.31191355797 4.52434683667 4.70856639846 4.86614146227 4.99792270024 5.10426651629 5.18529035574 5.24284809865 5.27843243013 5.29059085749 5.2810639098 5.25242208803 5.20794640873 5.15131378534 5.08616116632 5.01573112761 4.9426216966 4.86872876623 4.79532771421 4.72320462574 4.65283570358 4.58451685177 4.51843140559 4.45472217304 4.39350552908 4.33489358664 4.27899234401 4.22590765303 4.17575995274 29.1752235096 4.08468218997 4.0439564985 4.00657218475 3.9726268579 3.94221081558 3.91540594713 3.89227878764 3.87289843126 3.8573259294 3.84560295789 3.83776717122 3.8338441598
-3.40282346639e+38 1.45413206362 2.14491274438 2.67155663948 3.10452573425 3.47257070325 3.79091973956 4.0687373561 4.31191553687 4.52434683667 4.70856639846 4.8661411698 4.99792270024 5.10426430021 5.18528480108 5.24284239234 5.27842624939 5.29059085749 5.28106710216 5.25242531428 5.20794640873 5.1513105185 5.08616116632 5.01573112761 4.9426216966 4.86873205489 4.79533100374 4.72320462574 4.65283643471 4.58451685177 4.51842994329 4.45472144188 4.39350552908 4.33489066202 4.27898612919 4.22590765303 4.17576433967 29.3882881725 4.08468511459 4.04395942312 4.00657364706 3.97262978252 3.94221629924 3.91540594713 3.89227330398 3.87289404433 3.85732373593 3.84560515136 3.83776936468 3.8338441598
-3.40282346639e+38 1.45413311518 2.1449140935 2.67155862905 3.10452539901 3.47257374841 3.79092480195 4.06873873528 4.31191553687 4.5243463095 4.70856918454 4.8661411698 4.99791964887 5.10426430021 5.18528480108 5.24284239234 5.27842933976 5.29059715224 5.28106710216 5.25242208803 5.20794640873 5.15131088148 5.08616116632 5.01573112761 4.94262498347 4.86873826679 4.79533136925 4.72320462574 4.65283643471 4.58451429276 4.51842921214 4.45471668938 4.39349748638 4.33488335048 4.278982839 4.2259098465 4.17576433967 29.5875622099 4.08468255555 4.04395942312 4.00657986188 3.97263709407 3.94221629924 3.91540046347 3.89227330398 3.87289843126 3.85732629497 3.84560734482 3.83777594508 3.83385329924
-3.40282346639e+38 1.45413206362 2.14491274438 2.67155891328 3.10452774567 3.47257641292 3.79092142702 4.06873505748 4.31191751577 4.5243463095 4.70856639846 4.86614146227 4.99791934374 5.10426398362 5.18528480108 5.24284239234 5.27843243013 5.29059715224 5.2810639098 5.25242208803 5.20794965921 5.15131414832 5.08616480769 5.01573805927 4.9426319224 4.86873826679 4.79532479019 4.72320097026 4.65283570358 4.58451502391 4.51842994329 4.45471668938 4.39349748638 4.33488335048 4.27898612919 4.22591277112 4.17576433967 29.765156984 4.08468255555 4.0439564985 4.00657803399 3.97263416945 3.94221081558 3.91539790443 3.89227403514 3.87289843126 3.85732373593 3.84560332347 3.83777375161 3.83385329924
-3.40282346639e+38 1.45413206362 2.14491274438 2.67155948173 3.10452573425 3.47256880003 3.7909180521 4.068739195 4.31191751577 4.52434367366 4.70856639846 4.86614409444 4.99792208997 5.10426619971 5.18529035574 5.24284809865 5.2784355205 5.29059400486 5.2810639098 5.25242208803 5.20794640873 5.15131378534 5.08616480769 5.01573805927 4.94262863554 4.86873205489 4.79532479019 4.72320462574 4.65283899367 4.58451794849 4.51843140559 4.45471742054 4.39349748638 4.33488627509 4.27899234401 4.22591386785 4.17576433967 29.9349178629 4.08468109324 4.04395503619 4.00657218475 3.9726268579 3.94220825654 3.91540046347 3.89227659418 3.87289843126 3.8573259294 3.84560332347 3.83776717122 3.8338441598
-3.40282346639e+38 1.45413311518 2.1449140935 2.67155891328 3.10452573425 3.47257032261 3.79092311449 4.06874149362 4.31191355797 4.52434420082 4.70856639846 4.86614146227 4.99792270024 5.10426651629 5.18529035574 5.24284809865 5.27843243013 5.29059085749 5.2810639098 5.25242208803 5.20794640873 5.15131378534 5.08616116632 5.01573112761 4.9426216966 4.86872876623 4.79532771421 4.72320462574 4.65283570358 4.58451685177 4.51843140559 4.45472217304 4.39350552908 4.33489358664 4.27899234401 4.22590765303 4.17575995274 30.0804666806 4.08468218997 4.0439564985 4.00657218475 3.9726268579 3.94221081558 3.91540594713 3.89227878764 3.87289843126 3.8573259294 3.84560295789 3.83776717122 3.8338441598
-3.40282346639e+38 1.45413206362 2.14491274438 2.67155777638 3.10452841615 3.47257336776 3.79092311449 4.0687373561 4.31191108434 4.52434420082 4.70856639846 4.8661411698 4.99792270024 5.10426430021 5.18528480108 5.24284239234 5.27842624939 5.29059085749 5.28106710216 5.25242531428 5.20794640873 5.1513105185 5.08616116632 5.01573112761 4.9426216966 4.86873205489 4.79533100374 4.72320462574 4.65283643471 4.58451685177 4.51842994329 4.45472144188 4.39350552908 4.33489066202 4.27898612919 4.22590765303 4.17576433967 30.2166914215 4.08468511459 4.04395942312 4.00657364706 3.97262978252 3.94221629924 3.91540594713 3.89227330398 3.87289404433 3.85732373593 3.84560515136 3.83776936468 3.8338441598
-3.40282346639e+38 1.45413311518 2.1449140935 2.67156005017 3.1045270752 3.47257070325 3.79091973956 4.0687355172 4.31191355797 4.5243463095 4.70856918454 4.8661411698 4.99791964887 5.10426430021 5.18528480108 5.24284239234 5.27842933976 5.29059715224 5.28106710216 5.25242208803 5.20794640873 5.15131088148 5.08616116632 5.01573112761 4.94262498347 4.86873826679 4.79533136925 4.72320462574 4.65283643471 4.58451429276 4.51842921214 4.45471668938 4.39349748638 4.33488335048 4.278982839 4.2259098465 4.17576433967 30.3354311854 4.08468255555 4.04395942312 4.00657986188 3.97263709407 3.94221629924 3.91540046347 3.89227330398 3.87289843126 3.85732629497 3.84560734482 3.83777594508 3.83385329924
-3.40282346639e+38 1.45413206362 2.1449136438 2.67155891328 3.10452372282 3.47257070325 3.79091973956 4.0687373561 4.31191751577 4.5243463095 4.70856639846 4.86614146227 4.99791934374 5.10426398362 5.18528480108 5.24284239234 5.27843243013 5.29059715224 5.2810639098 5.25242208803 5.20794965921 5.15131414832 5.08616480769 5.01573805927 4.9426319224 4.86873826679 4.79532479019 4.72320097026 4.65283570358 4.58451502391 4.51842994329 4.45471668938 4.39349748638 4.33488335048 4.27898612919 4.22591277112 4.17576433967 30.4343844965 4.08468255555 4.0439564985 4.00657803399 3.97263416945 3.94221081558 3.91539790443 3.89227403514 3.87289843126 3.85732373593 3.84560332347 3.83777375161 3.83385329924
-3.40282346639e+38 1.45413206362 2.14491386865 2.6715591975 3.10452338759 3.47257032261 3.79092184889 4.06874149362 4.31191751577 4.52434367366 4.70856639846 4.86614409444 4.99792208997 5.10426619971 5.18529035574 5.24284809865 5.2784355205 5.29059400486 5.2810639098 5.25242208803 5.20794640873 5.15131378534 5.08616480769 5.01573805927 4.94262863554 4.86873205489 4.79532479019 4.72320462574 4.65283899367 4.58451794849 4.51843140559 4.45471742054 4.39349748638 4.33488627509 4.27899234401 4.22591386785 4.17576433967 30.5279818702 4.08468109324 4.04395503619 4.00657218475 3.9726268579 3.94220825654 3.91540046347 3.89227659418 3.87289843126 3.8573259294 3.84560332347 3.83776717122 3.8338441598
-3.40282346639e+38 1.45413236406 2.14491454321 2.67156061862 3.10452506377 3.47257146454 3.79092522381 4.06874149362 4.31191355797 4.52434420082 4.70856639846 4.86614146227 4.99792270024 5.10426651629 5.18529035574 5.24284809865 5.27843243013 5.29059085749 5.2810639098 5.25242208803 5.20794640873 5.15131378534 5.08616116632 5.01573112761 4.9426216966 4.86872876623 4.79532771421 4.72320462574 4.65283570358 4.58451685177 4.51843140559 4.45472217304 4.39350552908 4.33489358664 4.27899234401 4.22590765303 4.17575995274 30.6007307148 4.08468218997 4.0439564985 4.00657218475 3.9726268579 3.94221081558 3.91540594713 3.89227878764 3.87289843126 3.8573259294 3.84560295789 3.83776717122 3.8338441598
-3.40282346639e+38 1.4541313125 2.14491386865 2.67155948173 3.10452539901 3.47257146454 3.79092311449 4.0687373561 4.31191108434 4.52434420082 4.70856639846 4.8661411698 4.99792270024 5.10426430021 5.18528480108 5.24284239234 5.27842624939 5.29059085749 5.28106710216 5.25242531428 5.20794640873 5.1513105185 5.08616116632 5.01573112761 4.9426216966 4.86873205489 4.79533100374 4.72320462574 4.65283643471 4.58451685177 4.51842994329 4.45472144188 4.39350552908 4.33489066202 4.27898612919 4.22590765303 4.17576433967 30.6632588032 4.08468511459 4.04395942312 4.00657364706 3.97262978252 3.94221629924 3.91540594713 3.89227330398 3.87289404433 3.85732373593 3.84560515136 3.83776936468 3.8338441598
-3.40282346639e+38 1.45413236406 2.14491431836 2.6715591975 3.10452573425 3.47257070325 3.79091973956 4.0687355172 4.31191355797 4.5243463095 4.70856918454 4.8661411698 4.99791964887 5.10426430021 5.18528480108 5.24284239234 5.27842933976 5.29059715224 5.28106710216 5.25242208803 5.20794640873 5.15131088148 5.08616116632 5.01573112761 4.94262498347 4.86873826679 4.79533136925 4.72320462574 4.65283643471 4.58451429276 4.51842921214 4.45471668938 4.39349748638 4.33488335048 4.278982839 4.2259098465 4.17576433967 30.713685987 4.08468255555 4.04395942312 4.00657986188 3.97263709407 3.94221629924 3.91540046347 3.89227330398 3.87289843126 3.85732629497 3.84560734482 3.83777594508 3.83385329924
-3.40282346639e+38 1.45413251429 2.14491431836 2.67155891328 3.10452539901 3.47257070325 3.79091973956 4.0687373561 4.31191751577 4.5243463095 4.70856639846 4.86614146227 4.99791934374 5.10426398362 5.18528480108 5.24284239234 5.27843243013 5.29059715224 5.2810639098 5.25242208803 5.20794965921 5.15131414832 5.08616480769 5.01573805927 4.9426319224 4.86873826679 4.79532479019 4.72320097026 4.65283570358 4.58451502391 4.51842994329 4.45471668938 4.39349748638 4.33488335048 4.27898612919 4.22591277112 4.17576433967 30.7497946783 4.08468255555 4.0439564985 4.00657803399 3.97263416945 3.94221081558 3.91539936674 3.8922762286 3.87290062472 3.8573259294 3.8456044202 3.83777265488 3.83385000904
-3.40282346639e+38 1.45413251429 2.14491454321 2.67155891328 3.10452506377 3.47257032261 3.79092184889 4.06874149362 4.31191751577 4.52434367366 4.70856639846 4.86614409444 4.99792208997 5.10426619971 5.18529035574 5.24284809865 5.2784355205 5.29059400486 5.2810639098 5.25242208803 5.20794640873 5.15131378534 5.08616480769 5.01573805927 4.94262863554 4.86873205489 4.79532479019 4.72320462574 4.65283899367 4.58451794849 4.51843140559 4.45471742054 4.39349748638 4.33488627509 4.27899234401 4.22591386785 4.17576433967 30.7797558201 4.08468109324 4.04395503619 4.00657218475 3.9726268579 3.94220935327 3.91540192578 3.89227549745 3.87289623779 3.85732483266 3.8456044202 3.83776826795 3.8338441598
-3.40282346639e+38 1.45413251429 2.1449136438 2.6715591975 3.10452506377 3.47257146454 3.79092522381 4.06874149362 4.31191355797 4.52434420082 4.70856639846 4.86614146227 4.99792270024 5.10426651629 5.18529035574 5.24284809865 5.27843243013 5.29059085749 5.2810639098 5.25242208803 5.20794640873 5.15131378534 5.08616116632 5.01573112761 4.9426216966 4.86872876623 4.79532771421 4.72320462574 4.65283570358 4.58451685177 4.51843140559 4.45472217304 4.39350552908 4.33489358664 4.27899234401 4.22590765303 4.17575995274 30.7978283056 4.08468182439 4.04395942312 4.00657510937 3.97262905137 3.94221227789 3.91540338809 3.8922762286 3.87289843126 3.8573259294 3.84560551693 3.83777155815 3.83384891231
-3.40282346639e+38 1.45413206362 2.14491274438 2.67155948173 3.10452539901 3.47257146454 3.79092311449 4.0687373561 4.31191108434 4.52434420082 4.70856639846 4.8661411698 4.99792270024 5.10426430021 5.18528480108 5.24284239234 5.27842624939 5.29059085749 5.28106710216 5.25242531428 5.20794640873 5.1513105185 5.08616116632 5.01573112761 4.9426216966 4.86873205489 4.79533100374 4.72320462574 4.65283643471 4.58451685177 4.51842994329 4.45472144188 4.39350552908 4.33489066202 4.2789875915 4.22590838419 4.17576287736 30.809012531 4.08468474901 4.04396015427 4.00657584052 3.97263161041 3.94221227789 3.91540082905 3.89227549745 3.87289843126 3.85732483266 3.84560295789 3.83777046142 3.83384891231
-3.40282346639e+38 1.45413251429 2.14491341894 2.6715591975 3.10452573425 3.47257070325 3.79091973956 4.0687355172 4.31191355797 4.5243463095 4.70856918454 4.8661411698 4.99791964887 5.10426430021 5.18528480108 5.24284239234 5.27842933976 5.29059715224 5.28106710216 5.25242208803 5.20794640873 5.15131088148 5.08616116632 5.01573112761 4.94262498347 4.86873826679 4.79533136925 4.72320462574 4.65283643471 4.58451429276 4.51842921214 4.45471668938 4.39349748638 4.33488335048 4.27898539804 4.22591094323 4.1757654364 30.8167901073 4.08468401786 4.04395722965 4.00657364706 3.97262905137 3.94221081558 3.91540082905 3.89227330398 3.87289404433 3.8573226392 3.84560295789 3.83776936468 3.83384745
-3.40282346639e+38 1.45413251429 2.14491431836 2.67155891328 3.10452539901 3.47257070325 3.79091973956 4.0687373561 4.31191751577 4.5243463095 4.70856639846 4.86614146227 4.99791934374 5.10426398362 5.18528480108 5.24284239234 5.27843243013 5.29059715224 5.2810639098 5.25242208803 5.20794965921 5.15131414832 5.08616480769 5.01573805927 4.9426319224 4.86873826679 4.79532479019 4.72320097026 4.65283570358 4.58451502391 4.51842994329 4.45471668938 4.39349748638 4.33488481279 4.27898722593 4.2259098465 4.17576287736 30.8197880908 4.08468182439 4.04395722965 4.00657584052 3.97263161041 3.94221300905 3.91540338809 3.8922762286 3.87289843126 3.8573259294 3.84560551693 3.83777046142 3.83384525653
