out-2/mshearstr_pa.asc
ncols 101
nrows 101
xllcorner -0.5
yllcorner -0.5
cellsize 1.0
nodata_value -3.40282346639e+38
[rows 0 to 21 of 101, columns 50 to 99 of 101]
-3.40282346639e+38 -3.40282346639e+38 -3.40282346639e+38 -3.40282346639e+38 -3.40282346639e+38 -3.40282346639e+38 -3.40282346639e+38 -3.40282346639e+38 -3.40282346639e+38 -3.40282346639e+38 -3.40282346639e+38 -3.40282346639e+38 -3.40282346639e+38 -3.40282346639e+38 -3.40282346639e+38 -3.40282346639e+38 -3.40282346639e+38 -3.40282346639e+38 -3.40282346639e+38 -3.40282346639e+38 -3.40282346639e+38 -3.40282346639e+38 -3.40282346639e+38 -3.40282346639e+38 -3.40282346639e+38 -3.40282346639e+38 -3.40282346639e+38 -3.40282346639e+38 -3.40282346639e+38 -3.40282346639e+38 -3.40282346639e+38 -3.40282346639e+38 -3.40282346639e+38 -3.40282346639e+38 -3.40282346639e+38 -3.40282346639e+38 -3.40282346639e+38 -3.40282346639e+38 -3.40282346639e+38 -3.40282346639e+38 -3.40282346639e+38 -3.40282346639e+38 -3.40282346639e+38 -3.40282346639e+38 -3.40282346639e+38 -3.40282346639e+38 -3.40282346639e+38 -3.40282346639e+38 -3.40282346639e+38 -3.40282346639e+38
-3.40282346639e+38 -3.40282346639e+38 -3.40282346639e+38 -3.40282346639e+38 -3.40282346639e+38 -3.40282346639e+38 -3.40282346639e+38 -3.40282346639e+38 -3.40282346639e+38 -3.40282346639e+38 -3.40282346639e+38 -3.40282346639e+38 -3.40282346639e+38 -3.40282346639e+38 -3.40282346639e+38 -3.40282346639e+38 -3.40282346639e+38 -3.40282346639e+38 -3.40282346639e+38 -3.40282346639e+38 -3.40282346639e+38 -3.40282346639e+38 -3.40282346639e+38 -3.40282346639e+38 -3.40282346639e+38 -3.40282346639e+38 -3.40282346639e+38 -3.40282346639e+38 -3.40282346639e+38 -3.40282346639e+38 -3.40282346639e+38 -3.40282346639e+38 -3.40282346639e+38 -3.40282346639e+38 -3.40282346639e+38 -3.40282346639e+38 -3.40282346639e+38 -3.40282346639e+38 -3.40282346639e+38 -3.40282346639e+38 -3.40282346639e+38 -3.40282346639e+38 -3.40282346639e+38 -3.40282346639e+38 -3.40282346639e+38 -3.40282346639e+38 -3.40282346639e+38 -3.40282346639e+38 -3.40282346639e+38 -3.40282346639e+38
0.787709367817 0.788513517026 0.790122191005 0.792530207023 0.795729828545 0.799711291008 0.804462726715 0.809972343079 0.816224066129 0.823197991183 0.830876842477 0.839243870032 0.848277366477 0.857957051568 0.86826069215 0.879165379058 0.890650832049 0.902693991735 0.915272925409 0.928365775474 0.94195008344 0.95600699619 0.970514881464 0.985454059917 1.00080635444 1.016550283 1.03266796893 1.04914378894 1.06596211973 1.08310576065 1.10055826216 1.11830775657 1.13634042327 1.1546389865 1.17319360657 1.1919936176 1.21102640075 1.23027956254 1.24974589223 1.2694140479 1.28927486588 1.30931970829 1.32953866035 1.34992661443 1.37047500778 1.39117632918 1.41202381856 1.43301131673 1.45413311518 -3.40282346639e+38
1.17902974237 1.1802361939 1.182646736 1.18625248694 1.1910415295 1.19700104703 1.20411181455 1.21235516921 1.22170986237 1.23214913645 1.24364555933 1.25617102431 1.61049388169 1.28418237563 1.29960462843 1.31592607043 1.33311544699 1.35114150348 1.36996950002 1.38956672044 1.40989954912 1.43093976696 1.45265499504 1.47501386631 1.49799074746 1.52155809394 1.5456871245 1.57034793361 1.59551916021 1.62117955562 1.64730236228 1.67386768065 1.70085864673 1.72825176332 1.75602409536 1.78416170193 1.81264951785 1.84146944241 1.87060652285 1.9000436703 1.92977087879 1.95977578136 1.99003926548 2.02055391097 2.05131049884 2.08229598759 2.11349845998 2.14491274438 1.45413206362 -3.40282346639e+38
1.49034635985 1.49187136857 1.49491641208 1.49947267941 1.50552638565 1.5130593404 1.52204980046 1.5324711908 1.5442959416 1.55749165123 1.57202478115 1.58785738733 2.41039795387 1.62326072563 1.64275613815 1.66339186099 1.68512000224 1.70790332846 1.73170332715 1.75647807516 1.78218152804 1.80877474698 1.83622376711 1.86448595469 1.89352734484 1.92331496749 1.95381258394 1.98498722411 2.01680748116 2.04924365357 2.08226646618 2.11584607538 2.14995889051 2.18458515792 2.21969304443 2.25526251219 2.29127238643 2.32770007129 2.36453064494 2.40174023251 2.43931448063 2.47724173608 2.51550096622 2.55407511755 2.59295054728 2.63211503374 2.67155862905 2.1449140935 1.45413311518 -3.40282346639e+38
1.75783279537 1.7596315117 1.76322307773 1.76859710107 1.77573732273 1.7846222875 1.79522634973 1.80751816471 1.82146521442 1.83702928178 1.8541681269 1.87284118603 3.24175764941 1.91460254865 1.93759413614 1.96193270755 1.98756428966 2.01444127877 2.0425120483 2.07172614502 2.10204233475 2.13340915852 2.16578471167 2.19912239619 2.23337645219 2.26851033877 2.30448164841 2.34125149356 2.37878299812 2.41704062692 2.45599035335 2.49559982702 2.53583518893 2.57667297247 2.61808200057 2.66003277232 2.7025061792 2.74547439651 2.7889147957 2.83280575399 2.87712380473 2.92185252131 2.96697614756 3.01247658066 3.0583340416 3.10452774567 2.67155891328 2.14491274438 1.45413206362 -3.40282346639e+38
1.99592837304 1.99797547828 2.00205370171 2.00815314656 2.01626029996 2.02634889746 2.0383909617 2.05234861856 2.06818037781 2.08585122018 2.1053143264 2.12651507402 4.09845458203 2.17393422291 2.20003881152 2.22767168715 2.25677499184 2.28728725155 2.31915936315 2.35233461064 2.38675856188 2.42237697504 2.45913770186 2.49699087792 2.53588397431 2.57577340726 2.61661692523 2.65836713801 2.70097874893 2.74441826128 2.78864361386 2.8336180745 2.87930662391 2.9256723396 2.97269028936 3.02032659584 3.06855271073 3.11734065665 3.16666474012 3.21650098055 3.26682520702 3.317612297 3.36884436021 3.42050426766 3.47257070325 3.10452573425 2.67155948173 2.14491274438 1.45413206362 -3.40282346639e+38
2.21207801933 2.21433626439 2.21885380918 2.22561609934 2.2346014088 2.24578231633 2.25912549456 2.27459782706 2.29215417424 2.31173863896 2.33330270669 2.35679933946 4.97562970065 2.40935046966 2.4382855792 2.4689085719 2.50116249593 2.53498259495 2.57030727665 2.60707515961 2.64522317496 2.68469837861 2.72544002196 2.76739284064 2.81050578895 2.85471854016 2.89998089228 2.94624897132 2.9934789033 3.04162238463 3.09063322106 3.14047808523 3.19111816552 3.24250494744 3.29461079879 3.34740576715 3.40085441582 3.45492194091 3.5095880929 3.56482102094 3.62059499126 3.67688574659 3.73366544384 3.79091973956 3.47257070325 3.10452573425 2.67155891328 2.1449140935 1.45413311518 -3.40282346639e+38
2.41058787537 2.41305452852 2.4179830077 2.4253551538 2.43514660139 2.44733114617 2.46186948167 2.47872345074 2.49784960939 2.51919325037 2.54269828727 2.56830725448 5.86934892976 2.62557792497 2.65710952614 2.69047956659 2.72562414457 2.76247935835 2.80097418045 2.84104172092 2.88261325092 2.92563107497 2.97002899273 3.01574287259 3.06272030592 3.11090497644 3.16023803939 3.21065835138 3.26212223855 3.31458625691 3.36799569922 3.42230987984 3.47749431941 3.5335009767 3.59028295978 3.64781176572 3.70605659296 3.76498043365 3.8245527161 3.88473850123 3.94551733129 4.00686392141 4.068739195 3.79091973956 3.47257070325 3.10452573425 2.67155663948 2.14491274438 1.45413206362 -3.40282346639e+38
2.59411406273 2.59676851051 2.60206874836 2.60999943982 2.62053659072 2.63364853864 2.64929743711 2.66743702933 2.68801932696 2.71098793133 2.73628446488 2.7638428818 6.77613586828 2.82546634077 2.85940028065 2.89531905782 2.93313931109 2.97279623146 3.01422278369 3.0573459958 3.10208572234 3.14837418594 3.19615226696 3.24534575662 3.29589553527 3.34774421479 3.40082871773 3.45509165597 3.51047836237 3.56693713817 3.62441702668 3.68286608174 3.74224324118 3.80251412159 3.86362331377 3.92553593958 3.98821514201 4.05162159041 4.1157293117 4.18049674897 4.2458989186 4.31191553687 4.0687428728 3.79092648941 3.47257374841 3.10452539901 2.67155862905 2.1449140935 1.45413311518 -3.40282346639e+38
2.76423269446 2.76706121747 2.77270903805 2.78115981395 2.79238797752 2.80635978996 2.82303492287 2.84236408599 2.86429614397 2.8887709996 2.91572222962 2.94508604665 7.69281270857 3.01075675447 3.04691155714 3.08518452315 3.12549077837 3.16775546487 3.21189739867 3.25783724092 3.30551014987 3.35483520514 3.40574651067 3.45817079003 3.51203608469 3.56728493329 3.623850649 3.68167208026 3.74069123854 3.80085224396 3.86210158891 3.92438840163 3.98765943808 4.05187779647 4.11699445012 4.18296300819 4.24975342208 4.31732193679 4.38563296844 4.45465251466 4.52434367366 4.31191108434 4.0687355172 3.79092353635 3.47257641292 3.10452774567 2.67155891328 2.14491274438 1.45413206362 -3.40282346639e+38
2.92179787182 2.92479458644 2.93076461256 2.93969346253 2.95156135513 2.96632984237 2.98395796877 3.00439029122 3.02756607304 3.05343405022 3.08192568505 3.11296101684 8.61716327204 3.18237691882 3.22059088105 3.26104207072 3.30364579081 3.34831205072 3.39496896943 3.44353352155 3.49392602502 3.54606707636 3.59988033682 3.65529281091 3.71222760266 3.77062091069 3.83041088386 3.89152814865 3.95390639617 4.01749659131 4.08223716157 4.14807433546 4.214956849 4.28283065212 4.35165924707 4.42139304152 4.49199024418 4.56340989956 4.63561439551 4.70856862733 4.52434841817 4.31191553687 4.0687355172 3.79091973956 3.47257070325 3.10452573425 2.67155948173 2.14491274438 1.45413206362 -3.40282346639e+38
3.06710619796 3.07023731601 3.07650101444 3.08587711324 3.09833548863 3.1138381203 3.13233879898 3.15379160783 3.17813395959 3.20528835134 3.23518751638 3.26776623529 9.54781718678 3.34062980327 3.38074911781 3.42320872813 3.46792966899 3.51482215399 3.56380078369 3.6147804511 3.66767370952 3.72240715053 3.77889654455 3.83706526603 3.89684253872 3.95814471796 4.02090219736 4.08505414443 4.15053972669 4.21729196992 4.28524682452 4.35435808122 4.42457192665 4.49582109415 4.56806727093 4.64126892713 4.71537692882 4.79034301948 4.86613912256 4.70856416959 4.52434420082 4.31191603159 4.0687355172 3.79091973956 3.47257070325 3.10452573425 2.67155891328 2.1449140935 1.45413311518 -3.40282346639e+38
3.19999794657 3.20327236983 3.20981480848 3.2196011567 3.23259906999 3.24877376276 3.26807305661 3.29044629882 3.31583581854 3.34416899321 3.37537136942 3.40936666299 10.4792181349 3.48539211298 3.52724956196 3.57154749526 3.61820108484 3.66712550266 3.71822646145 3.77141516639 3.82660038157 3.88370551765 3.94264269522 4.0033267811 4.06568820411 4.12965220572 4.1951406709 4.26207243326 4.3303895168 4.40003425066 4.47093401228 4.54303479244 4.61629082061 4.69063832321 4.76601505231 4.84238317095 4.9197017908 4.99792178483 4.86614409444 4.70856416959 4.52434367366 4.3119199894 4.068739195 3.79091973956 3.47257070325 3.10452573425 2.67155663948 2.14491274438 1.45413206362 -3.40282346639e+38
3.32004539052 3.32344265328 3.33022609835 3.34037609754 3.35386194219 3.37064310955 3.39067116228 3.41388689917 3.44022890292 3.46962499239 3.50200045375 3.53727075909 11.4076327095 3.61613879493 3.65956873593 3.70553894684 3.75394273884 3.80469716695 3.8577164369 3.9129071564 3.97016675226 4.02940848046 4.09055667742 4.15351636795 4.21821188848 4.28456979152 4.35250934816 4.42195711091 4.49284311471 4.5651011935 4.63866613099 4.71347144454 4.78946458121 4.86660153582 4.94481139356 5.02404951608 5.10426873238 4.9979223951 4.86614467937 4.70856416959 4.52433945631 4.31191553687 4.0687428728 3.79092648941 3.47257374841 3.10452539901 2.67155862905 2.1449140935 1.45413311518 -3.40282346639e+38
3.42659804689 3.43010434049 3.43710549166 3.44758124223 3.461499898 3.4788196357 3.49949046344 3.52345128003 3.55063869706 3.58097821683 3.61438749976 3.65078747371 12.3290550684 3.7321941945 3.77701240986 3.8244563428 3.87442078165 3.92681293101 3.98153215362 4.03848009944 4.09757638935 4.15872071284 4.22183138382 4.28681756736 4.35359006226 4.42207763825 4.492197629 4.56387422983 4.63703555698 4.71161234065 4.78753825174 4.86475022858 4.94318226883 5.02278862826 5.10350853243 5.18528447434 5.10426430021 4.99792270024 4.86614409444 4.70856862733 4.52434367366 4.31191108434 4.0687355172 3.79092353635 3.47257641292 3.10452774567 2.67155891328 2.14491274438 1.45413206362 -3.40282346639e+38
3.52015745592 3.52376787245 3.53096050961 3.54171791281 3.55601624981 3.57380919879 3.59504741695 3.61966410687 3.64758609351 3.67875161445 3.71307809601 3.75046920224 13.2391226781 3.83410089602 3.88014075571 3.92887600817 3.98020461114 4.03401814471 4.09023000723 4.1487401704 4.20945263395 4.27227173326 4.337105496 4.40386597787 4.47246053521 4.54281230068 4.61484675656 4.68848032217 4.76363310917 4.84024604044 4.91824493396 4.9975650063 5.07814449504 5.15991828111 5.24284239234 5.18528480108 5.10426430021 4.9979223951 4.86614350951 4.70856862733 4.52434841817 4.31191553687 4.0687355172 3.79091973956 3.47257070325 3.10452573425 2.67155948173 2.14491274438 1.45413206362 -3.40282346639e+38
3.60101358193 3.60468975026 3.61204380377 3.62305204963 3.63767912026 3.65588037696 3.67760156654 3.70278877919 3.73136853276 3.76324983298 3.79835370368 3.83660357235 14.1331628682 3.92215088666 3.96925398228 4.01910476135 4.07161051272 4.12666582039 4.18417041898 4.2440243865 4.30612505393 4.37038623426 4.4367090356 4.50500349382 4.57518651227 4.64715988581 4.72084189128 4.79616110679 4.87304611041 4.95141826936 5.03120238462 5.11234420298 5.19478054354 5.27843243013 5.24284239234 5.18528480108 5.10426430021 4.99791690264 4.86613912256 4.70856416959 4.52434420082 4.31191603159 4.0687355172 3.79091973956 3.47257070325 3.10452573425 2.67155891328 2.1449140935 1.45413311518 -3.40282346639e+38
3.66742274471 3.6711754641 3.678673559 3.68988940246 3.70478592541 3.72332326111 3.74544160943 3.77108291881 3.80018109439 3.8326529056 3.86841302362 3.90737402138 15.0065694226 3.99450453494 4.04247611586 4.09324466347 4.14671295889 4.20278378321 4.26134907659 4.32230707391 4.38555321241 4.45099971531 4.51854586663 4.58809409776 4.65956467523 4.7328719205 4.80792630826 4.88463481612 4.96293099949 5.04274876353 5.12400487766 5.20663744351 5.29059400486 5.27843861088 5.24284843431 5.18528480108 5.10426366704 4.99792178483 4.86614409444 4.70856416959 4.52434367366 4.3119199894 4.068739195 3.79091973956 3.47257070325 3.10452573425 2.67155663948 2.14491274438 1.45413206362 -3.40282346639e+38
3.71984260371 3.72364896213 3.73124926424 3.74262151822 3.75773131751 3.77653325964 3.79897307448 3.82498443185 3.85449851864 3.88743446172 3.92370855027 3.96322607759 15.8547799009 4.0515913393 4.10025107909 4.15175698606 4.20598952403 4.26285575982 4.32225956789 4.38409630974 4.44825106038 4.51462663015 4.58313824413 4.6536794903 4.72616559371 4.80051426242 4.87663504618 4.95444565303 5.03386769277 5.11482703168 5.19725060016 5.2810639098 5.29058771011 5.27843277351 5.24284843431 5.18529002899 5.10426873238 4.9979223951 4.86614467937 4.70856416959 4.52433945631 4.31191553687 4.0687428728 3.79092648941 3.47257374841 3.10452539901 2.67155862905 2.1449140935 1.45413311518 -3.40282346639e+38
3.75933976603 3.7631822316 3.7708585594 3.78234939193 3.79761924042 3.81662114497 3.83930097628 3.86559098304 3.89541839536 3.92870399086 3.96535743447 4.00529197589 16.6738988132 4.09460358002 4.14377380415 4.19582471242 4.25064087672 4.3081204909 4.36815314546 4.4306309402 4.49546569092 4.56254734659 4.63178628912 4.70308286317 4.7763392058 4.85147717001 4.92840606229 5.00704271705 5.08730827036 5.16912672607 5.25242531428 5.28107029452 5.29059400486 5.27843243013 5.24284809865 5.18528447434 5.10426430021 4.99792270024 4.86614409444 4.70856862733 4.52434367366 4.31191108434 4.0687355172 3.79092353635 3.47257641292 3.10452774567 2.67155891328 2.14491274438 1.45413206362 -3.40282346639e+38
3.78756974265 3.79145009633 3.7991913008 3.8107702415 3.8261547748 3.84529939392 3.86814667368 3.89463052095 3.92467798044 3.95821392989 3.99514807813 4.03537966021 17.4608506416 4.12536457086 4.17490192294 4.22733942766 4.28256729096 4.34046885664 4.40095094419 4.46390592653 4.52923051056 4.59682176432 4.6665807287 4.73841277853 4.81221823235 4.88791438345 4.96542105326 5.04464831176 5.12551020175 5.20794315825 5.25241886178 5.2810639098 5.29059400486 5.27842624939 5.24284239234 5.18528480108 5.10426430021 4.9979223951 4.86614350951 4.70856862733 4.52434841817 4.31191553687 4.0687355172 3.79091973956 3.47257070325 3.10452573425 2.67155948173 2.14491274438 1.45413206362 -3.40282346639e+38
