out-2/msurfl_m3_s.asc
ncols 101
nrows 101
xllcorner -0.5
yllcorner -0.5
cellsize 1.0
nodata_value -3.40282346639e+38
[rows 60 to 79 of 101, columns 44 to 87 of 101]
7.78037643269e-05 7.78037643269e-05 7.78037643269e-05 7.78037643269e-05 7.78037643269e-05 7.78037643269e-05 7.78037643269e-05 7.78037643269e-05 7.78037643269e-05 7.78037643269e-05 7.78037643269e-05 7.78037643269e-05 7.78037643269e-05 7.78037643269e-05 7.78037643269e-05 7.78037643269e-05 7.78037643269e-05 7.78037643269e-05 0.00236297019135 7.7803764165e-05 7.78037635933e-05 7.78037612306e-05 7.78037521417e-05 7.78037195743e-05 7.78036108093e-05 7.78032720977e-05 7.78022881798e-05 7.77996214449e-05 7.77928768292e-05 7.77769574801e-05 7.77418898587e-05 7.76697891547e-05 7.7531391998e-05 7.72832500255e-05 7.68672416546e-05 7.62139899577e-05 7.52506718106e-05 7.39118026352e-05 7.21498929934e-05 6.99425595923e-05 6.72940618943e-05 6.42820047419e-05 6.09209786799e-05 5.7223777681e-05
7.78037643269e-05 7.78037643269e-05 7.78037643269e-05 7.78037643269e-05 7.78037643269e-05 7.78037643269e-05 7.78037643269e-05 7.78037643269e-05 7.78037643269e-05 7.78037643269e-05 7.78037643269e-05 7.78037643269e-05 7.78037643269e-05 7.78037643269e-05 7.78037643269e-05 7.78037643269e-05 7.78037643269e-05 7.78037643269e-05 0.00236688554836 7.7803764165e-05 7.78037635933e-05 7.78037612306e-05 7.78037521417e-05 7.78037195743e-05 7.78036108093e-05 7.78032720977e-05 7.78022881798e-05 7.77996214449e-05 7.77928768292e-05 7.77769574801e-05 7.77418898587e-05 7.76697891547e-05 7.7531391998e-05 7.72832500255e-05 7.68672416546e-05 7.62139899577e-05 7.52506718106e-05 7.39118026352e-05 7.21498929934e-05 6.99425595923e-05 6.72940618943e-05 6.42820047419e-05 6.09209786799e-05 5.7223777681e-05
7.78037643269e-05 7.78037643269e-05 7.78037643269e-05 7.78037643269e-05 7.78037643269e-05 7.78037643269e-05 7.78037643269e-05 7.78037643269e-05 7.78037643269e-05 7.78037643269e-05 7.78037643269e-05 7.78037643269e-05 7.78037643269e-05 7.78037643269e-05 7.78037643269e-05 7.78037643269e-05 7.78037643269e-05 7.78037643269e-05 0.00236925142547 7.7803764165e-05 7.78037635933e-05 7.78037612306e-05 7.78037521417e-05 7.78037195743e-05 7.78036108093e-05 7.78032720977e-05 7.78022881798e-05 7.77996214449e-05 7.77928768292e-05 7.77769574801e-05 7.77418898587e-05 7.76697891547e-05 7.7531391998e-05 7.72832500255e-05 7.68672416546e-05 7.62139899577e-05 7.52506718106e-05 7.39118026352e-05 7.21498929934e-05 6.99425595923e-05 6.72940618943e-05 6.42820047419e-05 6.09209786799e-05 5.7223777681e-05
7.78037643269e-05 7.78037643269e-05 7.78037643269e-05 7.78037643269e-05 7.78037643269e-05 7.78037643269e-05 7.78037643269e-05 7.78037643269e-05 7.78037643269e-05 7.78037643269e-05 7.78037643269e-05 7.78037643269e-05 7.78037643269e-05 7.78037643269e-05 7.78037643269e-05 7.78037643269e-05 7.78037643269e-05 7.78037643269e-05 0.00237071106806 7.7803764165e-05 7.78037635933e-05 7.78037612306e-05 7.78037521417e-05 7.78037195743e-05 7.78036108093e-05 7.78032720977e-05 7.78022881798e-05 7.77996214449e-05 7.77928768292e-05 7.77769574801e-05 7.77418898587e-05 7.76697891547e-05 7.7531391998e-05 7.72832500255e-05 7.68672416546e-05 7.62139899577e-05 7.52506718106e-05 7.39118026352e-05 7.21498929934e-05 6.99425595923e-05 6.72940618943e-05 6.42820047419e-05 6.09209786799e-05 5.7223777681e-05
7.78037643269e-05 7.78037643269e-05 7.78037643269e-05 7.78037643269e-05 7.78037643269e-05 7.78037643269e-05 7.78037643269e-05 7.78037643269e-05 7.78037643269e-05 7.78037643269e-05 7.78037643269e-05 7.78037643269e-05 7.78037643269e-05 7.78037643269e-05 7.78037643269e-05 7.78037643269e-05 7.78037643269e-05 7.78037643269e-05 0.00237172677831 7.7803764165e-05 7.78037635933e-05 7.78037612306e-05 7.78037521417e-05 7.78037195743e-05 7.78036108093e-05 7.78032720977e-05 7.78022881798e-05 7.77996214449e-05 7.77928768292e-05 7.77769574801e-05 7.77418898587e-05 7.76697891547e-05 7.7531391998e-05 7.72832500255e-05 7.68672416546e-05 7.62139899577e-05 7.52506718106e-05 7.39118026352e-05 7.21498929934e-05 6.99425595923e-05 6.72940618943e-05 6.42820047419e-05 6.09209786799e-05 5.7223777681e-05
7.78037643269e-05 7.78037643269e-05 7.78037643269e-05 7.78037643269e-05 7.78037643269e-05 7.78037643269e-05 7.78037643269e-05 7.78037643269e-05 7.78037643269e-05 7.78037643269e-05 7.78037643269e-05 7.78037643269e-05 7.78037643269e-05 7.78037643269e-05 7.78037643269e-05 7.78037643269e-05 7.78037643269e-05 7.78037643269e-05 0.00237212189144 7.7803764165e-05 7.78037635933e-05 7.78037612306e-05 7.78037521417e-05 7.78037195743e-05 7.78036108093e-05 7.78032720977e-05 7.78022881798e-05 7.77996214449e-05 7.77928768292e-05 7.77769574801e-05 7.77418898587e-05 7.76697891547e-05 7.7531391998e-05 7.72832500255e-05 7.68672416546e-05 7.62139899577e-05 7.52506718106e-05 7.39118026352e-05 7.21498929934e-05 6.99425595923e-05 6.72940618943e-05 6.42820047419e-05 6.09209786799e-05 5.7223777681e-05
7.78037643269e-05 7.78037643269e-05 7.78037643269e-05 7.78037643269e-05 7.78037643269e-05 7.78037643269e-05 7.78037643269e-05 7.78037643269e-05 7.78037643269e-05 7.78037643269e-05 7.78037643269e-05 7.78037643269e-05 7.78037643269e-05 7.78037643269e-05 7.78037643269e-05 7.78037643269e-05 7.78037643269e-05 7.78037643269e-05 0.00237225305062 7.7803764165e-05 7.78037635933e-05 7.78037612306e-05 7.78037521417e-05 7.78037195743e-05 7.78036108093e-05 7.78032720977e-05 7.78022881798e-05 7.77996214449e-05 7.77928768292e-05 7.77769574801e-05 7.77418898587e-05 7.76697891547e-05 7.7531391998e-05 7.72832500255e-05 7.68672416546e-05 7.62139899577e-05 7.52506718106e-05 7.39118026352e-05 7.21498929934e-05 6.99425595923e-05 6.72940618943e-05 6.42820047419e-05 6.09209786799e-05 5.7223777681e-05
7.78037643269e-05 7.78037643269e-05 7.78037643269e-05 7.78037643269e-05 7.78037643269e-05 7.78037643269e-05 7.78037643269e-05 7.78037643269e-05 7.78037643269e-05 7.78037643269e-05 7.78037643269e-05 7.78037643269e-05 7.78037643269e-05 7.78037643269e-05 7.78037643269e-05 7.78037643269e-05 7.78037643269e-05 7.78037643269e-05 0.00237229003658 7.7803764165e-05 7.78037635933e-05 7.78037612306e-05 7.78037521417e-05 7.78037195743e-05 7.78036108093e-05 7.78032720977e-05 7.78022881798e-05 7.77996214449e-05 7.77928768292e-05 7.77769574801e-05 7.77418898587e-05 7.76697891547e-05 7.7531391998e-05 7.72832500255e-05 7.68672416546e-05 7.62139899577e-05 7.52506718106e-05 7.39118026352e-05 7.21498929934e-05 6.99425595923e-05 6.72940618943e-05 6.42820047419e-05 6.09209786799e-05 5.7223777681e-05
7.78037643269e-05 7.78037643269e-05 7.78037643269e-05 7.78037643269e-05 7.78037643269e-05 7.78037643269e-05 7.78037643269e-05 7.78037643269e-05 7.78037643269e-05 7.78037643269e-05 7.78037643269e-05 7.78037643269e-05 7.78037643269e-05 7.78037643269e-05 7.78037643269e-05 7.78037643269e-05 7.78037643269e-05 7.78037643269e-05 0.0023722988593 7.7803764165e-05 7.78037635933e-05 7.78037612306e-05 7.78037521417e-05 7.78037195743e-05 7.78036108093e-05 7.78032720977e-05 7.78022881798e-05 7.77996214449e-05 7.77928768292e-05 7.77769574801e-05 7.77418898587e-05 7.76697891547e-05 7.7531391998e-05 7.72832500255e-05 7.68672416546e-05 7.62139899577e-05 7.52506718106e-05 7.39118026352e-05 7.21498929934e-05 6.99425595923e-05 6.72940618943e-05 6.42820047419e-05 6.09209786799e-05 5.7223777681e-05
7.78037643269e-05 7.78037643269e-05 7.78037643269e-05 7.78037643269e-05 7.78037643269e-05 7.78037643269e-05 7.78037643269e-05 7.78037643269e-05 7.78037643269e-05 7.78037643269e-05 7.78037643269e-05 7.78037643269e-05 7.78037643269e-05 7.78037643269e-05 7.78037643269e-05 7.78037643269e-05 7.78037643269e-05 7.78037643269e-05 0.00237230063037 7.7803764165e-05 7.78037635933e-05 7.78037612306e-05 7.78037521417e-05 7.78037195743e-05 7.78036108093e-05 7.78032720977e-05 7.78022881798e-05 7.77996214449e-05 7.77928768292e-05 7.77769574801e-05 7.77418898587e-05 7.76697891547e-05 7.7531391998e-05 7.72832500255e-05 7.68672416546e-05 7.62139899577e-05 7.52506718106e-05 7.39118026352e-05 7.21498929934e-05 6.99425595923e-05 6.72940618943e-05 6.42820047419e-05 6.09209786799e-05 5.7223777681e-05
7.78037643269e-05 7.78037643269e-05 7.78037643269e-05 7.78037643269e-05 7.78037643269e-05 7.78037643269e-05 7.78037643269e-05 7.78037643269e-05 7.78037643269e-05 7.78037643269e-05 7.78037643269e-05 7.78037643269e-05 7.78037643269e-05 7.78037643269e-05 7.78037643269e-05 7.78037643269e-05 7.78037643269e-05 7.78037643269e-05 0.00237230092752 7.7803764165e-05 7.78037635933e-05 7.78037612306e-05 7.78037521417e-05 7.78037195743e-05 7.78036108093e-05 7.78032720977e-05 7.78022881798e-05 7.77996214449e-05 7.77928768292e-05 7.77769574801e-05 7.77418898587e-05 7.76697891547e-05 7.7531391998e-05 7.72832500255e-05 7.68672416546e-05 7.62139899577e-05 7.52506718106e-05 7.39118026352e-05 7.21498929934e-05 6.99425595923e-05 6.72940618943e-05 6.42820047419e-05 6.09209786799e-05 5.7223777681e-05
7.78037643269e-05 7.78037643269e-05 7.78037643269e-05 7.78037643269e-05 7.78037643269e-05 7.78037643269e-05 7.78037643269e-05 7.78037643269e-05 7.78037643269e-05 7.78037643269e-05 7.78037643269e-05 7.78037643269e-05 7.78037643269e-05 7.78037643269e-05 7.78037643269e-05 7.78037643269e-05 7.78037643269e-05 7.78037643269e-05 0.00237230096884 7.7803764165e-05 7.78037635933e-05 7.78037612306e-05 7.78037521417e-05 7.78037195743e-05 7.78036108093e-05 7.78032720977e-05 7.78022881798e-05 7.77996214449e-05 7.77928768292e-05 7.77769574801e-05 7.77418898587e-05 7.76697891547e-05 7.7531391998e-05 7.72832500255e-05 7.68672416546e-05 7.62139899577e-05 7.52506718106e-05 7.39118026352e-05 7.21498929934e-05 6.99425595923e-05 6.72940618943e-05 6.42820047419e-05 6.09209786799e-05 5.7223777681e-05
7.78037643269e-05 7.78037643269e-05 7.78037643269e-05 7.78037643269e-05 7.78037643269e-05 7.78037643269e-05 7.78037643269e-05 7.78037643269e-05 7.78037643269e-05 7.78037643269e-05 7.78037643269e-05 7.78037643269e-05 7.78037643269e-05 7.78037643269e-05 7.78037643269e-05 7.78037643269e-05 7.78037643269e-05 7.78037643269e-05 0.00237230097355 7.7803764165e-05 7.78037635933e-05 7.78037612306e-05 7.78037521417e-05 7.78037195743e-05 7.78036108093e-05 7.78032720977e-05 7.78022881798e-05 7.77996214449e-05 7.77928768292e-05 7.77769574801e-05 7.77418898587e-05 7.76697891547e-05 7.7531391998e-05 7.72832500255e-05 7.68672416546e-05 7.62139899577e-05 7.52506718106e-05 7.39118026352e-05 7.21498929934e-05 6.99425595923e-05 6.72940618943e-05 6.42820047419e-05 6.09209786799e-05 5.7223777681e-05
7.78037643269e-05 7.78037643269e-05 7.78037643269e-05 7.78037643269e-05 7.78037643269e-05 7.78037643269e-05 7.78037643269e-05 7.78037643269e-05 7.78037643269e-05 7.78037643269e-05 7.78037643269e-05 7.78037643269e-05 7.78037643269e-05 7.78037643269e-05 7.78037643269e-05 7.78037643269e-05 7.78037643269e-05 7.78037643269e-05 0.00237230097398 7.7803764165e-05 7.78037635933e-05 7.78037612306e-05 7.78037521417e-05 7.78037195743e-05 7.78036108093e-05 7.78032720977e-05 7.78022881798e-05 7.77996214449e-05 7.77928768292e-05 7.77769574801e-05 7.77418898587e-05 7.76697891547e-05 7.7531391998e-05 7.72832500255e-05 7.68672416546e-05 7.62139899577e-05 7.52506718106e-05 7.39118026352e-05 7.21498929934e-05 6.99425595923e-05 6.72940618943e-05 6.42820047419e-05 6.09209786799e-05 5.7223777681e-05
7.78037643269e-05 7.78037643269e-05 7.78037643269e-05 7.78037643269e-05 7.78037643269e-05 7.78037643269e-05 7.78037643269e-05 7.78037643269e-05 7.78037643269e-05 7.78037643269e-05 7.78037643269e-05 7.78037643269e-05 7.78037643269e-05 7.78037643269e-05 7.78037643269e-05 7.78037643269e-05 7.78037643269e-05 7.78037643269e-05 0.00237230097402 7.7803764165e-05 7.78037635933e-05 7.78037612306e-05 7.78037521417e-05 7.78037195743e-05 7.78036108093e-05 7.78032720977e-05 7.78022881798e-05 7.77996214449e-05 7.77928768292e-05 7.77769574801e-05 7.77418898587e-05 7.76697891547e-05 7.7531391998e-05 7.72832500255e-05 7.68672416546e-05 7.62139899577e-05 7.52506718106e-05 7.39118026352e-05 7.21498929934e-05 6.99425595923e-05 6.72940618943e-05 6.42820047419e-05 6.09209786799e-05 5.7223777681e-05
7.78037643269e-05 7.78037643269e-05 7.78037643269e-05 7.78037643269e-05 7.78037643269e-05 7.78037643269e-05 7.78037643269e-05 7.78037643269e-05 7.78037643269e-05 7.78037643269e-05 7.78037643269e-05 7.78037643269e-05 7.78037643269e-05 7.78037643269e-05 7.78037643269e-05 7.78037643269e-05 7.78037643269e-05 7.78037643269e-05 0.00237230097402 7.7803764165e-05 7.78037635933e-05 7.78037612306e-05 7.78037521417e-05 7.78037195743e-05 7.78036108093e-05 7.78032720977e-05 7.78022881798e-05 7.77996214449e-05 7.77928768292e-05 7.77769574801e-05 7.77418898587e-05 7.76697891547e-05 7.7531391998e-05 7.72832500255e-05 7.68672416546e-05 7.62139899577e-05 7.52506718106e-05 7.39118026352e-05 7.21498929934e-05 6.99425595923e-05 6.72940618943e-05 6.42820047419e-05 6.09209786799e-05 5.7223777681e-05
7.78037643269e-05 7.78037643269e-05 7.78037643269e-05 7.78037643269e-05 7.78037643269e-05 7.78037643269e-05 7.78037643269e-05 7.78037643269e-05 7.78037643269e-05 7.78037643269e-05 7.78037643269e-05 7.78037643269e-05 7.78037643269e-05 7.78037643269e-05 7.78037643269e-05 7.78037643269e-05 7.78037643269e-05 7.78037643269e-05 0.00237230097402 7.7803764165e-05 7.78037635933e-05 7.78037612306e-05 7.78037521417e-05 7.78037195743e-05 7.78036108093e-05 7.78032720977e-05 7.78022881798e-05 7.77996214449e-05 7.77928768292e-05 7.77769574801e-05 7.77418898587e-05 7.76697891547e-05 7.7531391998e-05 7.72832500255e-05 7.68672416546e-05 7.62139899577e-05 7.52506718106e-05 7.39118026352e-05 7.21498929934e-05 6.99425595923e-05 6.72940618943e-05 6.42820047419e-05 6.09209786799e-05 5.7223777681e-05
7.78037643269e-05 7.78037643269e-05 7.78037643269e-05 7.78037643269e-05 7.78037643269e-05 7.78037643269e-05 7.78037643269e-05 7.78037643269e-05 7.78037643269e-05 7.78037643269e-05 7.78037643269e-05 7.78037643269e-05 7.78037643269e-05 7.78037643269e-05 7.78037643269e-05 7.78037643269e-05 7.78037643269e-05 7.78037643269e-05 0.00237230097402 7.7803764165e-05 7.78037635933e-05 7.78037612306e-05 7.78037521417e-05 7.78037195743e-05 7.78036108093e-05 7.78032720977e-05 7.78022881798e-05 7.77996214449e-05 7.77928768292e-05 7.77769574801e-05 7.77418898587e-05 7.76697891547e-05 7.7531391998e-05 7.72832500255e-05 7.68672416546e-05 7.62139899577e-05 7.52506718106e-05 7.39118026352e-05 7.21498929934e-05 6.99425595923e-05 6.72940618943e-05 6.42820047419e-05 6.09209786799e-05 5.7223777681e-05
7.78037643269e-05 7.78037643269e-05 7.78037643269e-05 7.78037643269e-05 7.78037643269e-05 7.78037643269e-05 7.78037643269e-05 7.78037643269e-05 7.78037643269e-05 7.78037643269e-05 7.78037643269e-05 7.78037643269e-05 7.78037643269e-05 7.78037643269e-05 7.78037643269e-05 7.78037643269e-05 7.78037643269e-05 7.78037643269e-05 0.00237230097402 7.7803764165e-05 7.78037635933e-05 7.78037612306e-05 7.78037521417e-05 7.78037195743e-05 7.78036108093e-05 7.78032720977e-05 7.78022881798e-05 7.77996214449e-05 7.77928768292e-05 7.77769574801e-05 7.77418898587e-05 7.76697891547e-05 7.7531391998e-05 7.72832500255e-05 7.68672416546e-05 7.62139899577e-05 7.52506718106e-05 7.39118026352e-05 7.21498929934e-05 6.99425595923e-05 6.72940618943e-05 6.42820047419e-05 6.09209786799e-05 5.7223777681e-05
7.78037643269e-05 7.78037643269e-05 7.78037643269e-05 7.78037643269e-05 7.78037643269e-05 7.78037643269e-05 7.78037643269e-05 7.78037643269e-05 7.78037643269e-05 7.78037643269e-05 7.78037643269e-05 7.78037643269e-05 7.78037643269e-05 7.78037643269e-05 7.78037643269e-05 7.78037643269e-05 7.78037643269e-05 7.78037643269e-05 0.00237230097402 7.7803764165e-05 7.78037635933e-05 7.78037612306e-05 7.78037521417e-05 7.78037195743e-05 7.78036108093e-05 7.78032720977e-05 7.78022881798e-05 7.77996214449e-05 7.77928768292e-05 7.77769574801e-05 7.77418898587e-05 7.76697891547e-05 7.7531391998e-05 7.72832500255e-05 7.68672416546e-05 7.62139899577e-05 7.52506718106e-05 7.39118026352e-05 7.21498929934e-05 6.99425595923e-05 6.72940618943e-05 6.42820047419e-05 6.09209786799e-05 5.7223777681e-05
