out-2/mvel_m_s.asc
ncols 101
nrows 101
xllcorner -0.5
yllcorner -0.5
cellsize 1.0
nodata_value -3.40282346639e+38
[rows 63 to 83 of 101, columns 0 to 46 of 101]
-3.40282346639e+38 0.00656063028645 0.00869969145091 0.0102489679927 0.0115026790138 0.0125701651124 0.0135054694073 0.0143392849107 0.0150903361569 0.0157703253606 0.0163863864108 0.0169424580775 0.0174401893778 0.0178796920052 0.0182603147493 0.0187398765127 0.0190132860524 0.0192304628382 0.019395343395 0.0195141494516 0.0195948787703 0.0196463221391 0.0196769238026 0.0196938557379 0.0197025448494 0.0197066706618 0.0197084790609 0.0197092087635 0.0197094788284 0.0197095700082 0.0197095978487 0.0197096054223 0.0197096072051 0.0197096075436 0.0197096075833 0.0197096075793 0.0197096075749 0.0812636307571 0.0197096075724 0.0197096075724 0.0197096075724 0.0197096075724 0.0197096075724 0.0197096075724 0.0197096075724 0.0197096075724 0.0197096075724
-3.40282346639e+38 0.00656063028645 0.00869969145091 0.0102489679927 0.0115026790138 0.0125701651124 0.0135054694073 0.0143392849107 0.0150903361569 0.0157703253606 0.0163863864108 0.0169424580775 0.0174401893778 0.0178796920052 0.0182603147493 0.0187398765127 0.0190132860524 0.0192304628382 0.019395343395 0.0195141494516 0.0195948787703 0.0196463221391 0.0196769238026 0.0196938557379 0.0197025448494 0.0197066706618 0.0197084790609 0.0197092087635 0.0197094788284 0.0197095700082 0.0197095978487 0.0197096054223 0.0197096072051 0.0197096075436 0.0197096075833 0.0197096075793 0.0197096075749 0.0812576170603 0.0197096075724 0.0197096075724 0.0197096075724 0.0197096075724 0.0197096075724 0.0197096075724 0.0197096075724 0.0197096075724 0.0197096075724
-3.40282346639e+38 0.00656063028645 0.00869969145091 0.0102489679927 0.0115026790138 0.0125701651124 0.0135054694073 0.0143392849107 0.0150903361569 0.0157703253606 0.0163863864108 0.0169424580775 0.0174401893778 0.0178796920052 0.0182603147493 0.0187398765127 0.0190132860524 0.0192304628382 0.019395343395 0.0195141494516 0.0195948787703 0.0196463221391 0.0196769238026 0.0196938557379 0.0197025448494 0.0197066706618 0.0197084790609 0.0197092087635 0.0197094788284 0.0197095700082 0.0197095978487 0.0197096054223 0.0197096072051 0.0197096075436 0.0197096075833 0.0197096075793 0.0197096075749 0.0812544792796 0.0197096075724 0.0197096075724 0.0197096075724 0.0197096075724 0.0197096075724 0.0197096075724 0.0197096075724 0.0197096075724 0.0197096075724
-3.40282346639e+38 0.00656063028645 0.00869969145091 0.0102489679927 0.0115026790138 0.0125701651124 0.0135054694073 0.0143392849107 0.0150903361569 0.0157703253606 0.0163863864108 0.0169424580775 0.0174401893778 0.0178796920052 0.0182603147493 0.0187398765127 0.0190132860524 0.0192304628382 0.019395343395 0.0195141494516 0.0195948787703 0.0196463221391 0.0196769238026 0.0196938557379 0.0197025448494 0.0197066706618 0.0197084790609 0.0197092087635 0.0197094788284 0.0197095700082 0.0197095978487 0.0197096054223 0.0197096072051 0.0197096075436 0.0197096075833 0.0197096075793 0.0197096075749 0.0812532030442 0.0197096075724 0.0197096075724 0.0197096075724 0.0197096075724 0.0197096075724 0.0197096075724 0.0197096075724 0.0197096075724 0.0197096075724
-3.40282346639e+38 0.00656063028645 0.00869969145091 0.0102489679927 0.0115026790138 0.0125701651124 0.0135054694073 0.0143392849107 0.0150903361569 0.0157703253606 0.0163863864108 0.0169424580775 0.0174401893778 0.0178796920052 0.0182603147493 0.0187398765127 0.0190132860524 0.0192304628382 0.019395343395 0.0195141494516 0.0195948787703 0.0196463221391 0.0196769238026 0.0196938557379 0.0197025448494 0.0197066706618 0.0197084790609 0.0197092087635 0.0197094788284 0.0197095700082 0.0197095978487 0.0197096054223 0.0197096072051 0.0197096075436 0.0197096075833 0.0197096075793 0.0197096075749 0.08125278509 0.0197096075724 0.0197096075724 0.0197096075724 0.0197096075724 0.0197096075724 0.0197096075724 0.0197096075724 0.0197096075724 0.0197096075724
-3.40282346639e+38 0.00656063028645 0.00869969145091 0.0102489679927 0.0115026790138 0.0125701651124 0.0135054694073 0.0143392849107 0.0150903361569 0.0157703253606 0.0163863864108 0.0169424580775 0.0174401893778 0.0178796920052 0.0182603147493 0.0187398765127 0.0190132860524 0.0192304628382 0.019395343395 0.0195141494516 0.0195948787703 0.0196463221391 0.0196769238026 0.0196938557379 0.0197025448494 0.0197066706618 0.0197084790609 0.0197092087635 0.0197094788284 0.0197095700082 0.0197095978487 0.0197096054223 0.0197096072051 0.0197096075436 0.0197096075833 0.0197096075793 0.0197096075749 0.0812526732474 0.0197096075724 0.0197096075724 0.0197096075724 0.0197096075724 0.0197096075724 0.0197096075724 0.0197096075724 0.0197096075724 0.0197096075724
-3.40282346639e+38 0.00656063028645 0.00869969145091 0.0102489679927 0.0115026790138 0.0125701651124 0.0135054694073 0.0143392849107 0.0150903361569 0.0157703253606 0.0163863864108 0.0169424580775 0.0174401893778 0.0178796920052 0.0182603147493 0.0187398765127 0.0190132860524 0.0192304628382 0.019395343395 0.0195141494516 0.0195948787703 0.0196463221391 0.0196769238026 0.0196938557379 0.0197025448494 0.0197066706618 0.0197084790609 0.0197092087635 0.0197094788284 0.0197095700082 0.0197095978487 0.0197096054223 0.0197096072051 0.0197096075436 0.0197096075833 0.0197096075793 0.0197096075749 0.0812526486571 0.0197096075724 0.0197096075724 0.0197096075724 0.0197096075724 0.0197096075724 0.0197096075724 0.0197096075724 0.0197096075724 0.0197096075724
-3.40282346639e+38 0.00656063028645 0.00869969145091 0.0102489679927 0.0115026790138 0.0125701651124 0.0135054694073 0.0143392849107 0.0150903361569 0.0157703253606 0.0163863864108 0.0169424580775 0.0174401893778 0.0178796920052 0.0182603147493 0.0187398765127 0.0190132860524 0.0192304628382 0.019395343395 0.0195141494516 0.0195948787703 0.0196463221391 0.0196769238026 0.0196938557379 0.0197025448494 0.0197066706618 0.0197084790609 0.0197092087635 0.0197094788284 0.0197095700082 0.0197095978487 0.0197096054223 0.0197096072051 0.0197096075436 0.0197096075833 0.0197096075793 0.0197096075749 0.0812526442165 0.0197096075724 0.0197096075724 0.0197096075724 0.0197096075724 0.0197096075724 0.0197096075724 0.0197096075724 0.0197096075724 0.0197096075724
-3.40282346639e+38 0.00656063028645 0.00869969145091 0.0102489679927 0.0115026790138 0.0125701651124 0.0135054694073 0.0143392849107 0.0150903361569 0.0157703253606 0.0163863864108 0.0169424580775 0.0174401893778 0.0178796920052 0.0182603147493 0.0187398765127 0.0190132860524 0.0192304628382 0.019395343395 0.0195141494516 0.0195948787703 0.0196463221391 0.0196769238026 0.0196938557379 0.0197025448494 0.0197066706618 0.0197084790609 0.0197092087635 0.0197094788284 0.0197095700082 0.0197095978487 0.0197096054223 0.0197096072051 0.0197096075436 0.0197096075833 0.0197096075793 0.0197096075749 0.0812526435608 0.0197096075724 0.0197096075724 0.0197096075724 0.0197096075724 0.0197096075724 0.0197096075724 0.0197096075724 0.0197096075724 0.0197096075724
-3.40282346639e+38 0.00656063028645 0.00869969145091 0.0102489679927 0.0115026790138 0.0125701651124 0.0135054694073 0.0143392849107 0.0150903361569 0.0157703253606 0.0163863864108 0.0169424580775 0.0174401893778 0.0178796920052 0.0182603147493 0.0187398765127 0.0190132860524 0.0192304628382 0.019395343395 0.0195141494516 0.0195948787703 0.0196463221391 0.0196769238026 0.0196938557379 0.0197025448494 0.0197066706618 0.0197084790609 0.0197092087635 0.0197094788284 0.0197095700082 0.0197095978487 0.0197096054223 0.0197096072051 0.0197096075436 0.0197096075833 0.0197096075793 0.0197096075749 0.0812526434823 0.0197096075724 0.0197096075724 0.0197096075724 0.0197096075724 0.0197096075724 0.0197096075724 0.0197096075724 0.0197096075724 0.0197096075724
-3.40282346639e+38 0.00656063028645 0.00869969145091 0.0102489679927 0.0115026790138 0.0125701651124 0.0135054694073 0.0143392849107 0.0150903361569 0.0157703253606 0.0163863864108 0.0169424580775 0.0174401893778 0.0178796920052 0.0182603147493 0.0187398765127 0.0190132860524 0.0192304628382 0.019395343395 0.0195141494516 0.0195948787703 0.0196463221391 0.0196769238026 0.0196938557379 0.0197025448494 0.0197066706618 0.0197084790609 0.0197092087635 0.0197094788284 0.0197095700082 0.0197095978487 0.0197096054223 0.0197096072051 0.0197096075436 0.0197096075833 0.0197096075793 0.0197096075749 0.0812526434747 0.0197096075724 0.0197096075724 0.0197096075724 0.0197096075724 0.0197096075724 0.0197096075724 0.0197096075724 0.0197096075724 0.0197096075724
-3.40282346639e+38 0.00656063028645 0.00869969145091 0.0102489679927 0.0115026790138 0.0125701651124 0.0135054694073 0.0143392849107 0.0150903361569 0.0157703253606 0.0163863864108 0.0169424580775 0.0174401893778 0.0178796920052 0.0182603147493 0.0187398765127 0.0190132860524 0.0192304628382 0.019395343395 0.0195141494516 0.0195948787703 0.0196463221391 0.0196769238026 0.0196938557379 0.0197025448494 0.0197066706618 0.0197084790609 0.0197092087635 0.0197094788284 0.0197095700082 0.0197095978487 0.0197096054223 0.0197096072051 0.0197096075436 0.0197096075833 0.0197096075793 0.0197096075749 0.0812526434741 0.0197096075724 0.0197096075724 0.0197096075724 0.0197096075724 0.0197096075724 0.0197096075724 0.0197096075724 0.0197096075724 0.0197096075724
-3.40282346639e+38 0.00656063028645 0.00869969145091 0.0102489679927 0.0115026790138 0.0125701651124 0.0135054694073 0.0143392849107 0.0150903361569 0.0157703253606 0.0163863864108 0.0169424580775 0.0174401893778 0.0178796920052 0.0182603147493 0.0187398765127 0.0190132860524 0.0192304628382 0.019395343395 0.0195141494516 0.0195948787703 0.0196463221391 0.0196769238026 0.0196938557379 0.0197025448494 0.0197066706618 0.0197084790609 0.0197092087635 0.0197094788284 0.0197095700082 0.0197095978487 0.0197096054223 0.0197096072051 0.0197096075436 0.0197096075833 0.0197096075793 0.0197096075749 0.0812526434741 0.0197096075724 0.0197096075724 0.0197096075724 0.0197096075724 0.0197096075724 0.0197096075724 0.0197096075724 0.0197096075724 0.0197096075724
-3.40282346639e+38 0.00656063028645 0.00869969145091 0.0102489679927 0.0115026790138 0.0125701651124 0.0135054694073 0.0143392849107 0.0150903361569 0.0157703253606 0.0163863864108 0.0169424580775 0.0174401893778 0.0178796920052 0.0182603147493 0.0187398765127 0.0190132860524 0.0192304628382 0.019395343395 0.0195141494516 0.0195948787703 0.0196463221391 0.0196769238026 0.0196938557379 0.0197025448494 0.0197066706618 0.0197084790609 0.0197092087635 0.0197094788284 0.0197095700082 0.0197095978487 0.0197096054223 0.0197096072051 0.0197096075436 0.0197096075833 0.0197096075793 0.0197096075749 0.0812526434741 0.0197096075724 0.0197096075724 0.0197096075724 0.0197096075724 0.0197096075724 0.0197096075724 0.0197096075724 0.0197096075724 0.0197096075724
-3.40282346639e+38 0.00656063028645 0.00869969145091 0.0102489679927 0.0115026790138 0.0125701651124 0.0135054694073 0.0143392849107 0.0150903361569 0.0157703253606 0.0163863864108 0.0169424580775 0.0174401893778 0.0178796920052 0.0182603147493 0.0187398765127 0.0190132860524 0.0192304628382 0.019395343395 0.0195141494516 0.0195948787703 0.0196463221391 0.0196769238026 0.0196938557379 0.0197025448494 0.0197066706618 0.0197084790609 0.0197092087635 0.0197094788284 0.0197095700082 0.0197095978487 0.0197096054223 0.0197096072051 0.0197096075436 0.0197096075833 0.0197096075793 0.0197096075749 0.0812526434741 0.0197096075724 0.0197096075724 0.0197096075724 0.0197096075724 0.0197096075724 0.0197096075724 0.0197096075724 0.0197096075724 0.0197096075724
-3.40282346639e+38 0.00656063028645 0.00869969145091 0.0102489679927 0.0115026790138 0.0125701651124 0.0135054694073 0.0143392849107 0.0150903361569 0.0157703253606 0.0163863864108 0.0169424580775 0.0174401893778 0.0178796920052 0.0182603147493 0.0187398765127 0.0190132860524 0.0192304628382 0.019395343395 0.0195141494516 0.0195948787703 0.0196463221391 0.0196769238026 0.0196938557379 0.0197025448494 0.0197066706618 0.0197084790609 0.0197092087635 0.0197094788284 0.0197095700082 0.0197095978487 0.0197096054223 0.0197096072051 0.0197096075436 0.0197096075833 0.0197096075793 0.0197096075749 0.0812526434741 0.0197096075724 0.0197096075724 0.0197096075724 0.0197096075724 0.0197096075724 0.0197096075724 0.0197096075724 0.0197096075724 0.0197096075724
-3.40282346639e+38 0.00656063028645 0.00869969145091 0.0102489679927 0.0115026790138 0.0125701651124 0.0135054694073 0.0143392849107 0.0150903361569 0.0157703253606 0.0163863864108 0.0169424580775 0.0174401893778 0.0178796920052 0.0182603147493 0.0187398765127 0.0190132860524 0.0192304628382 0.019395343395 0.0195141494516 0.0195948787703 0.0196463221391 0.0196769238026 0.0196938557379 0.0197025448494 0.0197066706618 0.0197084790609 0.0197092087635 0.0197094788284 0.0197095700082 0.0197095978487 0.0197096054223 0.0197096072051 0.0197096075436 0.0197096075833 0.0197096075793 0.0197096075749 0.0812526434741 0.0197096075724 0.0197096075724 0.0197096075724 0.0197096075724 0.0197096075724 0.0197096075724 0.0197096075724 0.0197096075724 0.0197096075724
-3.40282346639e+38 0.00656063028645 0.00869969145091 0.0102489679927 0.0115026790138 0.0125701651124 0.0135054694073 0.0143392849107 0.0150903361569 0.0157703253606 0.0163863864108 0.0169424580775 0.0174401893778 0.0178796920052 0.0182603147493 0.0187398765127 0.0190132860524 0.0192304628382 0.019395343395 0.0195141494516 0.0195948787703 0.0196463221391 0.0196769238026 0.0196938557379 0.0197025448494 0.0197066706618 0.0197084790609 0.0197092087635 0.0197094788284 0.0197095700082 0.0197095978487 0.0197096054223 0.0197096072051 0.0197096075436 0.0197096075833 0.0197096075793 0.0197096075749 0.0812526434741 0.0197096075724 0.0197096075724 0.0197096075724 0.0197096075724 0.0197096075724 0.0197096075724 0.0197096075724 0.0197096075724 0.0197096075724
-3.40282346639e+38 0.00656063028645 0.00869969145091 0.0102489679927 0.0115026790138 0.0125701651124 0.0135054694073 0.0143392849107 0.0150903361569 0.0157703253606 0.0163863864108 0.0169424580775 0.0174401893778 0.0178796920052 0.0182603147493 0.0187398765127 0.0190132860524 0.0192304628382 0.019395343395 0.0195141494516 0.0195948787703 0.0196463221391 0.0196769238026 0.0196938557379 0.0197025448494 0.0197066706618 0.0197084790609 0.0197092087635 0.0197094788284 0.0197095700082 0.0197095978487 0.0197096054223 0.0197096072051 0.0197096075436 0.0197096075833 0.0197096075793 0.0197096075749 0.0812526434741 0.0197096075724 0.0197096075724 0.0197096075724 0.0197096075724 0.0197096075724 0.0197096075724 0.0197096075724 0.0197096075724 0.0197096075724
-3.40282346639e+38 0.00656063028645 0.00869969145091 0.0102489679927 0.0115026790138 0.0125701651124 0.0135054694073 0.0143392849107 0.0150903361569 0.0157703253606 0.0163863864108 0.0169424580775 0.0174401893778 0.0178796920052 0.0182603147493 0.0187398765127 0.0190132860524 0.0192304628382 0.019395343395 0.0195141494516 0.0195948787703 0.0196463221391 0.0196769238026 0.0196938557379 0.0197025448494 0.0197066706618 0.0197084790609 0.0197092087635 0.0197094788284 0.0197095700082 0.0197095978487 0.0197096054223 0.0197096072051 0.0197096075436 0.0197096075833 0.0197096075793 0.0197096075749 0.0812526434741 0.0197096075724 0.0197096075724 0.0197096075724 0.0197096075724 0.0197096075724 0.0197096075724 0.0197096075724 0.0197096075724 0.0197096075724
-3.40282346639e+38 0.00656063028645 0.00869969145091 0.0102489679927 0.0115026790138 0.0125701651124 0.0135054694073 0.0143392849107 0.0150903361569 0.0157703253606 0.0163863864108 0.0169424580775 0.0174401893778 0.0178796920052 0.0182603147493 0.0187398765127 0.0190132860524 0.0192304628382 0.019395343395 0.0195141494516 0.0195948787703 0.0196463221391 0.0196769238026 0.0196938557379 0.0197025448494 0.0197066706618 0.0197084790609 0.0197092087635 0.0197094788284 0.0197095700082 0.0197095978487 0.0197096054223 0.0197096072051 0.0197096075436 0.0197096075833 0.0197096075793 0.0197096075749 0.0812526434741 0.0197096075724 0.0197096075724 0.0197096075724 0.0197096075724 0.0197096075724 0.0197096075724 0.0197096075724 0.0197096075724 0.0197096075724
