out-2/mvel_m_s.asc
ncols 101
nrows 101
xllcorner -0.5
yllcorner -0.5
cellsize 1.0
nodata_value -3.40282346639e+38
[rows 42 to 62 of 101, columns 47 to 93 of 101]
0.0197096075724 0.0197096075724 0.0197096075724 0.0197096075724 0.0197096075724 0.0197096075724 0.0197096075724 0.0197096075724 0.0197096075724 0.0197096075724 0.0197096075724 0.0197096075724 0.0197096075724 0.0197096075724 0.0197096075724 0.0755527849355 0.0197096075749 0.0197096075793 0.0197096075833 0.0197096075436 0.0197096072051 0.0197096054223 0.0197095978487 0.0197095700082 0.0197094788284 0.0197092087635 0.0197084790609 0.0197066706618 0.0197025448494 0.0196938557379 0.0196769238026 0.0196463221391 0.0195948787703 0.0195141494516 0.019395343395 0.0192304628382 0.0190132860524 0.0187398765127 0.0182603147493 0.0178796920052 0.0174401893778 0.0169424580775 0.0163863864108 0.0157703253606 0.0150903361569 0.0143392849107 0.0135054694073
0.0197096075724 0.0197096075724 0.0197096075724 0.0197096075724 0.0197096075724 0.0197096075724 0.0197096075724 0.0197096075724 0.0197096075724 0.0197096075724 0.0197096075724 0.0197096075724 0.0197096075724 0.0197096075724 0.0197096075724 0.0762420152173 0.0197096075749 0.0197096075793 0.0197096075833 0.0197096075436 0.0197096072051 0.0197096054223 0.0197095978487 0.0197095700082 0.0197094788284 0.0197092087635 0.0197084790609 0.0197066706618 0.0197025448494 0.0196938557379 0.0196769238026 0.0196463221391 0.0195948787703 0.0195141494516 0.019395343395 0.0192304628382 0.0190132860524 0.0187398765127 0.0182603147493 0.0178796920052 0.0174401893778 0.0169424580775 0.0163863864108 0.0157703253606 0.0150903361569 0.0143392849107 0.0135054694073
0.0197096075724 0.0197096075724 0.0197096075724 0.0197096075724 0.0197096075724 0.0197096075724 0.0197096075724 0.0197096075724 0.0197096075724 0.0197096075724 0.0197096075724 0.0197096075724 0.0197096075724 0.0197096075724 0.0197096075724 0.0766675685427 0.0197096075749 0.0197096075793 0.0197096075833 0.0197096075436 0.0197096072051 0.0197096054223 0.0197095978487 0.0197095700082 0.0197094788284 0.0197092087635 0.0197084790609 0.0197066706618 0.0197025448494 0.0196938557379 0.0196769238026 0.0196463221391 0.0195948787703 0.0195141494516 0.019395343395 0.0192304628382 0.0190132860524 0.0187398765127 0.0182603147493 0.0178796920052 0.0174401893778 0.0169424580775 0.0163863864108 0.0157703253606 0.0150903361569 0.0143392849107 0.0135054694073
0.0197096075724 0.0197096075724 0.0197096075724 0.0197096075724 0.0197096075724 0.0197096075724 0.0197096075724 0.0197096075724 0.0197096075724 0.0197096075724 0.0197096075724 0.0197096075724 0.0197096075724 0.0197096075724 0.0197096075724 0.077280533682 0.0197096075749 0.0197096075793 0.0197096075833 0.0197096075436 0.0197096072051 0.0197096054223 0.0197095978487 0.0197095700082 0.0197094788284 0.0197092087635 0.0197084790609 0.0197066706618 0.0197025448494 0.0196938557379 0.0196769238026 0.0196463221391 0.0195948787703 0.0195141494516 0.019395343395 0.0192304628382 0.0190132860524 0.0187398765127 0.0182603147493 0.0178796920052 0.0174401893778 0.0169424580775 0.0163863864108 0.0157703253606 0.0150903361569 0.0143392849107 0.0135054694073
0.0197096075724 0.0197096075724 0.0197096075724 0.0197096075724 0.0197096075724 0.0197096075724 0.0197096075724 0.0197096075724 0.0197096075724 0.0197096075724 0.0197096075724 0.0197096075724 0.0197096075724 0.0197096075724 0.0197096075724 0.0776338952983 0.0197096075749 0.0197096075793 0.0197096075833 0.0197096075436 0.0197096072051 0.0197096054223 0.0197095978487 0.0197095700082 0.0197094788284 0.0197092087635 0.0197084790609 0.0197066706618 0.0197025448494 0.0196938557379 0.0196769238026 0.0196463221391 0.0195948787703 0.0195141494516 0.019395343395 0.0192304628382 0.0190132860524 0.0187398765127 0.0182603147493 0.0178796920052 0.0174401893778 0.0169424580775 0.0163863864108 0.0157703253606 0.0150903361569 0.0143392849107 0.0135054694073
0.0197096075724 0.0197096075724 0.0197096075724 0.0197096075724 0.0197096075724 0.0197096075724 0.0197096075724 0.0197096075724 0.0197096075724 0.0197096075724 0.0197096075724 0.0197096075724 0.0197096075724 0.0197096075724 0.0197096075724 0.0781758115458 0.0197096075749 0.0197096075793 0.0197096075833 0.0197096075436 0.0197096072051 0.0197096054223 0.0197095978487 0.0197095700082 0.0197094788284 0.0197092087635 0.0197084790609 0.0197066706618 0.0197025448494 0.0196938557379 0.0196769238026 0.0196463221391 0.0195948787703 0.0195141494516 0.019395343395 0.0192304628382 0.0190132860524 0.0187398765127 0.0182603147493 0.0178796920052 0.0174401893778 0.0169424580775 0.0163863864108 0.0157703253606 0.0150903361569 0.0143392849107 0.0135054694073
0.0197096075724 0.0197096075724 0.0197096075724 0.0197096075724 0.0197096075724 0.0197096075724 0.0197096075724 0.0197096075724 0.0197096075724 0.0197096075724 0.0197096075724 0.0197096075724 0.0197096075724 0.0197096075724 0.0197096075724 0.0784521103915 0.0197096075749 0.0197096075793 0.0197096075833 0.0197096075436 0.0197096072051 0.0197096054223 0.0197095978487 0.0197095700082 0.0197094788284 0.0197092087635 0.0197084790609 0.0197066706618 0.0197025448494 0.0196938557379 0.0196769238026 0.0196463221391 0.0195948787703 0.0195141494516 0.019395343395 0.0192304628382 0.0190132860524 0.0187398765127 0.0182603147493 0.0178796920052 0.0174401893778 0.0169424580775 0.0163863864108 0.0157703253606 0.0150903361569 0.0143392849107 0.0135054694073
0.0197096075724 0.0197096075724 0.0197096075724 0.0197096075724 0.0197096075724 0.0197096075724 0.0197096075724 0.0197096075724 0.0197096075724 0.0197096075724 0.0197096075724 0.0197096075724 0.0197096075724 0.0197096075724 0.0197096075724 0.0789276938808 0.0197096075749 0.0197096075793 0.0197096075833 0.0197096075436 0.0197096072051 0.0197096054223 0.0197095978487 0.0197095700082 0.0197094788284 0.0197092087635 0.0197084790609 0.0197066706618 0.0197025448494 0.0196938557379 0.0196769238026 0.0196463221391 0.0195948787703 0.0195141494516 0.019395343395 0.0192304628382 0.0190132860524 0.0187398765127 0.0182603147493 0.0178796920052 0.0174401893778 0.0169424580775 0.0163863864108 0.0157703253606 0.0150903361569 0.0143392849107 0.0135054694073
0.0197096075724 0.0197096075724 0.0197096075724 0.0197096075724 0.0197096075724 0.0197096075724 0.0197096075724 0.0197096075724 0.0197096075724 0.0197096075724 0.0197096075724 0.0197096075724 0.0197096075724 0.0197096075724 0.0197096075724 0.0791245703259 0.0197096075749 0.0197096075793 0.0197096075833 0.0197096075436 0.0197096072051 0.0197096054223 0.0197095978487 0.0197095700082 0.0197094788284 0.0197092087635 0.0197084790609 0.0197066706618 0.0197025448494 0.0196938557379 0.0196769238026 0.0196463221391 0.0195948787703 0.0195141494516 0.019395343395 0.0192304628382 0.0190132860524 0.0187398765127 0.0182603147493 0.0178796920052 0.0174401893778 0.0169424580775 0.0163863864108 0.0157703253606 0.0150903361569 0.0143392849107 0.0135054694073
0.0197096075724 0.0197096075724 0.0197096075724 0.0197096075724 0.0197096075724 0.0197096075724 0.0197096075724 0.0197096075724 0.0197096075724 0.0197096075724 0.0197096075724 0.0197096075724 0.0197096075724 0.0197096075724 0.0197096075724 0.079538450987 0.0197096075749 0.0197096075793 0.0197096075833 0.0197096075436 0.0197096072051 0.0197096054223 0.0197095978487 0.0197095700082 0.0197094788284 0.0197092087635 0.0197084790609 0.0197066706618 0.0197025448494 0.0196938557379 0.0196769238026 0.0196463221391 0.0195948787703 0.0195141494516 0.019395343395 0.0192304628382 0.0190132860524 0.0187398765127 0.0182603147493 0.0178796920052 0.0174401893778 0.0169424580775 0.0163863864108 0.0157703253606 0.0150903361569 0.0143392849107 0.0135054694073
0.0197096075724 0.0197096075724 0.0197096075724 0.0197096075724 0.0197096075724 0.0197096075724 0.0197096075724 0.0197096075724 0.0197096075724 0.0197096075724 0.0197096075724 0.0197096075724 0.0197096075724 0.0197096075724 0.0197096075724 0.0799013915744 0.0197096075749 0.0197096075793 0.0197096075833 0.0197096075436 0.0197096072051 0.0197096054223 0.0197095978487 0.0197095700082 0.0197094788284 0.0197092087635 0.0197084790609 0.0197066706618 0.0197025448494 0.0196938557379 0.0196769238026 0.0196463221391 0.0195948787703 0.0195141494516 0.019395343395 0.0192304628382 0.0190132860524 0.0187398765127 0.0182603147493 0.0178796920052 0.0174401893778 0.0169424580775 0.0163863864108 0.0157703253606 0.0150903361569 0.0143392849107 0.0135054694073
0.0197096075724 0.0197096075724 0.0197096075724 0.0197096075724 0.0197096075724 0.0197096075724 0.0197096075724 0.0197096075724 0.0197096075724 0.0197096075724 0.0197096075724 0.0197096075724 0.0197096075724 0.0197096075724 0.0197096075724 0.0800167994747 0.0197096075749 0.0197096075793 0.0197096075833 0.0197096075436 0.0197096072051 0.0197096054223 0.0197095978487 0.0197095700082 0.0197094788284 0.0197092087635 0.0197084790609 0.0197066706618 0.0197025448494 0.0196938557379 0.0196769238026 0.0196463221391 0.0195948787703 0.0195141494516 0.019395343395 0.0192304628382 0.0190132860524 0.0187398765127 0.0182603147493 0.0178796920052 0.0174401893778 0.0169424580775 0.0163863864108 0.0157703253606 0.0150903361569 0.0143392849107 0.0135054694073
0.0197096075724 0.0197096075724 0.0197096075724 0.0197096075724 0.0197096075724 0.0197096075724 0.0197096075724 0.0197096075724 0.0197096075724 0.0197096075724 0.0197096075724 0.0197096075724 0.0197096075724 0.0197096075724 0.0197096075724 0.0803257798314 0.0197096075749 0.0197096075793 0.0197096075833 0.0197096075436 0.0197096072051 0.0197096054223 0.0197095978487 0.0197095700082 0.0197094788284 0.0197092087635 0.0197084790609 0.0197066706618 0.0197025448494 0.0196938557379 0.0196769238026 0.0196463221391 0.0195948787703 0.0195141494516 0.019395343395 0.0192304628382 0.0190132860524 0.0187398765127 0.0182603147493 0.0178796920052 0.0174401893778 0.0169424580775 0.0163863864108 0.0157703253606 0.0150903361569 0.0143392849107 0.0135054694073
0.0197096075724 0.0197096075724 0.0197096075724 0.0197096075724 0.0197096075724 0.0197096075724 0.0197096075724 0.0197096075724 0.0197096075724 0.0197096075724 0.0197096075724 0.0197096075724 0.0197096075724 0.0197096075724 0.0197096075724 0.0803806024639 0.0197096075749 0.0197096075793 0.0197096075833 0.0197096075436 0.0197096072051 0.0197096054223 0.0197095978487 0.0197095700082 0.0197094788284 0.0197092087635 0.0197084790609 0.0197066706618 0.0197025448494 0.0196938557379 0.0196769238026 0.0196463221391 0.0195948787703 0.0195141494516 0.019395343395 0.0192304628382 0.0190132860524 0.0187398765127 0.0182603147493 0.0178796920052 0.0174401893778 0.0169424580775 0.0163863864108 0.0157703253606 0.0150903361569 0.0143392849107 0.0135054694073
0.0197096075724 0.0197096075724 0.0197096075724 0.0197096075724 0.0197096075724 0.0197096075724 0.0197096075724 0.0197096075724 0.0197096075724 0.0197096075724 0.0197096075724 0.0197096075724 0.0197096075724 0.0197096075724 0.0197096075724 0.0806403174597 0.0197096075749 0.0197096075793 0.0197096075833 0.0197096075436 0.0197096072051 0.0197096054223 0.0197095978487 0.0197095700082 0.0197094788284 0.0197092087635 0.0197084790609 0.0197066706618 0.0197025448494 0.0196938557379 0.0196769238026 0.0196463221391 0.0195948787703 0.0195141494516 0.019395343395 0.0192304628382 0.0190132860524 0.0187398765127 0.0182603147493 0.0178796920052 0.0174401893778 0.0169424580775 0.0163863864108 0.0157703253606 0.0150903361569 0.0143392849107 0.0135054694073
0.0197096075724 0.0197096075724 0.0197096075724 0.0197096075724 0.0197096075724 0.0197096075724 0.0197096075724 0.0197096075724 0.0197096075724 0.0197096075724 0.0197096075724 0.0197096075724 0.0197096075724 0.0197096075724 0.0197096075724 0.0808569819887 0.0197096075749 0.0197096075793 0.0197096075833 0.0197096075436 0.0197096072051 0.0197096054223 0.0197095978487 0.0197095700082 0.0197094788284 0.0197092087635 0.0197084790609 0.0197066706618 0.0197025448494 0.0196938557379 0.0196769238026 0.0196463221391 0.0195948787703 0.0195141494516 0.019395343395 0.0192304628382 0.0190132860524 0.0187398765127 0.0182603147493 0.0178796920052 0.0174401893778 0.0169424580775 0.0163863864108 0.0157703253606 0.0150903361569 0.0143392849107 0.0135054694073
0.0197096075724 0.0197096075724 0.0197096075724 0.0197096075724 0.0197096075724 0.0197096075724 0.0197096075724 0.0197096075724 0.0197096075724 0.0197096075724 0.0197096075724 0.0197096075724 0.0197096075724 0.0197096075724 0.0197096075724 0.0808698371246 0.0197096075749 0.0197096075793 0.0197096075833 0.0197096075436 0.0197096072051 0.0197096054223 0.0197095978487 0.0197095700082 0.0197094788284 0.0197092087635 0.0197084790609 0.0197066706618 0.0197025448494 0.0196938557379 0.0196769238026 0.0196463221391 0.0195948787703 0.0195141494516 0.019395343395 0.0192304628382 0.0190132860524 0.0187398765127 0.0182603147493 0.0178796920052 0.0174401893778 0.0169424580775 0.0163863864108 0.0157703253606 0.0150903361569 0.0143392849107 0.0135054694073
0.0197096075724 0.0197096075724 0.0197096075724 0.0197096075724 0.0197096075724 0.0197096075724 0.0197096075724 0.0197096075724 0.0197096075724 0.0197096075724 0.0197096075724 0.0197096075724 0.0197096075724 0.0197096075724 0.0197096075724 0.0810439070766 0.0197096075749 0.0197096075793 0.0197096075833 0.0197096075436 0.0197096072051 0.0197096054223 0.0197095978487 0.0197095700082 0.0197094788284 0.0197092087635 0.0197084790609 0.0197066706618 0.0197025448494 0.0196938557379 0.0196769238026 0.0196463221391 0.0195948787703 0.0195141494516 0.019395343395 0.0192304628382 0.0190132860524 0.0187398765127 0.0182603147493 0.0178796920052 0.0174401893778 0.0169424580775 0.0163863864108 0.0157703253606 0.0150903361569 0.0143392849107 0.0135054694073
0.0197096075724 0.0197096075724 0.0197096075724 0.0197096075724 0.0197096075724 0.0197096075724 0.0197096075724 0.0197096075724 0.0197096075724 0.0197096075724 0.0197096075724 0.0197096075724 0.0197096075724 0.0197096075724 0.0197096075724 0.0810390242595 0.0197096075749 0.0197096075793 0.0197096075833 0.0197096075436 0.0197096072051 0.0197096054223 0.0197095978487 0.0197095700082 0.0197094788284 0.0197092087635 0.0197084790609 0.0197066706618 0.0197025448494 0.0196938557379 0.0196769238026 0.0196463221391 0.0195948787703 0.0195141494516 0.019395343395 0.0192304628382 0.0190132860524 0.0187398765127 0.0182603147493 0.0178796920052 0.0174401893778 0.0169424580775 0.0163863864108 0.0157703253606 0.0150903361569 0.0143392849107 0.0135054694073
0.0197096075724 0.0197096075724 0.0197096075724 0.0197096075724 0.0197096075724 0.0197096075724 0.0197096075724 0.0197096075724 0.0197096075724 0.0197096075724 0.0197096075724 0.0197096075724 0.0197096075724 0.0197096075724 0.0197096075724 0.0811739054224 0.0197096075749 0.0197096075793 0.0197096075833 0.0197096075436 0.0197096072051 0.0197096054223 0.0197095978487 0.0197095700082 0.0197094788284 0.0197092087635 0.0197084790609 0.0197066706618 0.0197025448494 0.0196938557379 0.0196769238026 0.0196463221391 0.0195948787703 0.0195141494516 0.019395343395 0.0192304628382 0.0190132860524 0.0187398765127 0.0182603147493 0.0178796920052 0.0174401893778 0.0169424580775 0.0163863864108 0.0157703253606 0.0150903361569 0.0143392849107 0.0135054694073
0.0197096075724 0.0197096075724 0.0197096075724 0.0197096075724 0.0197096075724 0.0197096075724 0.0197096075724 0.0197096075724 0.0197096075724 0.0197096075724 0.0197096075724 0.0197096075724 0.0197096075724 0.0197096075724 0.0197096075724 0.0811654488348 0.0197096075749 0.0197096075793 0.0197096075833 0.0197096075436 0.0197096072051 0.0197096054223 0.0197095978487 0.0197095700082 0.0197094788284 0.0197092087635 0.0197084790609 0.0197066706618 0.0197025448494 0.0196938557379 0.0196769238026 0.0196463221391 0.0195948787703 0.0195141494516 0.019395343395 0.0192304628382 0.0190132860524 0.0187398765127 0.0182603147493 0.0178796920052 0.0174401893778 0.0169424580775 0.0163863864108 0.0157703253606 0.0150903361569 0.0143392849107 0.0135054694073
