out-2/mvel_m_s.asc
ncols 101
nrows 101
xllcorner -0.5
yllcorner -0.5
cellsize 1.0
nodata_value -3.40282346639e+38
[rows 21 to 41 of 101, columns 0 to 46 of 101]
-3.40282346639e+38 0.00656063028645 0.00869969145091 0.0102489679927 0.0115026790138 0.0125701651124 0.0135054694073 0.0143392849107 0.0150903361569 0.0157703253606 0.0163863864108 0.0169424580775 0.0174401893778 0.0178796920052 0.0182603147493 0.0187398765127 0.0190132860524 0.0192304628382 0.019395343395 0.0195141494516 0.0195948787703 0.0195948787703 0.0195948787703 0.0195948787703 0.0195948787703 0.0195948787703 0.0195948787703 0.0195948787703 0.0195948787703 0.0195948787703 0.0195948787703 0.0195948787703 0.0195948787703 0.0195948787703 0.0195948787703 0.0195948787703 0.0195948787703 0.0541632339842 0.0195948787703 0.0195948787703 0.0195948787703 0.0195948787703 0.0195948787703 0.0195948787703 0.0195948787703 0.0195948787703 0.0195948787703
-3.40282346639e+38 0.00656063028645 0.00869969145091 0.0102489679927 0.0115026790138 0.0125701651124 0.0135054694073 0.0143392849107 0.0150903361569 0.0157703253606 0.0163863864108 0.0169424580775 0.0174401893778 0.0178796920052 0.0182603147493 0.0187398765127 0.0190132860524 0.0192304628382 0.019395343395 0.0195141494516 0.0195948787703 0.0196463221391 0.0196463221391 0.0196463221391 0.0196463221391 0.0196463221391 0.0196463221391 0.0196463221391 0.0196463221391 0.0196463221391 0.0196463221391 0.0196463221391 0.0196463221391 0.0196463221391 0.0196463221391 0.0196463221391 0.0196463221391 0.0557300224236 0.0196463221391 0.0196463221391 0.0196463221391 0.0196463221391 0.0196463221391 0.0196463221391 0.0196463221391 0.0196463221391 0.0196463221391
-3.40282346639e+38 0.00656063028645 0.00869969145091 0.0102489679927 0.0115026790138 0.0125701651124 0.0135054694073 0.0143392849107 0.0150903361569 0.0157703253606 0.0163863864108 0.0169424580775 0.0174401893778 0.0178796920052 0.0182603147493 0.0187398765127 0.0190132860524 0.0192304628382 0.019395343395 0.0195141494516 0.0195948787703 0.0196463221391 0.0196769238026 0.0196769238026 0.0196769238026 0.0196769238026 0.0196769238026 0.0196769238026 0.0196769238026 0.0196769238026 0.0196769238026 0.0196769238026 0.0196769238026 0.0196769238026 0.0196769238026 0.0196769238026 0.0196769238026 0.0572001619439 0.0196769238026 0.0196769238026 0.0196769238026 0.0196769238026 0.0196769238026 0.0196769238026 0.0196769238026 0.0196769238026 0.0196769238026
-3.40282346639e+38 0.00656063028645 0.00869969145091 0.0102489679927 0.0115026790138 0.0125701651124 0.0135054694073 0.0143392849107 0.0150903361569 0.0157703253606 0.0163863864108 0.0169424580775 0.0174401893778 0.0178796920052 0.0182603147493 0.0187398765127 0.0190132860524 0.0192304628382 0.019395343395 0.0195141494516 0.0195948787703 0.0196463221391 0.0196769238026 0.0196938557379 0.0196938557379 0.0196938557379 0.0196938557379 0.0196938557379 0.0196938557379 0.0196938557379 0.0196938557379 0.0196938557379 0.0196938557379 0.0196938557379 0.0196938557379 0.0196938557379 0.0196938557379 0.0585785198981 0.0196938557379 0.0196938557379 0.0196938557379 0.0196938557379 0.0196938557379 0.0196938557379 0.0196938557379 0.0196938557379 0.0196938557379
-3.40282346639e+38 0.00656063028645 0.00869969145091 0.0102489679927 0.0115026790138 0.0125701651124 0.0135054694073 0.0143392849107 0.0150903361569 0.0157703253606 0.0163863864108 0.0169424580775 0.0174401893778 0.0178796920052 0.0182603147493 0.0187398765127 0.0190132860524 0.0192304628382 0.019395343395 0.0195141494516 0.0195948787703 0.0196463221391 0.0196769238026 0.0196938557379 0.0197025448494 0.0197025448494 0.0197025448494 0.0197025448494 0.0197025448494 0.0197025448494 0.0197025448494 0.0197025448494 0.0197025448494 0.0197025448494 0.0197025448494 0.0197025448494 0.0197025448494 0.0598708476631 0.0197025448494 0.0197025448494 0.0197025448494 0.0197025448494 0.0197025448494 0.0197025448494 0.0197025448494 0.0197025448494 0.0197025448494
-3.40282346639e+38 0.00656063028645 0.00869969145091 0.0102489679927 0.0115026790138 0.0125701651124 0.0135054694073 0.0143392849107 0.0150903361569 0.0157703253606 0.0163863864108 0.0169424580775 0.0174401893778 0.0178796920052 0.0182603147493 0.0187398765127 0.0190132860524 0.0192304628382 0.019395343395 0.0195141494516 0.0195948787703 0.0196463221391 0.0196769238026 0.0196938557379 0.0197025448494 0.0197066706618 0.0197066706618 0.0197066706618 0.0197066706618 0.0197066706618 0.0197066706618 0.0197066706618 0.0197066706618 0.0197066706618 0.0197066706618 0.0197066706618 0.0197066706618 0.0610831605841 0.0197066706618 0.0197066706618 0.0197066706618 0.0197066706618 0.0197066706618 0.0197066706618 0.0197066706618 0.0197066706618 0.0197066706618
-3.40282346639e+38 0.00656063028645 0.00869969145091 0.0102489679927 0.0115026790138 0.0125701651124 0.0135054694073 0.0143392849107 0.0150903361569 0.0157703253606 0.0163863864108 0.0169424580775 0.0174401893778 0.0178796920052 0.0182603147493 0.0187398765127 0.0190132860524 0.0192304628382 0.019395343395 0.0195141494516 0.0195948787703 0.0196463221391 0.0196769238026 0.0196938557379 0.0197025448494 0.0197066706618 0.0197084790609 0.0197084790609 0.0197084790609 0.0197084790609 0.0197084790609 0.0197084790609 0.0197084790609 0.0197084790609 0.0197084790609 0.0197084790609 0.0197084790609 0.0622212513045 0.0197084790609 0.0197084790609 0.0197084790609 0.0197084790609 0.0197084790609 0.0197084790609 0.0197084790609 0.0197084790609 0.0197084790609
-3.40282346639e+38 0.00656063028645 0.00869969145091 0.0102489679927 0.0115026790138 0.0125701651124 0.0135054694073 0.0143392849107 0.0150903361569 0.0157703253606 0.0163863864108 0.0169424580775 0.0174401893778 0.0178796920052 0.0182603147493 0.0187398765127 0.0190132860524 0.0192304628382 0.019395343395 0.0195141494516 0.0195948787703 0.0196463221391 0.0196769238026 0.0196938557379 0.0197025448494 0.0197066706618 0.0197084790609 0.0197092087635 0.0197092087635 0.0197092087635 0.0197092087635 0.0197092087635 0.0197092087635 0.0197092087635 0.0197092087635 0.0197092087635 0.0197092087635 0.064208680467 0.0197092087635 0.0197092087635 0.0197092087635 0.0197092087635 0.0197092087635 0.0197092087635 0.0197092087635 0.0197092087635 0.0197092087635
-3.40282346639e+38 0.00656063028645 0.00869969145091 0.0102489679927 0.0115026790138 0.0125701651124 0.0135054694073 0.0143392849107 0.0150903361569 0.0157703253606 0.0163863864108 0.0169424580775 0.0174401893778 0.0178796920052 0.0182603147493 0.0187398765127 0.0190132860524 0.0192304628382 0.019395343395 0.0195141494516 0.0195948787703 0.0196463221391 0.0196769238026 0.0196938557379 0.0197025448494 0.0197066706618 0.0197084790609 0.0197092087635 0.0197094788284 0.0197094788284 0.0197094788284 0.0197094788284 0.0197094788284 0.0197094788284 0.0197094788284 0.0197094788284 0.0197094788284 0.0652381099116 0.0197094788284 0.0197094788284 0.0197094788284 0.0197094788284 0.0197094788284 0.0197094788284 0.0197094788284 0.0197094788284 0.0197094788284
-3.40282346639e+38 0.00656063028645 0.00869969145091 0.0102489679927 0.0115026790138 0.0125701651124 0.0135054694073 0.0143392849107 0.0150903361569 0.0157703253606 0.0163863864108 0.0169424580775 0.0174401893778 0.0178796920052 0.0182603147493 0.0187398765127 0.0190132860524 0.0192304628382 0.019395343395 0.0195141494516 0.0195948787703 0.0196463221391 0.0196769238026 0.0196938557379 0.0197025448494 0.0197066706618 0.0197084790609 0.0197092087635 0.0197094788284 0.0197095700082 0.0197095700082 0.0197095700082 0.0197095700082 0.0197095700082 0.0197095700082 0.0197095700082 0.0197095700082 0.0662072102656 0.0197095700082 0.0197095700082 0.0197095700082 0.0197095700082 0.0197095700082 0.0197095700082 0.0197095700082 0.0197095700082 0.0197095700082
-3.40282346639e+38 0.00656063028645 0.00869969145091 0.0102489679927 0.0115026790138 0.0125701651124 0.0135054694073 0.0143392849107 0.0150903361569 0.0157703253606 0.0163863864108 0.0169424580775 0.0174401893778 0.0178796920052 0.0182603147493 0.0187398765127 0.0190132860524 0.0192304628382 0.019395343395 0.0195141494516 0.0195948787703 0.0196463221391 0.0196769238026 0.0196938557379 0.0197025448494 0.0197066706618 0.0197084790609 0.0197092087635 0.0197094788284 0.0197095700082 0.0197095978487 0.0197095978487 0.0197095978487 0.0197095978487 0.0197095978487 0.0197095978487 0.0197095978487 0.0673618055336 0.0197095978487 0.0197095978487 0.0197095978487 0.0197095978487 0.0197095978487 0.0197095978487 0.0197095978487 0.0197095978487 0.0197095978487
-3.40282346639e+38 0.00656063028645 0.00869969145091 0.0102489679927 0.0115026790138 0.0125701651124 0.0135054694073 0.0143392849107 0.0150903361569 0.0157703253606 0.0163863864108 0.0169424580775 0.0174401893778 0.0178796920052 0.0182603147493 0.0187398765127 0.0190132860524 0.0192304628382 0.019395343395 0.0195141494516 0.0195948787703 0.0196463221391 0.0196769238026 0.0196938557379 0.0197025448494 0.0197066706618 0.0197084790609 0.0197092087635 0.0197094788284 0.0197095700082 0.0197095978487 0.0197096054223 0.0197096054223 0.0197096054223 0.0197096054223 0.0197096054223 0.0197096054223 0.0682487967861 0.0197096054223 0.0197096054223 0.0197096054223 0.0197096054223 0.0197096054223 0.0197096054223 0.0197096054223 0.0197096054223 0.0197096054223
-3.40282346639e+38 0.00656063028645 0.00869969145091 0.0102489679927 0.0115026790138 0.0125701651124 0.0135054694073 0.0143392849107 0.0150903361569 0.0157703253606 0.0163863864108 0.0169424580775 0.0174401893778 0.0178796920052 0.0182603147493 0.0187398765127 0.0190132860524 0.0192304628382 0.019395343395 0.0195141494516 0.0195948787703 0.0196463221391 0.0196769238026 0.0196938557379 0.0197025448494 0.0197066706618 0.0197084790609 0.0197092087635 0.0197094788284 0.0197095700082 0.0197095978487 0.0197096054223 0.0197096072051 0.0197096072051 0.0197096072051 0.0197096072051 0.0197096072051 0.0690837893041 0.0197096072051 0.0197096072051 0.0197096072051 0.0197096072051 0.0197096072051 0.0197096072051 0.0197096072051 0.0197096072051 0.0197096072051
-3.40282346639e+38 0.00656063028645 0.00869969145091 0.0102489679927 0.0115026790138 0.0125701651124 0.0135054694073 0.0143392849107 0.0150903361569 0.0157703253606 0.0163863864108 0.0169424580775 0.0174401893778 0.0178796920052 0.0182603147493 0.0187398765127 0.0190132860524 0.0192304628382 0.019395343395 0.0195141494516 0.0195948787703 0.0196463221391 0.0196769238026 0.0196938557379 0.0197025448494 0.0197066706618 0.0197084790609 0.0197092087635 0.0197094788284 0.0197095700082 0.0197095978487 0.0197096054223 0.0197096072051 0.0197096075436 0.0197096075436 0.0197096075436 0.0197096075436 0.0700951992342 0.0197096075436 0.0197096075436 0.0197096075436 0.0197096075436 0.0197096075436 0.0197096075436 0.0197096075436 0.0197096075436 0.0197096075436
-3.40282346639e+38 0.00656063028645 0.00869969145091 0.0102489679927 0.0115026790138 0.0125701651124 0.0135054694073 0.0143392849107 0.0150903361569 0.0157703253606 0.0163863864108 0.0169424580775 0.0174401893778 0.0178796920052 0.0182603147493 0.0187398765127 0.0190132860524 0.0192304628382 0.019395343395 0.0195141494516 0.0195948787703 0.0196463221391 0.0196769238026 0.0196938557379 0.0197025448494 0.0197066706618 0.0197084790609 0.0197092087635 0.0197094788284 0.0197095700082 0.0197095978487 0.0197096054223 0.0197096072051 0.0197096075436 0.0197096075833 0.0197096075833 0.0197096075833 0.0708607785496 0.0197096075833 0.0197096075833 0.0197096075833 0.0197096075833 0.0197096075833 0.0197096075833 0.0197096075833 0.0197096075833 0.0197096075833
-3.40282346639e+38 0.00656063028645 0.00869969145091 0.0102489679927 0.0115026790138 0.0125701651124 0.0135054694073 0.0143392849107 0.0150903361569 0.0157703253606 0.0163863864108 0.0169424580775 0.0174401893778 0.0178796920052 0.0182603147493 0.0187398765127 0.0190132860524 0.0192304628382 0.019395343395 0.0195141494516 0.0195948787703 0.0196463221391 0.0196769238026 0.0196938557379 0.0197025448494 0.0197066706618 0.0197084790609 0.0197092087635 0.0197094788284 0.0197095700082 0.0197095978487 0.0197096054223 0.0197096072051 0.0197096075436 0.0197096075833 0.0197096075793 0.0197096075793 0.071578527734 0.0197096075793 0.0197096075793 0.0197096075793 0.0197096075793 0.0197096075793 0.0197096075793 0.0197096075793 0.0197096075793 0.0197096075793
-3.40282346639e+38 0.00656063028645 0.00869969145091 0.0102489679927 0.0115026790138 0.0125701651124 0.0135054694073 0.0143392849107 0.0150903361569 0.0157703253606 0.0163863864108 0.0169424580775 0.0174401893778 0.0178796920052 0.0182603147493 0.0187398765127 0.0190132860524 0.0192304628382 0.019395343395 0.0195141494516 0.0195948787703 0.0196463221391 0.0196769238026 0.0196938557379 0.0197025448494 0.0197066706618 0.0197084790609 0.0197092087635 0.0197094788284 0.0197095700082 0.0197095978487 0.0197096054223 0.0197096072051 0.0197096075436 0.0197096075833 0.0197096075793 0.0197096075749 0.07246824692 0.0197096075749 0.0197096075749 0.0197096075749 0.0197096075749 0.0197096075749 0.0197096075749 0.0197096075749 0.0197096075749 0.0197096075749
-3.40282346639e+38 0.00656063028645 0.00869969145091 0.0102489679927 0.0115026790138 0.0125701651124 0.0135054694073 0.0143392849107 0.0150903361569 0.0157703253606 0.0163863864108 0.0169424580775 0.0174401893778 0.0178796920052 0.0182603147493 0.0187398765127 0.0190132860524 0.0192304628382 0.019395343395 0.0195141494516 0.0195948787703 0.0196463221391 0.0196769238026 0.0196938557379 0.0197025448494 0.0197066706618 0.0197084790609 0.0197092087635 0.0197094788284 0.0197095700082 0.0197095978487 0.0197096054223 0.0197096072051 0.0197096075436 0.0197096075833 0.0197096075793 0.0197096075749 0.0731232249919 0.0197096075731 0.0197096075731 0.0197096075731 0.0197096075731 0.0197096075731 0.0197096075731 0.0197096075731 0.0197096075731 0.0197096075731
-3.40282346639e+38 0.00656063028645 0.00869969145091 0.0102489679927 0.0115026790138 0.0125701651124 0.0135054694073 0.0143392849107 0.0150903361569 0.0157703253606 0.0163863864108 0.0169424580775 0.0174401893778 0.0178796920052 0.0182603147493 0.0187398765127 0.0190132860524 0.0192304628382 0.019395343395 0.0195141494516 0.0195948787703 0.0196463221391 0.0196769238026 0.0196938557379 0.0197025448494 0.0197066706618 0.0197084790609 0.0197092087635 0.0197094788284 0.0197095700082 0.0197095978487 0.0197096054223 0.0197096072051 0.0197096075436 0.0197096075833 0.0197096075793 0.0197096075749 0.0737305495604 0.0197096075726 0.0197096075726 0.0197096075726 0.0197096075726 0.0197096075726 0.0197096075726 0.0197096075726 0.0197096075726 0.0197096075726
-3.40282346639e+38 0.00656063028645 0.00869969145091 0.0102489679927 0.0115026790138 0.0125701651124 0.0135054694073 0.0143392849107 0.0150903361569 0.0157703253606 0.0163863864108 0.0169424580775 0.0174401893778 0.0178796920052 0.0182603147493 0.0187398765127 0.0190132860524 0.0192304628382 0.019395343395 0.0195141494516 0.0195948787703 0.0196463221391 0.0196769238026 0.0196938557379 0.0197025448494 0.0197066706618 0.0197084790609 0.0197092087635 0.0197094788284 0.0197095700082 0.0197095978487 0.0197096054223 0.0197096072051 0.0197096075436 0.0197096075833 0.0197096075793 0.0197096075749 0.0745142689876 0.0197096075725 0.0197096075725 0.0197096075725 0.0197096075725 0.0197096075725 0.0197096075725 0.0197096075725 0.0197096075725 0.0197096075725
-3.40282346639e+38 0.00656063028645 0.00869969145091 0.0102489679927 0.0115026790138 0.0125701651124 0.0135054694073 0.0143392849107 0.0150903361569 0.0157703253606 0.0163863864108 0.0169424580775 0.0174401893778 0.0178796920052 0.0182603147493 0.0187398765127 0.0190132860524 0.0192304628382 0.019395343395 0.0195141494516 0.0195948787703 0.0196463221391 0.0196769238026 0.0196938557379 0.0197025448494 0.0197066706618 0.0197084790609 0.0197092087635 0.0197094788284 0.0197095700082 0.0197095978487 0.0197096054223 0.0197096072051 0.0197096075436 0.0197096075833 0.0197096075793 0.0197096075749 0.0750596860742 0.0197096075724 0.0197096075724 0.0197096075724 0.0197096075724 0.0197096075724 0.0197096075724 0.0197096075724 0.0197096075724 0.0197096075724
