tests/data/reference/test_stream_rill/cvsur_m3.asc
ncols	123
nrows	77
xllcorner	-713746.79929998
yllcorner	-1061022.36961616
cellsize	10.0
NODATA_value	-9999
[rows 23 to 45 of 77, columns 0 to 51 of 123]
-9.999000e+03 -9.999000e+03 -9.999000e+03 -9.999000e+03 -9.999000e+03 -9.999000e+03 -9.999000e+03 -9.999000e+03 -9.999000e+03 -9.999000e+03 -9.999000e+03 -9.999000e+03 -9.999000e+03 -9.999000e+03 4.656093e-01 1.319983e+00 2.861144e+00 1.042672e+01 4.877727e-01 2.915324e-01 1.287689e-01 2.273332e+00 2.068603e-01 4.817589e+00 6.636333e+00 2.540040e+00 5.194590e+00 5.249647e+00 1.782727e+00 5.239702e+00 6.075587e-01 1.081568e+00 1.452427e+00 2.212424e+00 8.525723e+00 2.364133e+00 4.348651e+00 6.242205e-01 5.061216e+00 2.458805e+00 2.483995e+00 2.500594e+00 2.519384e+00 2.514467e+00 2.506436e+00 2.466011e+00 2.457622e+00 2.487020e+00 2.350168e+00 1.869073e+00 1.559134e+00 6.450315e-01
-9.999000e+03 -9.999000e+03 -9.999000e+03 -9.999000e+03 -9.999000e+03 -9.999000e+03 -9.999000e+03 -9.999000e+03 -9.999000e+03 -9.999000e+03 -9.999000e+03 -9.999000e+03 -9.999000e+03 -9.999000e+03 1.342348e+01 1.372898e+01 1.371313e+01 8.750895e-01 4.792275e-01 5.591695e-01 2.039889e+00 4.149179e+00 6.308515e-01 7.385277e-01 4.766017e+00 8.967626e+00 4.913259e+00 4.973415e+00 2.073380e+00 6.631530e-01 4.468021e+00 1.079287e+00 1.449644e+00 1.733852e+00 1.040228e+01 2.375055e+00 3.773893e+00 6.268229e-01 5.507342e+00 2.492425e+00 2.516019e+00 2.537908e+00 2.561512e+00 2.565497e+00 2.559259e+00 2.530832e+00 2.519672e+00 2.533545e+00 2.465106e+00 2.122249e+00 6.459486e-01 1.889653e+00
-9.999000e+03 -9.999000e+03 -9.999000e+03 -9.999000e+03 -9.999000e+03 -9.999000e+03 -9.999000e+03 -9.999000e+03 -9.999000e+03 -9.999000e+03 -9.999000e+03 -9.999000e+03 -9.999000e+03 -9.999000e+03 2.716466e-01 7.794916e-01 5.157385e-01 5.123554e-01 5.062172e-01 1.528265e-01 2.460621e+00 2.369417e+00 4.341860e+00 1.117968e+00 1.200510e+00 4.691813e+00 1.350195e+01 4.652368e+00 2.301987e+00 6.679684e-01 1.196217e+00 4.058427e+00 1.548731e+00 1.722203e+00 1.933576e+00 1.234881e+01 6.179286e-01 3.217712e+00 1.116572e+00 7.747157e+00 2.534710e+00 2.559852e+00 2.587481e+00 2.597723e+00 2.594505e+00 2.575885e+00 2.567035e+00 2.577832e+00 2.553077e+00 2.321969e+00 1.166329e+00 6.554006e-01
-9.999000e+03 -9.999000e+03 -9.999000e+03 -9.999000e+03 -9.999000e+03 -9.999000e+03 -9.999000e+03 -9.999000e+03 -9.999000e+03 -9.999000e+03 -9.999000e+03 -9.999000e+03 5.511556e-01 4.982868e-01 2.841225e+00 8.740246e-01 5.186344e-01 3.482566e-01 1.291386e-01 2.254672e+00 1.816273e+00 4.327195e+00 2.613788e+00 4.483955e+00 1.499422e+00 1.573642e+00 1.772039e+01 4.279456e+00 2.468362e+00 1.192220e+00 6.630471e-01 1.622189e+00 3.603757e+00 1.902514e+00 2.048098e+00 2.074411e+00 1.184776e+01 1.103445e+00 2.749011e+00 1.500412e+00 9.951386e+00 2.569530e+00 2.598779e+00 2.613514e+00 2.615385e+00 2.607301e+00 2.605552e+00 2.620005e+00 2.622809e+00 2.479606e+00 1.592220e+00 6.592387e-01
-9.999000e+03 -9.999000e+03 -9.999000e+03 -9.999000e+03 -9.999000e+03 -9.999000e+03 -9.999000e+03 -9.999000e+03 -9.999000e+03 -9.999000e+03 -9.999000e+03 -9.999000e+03 -9.999000e+03 5.436901e-01 7.970806e-01 7.554211e-01 4.037180e-01 1.118553e-01 2.208085e+00 1.809073e+00 1.866227e+00 1.930292e+00 6.151846e+00 8.552631e+00 1.272187e+01 1.381873e+01 1.490873e+01 1.713066e+01 3.851850e+00 2.573649e+00 1.602093e+00 1.181367e+00 1.944879e+00 3.143285e+00 2.163645e+00 2.302464e+00 2.346199e+00 1.160837e+01 1.485960e+00 2.517300e+00 1.104909e+01 2.568754e+00 2.596616e+00 2.615247e+00 2.625628e+00 2.631436e+00 2.641614e+00 2.662902e+00 2.681925e+00 2.604594e+00 1.940875e+00 1.191794e+00
-9.999000e+03 -9.999000e+03 -9.999000e+03 -9.999000e+03 -9.999000e+03 -9.999000e+03 -9.999000e+03 -9.999000e+03 -9.999000e+03 -9.999000e+03 -9.999000e+03 -9.999000e+03 -9.999000e+03 -9.999000e+03 -9.999000e+03 4.615730e-01 6.136133e-02 1.747881e+00 3.494180e+00 3.717493e+00 3.843435e+00 3.846149e+00 3.747536e+00 3.570187e+00 3.335470e+00 3.067205e+00 2.783809e+00 1.709621e+01 3.345214e+01 3.404543e+00 2.625469e+00 1.901893e+00 1.564564e+00 2.164856e+00 2.810878e+00 2.369809e+00 2.502286e+00 2.550501e+00 1.127985e+01 1.905038e+00 1.308632e+01 2.561862e+00 2.588997e+00 2.612640e+00 2.633869e+00 2.655290e+00 2.679103e+00 2.707147e+00 2.734457e+00 2.703824e+00 2.223451e+00 1.625484e+00
-9.999000e+03 -9.999000e+03 -9.999000e+03 -9.999000e+03 -9.999000e+03 -9.999000e+03 -9.999000e+03 -9.999000e+03 -9.999000e+03 -9.999000e+03 -9.999000e+03 -9.999000e+03 -9.999000e+03 -9.999000e+03 -9.999000e+03 -9.999000e+03 1.056264e-01 1.914677e+00 2.212701e+00 2.409540e+00 2.494448e+00 2.485102e+00 2.412678e+00 2.312684e+00 2.218214e+00 2.161534e+00 2.150785e+00 2.160954e+00 2.173662e+00 3.475501e+01 3.720241e+01 3.878495e+01 2.095329e+00 1.835350e+00 2.311228e+00 2.738214e+00 5.054594e+00 7.428701e+00 2.689958e+00 1.087340e+01 2.239517e+00 1.547294e+01 2.586998e+00 2.617646e+00 2.649685e+00 2.684903e+00 2.719899e+00 2.751944e+00 2.782093e+00 2.782408e+00 2.447903e+00 1.974418e+00
-9.999000e+03 -9.999000e+03 -9.999000e+03 -9.999000e+03 -9.999000e+03 -9.999000e+03 -9.999000e+03 -9.999000e+03 -9.999000e+03 -9.999000e+03 -9.999000e+03 -9.999000e+03 -9.999000e+03 -9.999000e+03 -9.999000e+03 -9.999000e+03 1.748085e+00 1.282335e+00 1.404388e+00 1.534556e+00 1.643596e+00 1.546912e+01 1.467508e+01 1.381946e+01 1.291134e+01 1.195747e+01 1.095402e+01 9.890950e+00 8.775102e+00 7.620765e+00 6.424302e+00 5.176593e+00 4.261646e+01 4.325793e+01 4.355595e+01 4.428500e+01 4.266375e+01 4.100697e+01 4.675544e+01 4.801095e+01 5.761455e+01 5.860244e+01 1.772774e+01 2.802746e+00 2.849632e+00 2.706436e+00 2.752174e+00 2.788129e+00 2.820588e+00 2.840723e+00 2.616776e+00 2.243775e+00
-9.999000e+03 -9.999000e+03 -9.999000e+03 -9.999000e+03 -9.999000e+03 -9.999000e+03 -9.999000e+03 -9.999000e+03 -9.999000e+03 -9.999000e+03 -9.999000e+03 -9.999000e+03 -9.999000e+03 -9.999000e+03 -9.999000e+03 1.748089e+00 1.248746e+00 1.327187e+00 1.238749e+01 1.345149e+01 1.453857e+01 1.867064e+00 3.639276e+00 5.348484e+00 5.122688e+00 8.562598e+00 1.011411e+01 1.161561e+01 1.107397e+01 1.047789e+01 9.825529e+00 9.107714e+00 8.315289e+00 7.433571e+00 6.479195e+00 5.485985e+00 2.372105e+01 2.413542e+01 2.485647e+01 2.611642e+01 2.738219e+01 2.861146e+01 8.599627e+01 1.024850e+02 1.040345e+02 2.978170e+00 5.561951e+00 2.800440e+00 2.841823e+00 2.875113e+00 2.728205e+00 2.432563e+00
-9.999000e+03 -9.999000e+03 -9.999000e+03 -9.999000e+03 -9.999000e+03 -9.999000e+03 -9.999000e+03 -9.999000e+03 -9.999000e+03 -9.999000e+03 -9.999000e+03 -9.999000e+03 -9.999000e+03 -9.999000e+03 1.747729e+00 3.493629e+00 1.081161e+01 1.186319e+01 1.579426e+00 1.699514e+00 1.760683e+00 1.808929e+00 1.853374e+00 1.993161e+00 3.757054e+00 1.949160e+00 1.975382e+00 1.852404e+00 1.902967e+00 2.118210e+00 2.278858e+00 9.192471e+00 1.090704e+01 1.254101e+01 1.407813e+01 1.925414e+01 1.451112e+00 1.771099e+00 2.319719e+00 2.342491e+00 2.338163e+00 2.375748e+00 4.927020e+00 7.258809e+00 9.516612e+00 1.123184e+02 1.140371e+02 1.183269e+02 2.968210e+00 5.808808e+00 2.764655e+00 2.529240e+00
-9.999000e+03 -9.999000e+03 -9.999000e+03 -9.999000e+03 -9.999000e+03 -9.999000e+03 -9.999000e+03 -9.999000e+03 -9.999000e+03 -9.999000e+03 -9.999000e+03 -9.999000e+03 -9.999000e+03 -9.999000e+03 1.747999e+00 8.047115e+00 1.785150e+00 1.570880e+00 2.024035e+00 1.584606e+00 1.635081e+00 1.678692e+00 1.863812e+00 1.742129e+00 1.760894e+00 1.782395e+00 1.805084e+00 1.852574e+00 3.636635e+00 5.375645e+00 7.049748e+00 1.981570e+00 2.026942e+00 2.036442e+00 5.757129e+00 1.038324e+00 1.399492e+00 2.084942e+00 2.072993e+00 2.035080e+00 2.069936e+00 2.410375e+00 2.308817e+00 2.347295e+00 2.496077e+00 4.906784e+00 7.005136e+00 9.095277e+00 1.282791e+02 1.300065e+02 1.345554e+02 2.866450e+00
-9.999000e+03 -9.999000e+03 -9.999000e+03 -9.999000e+03 -9.999000e+03 -9.999000e+03 -9.999000e+03 -9.999000e+03 -9.999000e+03 -9.999000e+03 -9.999000e+03 -9.999000e+03 -9.999000e+03 3.493098e+00 7.614335e+00 1.936328e+00 1.533524e+00 2.750003e+00 1.512576e+00 1.591375e+00 1.651669e+00 1.685607e+00 1.711082e+00 1.720015e+00 1.751419e+00 1.763471e+00 1.794421e+00 1.845809e+00 1.906443e+00 1.941891e+00 1.888780e+00 1.981323e+00 2.001900e+00 6.067534e+00 5.970789e-01 1.059664e+00 2.002964e+00 1.952645e+00 1.863804e+00 1.883648e+00 2.121128e+00 1.951205e+00 1.988204e+00 2.168039e+00 2.207534e+00 2.000334e+00 2.092832e+00 2.099285e+00 2.097098e+00 4.106267e+00 5.936677e+00 1.392681e+02
-9.999000e+03 -9.999000e+03 -9.999000e+03 -9.999000e+03 -9.999000e+03 -9.999000e+03 -9.999000e+03 -9.999000e+03 -9.999000e+03 -9.999000e+03 -9.999000e+03 -9.999000e+03 1.747639e+00 5.234315e+00 2.121199e+00 1.502604e+00 3.612345e+00 1.377546e+00 1.501542e+00 1.602723e+00 1.651481e+00 1.682837e+00 1.677966e+00 1.726026e+00 1.725607e+00 1.747559e+00 1.781440e+00 1.830974e+00 1.843570e+00 1.738754e+00 1.894317e+00 1.932510e+00 4.886496e+00 1.403072e+00 6.006025e-01 1.889236e+00 1.792096e+00 1.646607e+00 1.653376e+00 1.990249e+00 1.696128e+00 1.724086e+00 1.756204e+00 1.795304e+00 1.537051e+00 1.654339e+00 1.663866e+00 1.675693e+00 1.751019e+00 1.732120e+00 2.860358e+00 4.635595e+00
-9.999000e+03 -9.999000e+03 -9.999000e+03 -9.999000e+03 -9.999000e+03 -9.999000e+03 -9.999000e+03 -9.999000e+03 -9.999000e+03 -9.999000e+03 -9.999000e+03 -9.999000e+03 3.491800e+00 2.316525e+00 1.526797e+00 4.518572e+00 1.176990e+00 1.354773e+00 1.513736e+00 1.589250e+00 1.639509e+00 1.622872e+00 1.718137e+00 1.691896e+00 1.708369e+00 1.731853e+00 1.766256e+00 1.728592e+00 1.537598e+00 1.775046e+00 1.845163e+00 4.417919e+00 6.039057e-01 1.047995e+00 1.747666e+00 1.583022e+00 1.368861e+00 1.364700e+00 1.846670e+00 1.384163e+00 1.403364e+00 1.430779e+00 1.469716e+00 1.129668e+00 1.130210e+00 1.136366e+00 1.145188e+00 1.246284e+00 1.246293e+00 2.680863e+00 1.691642e+00 1.662584e+00
-9.999000e+03 -9.999000e+03 -9.999000e+03 -9.999000e+03 -9.999000e+03 -9.999000e+03 -9.999000e+03 -9.999000e+03 -9.999000e+03 -9.999000e+03 -9.999000e+03 1.746961e+00 2.557651e+00 1.647800e+00 5.433036e+00 8.972393e-01 1.144848e+00 1.384311e+00 1.493643e+00 1.565553e+00 1.526289e+00 1.724859e+00 1.653654e+00 1.670400e+00 1.691162e+00 1.719561e+00 1.599277e+00 1.285526e+00 1.634933e+00 1.758098e+00 1.608252e+00 2.863162e+00 5.882156e-01 1.577097e+00 1.318344e+00 1.021434e+00 1.011510e+00 1.693211e+00 1.011903e+00 1.020041e+00 1.036831e+00 1.071491e+00 6.297821e-01 6.283863e-01 6.300193e-01 6.343775e-01 6.377770e-01 6.404564e-01 2.424829e+00 1.215658e+00 1.202550e+00 1.199300e+00
-9.999000e+03 -9.999000e+03 -9.999000e+03 -9.999000e+03 -9.999000e+03 -9.999000e+03 -9.999000e+03 -9.999000e+03 -9.999000e+03 -9.999000e+03 1.746625e+00 3.488964e+00 1.870011e+00 6.351563e+00 5.121216e-01 8.597928e-01 1.216838e+00 1.374322e+00 1.469204e+00 1.371059e+00 1.763345e+00 1.595325e+00 1.620432e+00 1.647558e+00 1.679216e+00 1.443628e+00 9.697025e-01 1.466756e+00 1.675287e+00 1.436024e+00 1.412404e+00 1.387769e+00 1.375899e+00 9.802934e-01 5.821193e-01 5.716987e-01 1.520524e+00 5.655982e-01 5.669097e-01 5.705840e-01 5.877046e-01 6.137782e-01 1.099217e+00 1.479961e+00 1.777319e+00 2.009144e+00 2.187414e+00 2.321677e+00 6.306339e-01 6.231631e-01 6.229586e-01 6.953869e-01
-9.999000e+03 -9.999000e+03 -9.999000e+03 -9.999000e+03 -9.999000e+03 -9.999000e+03 -9.999000e+03 -9.999000e+03 -9.999000e+03 -9.999000e+03 1.745976e+00 2.151388e+00 6.476162e+00 8.001451e-01 4.865776e-01 1.015627e+00 1.244955e+00 1.369593e+00 1.154105e+00 1.865244e+00 1.519986e+00 1.555798e+00 1.595043e+00 1.637368e+00 1.232048e+00 5.570274e-01 1.247881e+00 1.575267e+00 1.225141e+00 1.199326e+00 1.168536e+00 1.147602e+00 5.477663e-01 5.713977e-01 1.000356e+00 1.303839e+00 5.532057e-01 9.481450e-01 1.233824e+00 1.445896e+00 5.843605e-01 6.116072e-01 1.093333e+00 1.467769e+00 1.755844e+00 1.975843e+00 2.142524e+00 2.268012e+00 2.357847e+00 2.413522e+00 2.445286e+00 2.467814e+00
-9.999000e+03 -9.999000e+03 -9.999000e+03 -9.999000e+03 -9.999000e+03 -9.999000e+03 -9.999000e+03 -9.999000e+03 -9.999000e+03 1.746055e+00 2.493228e+00 6.418504e+00 9.567984e-01 4.777210e-01 7.823712e-01 1.119008e+00 1.290356e+00 8.670215e-01 2.031884e+00 1.437808e+00 1.481172e+00 1.533710e+00 1.590184e+00 9.448056e-01 5.520748e-01 9.520813e-01 1.435474e+00 9.379528e-01 9.244718e-01 8.956817e-01 8.720614e-01 5.310708e-01 9.260397e-01 1.238122e+00 1.478559e+00 1.646932e+00 1.752864e+00 1.808884e+00 5.654236e-01 5.824394e-01 1.638939e+00 1.058293e+00 1.434452e+00 1.720331e+00 1.930193e+00 2.080014e+00 2.187040e+00 2.267633e+00 2.329400e+00 2.375128e+00 2.407554e+00 2.429265e+00
-9.999000e+03 -9.999000e+03 -9.999000e+03 -9.999000e+03 -9.999000e+03 -9.999000e+03 -9.999000e+03 -9.999000e+03 -9.999000e+03 1.746866e+00 6.088276e+00 1.193845e+00 7.659055e-01 4.712467e-01 9.825057e-01 1.243792e+00 4.968527e-01 2.235246e+00 1.370484e+00 1.409210e+00 1.468252e+00 1.536285e+00 5.472168e-01 5.538302e-01 9.551060e-01 1.236766e+00 5.434591e-01 5.403872e-01 5.298468e-01 5.090304e-01 5.103441e-01 8.928403e-01 1.192054e+00 1.431662e+00 1.619412e+00 1.757692e+00 1.851754e+00 5.719873e-01 1.855209e+00 1.016856e+00 1.047780e+00 1.813421e+00 1.960376e+00 2.071146e+00 2.147764e+00 2.199154e+00 2.235127e+00 2.265466e+00 2.294767e+00 2.324416e+00 3.079322e+01 3.142315e+01
-9.999000e+03 -9.999000e+03 -9.999000e+03 -9.999000e+03 -9.999000e+03 -9.999000e+03 -9.999000e+03 -9.999000e+03 3.490703e+00 2.539098e+00 4.299812e+00 1.148308e+00 4.657122e-01 7.794349e-01 1.205152e+00 1.275764e+00 2.443338e+00 1.337826e+00 1.362058e+00 1.414746e+00 1.482289e+00 9.265937e-01 1.211405e+00 1.421613e+00 1.567816e+00 7.903702e+00 8.846170e+00 8.134051e+00 7.340454e+00 6.453218e+00 5.501240e+00 4.526495e+00 3.548974e+00 2.602953e+00 1.860925e+00 1.881745e+00 1.940691e+00 3.714204e+00 4.135092e+00 5.761805e+00 6.486007e+00 7.180610e+00 6.768256e+00 6.296524e+00 5.774375e+00 5.215268e+00 4.626052e+00 4.014577e+00 3.401175e+00 3.009399e+01 2.268481e+00 2.257372e+00
-9.999000e+03 -9.999000e+03 -9.999000e+03 -9.999000e+03 -9.999000e+03 -9.999000e+03 -9.999000e+03 1.746553e+00 3.489054e+00 4.143345e+00 8.295930e-01 1.024859e+00 4.721105e-01 1.135209e+00 1.242555e+00 1.325205e+00 1.343020e+00 1.355111e+00 1.393101e+00 1.436937e+00 5.377110e-01 5.430107e-01 9.387878e-01 5.920642e+00 6.889593e+00 1.578670e+00 1.241611e+00 1.435848e+00 1.554569e+00 1.605115e+00 1.624566e+00 1.653119e+00 1.702744e+00 1.771285e+00 1.846488e+00 1.914022e+00 1.964598e+00 1.993276e+00 2.010491e+00 2.031746e+00 2.058208e+00 2.083796e+00 2.104986e+00 2.119725e+00 2.130996e+00 2.144738e+00 2.158183e+00 2.164096e+00 2.831292e+01 2.302466e+00 2.285106e+00 2.265848e+00
-9.999000e+03 -9.999000e+03 -9.999000e+03 -9.999000e+03 -9.999000e+03 -9.999000e+03 -9.999000e+03 1.745744e+00 5.124308e-01 4.276054e+00 4.933496e-01 8.081395e-01 1.016177e+00 1.174028e+00 1.317995e+00 1.349998e+00 1.373423e+00 1.416667e+00 1.409151e+00 1.460917e+00 2.824628e+00 4.123787e+00 5.377849e+00 1.437015e+00 1.442368e+00 9.573325e-01 5.570815e-01 9.607046e-01 1.246479e+00 1.432168e+00 1.554009e+00 1.648821e+00 1.730191e+00 1.802758e+00 1.865789e+00 1.915520e+00 1.934335e+01 2.013534e+01 2.093146e+01 2.173898e+01 2.255836e+01 2.338576e+01 2.422063e+01 2.276425e+01 2.127836e+01 1.976259e+01 2.694431e+01 2.775974e+01 2.350587e+00 2.328093e+00 2.301718e+00 2.273456e+00
-9.999000e+03 -9.999000e+03 -9.999000e+03 -9.999000e+03 -9.999000e+03 -9.999000e+03 -9.999000e+03 7.643197e-02 3.762106e+00 1.130657e+00 4.761265e-01 8.054026e-01 1.048405e+00 1.285044e+00 1.339416e+00 1.377345e+00 1.466731e+00 1.391372e+00 1.422240e+00 1.458972e+00 1.511036e+00 1.571184e+00 1.236655e+00 1.239105e+00 5.508896e-01 5.599002e-01 9.712496e-01 1.267822e+00 1.473232e+00 1.604996e+00 1.687264e+00 1.745187e+00 1.790849e+00 1.691572e+01 1.778360e+01 1.863562e+01 2.045721e+00 2.090058e+00 2.133261e+00 2.177135e+00 2.220703e+00 2.261640e+00 2.300045e+00 4.514308e+00 6.657735e+00 8.729699e+00 2.399399e+00 2.393148e+00 2.376527e+00 2.349394e+00 2.316930e+00 2.286360e+00
