tests/data/reference/test_stream_rill/cvsur_m3.asc
ncols	123
nrows	77
xllcorner	-713746.79929998
yllcorner	-1061022.36961616
cellsize	10.0
NODATA_value	-9999
[rows 46 to 68 of 77, columns 0 to 51 of 123]
-9.999000e+03 -9.999000e+03 -9.999000e+03 -9.999000e+03 -9.999000e+03 -9.999000e+03 1.746271e+00 3.350232e+00 9.998200e-01 1.025750e+00 4.789867e-01 8.298822e-01 1.202002e+00 1.291341e+00 1.356762e+00 1.543820e+00 1.347676e+00 1.386694e+00 1.408159e+00 1.445316e+00 1.501248e+00 9.463440e-01 9.555047e-01 9.541117e-01 1.243606e+00 1.459924e+00 1.615304e+00 1.713614e+00 1.769778e+00 1.800580e+00 1.815991e+00 1.522641e+01 1.619853e+01 1.986708e+00 2.013434e+00 2.044759e+00 2.075949e+00 2.106990e+00 2.140079e+00 2.178819e+00 2.222831e+00 2.265148e+00 2.305634e+00 2.344752e+00 2.377276e+00 2.396743e+00 2.403859e+00 2.401914e+00 2.390953e+00 2.367347e+00 2.335698e+00 2.306332e+00
-9.999000e+03 -9.999000e+03 -9.999000e+03 -9.999000e+03 -9.999000e+03 -9.999000e+03 2.022283e+00 1.881213e+00 8.109036e-01 8.283203e-01 4.991910e-01 1.045981e+00 1.182479e+00 1.292785e+00 1.676907e+00 1.261799e+00 1.337340e+00 1.372641e+00 1.398877e+00 1.439697e+00 5.421339e-01 5.509076e-01 5.552321e-01 5.548717e-01 9.617049e-01 1.267881e+00 1.491199e+00 1.110652e+01 1.221958e+01 1.331013e+01 1.438324e+01 2.000369e+00 2.012718e+00 2.029970e+00 2.048439e+00 2.064952e+00 2.081356e+00 2.101847e+00 2.130416e+00 2.170367e+00 2.212687e+00 2.255547e+00 2.296527e+00 2.334794e+00 2.364838e+00 2.382672e+00 2.391495e+00 2.395005e+00 2.391232e+00 2.374839e+00 2.350621e+00 2.327929e+00
-9.999000e+03 -9.999000e+03 -9.999000e+03 -9.999000e+03 -9.999000e+03 1.745143e+00 1.422370e+00 2.072078e+00 4.886957e-01 4.930885e-01 8.044178e-01 1.002365e+00 1.180345e+00 1.859783e+00 1.099329e+00 1.244309e+00 1.327335e+00 1.370972e+00 1.400561e+00 1.439841e+00 2.778846e+00 4.059303e+00 5.307181e+00 7.139639e+00 8.128808e+00 9.217777e+00 1.034862e+01 1.912254e+00 1.944977e+00 1.983281e+00 2.010826e+00 2.026468e+00 2.040867e+00 2.051728e+00 2.059088e+00 2.064537e+00 2.072441e+00 2.089289e+00 2.122039e+00 2.157406e+00 2.197909e+00 2.237828e+00 2.277172e+00 2.311755e+00 2.338032e+00 2.356198e+00 2.369162e+00 2.377743e+00 2.377111e+00 2.369533e+00 2.358048e+00 2.088972e+00
-9.999000e+03 -9.999000e+03 -9.999000e+03 -9.999000e+03 3.978603e+00 5.467185e-01 9.975719e-01 1.679441e+00 4.747930e-01 4.646992e-01 7.599083e-01 1.046930e+00 2.079689e+00 8.418995e-01 1.070241e+00 1.219548e+00 1.312794e+00 1.362633e+00 1.392550e+00 1.428311e+00 1.480530e+00 1.544017e+00 2.261269e+00 1.508368e+00 1.681871e+00 1.791268e+00 1.857056e+00 1.903525e+00 1.951000e+00 1.987224e+00 2.013608e+00 2.034588e+00 2.045002e+00 2.048816e+00 2.048889e+00 2.048411e+00 2.053249e+00 2.080303e+00 2.106334e+00 2.143075e+00 2.178815e+00 2.216205e+00 2.250851e+00 2.279470e+00 2.302513e+00 2.322757e+00 2.342622e+00 2.351734e+00 2.355801e+00 2.356046e+00 1.966448e+00 1.952198e+00
-9.999000e+03 -9.999000e+03 -9.999000e+03 -9.999000e+03 2.239678e+00 1.227048e+00 7.844842e-01 9.015036e-01 7.217941e-01 4.455637e-01 9.158805e-01 2.310125e+00 4.866139e-01 8.181553e-01 1.039777e+00 1.187728e+00 1.285254e+00 1.335933e+00 1.359293e+00 1.394002e+00 1.443943e+00 2.449727e+00 1.279911e+00 1.507610e+00 1.656024e+00 1.745233e+00 1.807246e+00 1.873319e+00 1.920711e+00 1.958346e+00 1.995501e+00 2.015296e+00 2.022955e+00 2.022943e+00 2.019427e+00 2.017183e+00 2.042828e+00 2.055970e+00 2.090355e+00 2.121756e+00 2.156928e+00 2.190489e+00 2.218729e+00 2.241782e+00 2.263518e+00 2.292278e+00 2.309505e+00 2.323125e+00 2.326332e+00 1.761471e+00 1.760041e+00 1.743851e+00
-9.999000e+03 -9.999000e+03 -9.999000e+03 1.745460e+00 4.954602e-01 1.178770e+00 4.574783e-01 6.767426e-01 4.319640e-01 7.711960e-01 1.586567e+00 9.261599e-01 4.714906e-01 7.873330e-01 9.968129e-01 1.144584e+00 1.243467e+00 1.277749e+00 1.295578e+00 1.324007e+00 2.621205e+00 9.656895e-01 1.256910e+00 1.450748e+00 1.569322e+00 1.646140e+00 1.732124e+00 1.793523e+00 1.846130e+00 1.902947e+00 1.936429e+00 1.954507e+00 1.961617e+00 1.961367e+00 1.958923e+00 1.999005e+00 1.999463e+00 2.034452e+00 2.060035e+00 2.093635e+00 2.128168e+00 2.157392e+00 2.179947e+00 2.200728e+00 2.237590e+00 2.255864e+00 2.277290e+00 2.279219e+00 1.472322e+00 1.476309e+00 1.472024e+00 1.456573e+00
-9.999000e+03 -9.999000e+03 -9.999000e+03 1.744360e+00 1.221820e+00 6.426048e-01 4.201556e-01 3.925176e-01 5.821266e-01 6.046204e-01 1.069473e+00 8.060272e-01 4.489102e-01 7.394574e-01 9.433363e-01 1.091410e+00 1.154487e+00 1.176018e+00 1.186027e+00 2.750371e+00 5.443348e-01 9.253211e-01 1.176640e+00 1.326297e+00 1.417188e+00 1.528276e+00 1.600016e+00 1.666257e+00 1.750922e+00 1.801535e+00 1.831766e+00 1.848294e+00 1.854883e+00 1.856362e+00 1.928384e+00 1.918229e+00 1.966130e+00 1.987627e+00 2.018832e+00 2.053658e+00 2.086883e+00 2.111788e+00 2.133023e+00 2.184807e+00 2.198771e+00 2.222880e+00 2.214996e+00 1.095281e+00 1.099484e+00 1.098980e+00 1.093105e+00 8.976409e+00
-9.999000e+03 -9.999000e+03 4.569712e+00 5.659164e-02 6.235412e-01 5.843111e-01 3.611208e-01 3.381933e-01 3.567163e-01 3.268826e-01 7.449733e-01 6.697244e-01 4.109845e-01 6.852386e-01 8.893632e-01 9.690101e-01 1.002902e+00 1.017162e+00 1.675490e+00 1.149104e+00 5.101065e-01 8.448549e-01 1.034573e+00 1.130099e+00 1.272072e+00 1.353039e+00 1.428969e+00 1.545693e+00 1.616640e+00 1.662218e+00 1.689947e+00 1.702953e+00 1.706179e+00 1.828100e+00 1.795318e+00 1.867405e+00 1.889533e+00 1.926000e+00 1.959862e+00 1.993032e+00 2.021338e+00 2.045989e+00 2.126738e+00 2.135278e+00 2.162662e+00 2.134302e+00 6.131220e-01 6.175326e-01 6.181953e-01 6.155098e-01 9.449224e+00 2.269663e+00
-9.999000e+03 -9.999000e+03 2.893354e+00 6.400955e-01 4.174571e-01 3.653954e-01 3.140498e-01 3.627336e-01 5.323186e-01 4.033267e-01 3.368499e-01 5.259582e-01 3.730693e-01 6.422619e-01 7.263307e-01 7.566457e-01 7.713676e-01 7.888251e-01 7.852236e-01 1.016386e+00 4.603083e-01 7.104164e-01 8.000570e-01 9.778325e-01 1.060056e+00 1.141693e+00 1.297416e+00 1.384023e+00 1.444487e+00 1.486123e+00 1.508378e+00 1.512810e+00 1.709793e+00 1.632264e+00 1.737696e+00 1.749091e+00 1.797643e+00 1.841101e+00 1.873500e+00 1.897993e+00 1.923275e+00 2.050231e+00 2.048914e+00 2.085414e+00 2.030778e+00 2.042164e+00 2.151059e+00 2.230708e+00 7.881507e+00 9.843715e+00 2.201865e+00 2.198301e+00
-9.999000e+03 1.737761e+00 4.869094e+00 8.942101e-01 4.020861e-01 2.687816e-01 3.760394e-01 3.750227e-01 -9.999000e+03 -9.999000e+03 -9.999000e+03 3.334427e-01 3.543869e-01 4.170192e-01 4.408432e-01 4.421407e-01 4.526568e-01 4.700377e-01 4.519695e-01 3.791696e-01 3.596187e-01 4.268771e-01 6.637799e-01 7.353950e-01 8.085697e-01 1.014218e+00 1.107283e+00 1.172125e+00 1.222716e+00 1.255254e+00 1.266583e+00 1.583906e+00 1.433479e+00 1.592743e+00 1.573609e+00 1.627328e+00 1.682267e+00 1.722172e+00 1.743170e+00 1.762310e+00 1.953976e+00 1.924664e+00 1.971825e+00 1.885085e+00 1.892594e+00 2.162373e+00 4.048176e+00 5.856671e+00 2.271152e+00 2.094268e+00 2.092703e+00 2.093405e+00
-9.999000e+03 4.636458e+00 9.468159e-01 4.006769e-01 3.510281e-01 3.575046e-01 -9.999000e+03 -9.999000e+03 -9.999000e+03 -9.999000e+03 -9.999000e+03 -9.999000e+03 3.708087e-01 4.055421e-01 6.600849e-01 8.173910e-01 4.420839e-01 7.355631e-01 8.952057e-01 8.625193e-01 3.288370e-01 3.355834e-01 3.897329e-01 4.411437e-01 7.116136e-01 7.938235e-01 8.480004e-01 8.942367e-01 9.284699e-01 9.442947e-01 1.448729e+00 1.192563e+00 1.441978e+00 1.366008e+00 1.418892e+00 1.478772e+00 1.525853e+00 1.546717e+00 1.558812e+00 1.845133e+00 1.759264e+00 1.812089e+00 1.681908e+00 1.688319e+00 2.074764e+00 1.889665e+00 1.906905e+00 2.213784e+00 1.935838e+00 1.936926e+00 1.934770e+00 2.241888e+00
1.745550e+00 1.156060e+00 5.809586e-01 3.544976e-01 2.553673e-01 4.051457e-01 -9.999000e+03 -9.999000e+03 -9.999000e+03 -9.999000e+03 -9.999000e+03 -9.999000e+03 -9.999000e+03 -9.999000e+03 -9.999000e+03 4.476880e-01 9.468931e-01 4.630658e-01 4.479856e-01 4.235073e-01 1.133962e+00 -9.999000e+03 -9.999000e+03 3.895902e-01 4.423240e-01 4.696023e-01 4.961566e-01 5.198951e-01 5.310567e-01 1.302510e+00 8.876770e-01 1.289192e+00 1.117495e+00 1.164173e+00 1.222483e+00 1.271774e+00 1.295283e+00 1.302367e+00 1.726362e+00 1.545411e+00 1.599466e+00 1.408965e+00 1.416375e+00 1.959036e+00 1.675175e+00 1.686444e+00 2.144986e+00 1.713999e+00 1.719961e+00 1.717118e+00 2.166244e+00 1.912645e+00
1.742555e+00 3.430739e-01 3.281005e-01 3.272136e-01 4.095191e-01 -9.999000e+03 -9.999000e+03 -9.999000e+03 -9.999000e+03 -9.999000e+03 -9.999000e+03 -9.999000e+03 -9.999000e+03 -9.999000e+03 -9.999000e+03 -9.999000e+03 -9.999000e+03 -9.999000e+03 -9.999000e+03 -9.999000e+03 -9.999000e+03 -9.999000e+03 -9.999000e+03 3.751592e-01 4.302105e-01 4.484275e-01 7.584829e-01 9.908958e-01 1.155854e+00 4.984623e-01 1.135523e+00 8.181836e-01 8.521097e-01 9.019326e-01 9.465531e-01 9.674530e-01 9.755976e-01 1.603971e+00 1.277138e+00 1.323325e+00 1.051701e+00 1.059970e+00 1.805498e+00 1.400114e+00 1.403253e+00 2.069339e+00 1.421263e+00 1.427934e+00 1.429136e+00 2.073785e+00 1.676411e+00 2.157048e+00
-9.999000e+03 4.199608e-01 4.054443e-01 4.475076e-01 -9.999000e+03 -9.999000e+03 -9.999000e+03 -9.999000e+03 -9.999000e+03 -9.999000e+03 -9.999000e+03 -9.999000e+03 -9.999000e+03 -9.999000e+03 -9.999000e+03 -9.999000e+03 -9.999000e+03 -9.999000e+03 -9.999000e+03 -9.999000e+03 -9.999000e+03 -9.999000e+03 -9.999000e+03 -9.999000e+03 -9.999000e+03 -9.999000e+03 4.699960e-01 4.896286e-01 8.131816e-01 9.868342e-01 4.549070e-01 4.738300e-01 5.027208e-01 5.346738e-01 5.481712e-01 5.513443e-01 1.471450e+00 9.498593e-01 9.784208e-01 5.909655e-01 5.989329e-01 1.602134e+00 1.047984e+00 1.048738e+00 1.993700e+00 1.054127e+00 1.057142e+00 1.058471e+00 1.962602e+00 1.388279e+00 2.089956e+00 1.100577e+00
-9.999000e+03 -9.999000e+03 -9.999000e+03 -9.999000e+03 -9.999000e+03 -9.999000e+03 -9.999000e+03 -9.999000e+03 -9.999000e+03 -9.999000e+03 -9.999000e+03 -9.999000e+03 -9.999000e+03 -9.999000e+03 -9.999000e+03 -9.999000e+03 -9.999000e+03 -9.999000e+03 -9.999000e+03 -9.999000e+03 -9.999000e+03 -9.999000e+03 -9.999000e+03 -9.999000e+03 -9.999000e+03 -9.999000e+03 -9.999000e+03 -9.999000e+03 4.788738e-01 7.509834e-01 4.324107e-01 4.515000e-01 4.873999e-01 8.579709e-01 1.133889e+00 1.318727e+00 5.358340e-01 5.523358e-01 5.670718e-01 1.001477e+00 1.337752e+00 5.919419e-01 5.942865e-01 1.912131e+00 5.961321e-01 5.964448e-01 5.952936e-01 1.821063e+00 1.034161e+00 2.053009e+00 6.076727e-01 6.270444e-01
-9.999000e+03 -9.999000e+03 -9.999000e+03 -9.999000e+03 -9.999000e+03 -9.999000e+03 -9.999000e+03 -9.999000e+03 -9.999000e+03 -9.999000e+03 -9.999000e+03 -9.999000e+03 -9.999000e+03 -9.999000e+03 -9.999000e+03 -9.999000e+03 -9.999000e+03 -9.999000e+03 -9.999000e+03 -9.999000e+03 -9.999000e+03 -9.999000e+03 -9.999000e+03 -9.999000e+03 -9.999000e+03 -9.999000e+03 -9.999000e+03 -9.999000e+03 -9.999000e+03 4.437680e-01 9.109686e-01 7.436461e-01 7.981963e-01 5.351134e-01 5.411956e-01 5.256902e-01 5.267019e-01 5.463283e-01 9.559964e-01 1.269200e+00 1.506107e+00 1.680134e+00 1.809126e+00 5.923585e-01 1.043480e+00 1.386524e+00 1.638127e+00 5.831884e-01 2.033675e+00 5.962198e-01 1.061294e+00 1.437459e+00
-9.999000e+03 -9.999000e+03 -9.999000e+03 -9.999000e+03 -9.999000e+03 -9.999000e+03 -9.999000e+03 -9.999000e+03 -9.999000e+03 -9.999000e+03 -9.999000e+03 -9.999000e+03 -9.999000e+03 -9.999000e+03 -9.999000e+03 -9.999000e+03 -9.999000e+03 -9.999000e+03 -9.999000e+03 -9.999000e+03 -9.999000e+03 -9.999000e+03 -9.999000e+03 -9.999000e+03 -9.999000e+03 -9.999000e+03 -9.999000e+03 -9.999000e+03 -9.999000e+03 -9.999000e+03 7.650588e-01 -9.999000e+03 -9.999000e+03 -9.999000e+03 -9.999000e+03 -9.999000e+03 -9.999000e+03 -9.999000e+03 5.595735e-01 9.742746e-01 1.280440e+00 1.497675e+00 1.654328e+00 1.776519e+00 1.873962e+00 1.950033e+00 2.001676e+00 2.020337e+00 5.770929e-01 1.029757e+00 1.390647e+00 1.676797e+00
-9.999000e+03 -9.999000e+03 -9.999000e+03 -9.999000e+03 -9.999000e+03 -9.999000e+03 -9.999000e+03 -9.999000e+03 -9.999000e+03 -9.999000e+03 -9.999000e+03 -9.999000e+03 -9.999000e+03 -9.999000e+03 -9.999000e+03 -9.999000e+03 -9.999000e+03 -9.999000e+03 -9.999000e+03 -9.999000e+03 -9.999000e+03 -9.999000e+03 -9.999000e+03 -9.999000e+03 -9.999000e+03 -9.999000e+03 -9.999000e+03 -9.999000e+03 -9.999000e+03 -9.999000e+03 -9.999000e+03 -9.999000e+03 -9.999000e+03 -9.999000e+03 -9.999000e+03 -9.999000e+03 -9.999000e+03 -9.999000e+03 -9.999000e+03 -9.999000e+03 -9.999000e+03 5.608233e-01 5.666955e-01 5.820830e-01 1.025187e+00 1.359669e+00 1.599274e+00 1.748673e+00 1.844443e+00 1.926942e+00 2.003296e+00 2.069859e+00
-9.999000e+03 -9.999000e+03 -9.999000e+03 -9.999000e+03 -9.999000e+03 -9.999000e+03 -9.999000e+03 -9.999000e+03 -9.999000e+03 -9.999000e+03 -9.999000e+03 -9.999000e+03 -9.999000e+03 -9.999000e+03 -9.999000e+03 -9.999000e+03 -9.999000e+03 -9.999000e+03 -9.999000e+03 -9.999000e+03 -9.999000e+03 -9.999000e+03 -9.999000e+03 -9.999000e+03 -9.999000e+03 -9.999000e+03 -9.999000e+03 -9.999000e+03 -9.999000e+03 -9.999000e+03 -9.999000e+03 -9.999000e+03 -9.999000e+03 -9.999000e+03 -9.999000e+03 -9.999000e+03 -9.999000e+03 -9.999000e+03 -9.999000e+03 -9.999000e+03 -9.999000e+03 -9.999000e+03 -9.999000e+03 -9.999000e+03 5.922319e-01 5.886370e-01 1.022831e+00 1.332401e+00 5.776440e-01 1.034027e+00 1.390349e+00 1.646840e+00
-9.999000e+03 -9.999000e+03 -9.999000e+03 -9.999000e+03 -9.999000e+03 -9.999000e+03 -9.999000e+03 -9.999000e+03 -9.999000e+03 -9.999000e+03 -9.999000e+03 -9.999000e+03 -9.999000e+03 -9.999000e+03 -9.999000e+03 -9.999000e+03 -9.999000e+03 -9.999000e+03 -9.999000e+03 -9.999000e+03 -9.999000e+03 -9.999000e+03 -9.999000e+03 -9.999000e+03 -9.999000e+03 -9.999000e+03 -9.999000e+03 -9.999000e+03 -9.999000e+03 -9.999000e+03 -9.999000e+03 -9.999000e+03 -9.999000e+03 -9.999000e+03 -9.999000e+03 -9.999000e+03 -9.999000e+03 -9.999000e+03 -9.999000e+03 -9.999000e+03 -9.999000e+03 -9.999000e+03 -9.999000e+03 -9.999000e+03 -9.999000e+03 -9.999000e+03 -9.999000e+03 -9.999000e+03 -9.999000e+03 -9.999000e+03 6.010759e-01 1.031812e+00
-9.999000e+03 -9.999000e+03 -9.999000e+03 -9.999000e+03 -9.999000e+03 -9.999000e+03 -9.999000e+03 -9.999000e+03 -9.999000e+03 -9.999000e+03 -9.999000e+03 -9.999000e+03 -9.999000e+03 -9.999000e+03 -9.999000e+03 -9.999000e+03 -9.999000e+03 -9.999000e+03 -9.999000e+03 -9.999000e+03 -9.999000e+03 -9.999000e+03 -9.999000e+03 -9.999000e+03 -9.999000e+03 -9.999000e+03 -9.999000e+03 -9.999000e+03 -9.999000e+03 -9.999000e+03 -9.999000e+03 -9.999000e+03 -9.999000e+03 -9.999000e+03 -9.999000e+03 -9.999000e+03 -9.999000e+03 -9.999000e+03 -9.999000e+03 -9.999000e+03 -9.999000e+03 -9.999000e+03 -9.999000e+03 -9.999000e+03 -9.999000e+03 -9.999000e+03 -9.999000e+03 -9.999000e+03 -9.999000e+03 -9.999000e+03 -9.999000e+03 5.693258e-01
-9.999000e+03 -9.999000e+03 -9.999000e+03 -9.999000e+03 -9.999000e+03 -9.999000e+03 -9.999000e+03 -9.999000e+03 -9.999000e+03 -9.999000e+03 -9.999000e+03 -9.999000e+03 -9.999000e+03 -9.999000e+03 -9.999000e+03 -9.999000e+03 -9.999000e+03 -9.999000e+03 -9.999000e+03 -9.999000e+03 -9.999000e+03 -9.999000e+03 -9.999000e+03 -9.999000e+03 -9.999000e+03 -9.999000e+03 -9.999000e+03 -9.999000e+03 -9.999000e+03 -9.999000e+03 -9.999000e+03 -9.999000e+03 -9.999000e+03 -9.999000e+03 -9.999000e+03 -9.999000e+03 -9.999000e+03 -9.999000e+03 -9.999000e+03 -9.999000e+03 -9.999000e+03 -9.999000e+03 -9.999000e+03 -9.999000e+03 -9.999000e+03 -9.999000e+03 -9.999000e+03 -9.999000e+03 -9.999000e+03 -9.999000e+03 -9.999000e+03 -9.999000e+03
-9.999000e+03 -9.999000e+03 -9.999000e+03 -9.999000e+03 -9.999000e+03 -9.999000e+03 -9.999000e+03 -9.999000e+03 -9.999000e+03 -9.999000e+03 -9.999000e+03 -9.999000e+03 -9.999000e+03 -9.999000e+03 -9.999000e+03 -9.999000e+03 -9.999000e+03 -9.999000e+03 -9.999000e+03 -9.999000e+03 -9.999000e+03 -9.999000e+03 -9.999000e+03 -9.999000e+03 -9.999000e+03 -9.999000e+03 -9.999000e+03 -9.999000e+03 -9.999000e+03 -9.999000e+03 -9.999000e+03 -9.999000e+03 -9.999000e+03 -9.999000e+03 -9.999000e+03 -9.999000e+03 -9.999000e+03 -9.999000e+03 -9.999000e+03 -9.999000e+03 -9.999000e+03 -9.999000e+03 -9.999000e+03 -9.999000e+03 -9.999000e+03 -9.999000e+03 -9.999000e+03 -9.999000e+03 -9.999000e+03 -9.999000e+03 -9.999000e+03 -9.999000e+03
