tests/data/reference/test_stream_rill/cvsur_m3.asc
ncols	123
nrows	77
xllcorner	-713746.79929998
yllcorner	-1061022.36961616
cellsize	10.0
NODATA_value	-9999
[rows 46 to 68 of 77, columns 52 to 103 of 123]
2.278626e+00 2.148921e+00 2.101202e+00 2.057243e+00 2.036716e+00 1.377278e+00 1.382674e+00 1.385854e+00 1.393190e+00 2.028253e+00 1.650792e+00 1.074510e+01 2.147885e+00 1.716592e+00 1.456198e+00 1.454106e+00 2.060887e+00 1.482263e+00 1.515972e+00 1.542300e+00 1.557957e+00 1.576461e+00 1.595759e+00 1.600649e+00 2.584764e+00 0.000000e+00 1.992277e-01 7.038054e-01 1.271848e+00 1.736946e+00 2.103240e+00 0.000000e+00 0.000000e+00 0.000000e+00 2.763981e+00 2.592126e+00 2.705386e+01 2.541920e+00 2.474557e+00 2.390397e+00 2.373771e+00 2.226226e+00 1.967054e+00 1.743865e+00 1.458708e+00 1.090676e+00 6.163583e-01 1.998890e+00 2.130852e+00 2.117809e+00 2.109326e+00 2.126906e+00
2.140454e+00 2.091809e+00 2.033926e+00 1.995737e+00 1.025129e+00 1.030255e+00 1.031416e+00 1.038405e+00 1.945983e+00 1.375241e+00 1.178173e+01 2.095946e+00 1.423655e+00 1.076732e+00 1.072196e+00 1.886129e+00 1.076443e+00 1.100025e+00 1.123517e+00 1.133770e+00 1.142677e+00 1.160041e+00 1.175692e+00 2.504706e+00 6.534539e-01 0.000000e+00 1.991519e-01 8.368018e-01 1.377913e+00 1.836083e+00 2.215530e+00 2.515651e+00 2.716564e+00 0.000000e+00 0.000000e+00 2.557281e+00 2.930786e+01 2.552192e+00 2.498917e+00 2.469487e+00 2.362037e+00 2.169483e+00 1.995043e+00 1.772018e+00 1.483245e+00 1.109192e+00 6.261003e-01 2.120523e+00 2.179593e+00 2.169782e+00 2.176429e+00 2.201904e+00
2.058201e+00 2.003851e+00 1.948836e+00 5.780845e-01 5.842556e-01 5.832712e-01 5.845917e-01 1.845240e+00 1.026736e+00 1.280945e+01 2.069690e+00 1.058941e+00 6.075203e-01 6.041503e-01 1.684039e+00 6.004970e-01 6.066104e-01 6.199724e-01 6.271931e-01 6.289752e-01 6.350292e-01 6.450388e-01 2.409060e+00 1.171046e+00 1.602493e+00 0.000000e+00 1.560688e-01 1.384633e+00 1.858759e+00 2.259657e+00 2.593529e+00 2.859017e+00 3.039135e+00 6.127795e-01 0.000000e+00 2.673612e+00 3.139408e+01 2.562765e+00 2.546192e+00 2.473234e+00 2.333220e+00 2.196242e+00 2.023894e+00 1.800493e+00 1.508581e+00 1.127208e+00 6.337113e-01 2.224179e+00 2.236566e+00 2.227879e+00 2.243909e+00 2.273043e+00
1.920111e+00 1.872359e+00 5.687568e-01 9.955567e-01 1.317424e+00 1.553297e+00 1.720282e+00 5.791809e-01 1.381930e+01 2.071668e+00 5.957661e-01 6.030803e-01 1.066199e+00 1.418874e+00 6.006615e-01 1.058138e+00 1.413444e+00 1.694957e+00 1.915711e+00 2.083386e+00 2.210409e+00 2.310143e+00 6.418480e-01 6.561200e-01 3.181189e+00 0.000000e+00 6.529445e-01 1.172258e+00 1.700735e+00 2.147761e+00 2.523726e+00 2.829680e+00 3.055854e+00 3.134190e+00 0.000000e+00 0.000000e+00 3.303265e+01 2.580731e+00 2.548281e+00 2.457881e+00 2.355812e+00 2.223256e+00 2.052886e+00 1.828662e+00 1.531780e+00 1.141430e+00 6.395780e-01 2.317034e+00 2.303373e+00 2.293165e+00 2.309572e+00 2.334000e+00
1.715640e+00 7.785702e+00 7.067428e+00 6.280699e+00 5.435713e+00 4.543851e+00 3.621768e+00 1.480806e+01 2.098833e+00 5.879909e-01 1.037896e+00 1.386620e+00 1.653349e+00 1.849887e+00 1.990249e+00 2.088341e+00 2.159170e+00 2.217258e+00 2.268365e+00 2.313100e+00 2.351805e+00 2.384188e+00 2.417937e+00 2.463663e+00 2.650914e+00 0.000000e+00 6.546077e-01 6.569720e-01 1.280998e+00 1.810665e+00 2.260353e+00 2.635741e+00 2.930888e+00 6.072088e+00 3.156115e+00 0.000000e+00 3.522579e+01 2.572671e+00 2.533911e+00 2.471239e+00 2.376783e+00 2.249563e+00 2.080832e+00 6.406076e-01 1.855254e+00 2.155744e+00 6.444468e-01 2.403349e+00 2.377355e+00 2.363589e+00 2.373224e+00 2.386066e+00
8.424830e+00 2.311666e+00 4.476305e+00 4.854700e+00 6.831401e+00 1.044171e+01 1.214609e+01 2.143721e+00 2.090325e+00 2.084115e+00 2.086703e+00 2.097624e+00 2.114732e+00 2.134138e+00 2.154351e+00 2.176383e+00 4.242091e+00 4.093829e+00 3.910440e+00 3.698603e+00 3.463344e+00 3.210879e+00 2.967012e+00 2.768352e+00 2.415265e+00 0.000000e+00 6.537817e-01 1.184633e+00 1.622411e+00 2.115895e+00 2.533928e+00 2.882972e+00 3.159215e+00 3.348900e+00 6.039154e+00 0.000000e+00 0.000000e+00 2.733925e+00 2.536553e+00 2.483006e+00 2.396403e+00 2.273869e+00 1.147250e+00 6.407897e-01 2.108315e+00 3.065921e+00 6.480018e-01 2.485336e+00 2.453942e+00 2.435507e+00 2.436010e+00 2.434790e+00
2.305943e+00 2.299134e+00 5.995248e-01 2.299070e+00 4.079614e+00 2.277521e+00 2.186007e+00 2.097369e+00 2.156442e+00 2.145536e+00 2.146020e+00 2.149999e+00 2.153761e+00 2.156615e+00 2.159792e+00 2.166566e+00 6.103928e-01 1.095341e+00 1.486731e+00 1.801181e+00 2.041075e+00 2.199199e+00 2.294821e+00 2.358163e+00 6.339302e-01 0.000000e+00 6.548811e-01 1.187798e+00 1.629949e+00 1.998954e+00 2.448015e+00 2.821609e+00 3.121352e+00 3.343185e+00 3.457446e+00 5.900749e+00 0.000000e+00 5.346799e+00 2.541406e+00 2.493504e+00 2.411827e+00 1.544775e+00 6.379214e-01 1.146856e+00 2.302255e+00 3.241425e+00 1.165659e+00 2.562742e+00 2.530147e+00 2.506729e+00 2.497671e+00 2.483675e+00
2.264522e+00 2.272461e+00 2.306951e+00 4.325368e+00 2.328794e+00 2.205674e+00 2.080619e+00 2.175280e+00 2.207436e+00 4.252919e+00 4.082800e+00 3.856111e+00 3.581856e+00 3.274658e+00 2.956905e+00 2.660664e+00 2.431233e+00 2.309846e+00 2.292087e+00 2.336406e+00 2.397053e+00 2.432258e+00 4.734156e+00 5.168164e+00 4.961453e+00 0.000000e+00 6.571933e-01 1.192759e+00 1.638784e+00 2.014068e+00 2.323643e+00 2.723822e+00 3.047343e+00 3.301352e+00 3.496900e+00 9.150159e+00 0.000000e+00 0.000000e+00 2.730865e+00 2.500498e+00 1.847931e+00 6.269841e-01 1.133778e+00 1.547169e+00 2.447460e+00 3.341491e+00 1.583019e+00 2.633802e+00 2.603895e+00 2.576147e+00 2.557388e+00 2.534786e+00
2.202168e+00 2.339322e+00 4.492268e+00 2.360248e+00 2.194860e+00 2.024347e+00 2.178457e+00 2.228441e+00 2.156359e+00 2.254058e+00 2.275482e+00 2.292495e+00 2.298259e+00 2.286662e+00 2.262473e+00 2.236884e+00 2.222380e+00 2.230632e+00 2.264878e+00 2.322033e+00 2.382231e+00 2.411795e+00 6.013712e-01 6.234833e-01 1.126725e+00 0.000000e+00 6.605289e-01 1.200376e+00 1.650965e+00 2.030389e+00 2.343408e+00 2.588562e+00 2.940421e+00 3.226031e+00 6.652740e+00 1.237967e+01 6.826601e-01 0.000000e+00 2.742375e+00 2.225360e+00 1.120141e+00 6.284817e-01 1.526579e+00 1.864742e+00 2.555180e+00 3.379086e+00 1.918104e+00 2.696152e+00 2.671632e+00 2.641887e+00 2.615333e+00 2.588160e+00
2.298242e+00 2.220130e+00 2.353324e+00 2.137789e+00 1.918653e+00 2.151659e+00 2.245133e+00 2.104228e+00 2.236510e+00 6.120121e-01 4.680939e+00 6.683966e+00 6.419935e+00 1.034496e+01 1.222487e+01 1.168081e+01 1.107059e+01 1.040486e+01 9.690816e+00 8.934016e+00 8.126550e+00 7.248498e+00 6.317039e+00 5.365969e+00 0.000000e+00 0.000000e+00 6.666310e-01 1.212597e+00 1.667114e+00 2.046214e+00 2.356612e+00 2.600888e+00 2.787365e+00 3.106581e+00 3.355528e+00 6.681231e+00 1.273282e+01 0.000000e+00 2.539319e+00 1.632606e+00 6.389037e-01 1.133081e+00 1.846165e+00 2.120431e+00 2.637275e+00 3.366848e+00 2.184134e+00 2.747606e+00 2.729617e+00 2.701738e+00 2.671785e+00 2.642486e+00
2.090971e+00 2.303715e+00 2.007005e+00 1.745063e+00 2.082615e+00 2.244816e+00 2.016316e+00 2.222953e+00 2.131701e+00 4.160479e+00 2.183243e+00 2.203092e+00 4.294620e+00 2.345793e+00 2.286681e+00 4.452783e+00 4.321546e+00 4.137556e+00 3.914853e+00 3.666983e+00 3.401517e+00 3.126474e+00 2.879249e+00 2.707352e+00 0.000000e+00 1.642795e-01 7.742710e-01 1.292162e+00 1.724659e+00 2.081167e+00 2.370836e+00 2.602167e+00 2.783061e+00 2.921034e+00 3.200210e+00 6.664233e+00 1.901432e+01 0.000000e+00 0.000000e+00 7.230054e-01 1.252992e+00 1.549938e+00 2.108950e+00 2.326577e+00 2.701429e+00 3.316333e+00 2.392510e+00 2.788241e+00 2.775451e+00 2.751518e+00 2.721961e+00 2.691798e+00
2.234080e+00 1.790482e+00 1.477673e+00 1.954952e+00 2.219931e+00 1.875001e+00 2.201442e+00 2.023088e+00 2.047900e+00 2.065708e+00 2.079723e+00 2.097651e+00 2.312869e+00 2.218304e+00 2.226114e+00 2.352010e+00 4.535282e+00 6.655250e+00 8.823020e+00 8.519938e+00 8.150663e+00 7.715458e+00 7.224809e+00 6.693559e+00 0.000000e+00 1.652504e-01 7.744698e-01 1.287566e+00 1.710793e+00 2.053853e+00 2.331495e+00 2.558345e+00 2.741253e+00 2.884755e+00 3.175895e+00 3.400611e+00 1.004233e+01 1.855288e+01 0.000000e+00 1.348006e+00 1.789856e+00 1.900367e+00 2.326777e+00 2.492425e+00 2.752943e+00 3.239789e+00 2.553198e+00 2.819666e+00 2.807757e+00 2.786012e+00 2.758207e+00 2.727285e+00
1.493261e+00 1.106850e+00 1.750901e+00 2.159378e+00 1.669638e+00 2.174935e+00 1.865407e+00 1.888873e+00 1.906403e+00 1.916578e+00 1.926227e+00 2.255244e+00 2.097414e+00 2.112913e+00 2.305686e+00 2.232907e+00 2.261862e+00 2.398428e+00 2.393789e+00 4.717313e+00 4.648966e+00 4.523636e+00 4.352316e+00 4.147048e+00 0.000000e+00 1.657414e-01 7.733077e-01 1.281001e+00 1.696276e+00 2.030675e+00 9.659051e+00 1.015452e+01 1.062701e+01 1.621722e+01 1.835727e+01 1.889489e+01 1.940914e+01 4.767743e+01 0.000000e+00 0.000000e+00 2.255153e+00 2.337630e+00 2.505085e+00 2.623655e+00 2.795089e+00 3.150739e+00 2.672414e+00 2.842043e+00 2.827330e+00 2.805528e+00 2.780256e+00 2.748168e+00
6.294696e-01 1.474777e+00 2.059485e+00 1.389020e+00 2.145327e+00 1.654115e+00 1.675339e+00 1.690102e+00 1.699627e+00 1.705237e+00 2.193571e+00 1.920926e+00 1.943710e+00 2.245105e+00 2.103445e+00 2.126962e+00 2.323067e+00 2.277448e+00 2.323158e+00 2.375934e+00 4.552741e+00 5.191822e+00 5.772289e+00 7.788480e+00 0.000000e+00 6.696541e-01 1.211977e+00 2.790255e+00 4.817319e+00 7.182735e+00 1.972427e+00 3.481570e+00 5.125758e+00 1.682003e+00 1.697090e+00 3.575553e+00 5.605347e+00 6.365990e+00 5.378258e+01 0.000000e+00 0.000000e+00 2.704331e+00 2.822051e+00 2.723535e+00 2.828727e+00 3.063650e+00 2.754657e+00 2.854514e+00 2.835726e+00 2.813349e+00 2.792171e+00 3.012989e+01
1.113587e+00 1.923860e+00 1.030489e+00 2.110194e+00 1.375436e+00 1.399142e+00 1.411288e+00 1.416905e+00 1.418385e+00 2.135869e+00 1.692499e+00 1.714525e+00 2.171785e+00 1.927875e+00 1.948306e+00 2.237554e+00 2.127279e+00 2.168019e+00 2.216486e+00 2.115356e+00 6.500053e-01 6.502847e-01 1.916483e+00 6.637293e-01 0.000000e+00 6.717824e-01 1.215182e+00 1.645455e+00 1.981773e+00 1.618222e+00 1.194682e+00 1.206689e+00 1.219256e+00 1.229714e+00 1.242082e+00 1.258529e+00 1.265474e+00 1.839902e+00 2.280468e+00 5.582700e+01 0.000000e+00 0.000000e+00 3.072205e+00 2.790310e+00 2.851451e+00 2.991256e+00 2.807074e+00 2.859325e+00 2.836404e+00 2.811678e+00 2.792632e+00 3.384901e+01
1.726867e+00 5.864864e-01 2.068173e+00 1.016255e+00 1.040099e+00 1.053473e+00 1.058881e+00 1.055462e+00 2.085772e+00 1.399883e+00 1.421003e+00 2.098067e+00 1.694849e+00 1.712087e+00 2.143866e+00 1.935075e+00 1.971365e+00 2.014851e+00 1.855251e+00 6.484639e-01 1.165848e+00 1.578528e+00 6.510634e-01 1.182530e+00 0.000000e+00 6.691024e-01 1.208781e+00 1.632796e+00 1.186939e+00 6.587910e-01 6.614954e-01 6.665092e-01 6.721470e-01 6.774759e-01 6.844939e-01 6.933365e-01 3.128427e+00 4.138372e+00 4.726397e+00 5.050431e+00 6.064820e+01 0.000000e+00 3.233269e+00 3.004784e+00 2.857705e+00 2.937990e+00 2.837073e+00 2.859842e+00 2.834210e+00 2.803625e+00 3.625519e+01 2.774671e+00
1.888093e+00 2.009824e+00 5.695174e-01 5.824472e-01 5.921732e-01 5.981683e-01 5.977603e-01 2.054649e+00 1.032727e+00 1.046858e+00 2.035683e+00 1.400994e+00 1.411418e+00 2.050261e+00 1.689172e+00 1.721633e+00 1.760373e+00 1.530278e+00 6.466792e-01 1.164841e+00 1.581938e+00 1.910439e+00 2.170085e+00 2.381259e+00 0.000000e+00 6.651746e-01 1.200397e+00 6.589976e-01 6.563737e-01 1.183002e+00 1.610695e+00 1.958108e+00 2.241188e+00 2.473522e+00 2.666487e+00 2.830368e+00 6.927367e-01 6.951413e-01 1.259157e+00 1.807820e+00 2.198519e+00 0.000000e+00 0.000000e+00 3.142849e+00 2.843980e+00 2.897749e+00 2.847631e+00 2.853327e+00 2.826611e+00 3.866925e+01 2.751425e+00 1.536432e+01
2.118447e+00 2.133208e+00 2.116024e+00 2.086277e+00 2.058444e+00 2.044144e+00 2.042952e+00 5.817922e-01 5.832087e-01 1.994128e+00 1.035610e+00 1.042222e+00 1.976803e+00 1.385817e+00 1.411904e+00 1.443953e+00 1.124786e+00 6.439698e-01 1.160398e+00 1.579061e+00 1.914708e+00 2.175397e+00 2.375866e+00 2.532973e+00 0.000000e+00 6.617229e-01 1.194463e+00 1.625788e+00 1.971908e+00 2.245508e+00 2.456981e+00 2.615378e+00 2.732464e+00 2.820857e+00 2.892020e+00 2.956154e+00 3.019655e+00 3.086273e+00 6.307905e+00 7.315482e+00 7.856251e+00 8.045953e+00 0.000000e+00 0.000000e+00 3.010159e+00 5.608100e+00 6.387672e-01 2.833640e+00 4.110513e+01 2.717154e+00 1.713066e+01 1.915652e+00
1.817378e+00 1.919527e+00 1.970123e+00 1.988245e+00 1.990484e+00 1.990469e+00 1.991210e+00 1.987207e+00 1.980940e+00 5.806894e-01 5.854416e-01 1.935517e+00 1.021006e+00 1.036076e+00 1.057326e+00 6.248269e-01 6.354089e-01 1.146220e+00 1.562246e+00 1.898667e+00 2.165866e+00 2.370978e+00 2.524731e+00 2.639337e+00 0.000000e+00 6.601160e-01 1.194175e+00 1.631937e+00 1.987479e+00 2.269406e+00 2.486279e+00 2.645763e+00 2.758079e+00 2.834767e+00 2.889006e+00 2.934006e+00 2.977869e+00 3.025919e+00 6.860242e-01 6.840849e-01 1.229164e+00 1.748198e+00 9.867907e+00 0.000000e+00 3.111906e+00 6.281198e+00 2.806606e+00 4.072607e+01 2.679461e+00 1.698131e+01 1.924209e+00 1.593714e+00
1.333925e+00 1.552079e+00 1.707528e+00 1.814878e+00 1.885832e+00 1.928936e+00 1.950370e+00 1.954253e+00 1.946575e+00 1.934371e+00 1.924402e+00 5.741580e-01 5.803117e-01 5.879637e-01 6.018572e-01 1.081760e+00 1.474557e+00 1.799307e+00 2.065437e+00 2.278425e+00 2.443961e+00 2.567143e+00 5.141501e+00 5.690884e+00 0.000000e+00 6.606228e-01 1.197639e+00 1.642654e+00 2.008170e+00 2.299943e+00 2.524770e+00 2.688829e+00 2.800570e+00 2.869702e+00 2.909164e+00 2.933604e+00 2.954222e+00 2.979585e+00 3.014861e+00 3.061409e+00 3.110892e+00 3.346121e+00 3.516415e+00 0.000000e+00 0.000000e+00 9.011803e+00 4.035896e+01 2.648394e+00 1.675319e+01 5.663656e+00 4.231690e+00 4.722504e+00
5.557361e-01 9.754978e-01 1.297811e+00 1.542867e+00 1.721770e+00 1.839642e+00 1.907859e+00 1.941217e+00 1.947647e+00 1.929176e+00 1.897735e+00 1.871270e+00 1.863291e+00 1.881455e+00 1.929868e+00 2.008213e+00 2.109170e+00 2.224168e+00 2.341272e+00 2.448598e+00 2.538546e+00 2.606469e+00 6.438897e-01 0.000000e+00 0.000000e+00 6.606027e-01 1.198787e+00 1.648041e+00 2.020537e+00 2.321287e+00 2.555567e+00 2.727563e+00 2.843816e+00 2.911988e+00 2.942512e+00 2.948120e+00 2.944072e+00 2.944953e+00 2.959145e+00 2.990830e+00 3.036981e+00 3.087812e+00 3.325480e+00 3.496669e+00 0.000000e+00 0.000000e+00 4.285491e+01 1.644348e+01 5.208334e+00 6.515744e-01 6.581666e-01 1.187173e+00
-9.999000e+03 -9.999000e+03 -9.999000e+03 -9.999000e+03 -9.999000e+03 -9.999000e+03 -9.999000e+03 5.782196e-01 5.726093e-01 5.561896e-01 5.485478e-01 5.553807e-01 9.755714e-01 1.309185e+00 1.580088e+00 1.803463e+00 1.991920e+00 2.155945e+00 2.296813e+00 2.411641e+00 2.499390e+00 2.559120e+00 2.601611e+00 0.000000e+00 1.606634e-01 7.594511e-01 1.266114e+00 1.696624e+00 2.059130e+00 2.357382e+00 2.594244e+00 2.770902e+00 2.891148e+00 2.959586e+00 2.983641e+00 2.973318e+00 2.946141e+00 2.921780e+00 2.912396e+00 2.925707e+00 2.962784e+00 3.017988e+00 3.076229e+00 3.312642e+00 3.467305e+00 0.000000e+00 0.000000e+00 5.112313e+00 1.177376e+00 1.190424e+00 1.622874e+00 6.637097e-01
-9.999000e+03 -9.999000e+03 -9.999000e+03 -9.999000e+03 -9.999000e+03 -9.999000e+03 -9.999000e+03 -9.999000e+03 -9.999000e+03 -9.999000e+03 9.587649e-01 9.559492e-01 5.737212e-01 5.963662e-01 1.064128e+00 1.433261e+00 1.728275e+00 1.969707e+00 2.163698e+00 2.310991e+00 2.416443e+00 2.485406e+00 2.533886e+00 0.000000e+00 1.603833e-01 7.563943e-01 1.259126e+00 1.686933e+00 2.049579e+00 2.352625e+00 2.598174e+00 2.785461e+00 2.915998e+00 2.991497e+00 3.017758e+00 3.003783e+00 2.965523e+00 2.922199e+00 2.889934e+00 2.882246e+00 2.904140e+00 2.952753e+00 3.015478e+00 3.073284e+00 3.296792e+00 3.425173e+00 0.000000e+00 0.000000e+00 1.624723e+00 1.982924e+00 -9.999000e+03 -9.999000e+03
