tests/data/reference/test_stream_rill/cvsur_m3.asc
ncols	123
nrows	77
xllcorner	-713746.79929998
yllcorner	-1061022.36961616
cellsize	10.0
NODATA_value	-9999
[rows 23 to 45 of 77, columns 52 to 103 of 123]
1.159043e+00 2.123466e+00 2.306395e+00 2.505634e+00 2.570820e+00 2.629415e+00 2.645683e+00 2.576308e+00 2.569204e+00 2.457582e+00 2.302120e+00 2.286496e+00 2.267675e+00 2.245053e+00 2.215986e+00 2.483211e+00 9.099025e+00 3.469658e+00 1.959181e+00 1.904440e+00 1.735535e+00 1.594890e+00 1.387032e+00 1.574279e+00 5.989441e-01 1.023247e+00 1.508328e+01 5.042527e+00 5.864627e+00 1.673279e+00 1.404232e+00 1.040959e+00 5.841753e-01 5.561145e-01 -9.999000e+03 -9.999000e+03 -9.999000e+03 -9.999000e+03 -9.999000e+03 -9.999000e+03 -9.999000e+03 -9.999000e+03 -9.999000e+03 -9.999000e+03 -9.999000e+03 -9.999000e+03 -9.999000e+03 -9.999000e+03 -9.999000e+03 -9.999000e+03 -9.999000e+03 -9.999000e+03
1.166715e+00 1.581273e+00 2.333962e+00 2.467818e+00 2.605434e+00 2.649351e+00 2.684969e+00 2.693379e+00 2.644681e+00 2.634307e+00 2.552795e+00 2.437737e+00 2.419703e+00 2.394209e+00 2.360440e+00 2.316036e+00 1.118614e+01 3.115085e+00 2.030682e+00 2.003763e+00 1.912010e+00 1.826976e+00 1.682661e+00 1.805229e+00 1.071746e+00 1.376160e+00 5.863567e-01 1.351405e+01 4.467286e+00 5.605631e+00 3.167437e+00 1.386915e+00 1.033621e+00 9.848401e-01 5.465300e-01 -9.999000e+03 -9.999000e+03 -9.999000e+03 -9.999000e+03 -9.999000e+03 -9.999000e+03 -9.999000e+03 -9.999000e+03 -9.999000e+03 -9.999000e+03 -9.999000e+03 -9.999000e+03 -9.999000e+03 -9.999000e+03 -9.999000e+03 -9.999000e+03 -9.999000e+03
2.159524e+00 1.591721e+00 1.921735e+00 2.495202e+00 2.586093e+00 2.673643e+00 2.698474e+00 2.717052e+00 2.720040e+00 2.687090e+00 2.674731e+00 2.615156e+00 2.527411e+00 2.500346e+00 2.465603e+00 2.423074e+00 1.302976e+01 2.777790e+00 2.099368e+00 2.097670e+00 2.060175e+00 2.017387e+00 1.920942e+00 1.995752e+00 1.450392e+00 1.662550e+00 1.053410e+00 1.193065e+01 5.931695e-01 3.864319e+00 8.414755e+00 1.621952e+00 1.373709e+00 1.333192e+00 9.940130e-01 5.754068e-01 5.528652e-01 5.506891e-01 -9.999000e+03 -9.999000e+03 -9.999000e+03 -9.999000e+03 -9.999000e+03 -9.999000e+03 -9.999000e+03 -9.999000e+03 -9.999000e+03 -9.999000e+03 -9.999000e+03 -9.999000e+03 -9.999000e+03 -9.999000e+03
1.184145e+00 2.374656e+00 1.932653e+00 2.186995e+00 2.608307e+00 2.662539e+00 2.712442e+00 2.725639e+00 2.735310e+00 2.734826e+00 2.710847e+00 2.694250e+00 2.645803e+00 2.574500e+00 2.539481e+00 2.498217e+00 1.490817e+01 2.500631e+00 2.162810e+00 2.181243e+00 2.179939e+00 2.167387e+00 2.106224e+00 2.148045e+00 1.751156e+00 1.895274e+00 1.434147e+00 1.033848e+01 1.065066e+00 3.260371e+00 7.972689e+00 1.780075e+00 1.624217e+00 1.605638e+00 1.352620e+00 1.024698e+00 9.769134e-01 5.597867e-01 9.565175e-01 5.479822e-01 -9.999000e+03 -9.999000e+03 -9.999000e+03 -9.999000e+03 -9.999000e+03 -9.999000e+03 -9.999000e+03 -9.999000e+03 -9.999000e+03 -9.999000e+03 -9.999000e+03 -9.999000e+03
1.615238e+00 6.569012e-01 2.536290e+00 2.192366e+00 2.380067e+00 2.678774e+00 2.707942e+00 2.734776e+00 2.740976e+00 2.744090e+00 2.739246e+00 2.717737e+00 2.696341e+00 2.654229e+00 2.592957e+00 2.548155e+00 1.678670e+01 2.333497e+00 2.213347e+00 2.246393e+00 2.266958e+00 2.274188e+00 2.238764e+00 2.261253e+00 1.983424e+00 2.081360e+00 1.743109e+00 8.736308e+00 1.448836e+00 2.704686e+00 7.481680e+00 1.902295e+00 1.803562e+00 1.796319e+00 1.614807e+00 2.241264e+00 5.793137e-01 5.667019e-01 9.683048e-01 1.246802e+00 9.418620e-01 1.747939e+00 -9.999000e+03 -9.999000e+03 -9.999000e+03 -9.999000e+03 -9.999000e+03 -9.999000e+03 -9.999000e+03 -9.999000e+03 -9.999000e+03 -9.999000e+03
1.963116e+00 1.180560e+00 2.651293e+00 2.384566e+00 6.382639e-01 2.516057e+00 2.720203e+00 2.734305e+00 2.746823e+00 2.747893e+00 2.745461e+00 2.735344e+00 2.712999e+00 2.686527e+00 2.643569e+00 2.581972e+00 1.864108e+01 2.276775e+00 2.254213e+00 2.297360e+00 2.330099e+00 2.348897e+00 2.331006e+00 2.343024e+00 2.159184e+00 2.228371e+00 1.991597e+00 7.201107e+00 1.759867e+00 2.305891e+00 6.945549e+00 2.002867e+00 1.931608e+00 1.922198e+00 1.794347e+00 2.368478e+00 1.012671e+00 9.901757e-01 5.658014e-01 1.267869e+00 0.000000e+00 4.435557e+00 1.746969e+00 1.745828e+00 -9.999000e+03 -9.999000e+03 -9.999000e+03 -9.999000e+03 -9.999000e+03 -9.999000e+03 -9.999000e+03 -9.999000e+03
2.236180e+00 1.597648e+00 2.726034e+00 2.521641e+00 6.401951e-01 1.143740e+00 2.607828e+00 2.742677e+00 2.749630e+00 2.753876e+00 2.750452e+00 2.741461e+00 2.723854e+00 2.694466e+00 2.657000e+00 2.607186e+00 2.547286e+00 2.015972e+01 2.293822e+00 2.344275e+00 2.383586e+00 2.407579e+00 2.399248e+00 2.404167e+00 2.290400e+00 2.343065e+00 2.188086e+00 5.855454e+00 2.006487e+00 2.244036e+00 6.363194e+00 2.090407e+00 2.029029e+00 2.008997e+00 1.913398e+00 2.406470e+00 1.331335e+00 1.306712e+00 9.900716e-01 0.000000e+00 0.000000e+00 4.395201e+00 1.920655e+00 4.648793e-01 1.744381e+00 -9.999000e+03 -9.999000e+03 -9.999000e+03 -9.999000e+03 -9.999000e+03 -9.999000e+03 -9.999000e+03
2.437599e+00 1.920712e+00 2.765312e+00 2.612776e+00 1.147056e+00 6.408800e-01 1.548539e+00 2.669844e+00 2.755256e+00 2.756789e+00 2.753805e+00 2.742984e+00 2.723970e+00 2.694350e+00 2.655143e+00 2.612184e+00 2.565459e+00 2.516981e+00 2.191111e+01 2.393318e+00 2.433755e+00 2.456827e+00 2.451216e+00 2.450865e+00 2.387216e+00 2.432020e+00 2.339887e+00 4.652394e+00 2.198321e+00 2.313536e+00 5.741311e+00 2.173899e+00 2.111455e+00 3.884743e+00 2.396121e+00 5.840571e-01 1.568805e+00 1.547497e+00 0.000000e+00 0.000000e+00 5.431373e-01 4.288526e+00 1.999422e+00 8.039316e-01 4.765877e-01 1.743762e+00 -9.999000e+03 -9.999000e+03 -9.999000e+03 -9.999000e+03 -9.999000e+03 -9.999000e+03
2.566134e+00 2.156044e+00 2.773073e+00 2.665860e+00 1.550774e+00 1.150038e+00 6.454885e-01 1.876085e+00 2.707437e+00 2.753402e+00 2.747028e+00 2.733575e+00 2.712280e+00 2.684192e+00 2.651069e+00 2.614700e+00 2.578080e+00 2.542598e+00 2.402532e+01 2.448370e+00 2.483629e+00 2.499727e+00 2.491507e+00 2.487552e+00 2.458762e+00 2.500865e+00 2.452915e+00 3.601217e+00 2.344001e+00 2.394762e+00 5.088787e+00 2.259019e+00 5.862980e+00 2.375295e+00 1.048198e+00 5.966795e-01 1.755822e+00 0.000000e+00 0.000000e+00 5.761014e-01 9.506690e-01 4.088460e+00 1.970484e+00 1.023265e+00 8.116335e-01 4.985459e-01 4.807789e-01 -9.999000e+03 -9.999000e+03 -9.999000e+03 -9.999000e+03 -9.999000e+03
2.615168e+00 2.304258e+00 2.747348e+00 2.681125e+00 6.321424e-01 1.866705e+00 1.555728e+00 1.154672e+00 2.126203e+00 2.718171e+00 2.735290e+00 2.720033e+00 2.698576e+00 2.673003e+00 2.645497e+00 2.618030e+00 2.590320e+00 2.564314e+00 2.617838e+01 2.503615e+00 2.529409e+00 2.535872e+00 2.523484e+00 2.518280e+00 2.512736e+00 2.553735e+00 2.532563e+00 2.781284e+00 2.447593e+00 2.465354e+00 4.409664e+00 7.905508e+00 2.360623e+00 1.430102e+00 1.072921e+00 6.078020e-01 0.000000e+00 0.000000e+00 5.966697e-01 1.015971e+00 1.267961e+00 5.753888e+00 1.210243e+00 5.111755e-01 1.058800e+00 8.659077e-01 8.491591e-01 4.957238e-01 1.744080e+00 -9.999000e+03 -9.999000e+03 -9.999000e+03
2.520460e+00 2.589584e+00 2.374658e+00 2.689714e+00 2.661784e+00 1.118539e+00 2.102143e+00 1.867129e+00 1.551476e+00 2.310193e+00 2.715086e+00 2.715275e+00 2.696484e+00 2.672361e+00 2.646344e+00 2.622010e+00 2.600617e+00 2.580583e+00 2.561737e+00 2.829352e+01 2.562154e+00 2.561486e+00 2.548435e+00 2.545906e+00 2.555225e+00 2.593569e+00 2.583415e+00 2.581402e+00 2.510644e+00 2.512593e+00 1.160854e+01 2.360942e+00 1.734675e+00 1.456280e+00 0.000000e+00 0.000000e+00 0.000000e+00 6.122255e-01 1.059079e+00 1.360429e+00 6.659007e+00 1.405145e+00 5.675735e-01 9.084857e-01 1.253735e+00 1.121427e+00 1.527610e+00 1.882730e+00 4.967898e-01 1.746235e+00 -9.999000e+03 -9.999000e+03
1.408980e+02 1.421757e+02 2.705998e+00 2.564479e+00 2.615568e+00 2.624657e+00 1.500807e+00 2.275575e+00 2.107530e+00 1.867335e+00 2.448916e+00 2.713667e+00 2.706502e+00 2.686487e+00 2.660973e+00 2.634750e+00 2.611647e+00 2.592624e+00 2.574549e+00 3.074865e+01 2.574182e+00 2.569709e+00 2.561317e+00 2.565854e+00 2.584389e+00 2.616772e+00 2.604886e+00 2.586350e+00 2.536962e+00 2.533466e+00 1.323876e+01 1.972594e+00 1.759500e+00 0.000000e+00 0.000000e+00 6.226350e-01 6.204923e-01 1.089520e+00 1.423768e+00 7.608803e+00 1.597416e+00 1.014637e+00 5.845894e-01 1.223679e+00 1.416389e+00 2.668688e+00 1.984753e+00 8.722394e-01 5.318601e-01 1.938028e+00 4.894629e-01 1.746362e+00
6.277391e+00 6.175151e+00 1.471261e+02 2.770432e+00 2.696697e+00 2.754025e+00 2.793290e+00 1.940789e+00 2.579675e+00 2.458259e+00 2.270639e+00 2.738139e+00 2.924546e+00 2.914864e+00 2.893260e+00 2.863736e+00 2.831382e+00 2.801575e+00 2.774865e+00 2.748130e+00 3.308461e+01 2.739176e+00 2.741132e+00 2.757162e+00 2.592057e+00 2.614216e+00 2.591870e+00 2.561885e+00 2.530157e+00 2.529532e+00 1.446035e+01 1.995315e+00 0.000000e+00 0.000000e+00 6.235030e-01 1.106109e+00 1.102851e+00 1.465230e+00 8.580089e+00 1.781962e+00 1.374187e+00 1.040607e+00 1.484319e+00 5.804290e-01 1.558750e+00 4.529714e+00 5.621588e-01 1.175527e+00 9.363062e-01 2.544497e+00 5.304859e-01 1.938645e+00
6.715209e-01 1.214120e+00 1.652993e+00 1.475588e+02 1.491027e+02 1.505731e+02 1.520971e+02 2.926970e+00 2.296456e+00 2.815231e+00 2.732002e+00 2.589904e+00 2.959511e+00 3.085737e+00 5.876084e+00 3.014868e+00 2.973971e+00 2.935703e+00 2.898941e+00 2.860978e+00 6.581389e-01 3.261666e+01 5.506610e+00 2.891888e+00 2.764785e+00 2.771798e+00 2.545998e+00 2.511952e+00 2.499049e+00 2.508182e+00 1.568755e+01 0.000000e+00 0.000000e+00 6.280213e-01 1.110877e+00 1.485432e+00 1.480807e+00 1.758023e+00 9.865170e+00 1.665708e+00 1.406985e+00 1.702363e+00 1.033638e+00 5.880506e-01 1.682911e+00 4.315199e+00 9.850135e-01 1.414999e+00 1.247085e+00 2.575594e+00 9.361569e-01 2.085144e+00
1.668543e+00 2.059313e+00 2.375797e+00 2.609488e+00 2.779003e+00 2.911804e+00 3.012382e+00 1.538889e+02 1.555918e+02 1.566601e+02 1.582440e+02 1.597429e+02 1.610953e+02 1.628069e+02 1.646267e+02 1.692099e+02 1.709066e+02 3.030829e+00 2.998057e+00 2.963164e+00 2.928749e+00 1.195350e+00 3.765045e+01 2.982861e+00 2.873098e+00 2.857831e+00 2.665988e+00 2.446261e+00 2.456512e+00 2.480831e+00 0.000000e+00 0.000000e+00 1.126021e+00 6.304514e-01 1.497463e+00 1.782973e+00 1.774992e+00 1.981291e+00 1.098845e+01 1.699711e+00 1.887140e+00 1.395502e+00 1.047418e+00 1.799744e+00 4.034667e+00 5.727942e-01 1.292096e+00 1.587631e+00 1.476871e+00 2.540018e+00 1.256233e+00 2.166457e+00
1.268152e+00 1.748069e+00 2.141601e+00 3.562983e+01 3.695258e+01 3.845274e+01 4.007048e+01 4.174682e+01 4.343376e+01 4.507547e+01 4.664700e+01 4.813312e+01 4.942971e+01 5.044914e+01 5.138871e+01 5.226438e+01 5.025946e+01 2.196981e+02 2.212040e+02 2.995443e+00 2.974992e+00 2.960620e+00 3.838038e+01 3.023768e+00 2.920156e+00 2.883527e+00 2.724200e+00 2.570858e+00 2.413892e+00 0.000000e+00 0.000000e+00 1.520865e+00 1.130312e+00 6.319537e-01 1.802564e+00 2.013979e+00 2.001579e+00 1.238564e+01 1.930535e+00 2.043499e+00 1.688730e+00 1.415142e+00 1.913501e+00 3.713593e+00 1.017405e+00 1.526374e+00 5.690360e-01 1.705531e+00 1.638482e+00 2.450136e+00 1.499152e+00 2.190365e+00
2.488298e+00 3.327158e+01 3.432777e+01 2.368855e+00 2.409568e+00 2.451593e+00 2.488801e+00 2.521944e+00 2.554378e+00 2.585438e+00 2.612087e+00 2.810762e+00 2.808617e+00 2.817997e+00 2.824878e+00 2.828849e+00 5.724304e+00 8.492646e+00 8.311917e+00 2.280673e+02 2.295593e+02 2.310005e+02 2.323606e+02 4.056227e+01 2.905972e+00 2.862356e+00 2.740813e+00 2.656508e+00 0.000000e+00 0.000000e+00 6.287156e-01 2.911426e+00 1.132875e+00 6.325951e-01 2.039743e+00 2.190602e+00 2.174259e+00 1.369355e+01 2.175548e+00 1.926739e+00 1.715551e+00 2.027885e+00 3.370241e+00 1.371357e+00 1.717378e+00 1.013404e+00 5.793007e-01 1.786384e+00 1.744971e+00 2.318884e+00 1.662735e+00 2.160360e+00
3.220797e+01 2.280482e+00 2.311064e+00 2.341465e+00 2.368806e+00 2.395359e+00 2.422566e+00 2.452202e+00 2.484735e+00 2.516389e+00 2.543819e+00 2.540949e+00 2.562284e+00 2.584249e+00 2.604404e+00 2.832687e+00 2.834063e+00 4.918163e+00 6.889749e+00 8.987800e+00 1.113135e+01 1.059934e+01 1.027685e+01 2.409302e+02 4.243642e+01 2.782515e+00 2.720353e+00 6.612523e-01 0.000000e+00 6.802766e-01 1.117415e+00 4.193046e+00 6.384524e-01 1.132686e+00 2.221397e+00 2.322865e+00 2.303650e+00 1.520917e+01 2.117151e+00 1.958919e+00 2.142548e+00 3.030609e+00 1.658046e+00 1.873980e+00 1.365107e+00 1.032668e+00 1.859747e+00 5.787762e-01 1.817894e+00 2.179917e+00 1.767331e+00 2.099253e+00
2.253781e+00 2.266423e+00 2.281872e+00 2.295314e+00 2.307337e+00 2.321608e+00 2.340473e+00 2.366601e+00 2.396673e+00 2.426453e+00 2.403540e+00 2.429183e+00 2.458088e+00 2.487436e+00 2.571226e+00 2.575250e+00 5.547930e+00 2.660779e+00 2.816553e+00 2.763539e+00 2.760460e+00 0.000000e+00 0.000000e+00 0.000000e+00 2.392992e+02 4.125905e+01 2.686617e+00 0.000000e+00 0.000000e+00 1.205414e+00 1.596872e+00 4.882926e+00 6.411623e-01 1.535958e+00 2.359273e+00 2.419539e+00 1.681382e+01 2.265861e+00 2.152985e+00 2.253317e+00 2.730367e+00 1.893498e+00 2.010653e+00 1.643070e+00 1.386475e+00 1.934730e+00 1.031781e+00 5.907158e-01 1.878664e+00 2.072089e+00 1.840137e+00 2.036498e+00
2.251353e+00 2.248778e+00 2.249503e+00 2.249913e+00 2.248877e+00 2.249159e+00 2.261693e+00 2.282938e+00 2.309205e+00 2.242439e+00 2.266420e+00 2.295133e+00 2.325909e+00 2.454060e+00 2.440285e+00 6.603669e+00 2.565873e+00 2.534353e+00 2.485374e+00 2.496911e+00 2.815353e+00 2.696773e+00 2.839327e+00 0.000000e+00 0.000000e+00 0.000000e+00 3.984558e+01 0.000000e+00 6.309448e-01 1.587833e+00 1.954161e+00 5.038013e+00 1.139802e+00 1.852718e+00 2.459781e+00 2.489178e+00 1.859302e+01 2.303243e+00 2.354126e+00 2.531087e+00 2.089790e+00 2.135634e+00 1.869868e+00 1.665683e+00 2.008414e+00 1.385227e+00 6.005802e-01 1.043172e+00 1.935593e+00 2.015844e+00 1.895441e+00 1.994030e+00
2.246619e+00 2.233061e+00 2.223660e+00 2.212164e+00 2.189725e+00 2.183830e+00 2.191389e+00 2.209808e+00 2.065968e+00 2.083214e+00 2.107305e+00 2.135256e+00 2.328847e+00 2.274374e+00 7.641152e+00 2.447393e+00 2.373560e+00 2.295033e+00 2.314494e+00 2.534881e+00 2.368865e+00 2.552072e+00 2.564237e+00 2.674409e+00 2.646515e+00 0.000000e+00 0.000000e+00 0.000000e+00 1.439142e-01 1.091550e+00 3.707281e+00 5.072187e+00 1.509960e+00 2.081106e+00 2.524637e+00 2.538819e+00 2.053814e+01 2.441757e+00 2.477088e+00 2.252259e+00 2.254477e+00 2.060426e+00 1.894256e+00 2.085073e+00 1.657755e+00 1.059808e+00 5.998865e-01 1.389354e+00 1.989976e+00 2.008050e+00 1.941803e+00 1.982863e+00
2.248411e+00 2.228376e+00 2.208632e+00 2.161399e+00 2.137651e+00 2.127656e+00 2.136720e+00 1.876872e+00 1.883878e+00 1.897935e+00 1.919625e+00 2.212458e+00 2.087974e+00 8.672850e+00 2.328967e+00 2.181399e+00 2.054542e+00 2.069603e+00 2.388109e+00 2.128610e+00 2.164070e+00 2.190226e+00 2.347937e+00 2.344151e+00 2.437015e+00 1.707946e+00 0.000000e+00 0.000000e+00 0.000000e+00 0.000000e+00 4.829958e+00 4.981275e+00 1.895650e+00 2.236634e+00 2.560837e+00 2.572311e+00 2.262931e+01 2.509674e+00 2.383881e+00 2.364347e+00 2.223328e+00 2.088007e+00 2.173432e+00 1.877207e+00 1.421406e+00 1.063360e+00 6.022572e-01 1.651627e+00 2.041051e+00 2.031970e+00 1.989357e+00 2.005065e+00
2.259629e+00 2.232917e+00 2.151018e+00 2.114129e+00 2.086097e+00 2.081518e+00 1.656494e+00 1.659983e+00 1.663943e+00 1.676106e+00 2.112270e+00 1.882508e+00 9.706754e+00 2.225775e+00 1.963915e+00 1.775925e+00 1.781818e+00 2.226918e+00 1.830661e+00 1.867364e+00 1.895826e+00 1.916425e+00 1.933113e+00 2.065389e+00 2.056640e+00 0.000000e+00 0.000000e+00 8.263132e-01 1.342039e+00 0.000000e+00 0.000000e+00 0.000000e+00 2.188731e+00 2.513351e+00 2.579616e+00 2.591931e+00 2.480222e+01 2.487594e+00 2.463106e+00 2.361110e+00 2.252754e+00 2.272418e+00 2.065259e+00 1.718828e+00 1.436492e+00 1.074821e+00 6.080228e-01 1.848356e+00 2.086783e+00 2.071320e+00 2.045562e+00 2.057026e+00
