tests/data/reference/test_stream_rill/mrsearstr_pa.asc
ncols	123
nrows	77
xllcorner	-713746.79929998
yllcorner	-1061022.36961616
cellsize	10.0
NODATA_value	-9999
[rows 23 to 45 of 77, columns 52 to 103 of 123]
6.108895e+00 6.648097e+00 6.645074e+00 6.454843e+00 6.344580e+00 6.307579e+00 6.195546e+00 5.976996e+00 5.840435e+00 5.840633e+00 5.782460e+00 5.665983e+00 5.545087e+00 5.298656e+00 4.811075e+00 4.212381e+00 6.602346e+00 3.419029e+00 3.591826e+00 3.808470e+00 3.993373e+00 4.165344e+00 4.212046e+00 4.023437e+00 3.065961e+00 3.357990e+00 5.563617e+00 3.119406e+00 4.429030e+00 3.012984e+00 3.630049e+00 3.613817e+00 2.659238e+00 2.030704e+00 -9.999000e+03 -9.999000e+03 -9.999000e+03 -9.999000e+03 -9.999000e+03 -9.999000e+03 -9.999000e+03 -9.999000e+03 -9.999000e+03 -9.999000e+03 -9.999000e+03 -9.999000e+03 -9.999000e+03 -9.999000e+03 -9.999000e+03 -9.999000e+03 -9.999000e+03 -9.999000e+03
6.398532e+00 6.776351e+00 6.694912e+00 6.486127e+00 6.344924e+00 6.261762e+00 6.121334e+00 5.911749e+00 5.810843e+00 5.821246e+00 5.779655e+00 5.715767e+00 5.545622e+00 5.173002e+00 4.687961e+00 4.189622e+00 7.209481e+00 3.587470e+00 3.834148e+00 4.167609e+00 4.461831e+00 4.680253e+00 4.730600e+00 4.604691e+00 4.210172e+00 3.866590e+00 2.715670e+00 4.743453e+00 2.523604e+00 3.887795e+00 4.032474e+00 3.651460e+00 3.449748e+00 2.877026e+00 1.852205e+00 -9.999000e+03 -9.999000e+03 -9.999000e+03 -9.999000e+03 -9.999000e+03 -9.999000e+03 -9.999000e+03 -9.999000e+03 -9.999000e+03 -9.999000e+03 -9.999000e+03 -9.999000e+03 -9.999000e+03 -9.999000e+03 -9.999000e+03 -9.999000e+03 -9.999000e+03
6.946902e+00 6.898024e+00 6.820327e+00 6.583250e+00 6.302002e+00 6.058570e+00 5.860840e+00 5.768089e+00 5.824232e+00 5.922222e+00 5.914376e+00 5.782072e+00 5.449922e+00 4.987056e+00 4.621691e+00 4.377161e+00 8.302843e+00 4.097906e+00 4.252578e+00 4.522585e+00 4.817454e+00 5.036984e+00 5.074776e+00 4.967633e+00 4.761247e+00 4.479589e+00 4.003673e+00 5.659316e+00 2.899877e+00 3.092580e+00 5.014326e+00 3.004141e+00 3.493235e+00 3.706733e+00 3.357616e+00 2.444146e+00 1.968339e+00 1.927648e+00 -9.999000e+03 -9.999000e+03 -9.999000e+03 -9.999000e+03 -9.999000e+03 -9.999000e+03 -9.999000e+03 -9.999000e+03 -9.999000e+03 -9.999000e+03 -9.999000e+03 -9.999000e+03 -9.999000e+03 -9.999000e+03
6.789804e+00 7.032254e+00 6.826717e+00 6.489103e+00 6.124693e+00 5.852307e+00 5.726197e+00 5.806841e+00 5.946511e+00 6.023756e+00 5.967609e+00 5.736638e+00 5.378936e+00 5.015740e+00 4.755600e+00 4.575496e+00 9.000323e+00 4.278033e+00 4.382010e+00 4.611495e+00 4.860228e+00 5.044852e+00 5.085238e+00 5.047328e+00 5.000435e+00 4.935349e+00 4.824165e+00 6.106597e+00 4.175647e+00 3.663743e+00 4.935049e+00 2.985369e+00 3.420298e+00 3.865223e+00 3.916278e+00 3.437974e+00 2.763701e+00 2.103576e+00 2.376766e+00 1.878206e+00 -9.999000e+03 -9.999000e+03 -9.999000e+03 -9.999000e+03 -9.999000e+03 -9.999000e+03 -9.999000e+03 -9.999000e+03 -9.999000e+03 -9.999000e+03 -9.999000e+03 -9.999000e+03
7.251616e+00 5.388564e+00 6.643477e+00 6.195693e+00 5.871069e+00 5.760321e+00 5.813378e+00 5.982100e+00 6.073397e+00 6.049218e+00 5.931405e+00 5.704105e+00 5.468127e+00 5.259871e+00 5.008097e+00 4.664669e+00 9.131684e+00 4.081494e+00 4.192223e+00 4.403808e+00 4.563155e+00 4.687049e+00 4.751045e+00 4.834114e+00 4.991524e+00 5.156510e+00 5.265103e+00 6.039552e+00 4.953554e+00 4.534482e+00 5.635265e+00 3.629875e+00 3.409494e+00 3.398794e+00 3.492083e+00 4.017713e+00 2.537716e+00 2.248016e+00 2.440686e+00 2.339369e+00 2.153823e+00 1.005435e+00 -9.999000e+03 -9.999000e+03 -9.999000e+03 -9.999000e+03 -9.999000e+03 -9.999000e+03 -9.999000e+03 -9.999000e+03 -9.999000e+03 -9.999000e+03
7.234974e+00 6.491420e+00 6.381347e+00 5.970202e+00 4.489487e+00 5.774768e+00 5.882237e+00 6.065150e+00 6.159558e+00 6.124046e+00 5.993157e+00 5.773361e+00 5.554753e+00 5.324409e+00 4.980772e+00 4.535120e+00 9.214571e+00 4.081241e+00 4.270351e+00 4.503071e+00 4.642850e+00 4.729219e+00 4.761039e+00 4.836767e+00 5.040684e+00 5.319786e+00 5.551695e+00 5.634804e+00 5.378029e+00 5.088319e+00 5.700811e+00 4.110663e+00 3.560221e+00 3.260188e+00 3.213502e+00 3.376735e+00 3.014681e+00 2.766555e+00 2.228656e+00 2.540912e+00 0.000000e+00 1.671789e+00 7.207800e-01 5.434450e-01 -9.999000e+03 -9.999000e+03 -9.999000e+03 -9.999000e+03 -9.999000e+03 -9.999000e+03 -9.999000e+03 -9.999000e+03
6.942880e+00 6.471518e+00 6.146555e+00 5.923177e+00 4.574931e+00 5.563818e+00 5.854434e+00 6.084896e+00 6.285588e+00 6.294541e+00 6.153993e+00 5.882669e+00 5.542968e+00 5.114511e+00 4.634164e+00 4.260994e+00 4.183289e+00 9.733307e+00 4.666602e+00 4.967900e+00 5.159795e+00 5.214964e+00 5.144664e+00 5.085682e+00 5.174167e+00 5.445303e+00 5.705461e+00 5.712620e+00 5.490073e+00 5.239743e+00 5.271145e+00 4.426094e+00 3.932233e+00 3.533708e+00 3.228347e+00 3.083284e+00 2.966449e+00 2.900320e+00 2.783724e+00 0.000000e+00 0.000000e+00 3.564468e+00 2.078892e+00 8.422129e-01 4.146584e-01 -9.999000e+03 -9.999000e+03 -9.999000e+03 -9.999000e+03 -9.999000e+03 -9.999000e+03 -9.999000e+03
6.320723e+00 5.994480e+00 5.839921e+00 5.839507e+00 5.629219e+00 4.605638e+00 5.894968e+00 6.182829e+00 6.329076e+00 6.218731e+00 5.979927e+00 5.625940e+00 5.215514e+00 4.759137e+00 4.414786e+00 4.329429e+00 4.507955e+00 4.856633e+00 1.066000e+01 5.484084e+00 5.599721e+00 5.547889e+00 5.386843e+00 5.270191e+00 5.319425e+00 5.575265e+00 5.771008e+00 5.731955e+00 5.568840e+00 5.426380e+00 5.227570e+00 4.837241e+00 4.400938e+00 4.848165e+00 3.513424e+00 2.656214e+00 3.136000e+00 3.163823e+00 0.000000e+00 0.000000e+00 1.792855e+00 2.914515e+00 1.773933e+00 1.285543e+00 9.438996e-01 3.763185e-01 -9.999000e+03 -9.999000e+03 -9.999000e+03 -9.999000e+03 -9.999000e+03 -9.999000e+03
5.377992e+00 5.299435e+00 5.455854e+00 5.685070e+00 5.837246e+00 5.741494e+00 4.817894e+00 6.284126e+00 6.138514e+00 5.787068e+00 5.402633e+00 4.975740e+00 4.618811e+00 4.411286e+00 4.476816e+00 4.775127e+00 5.156801e+00 5.574083e+00 1.066000e+01 5.986823e+00 5.894640e+00 5.678783e+00 5.457778e+00 5.374510e+00 5.473505e+00 5.691748e+00 5.737369e+00 5.645522e+00 5.621243e+00 5.656746e+00 5.627123e+00 5.350696e+00 6.797531e+00 4.518696e+00 3.904378e+00 2.999703e+00 3.637126e+00 0.000000e+00 0.000000e+00 2.460524e+00 2.400399e+00 2.729877e+00 1.457960e+00 1.216820e+00 1.261636e+00 1.167506e+00 9.830967e-01 -9.999000e+03 -9.999000e+03 -9.999000e+03 -9.999000e+03 -9.999000e+03
4.176374e+00 4.395590e+00 4.759509e+00 5.108999e+00 4.229424e+00 5.695798e+00 5.920878e+00 5.738660e+00 5.806523e+00 5.500432e+00 5.186361e+00 4.863154e+00 4.684679e+00 4.709233e+00 4.941766e+00 5.308105e+00 5.654560e+00 5.948159e+00 1.066000e+01 5.969463e+00 5.790804e+00 5.590019e+00 5.456160e+00 5.474227e+00 5.618750e+00 5.755629e+00 5.638635e+00 5.453330e+00 5.446904e+00 5.540907e+00 5.620025e+00 8.329257e+00 5.143946e+00 4.880475e+00 4.334749e+00 3.339842e+00 0.000000e+00 0.000000e+00 2.999420e+00 3.178362e+00 2.875288e+00 3.615545e+00 1.819248e+00 1.318678e+00 1.540278e+00 1.675265e+00 1.661568e+00 1.136117e+00 3.951021e-01 -9.999000e+03 -9.999000e+03 -9.999000e+03
2.869116e+00 3.354482e+00 3.768529e+00 4.136863e+00 4.536502e+00 4.729521e+00 5.272565e+00 5.459655e+00 5.506434e+00 5.557039e+00 5.514573e+00 5.459996e+00 5.493465e+00 5.574384e+00 5.676338e+00 5.807441e+00 5.876385e+00 5.854994e+00 5.668097e+00 1.066000e+01 5.302642e+00 5.299179e+00 5.397860e+00 5.579015e+00 5.749649e+00 5.762940e+00 5.475630e+00 5.158244e+00 5.047093e+00 5.067335e+00 8.779278e+00 5.171215e+00 5.032286e+00 4.924351e+00 0.000000e+00 0.000000e+00 0.000000e+00 3.485876e+00 3.854902e+00 3.626150e+00 4.668984e+00 2.969416e+00 2.266917e+00 2.163276e+00 1.914454e+00 1.690928e+00 1.695358e+00 2.247104e+00 1.147876e+00 5.955049e-01 -9.999000e+03 -9.999000e+03
1.079000e+01 1.079000e+01 3.349326e+00 3.759782e+00 4.059589e+00 4.559311e+00 4.966711e+00 5.311008e+00 5.590240e+00 5.810613e+00 5.958566e+00 6.093379e+00 6.234985e+00 6.300339e+00 6.278360e+00 6.182084e+00 5.969536e+00 5.668476e+00 5.281046e+00 1.079000e+01 4.757342e+00 4.815025e+00 5.051311e+00 5.339682e+00 5.504169e+00 5.406648e+00 5.032669e+00 4.729199e+00 4.654645e+00 4.680378e+00 8.951456e+00 5.083193e+00 5.054645e+00 0.000000e+00 0.000000e+00 3.855989e+00 3.776630e+00 4.377628e+00 4.275840e+00 5.601877e+00 3.679484e+00 3.367166e+00 2.669857e+00 2.730678e+00 2.320670e+00 2.429791e+00 2.111629e+00 1.786788e+00 1.608861e+00 2.521594e+00 1.069388e+00 6.139002e-01
5.268286e+00 4.878375e+00 1.079000e+01 3.737229e+00 4.131902e+00 4.795095e+00 5.359109e+00 5.747007e+00 6.097261e+00 6.376736e+00 6.595225e+00 6.809373e+00 6.964843e+00 7.000885e+00 6.905071e+00 6.608756e+00 6.133523e+00 5.612252e+00 5.080780e+00 4.593197e+00 1.079000e+01 4.287440e+00 4.561157e+00 4.883362e+00 4.849858e+00 4.666746e+00 4.308668e+00 4.153443e+00 4.255475e+00 4.398120e+00 9.128713e+00 5.126287e+00 0.000000e+00 0.000000e+00 3.888624e+00 4.614210e+00 4.570707e+00 4.674181e+00 6.724779e+00 4.336190e+00 4.045346e+00 3.645508e+00 3.412484e+00 2.565086e+00 2.735898e+00 3.667430e+00 2.152038e+00 2.460675e+00 2.325392e+00 2.908674e+00 1.587764e+00 2.492721e+00
3.548696e+00 4.416342e+00 4.511946e+00 1.079000e+01 1.079000e+01 1.079000e+01 1.079000e+01 5.510772e+00 5.624505e+00 5.726492e+00 5.841132e+00 5.985833e+00 6.019844e+00 5.931314e+00 7.612513e+00 5.433812e+00 5.054789e+00 4.718988e+00 4.383946e+00 4.072533e+00 3.196162e+00 1.079000e+01 5.725310e+00 4.566984e+00 4.459407e+00 4.165496e+00 3.766865e+00 3.780169e+00 4.049595e+00 4.324485e+00 9.459351e+00 0.000000e+00 0.000000e+00 4.063169e+00 4.769663e+00 4.824771e+00 4.767514e+00 4.767814e+00 7.458990e+00 4.575123e+00 4.318580e+00 3.977233e+00 3.557277e+00 2.760328e+00 3.014392e+00 3.456144e+00 2.747396e+00 2.786269e+00 2.694095e+00 2.837436e+00 2.347079e+00 2.675037e+00
5.107092e+00 5.457400e+00 5.318120e+00 4.548326e+00 4.426859e+00 5.022808e+00 5.221000e+00 1.079000e+01 1.079000e+01 1.079000e+01 1.079000e+01 1.079000e+01 1.079000e+01 1.079000e+01 1.079000e+01 1.079000e+01 1.079000e+01 3.383040e+00 3.585596e+00 3.747785e+00 4.009806e+00 4.259155e+00 1.079000e+01 4.499941e+00 4.055641e+00 3.663245e+00 3.557029e+00 3.636426e+00 4.078221e+00 4.481198e+00 0.000000e+00 0.000000e+00 5.222576e+00 4.160367e+00 5.109099e+00 4.993124e+00 4.852122e+00 4.784781e+00 7.936120e+00 4.670389e+00 4.490621e+00 4.152680e+00 3.752256e+00 3.522774e+00 3.270148e+00 2.383532e+00 2.676241e+00 2.675008e+00 2.748445e+00 2.867786e+00 2.898957e+00 2.841757e+00
5.448810e+00 5.902349e+00 5.692914e+00 1.079000e+01 1.079000e+01 1.079000e+01 1.079000e+01 1.079000e+01 1.079000e+01 1.079000e+01 1.079000e+01 1.079000e+01 1.079000e+01 1.055129e+01 1.007602e+01 9.497568e+00 8.788590e+00 1.079000e+01 1.079000e+01 3.078386e+00 3.430287e+00 4.006357e+00 1.079000e+01 3.965373e+00 3.582863e+00 3.339819e+00 3.376837e+00 3.765461e+00 4.192168e+00 0.000000e+00 0.000000e+00 5.424341e+00 5.305756e+00 4.221657e+00 5.262974e+00 5.140913e+00 4.971437e+00 8.717361e+00 4.873497e+00 4.858016e+00 4.706431e+00 4.365752e+00 4.048763e+00 3.729169e+00 3.303365e+00 3.027627e+00 2.298990e+00 2.638044e+00 2.713660e+00 2.881296e+00 3.014621e+00 2.963082e+00
5.369809e+00 1.066000e+01 1.066000e+01 5.419028e+00 5.675159e+00 6.281576e+00 6.615053e+00 6.642876e+00 6.581588e+00 6.440747e+00 6.243045e+00 6.152548e+00 5.832141e+00 5.429000e+00 4.992994e+00 4.588991e+00 5.782731e+00 6.424979e+00 5.396383e+00 1.079000e+01 1.079000e+01 1.079000e+01 1.079000e+01 9.352526e+00 3.070578e+00 3.188294e+00 3.387292e+00 3.949392e+00 0.000000e+00 0.000000e+00 4.090696e+00 6.834502e+00 5.353626e+00 4.248108e+00 5.347759e+00 5.271822e+00 5.136289e+00 9.458214e+00 5.146837e+00 5.150024e+00 5.010142e+00 4.664247e+00 4.254676e+00 3.891590e+00 3.651337e+00 3.293113e+00 2.537398e+00 2.752645e+00 2.667274e+00 2.672991e+00 2.701169e+00 2.729809e+00
1.023951e+01 5.109547e+00 5.468766e+00 5.742076e+00 6.226223e+00 6.892586e+00 7.320385e+00 7.491613e+00 7.582439e+00 7.568030e+00 7.433221e+00 7.204686e+00 6.912775e+00 6.567568e+00 6.176441e+00 5.954334e+00 5.564959e+00 5.134975e+00 6.222064e+00 6.422105e+00 7.008362e+00 1.079000e+01 6.056887e+00 1.079000e+01 7.261539e+00 2.565901e+00 3.161438e+00 3.274788e+00 0.000000e+00 3.801118e+00 4.823133e+00 7.674471e+00 4.497756e+00 5.315167e+00 5.464046e+00 5.365834e+00 5.266180e+00 1.016170e+01 5.382069e+00 5.382645e+00 5.226169e+00 4.895148e+00 4.456123e+00 4.028817e+00 3.804320e+00 3.561142e+00 3.342180e+00 2.524632e+00 2.834962e+00 2.728086e+00 2.658459e+00 2.668719e+00
4.560950e+00 4.940758e+00 5.238346e+00 5.400442e+00 5.715431e+00 6.282467e+00 6.744118e+00 7.042465e+00 7.337208e+00 7.541112e+00 7.559163e+00 7.476887e+00 7.404992e+00 7.332419e+00 7.182175e+00 6.977963e+00 6.761079e+00 6.475161e+00 6.070352e+00 5.191928e+00 4.754193e+00 0.000000e+00 0.000000e+00 0.000000e+00 1.079000e+01 6.581505e+00 2.818826e+00 0.000000e+00 0.000000e+00 3.909706e+00 4.669638e+00 7.468455e+00 4.618353e+00 5.837058e+00 5.644811e+00 5.427450e+00 1.064454e+01 5.457409e+00 5.576617e+00 5.589292e+00 5.376802e+00 5.025530e+00 4.604664e+00 4.132727e+00 3.876097e+00 3.809596e+00 3.549884e+00 2.832112e+00 3.215056e+00 3.063813e+00 2.931578e+00 2.837815e+00
4.448769e+00 4.779105e+00 4.970457e+00 5.017084e+00 5.175744e+00 5.582232e+00 5.957744e+00 6.235737e+00 6.613179e+00 7.021896e+00 7.236601e+00 7.299589e+00 7.395513e+00 7.527840e+00 7.578884e+00 7.554422e+00 7.561248e+00 7.537043e+00 7.229595e+00 6.586613e+00 6.224050e+00 6.108284e+00 5.665261e+00 0.000000e+00 0.000000e+00 0.000000e+00 1.079000e+01 0.000000e+00 2.587168e+00 3.150254e+00 3.943381e+00 6.445031e+00 5.245206e+00 5.692468e+00 5.633554e+00 5.506646e+00 1.066000e+01 5.596687e+00 5.707718e+00 5.785743e+00 5.598026e+00 5.192474e+00 4.734661e+00 4.232035e+00 3.947778e+00 3.863853e+00 3.114762e+00 3.542720e+00 3.482990e+00 3.320637e+00 3.159534e+00 3.069619e+00
4.221393e+00 4.398680e+00 4.522092e+00 4.546044e+00 4.618426e+00 4.855286e+00 5.064191e+00 5.198669e+00 5.529681e+00 6.066535e+00 6.484235e+00 6.720640e+00 6.947500e+00 7.209378e+00 7.406477e+00 7.533948e+00 7.753904e+00 8.021605e+00 8.069417e+00 7.855491e+00 7.564005e+00 7.417606e+00 6.765495e+00 5.805714e+00 5.118985e+00 0.000000e+00 0.000000e+00 0.000000e+00 1.685686e+00 2.526447e+00 4.044544e+00 4.944936e+00 4.455141e+00 4.890560e+00 5.309019e+00 5.567242e+00 1.066000e+01 5.783170e+00 5.822153e+00 5.922406e+00 5.815861e+00 5.419062e+00 4.897275e+00 4.329664e+00 3.997252e+00 3.755662e+00 3.093975e+00 3.685213e+00 3.605928e+00 3.475045e+00 3.309515e+00 3.328816e+00
3.932781e+00 4.016322e+00 4.142935e+00 4.240777e+00 4.302561e+00 4.417456e+00 4.502458e+00 4.511422e+00 4.705303e+00 5.157157e+00 5.598977e+00 5.932038e+00 6.219532e+00 7.181640e+00 6.764347e+00 6.963439e+00 7.305201e+00 7.753109e+00 8.006707e+00 8.046003e+00 8.038589e+00 7.966720e+00 7.529091e+00 6.476818e+00 5.999315e+00 7.121044e+00 0.000000e+00 0.000000e+00 0.000000e+00 0.000000e+00 4.005065e+00 3.669442e+00 4.013135e+00 4.561449e+00 5.125639e+00 5.504778e+00 1.066000e+01 5.939345e+00 6.019718e+00 6.076509e+00 5.998320e+00 5.680572e+00 5.179608e+00 4.587758e+00 4.197660e+00 3.891335e+00 3.165606e+00 3.763778e+00 3.693210e+00 3.656345e+00 3.599384e+00 3.721312e+00
3.505740e+00 3.572139e+00 3.777072e+00 4.034965e+00 4.153088e+00 4.194510e+00 4.223669e+00 4.178148e+00 4.190643e+00 4.387328e+00 4.705064e+00 5.051470e+00 6.708533e+00 5.554769e+00 5.767933e+00 5.951974e+00 6.341667e+00 6.904841e+00 7.239968e+00 7.355357e+00 7.571969e+00 7.879851e+00 7.588312e+00 6.751355e+00 6.229999e+00 0.000000e+00 0.000000e+00 4.381500e+00 4.660583e+00 0.000000e+00 0.000000e+00 0.000000e+00 4.021967e+00 5.070258e+00 5.241701e+00 5.359054e+00 1.066000e+01 6.015419e+00 6.229887e+00 6.253779e+00 6.171075e+00 5.936942e+00 5.537794e+00 5.010774e+00 4.600962e+00 4.202845e+00 3.346980e+00 3.893111e+00 3.757174e+00 3.834397e+00 4.037171e+00 4.275262e+00
