tests/data/reference/test_stream_rill/mrsearstr_pa.asc
ncols	123
nrows	77
xllcorner	-713746.79929998
yllcorner	-1061022.36961616
cellsize	10.0
NODATA_value	-9999
[rows 46 to 68 of 77, columns 0 to 51 of 123]
-9.999000e+03 -9.999000e+03 -9.999000e+03 -9.999000e+03 -9.999000e+03 -9.999000e+03 6.007028e-01 1.047616e+00 1.005828e+00 1.081471e+00 9.661471e-01 1.249098e+00 1.397825e+00 1.411833e+00 1.400687e+00 1.371230e+00 1.397416e+00 1.448661e+00 1.602197e+00 1.947172e+00 2.229552e+00 2.334661e+00 2.353310e+00 2.251916e+00 2.348390e+00 2.607699e+00 2.666710e+00 2.493984e+00 2.441985e+00 2.501481e+00 2.520259e+00 5.017340e+00 5.188175e+00 2.754146e+00 2.996810e+00 3.284233e+00 3.629240e+00 3.979988e+00 4.260800e+00 4.506010e+00 4.638419e+00 4.643253e+00 4.643846e+00 4.702530e+00 4.632030e+00 4.400763e+00 4.213301e+00 4.031741e+00 3.730494e+00 3.324745e+00 3.112824e+00 3.180115e+00
-9.999000e+03 -9.999000e+03 -9.999000e+03 -9.999000e+03 -9.999000e+03 -9.999000e+03 1.346053e+00 9.047100e-01 1.154497e+00 1.286668e+00 1.174798e+00 1.443826e+00 1.570841e+00 1.626125e+00 1.631281e+00 1.532684e+00 1.395389e+00 1.320462e+00 1.434394e+00 1.764499e+00 1.775668e+00 1.931695e+00 2.013573e+00 2.006620e+00 2.401523e+00 2.666752e+00 2.709552e+00 4.536856e+00 4.683978e+00 5.058524e+00 5.213148e+00 2.656428e+00 2.757878e+00 2.963835e+00 3.202387e+00 3.437503e+00 3.708747e+00 4.016701e+00 4.269370e+00 4.514371e+00 4.734901e+00 4.893979e+00 4.999636e+00 5.067226e+00 5.002135e+00 4.764438e+00 4.520332e+00 4.325428e+00 4.099622e+00 3.745453e+00 3.412834e+00 3.260460e+00
-9.999000e+03 -9.999000e+03 -9.999000e+03 -9.999000e+03 -9.999000e+03 4.738652e-01 7.909917e-01 1.209056e+00 1.061478e+00 1.107550e+00 1.292244e+00 1.405073e+00 1.555502e+00 1.660516e+00 1.690659e+00 1.626827e+00 1.482268e+00 1.353485e+00 1.438232e+00 1.740267e+00 2.348384e+00 2.888336e+00 3.382754e+00 3.836130e+00 4.138240e+00 4.493835e+00 4.745558e+00 2.650980e+00 2.647988e+00 2.779211e+00 2.821227e+00 2.789521e+00 2.893058e+00 3.068958e+00 3.243440e+00 3.406964e+00 3.625656e+00 3.942500e+00 4.209301e+00 4.429014e+00 4.657101e+00 4.875659e+00 5.057988e+00 5.191043e+00 5.207658e+00 5.061043e+00 4.814763e+00 4.546473e+00 4.344280e+00 4.110977e+00 3.784849e+00 3.493201e+00
-9.999000e+03 -9.999000e+03 -9.999000e+03 -9.999000e+03 9.016330e-01 8.073237e-01 1.143931e+00 1.346431e+00 9.275799e-01 8.407336e-01 1.026289e+00 1.146579e+00 1.364246e+00 1.501745e+00 1.584604e+00 1.620795e+00 1.564135e+00 1.437224e+00 1.523105e+00 1.817410e+00 2.081863e+00 2.299192e+00 2.547261e+00 2.788729e+00 2.886849e+00 2.886651e+00 2.902672e+00 2.887158e+00 2.857942e+00 2.887832e+00 2.907017e+00 2.864629e+00 2.869759e+00 2.932107e+00 3.030028e+00 3.150528e+00 3.355410e+00 3.711072e+00 4.043334e+00 4.287515e+00 4.479459e+00 4.654395e+00 4.851729e+00 5.047351e+00 5.176146e+00 5.189056e+00 5.031122e+00 4.727330e+00 4.509443e+00 4.395639e+00 4.142816e+00 3.781599e+00
-9.999000e+03 -9.999000e+03 -9.999000e+03 -9.999000e+03 5.746792e-01 1.005802e+00 1.155362e+00 1.085980e+00 8.248639e-01 6.969794e-01 8.518490e-01 1.091189e+00 1.040298e+00 1.377997e+00 1.529789e+00 1.629381e+00 1.605595e+00 1.466850e+00 1.548868e+00 1.853927e+00 2.178036e+00 2.473812e+00 2.777599e+00 3.101331e+00 3.233568e+00 3.206633e+00 3.238431e+00 3.286657e+00 3.242374e+00 3.182074e+00 3.185802e+00 3.166550e+00 3.122931e+00 3.088947e+00 3.090993e+00 3.135698e+00 3.257767e+00 3.526084e+00 3.854853e+00 4.152511e+00 4.316506e+00 4.393595e+00 4.543733e+00 4.749271e+00 4.946289e+00 5.090754e+00 5.055221e+00 4.817046e+00 4.640812e+00 4.622722e+00 4.434945e+00 4.044413e+00
-9.999000e+03 -9.999000e+03 -9.999000e+03 5.037283e-01 5.784976e-01 8.871189e-01 7.834484e-01 7.351686e-01 6.093410e-01 6.924538e-01 8.356655e-01 8.390732e-01 8.982583e-01 1.254058e+00 1.481675e+00 1.610665e+00 1.609519e+00 1.488749e+00 1.548272e+00 1.849516e+00 2.337032e+00 2.692213e+00 3.078113e+00 3.419754e+00 3.610691e+00 3.635542e+00 3.699899e+00 3.794347e+00 3.767229e+00 3.661911e+00 3.628377e+00 3.617027e+00 3.579459e+00 3.502898e+00 3.410968e+00 3.354461e+00 3.344108e+00 3.437497e+00 3.699498e+00 4.043271e+00 4.182240e+00 4.138785e+00 4.194472e+00 4.351157e+00 4.562382e+00 4.796084e+00 4.899465e+00 4.816582e+00 4.701819e+00 4.712696e+00 4.574629e+00 4.230512e+00
-9.999000e+03 -9.999000e+03 -9.999000e+03 4.131941e-01 6.233222e-01 6.736047e-01 5.417559e-01 4.098487e-01 4.645291e-01 5.033287e-01 6.195109e-01 6.748876e-01 7.203030e-01 1.094538e+00 1.374493e+00 1.508632e+00 1.545929e+00 1.473829e+00 1.459546e+00 1.976751e+00 1.813583e+00 2.510313e+00 2.930961e+00 3.311134e+00 3.605288e+00 3.740444e+00 3.844068e+00 3.954328e+00 3.938967e+00 3.805663e+00 3.721328e+00 3.694399e+00 3.698872e+00 3.690207e+00 3.641734e+00 3.602488e+00 3.540560e+00 3.484852e+00 3.651511e+00 4.016665e+00 4.165572e+00 4.063630e+00 4.027386e+00 4.080010e+00 4.222978e+00 4.446172e+00 4.627342e+00 4.562499e+00 4.554760e+00 4.509954e+00 4.389399e+00 6.620846e+00
-9.999000e+03 -9.999000e+03 2.663736e-01 2.348667e-01 5.595791e-01 5.453212e-01 2.960567e-01 2.318193e-01 2.826124e-01 2.049241e-01 3.361542e-01 4.398513e-01 4.941651e-01 8.934599e-01 1.193465e+00 1.330549e+00 1.435461e+00 1.434267e+00 1.463516e+00 1.233517e+00 1.305173e+00 1.862523e+00 2.312549e+00 2.746673e+00 3.183203e+00 3.481438e+00 3.640565e+00 3.753791e+00 3.749185e+00 3.600445e+00 3.461928e+00 3.406973e+00 3.481717e+00 3.622084e+00 3.723105e+00 3.801101e+00 3.787819e+00 3.667417e+00 3.713931e+00 4.019934e+00 4.208396e+00 4.156114e+00 4.062270e+00 3.986640e+00 4.016508e+00 4.171491e+00 3.516264e+00 3.669770e+00 3.693424e+00 3.598532e+00 7.232175e+00 4.240304e+00
-9.999000e+03 -9.999000e+03 2.437573e-01 4.630220e-01 5.273279e-01 3.096489e-01 1.777367e-01 3.011208e-01 2.655984e-01 4.906162e-02 2.284711e-01 2.959368e-01 3.354643e-01 7.002671e-01 9.434752e-01 1.031556e+00 1.152838e+00 1.237049e+00 1.067560e+00 8.766285e-01 8.054402e-01 1.209689e+00 1.628850e+00 2.017284e+00 2.474036e+00 2.902685e+00 3.184896e+00 3.369165e+00 3.434058e+00 3.348042e+00 3.210037e+00 3.110801e+00 3.192636e+00 3.401798e+00 3.579846e+00 3.724442e+00 3.771506e+00 3.699057e+00 3.729277e+00 3.945254e+00 4.123256e+00 4.157825e+00 4.105744e+00 4.018262e+00 4.040835e+00 4.199245e+00 4.351988e+00 4.516981e+00 7.316495e+00 7.673314e+00 4.267471e+00 4.257580e+00
-9.999000e+03 1.925841e-01 6.750345e-01 5.843294e-01 4.517215e-01 1.048986e-01 3.459657e-01 3.423380e-01 -9.999000e+03 -9.999000e+03 -9.999000e+03 2.201688e-01 2.757248e-01 5.250203e-01 6.652929e-01 6.738642e-01 7.472945e-01 8.856425e-01 7.422725e-01 3.573550e-01 2.914089e-01 5.793122e-01 9.471769e-01 1.221621e+00 1.579306e+00 2.058729e+00 2.480448e+00 2.800563e+00 2.982566e+00 3.014251e+00 2.936049e+00 2.814549e+00 2.863285e+00 3.079019e+00 3.277240e+00 3.443884e+00 3.523067e+00 3.521476e+00 3.640755e+00 3.858675e+00 3.997478e+00 4.062137e+00 4.080709e+00 4.057103e+00 4.139638e+00 4.344368e+00 5.615432e+00 6.631174e+00 4.524253e+00 4.333158e+00 4.319772e+00 4.429010e+00
-9.999000e+03 4.683491e-01 3.845634e-01 4.453170e-01 2.660565e-01 2.849777e-01 -9.999000e+03 -9.999000e+03 -9.999000e+03 -9.999000e+03 -9.999000e+03 -9.999000e+03 3.276650e-01 4.677883e-01 5.915950e-01 6.467579e-01 6.734868e-01 8.630188e-01 7.335453e-01 3.207510e-01 2.093663e-01 2.253535e-01 3.983497e-01 6.672688e-01 1.000778e+00 1.385016e+00 1.785537e+00 2.153378e+00 2.388956e+00 2.499627e+00 2.553685e+00 2.478173e+00 2.552393e+00 2.801647e+00 3.032387e+00 3.227515e+00 3.316103e+00 3.304362e+00 3.480395e+00 3.807161e+00 3.983346e+00 4.027651e+00 4.052763e+00 4.059473e+00 4.183475e+00 4.432351e+00 4.581517e+00 4.624051e+00 4.562481e+00 4.396718e+00 4.474184e+00 4.733978e+00
5.129142e-01 9.292543e-01 4.879092e-01 2.760487e-01 8.889525e-02 4.659192e-01 -9.999000e+03 -9.999000e+03 -9.999000e+03 -9.999000e+03 -9.999000e+03 -9.999000e+03 -9.999000e+03 -9.999000e+03 -9.999000e+03 7.117003e-01 8.972196e-01 8.274355e-01 7.137859e-01 5.601894e-01 5.832829e-01 -9.999000e+03 -9.999000e+03 3.977682e-01 6.750834e-01 8.818952e-01 1.140877e+00 1.434100e+00 1.596493e+00 1.917551e+00 2.003953e+00 2.092154e+00 2.241179e+00 2.549032e+00 2.816167e+00 3.025215e+00 3.123015e+00 3.093988e+00 3.295727e+00 3.740647e+00 3.989679e+00 4.003763e+00 4.004873e+00 4.018506e+00 4.160813e+00 4.447956e+00 4.648628e+00 4.726088e+00 4.669898e+00 4.512071e+00 4.686026e+00 5.131360e+00
3.185113e-01 2.443499e-01 2.076827e-01 2.056708e-01 4.869308e-01 -9.999000e+03 -9.999000e+03 -9.999000e+03 -9.999000e+03 -9.999000e+03 -9.999000e+03 -9.999000e+03 -9.999000e+03 -9.999000e+03 -9.999000e+03 -9.999000e+03 -9.999000e+03 -9.999000e+03 -9.999000e+03 -9.999000e+03 -9.999000e+03 -9.999000e+03 -9.999000e+03 3.428231e-01 5.988286e-01 7.168938e-01 9.953532e-01 1.304258e+00 1.402022e+00 1.166563e+00 1.410234e+00 1.550281e+00 1.791133e+00 2.184465e+00 2.476538e+00 2.651112e+00 2.766577e+00 2.844044e+00 3.075908e+00 3.594464e+00 3.797635e+00 3.812022e+00 3.908881e+00 3.860561e+00 3.953863e+00 4.202357e+00 4.386172e+00 4.510927e+00 4.487180e+00 4.335837e+00 4.582460e+00 5.289431e+00
-9.999000e+03 5.407021e-01 4.673266e-01 7.104392e-01 -9.999000e+03 -9.999000e+03 -9.999000e+03 -9.999000e+03 -9.999000e+03 -9.999000e+03 -9.999000e+03 -9.999000e+03 -9.999000e+03 -9.999000e+03 -9.999000e+03 -9.999000e+03 -9.999000e+03 -9.999000e+03 -9.999000e+03 -9.999000e+03 -9.999000e+03 -9.999000e+03 -9.999000e+03 -9.999000e+03 -9.999000e+03 -9.999000e+03 8.852834e-01 1.071104e+00 1.168116e+00 8.997743e-01 7.639653e-01 9.189354e-01 1.215498e+00 1.652929e+00 1.881617e+00 1.939812e+00 2.410361e+00 2.522542e+00 2.810184e+00 2.838932e+00 3.065630e+00 3.756064e+00 3.651417e+00 3.604785e+00 3.723343e+00 3.714416e+00 3.799727e+00 3.879141e+00 4.027662e+00 3.912171e+00 4.247217e+00 5.004361e+00
-9.999000e+03 -9.999000e+03 -9.999000e+03 -9.999000e+03 -9.999000e+03 -9.999000e+03 -9.999000e+03 -9.999000e+03 -9.999000e+03 -9.999000e+03 -9.999000e+03 -9.999000e+03 -9.999000e+03 -9.999000e+03 -9.999000e+03 -9.999000e+03 -9.999000e+03 -9.999000e+03 -9.999000e+03 -9.999000e+03 -9.999000e+03 -9.999000e+03 -9.999000e+03 -9.999000e+03 -9.999000e+03 -9.999000e+03 -9.999000e+03 -9.999000e+03 9.650881e-01 7.692852e-01 6.120465e-01 7.388601e-01 1.048246e+00 1.702386e+00 1.949138e+00 1.825330e+00 1.671448e+00 1.958361e+00 2.256018e+00 3.028439e+00 3.374178e+00 2.865770e+00 2.931273e+00 3.600229e+00 2.983907e+00 2.992920e+00 2.959874e+00 3.546235e+00 3.493313e+00 3.665913e+00 3.335672e+00 4.024756e+00
-9.999000e+03 -9.999000e+03 -9.999000e+03 -9.999000e+03 -9.999000e+03 -9.999000e+03 -9.999000e+03 -9.999000e+03 -9.999000e+03 -9.999000e+03 -9.999000e+03 -9.999000e+03 -9.999000e+03 -9.999000e+03 -9.999000e+03 -9.999000e+03 -9.999000e+03 -9.999000e+03 -9.999000e+03 -9.999000e+03 -9.999000e+03 -9.999000e+03 -9.999000e+03 -9.999000e+03 -9.999000e+03 -9.999000e+03 -9.999000e+03 -9.999000e+03 -9.999000e+03 6.847614e-01 7.823355e-01 9.817349e-01 1.346483e+00 1.659922e+00 1.759745e+00 1.516262e+00 1.531075e+00 1.848624e+00 2.446989e+00 2.787274e+00 2.970509e+00 3.039836e+00 3.223926e+00 2.877300e+00 3.504727e+00 3.602335e+00 3.467268e+00 2.634101e+00 3.260502e+00 2.986432e+00 3.942208e+00 4.695651e+00
-9.999000e+03 -9.999000e+03 -9.999000e+03 -9.999000e+03 -9.999000e+03 -9.999000e+03 -9.999000e+03 -9.999000e+03 -9.999000e+03 -9.999000e+03 -9.999000e+03 -9.999000e+03 -9.999000e+03 -9.999000e+03 -9.999000e+03 -9.999000e+03 -9.999000e+03 -9.999000e+03 -9.999000e+03 -9.999000e+03 -9.999000e+03 -9.999000e+03 -9.999000e+03 -9.999000e+03 -9.999000e+03 -9.999000e+03 -9.999000e+03 -9.999000e+03 -9.999000e+03 -9.999000e+03 1.083046e+00 -9.999000e+03 -9.999000e+03 -9.999000e+03 -9.999000e+03 -9.999000e+03 -9.999000e+03 -9.999000e+03 2.099273e+00 2.566656e+00 2.665406e+00 2.612494e+00 2.790089e+00 3.194902e+00 3.428629e+00 3.467505e+00 3.276256e+00 2.863678e+00 2.484092e+00 3.538341e+00 4.106955e+00 4.416642e+00
-9.999000e+03 -9.999000e+03 -9.999000e+03 -9.999000e+03 -9.999000e+03 -9.999000e+03 -9.999000e+03 -9.999000e+03 -9.999000e+03 -9.999000e+03 -9.999000e+03 -9.999000e+03 -9.999000e+03 -9.999000e+03 -9.999000e+03 -9.999000e+03 -9.999000e+03 -9.999000e+03 -9.999000e+03 -9.999000e+03 -9.999000e+03 -9.999000e+03 -9.999000e+03 -9.999000e+03 -9.999000e+03 -9.999000e+03 -9.999000e+03 -9.999000e+03 -9.999000e+03 -9.999000e+03 -9.999000e+03 -9.999000e+03 -9.999000e+03 -9.999000e+03 -9.999000e+03 -9.999000e+03 -9.999000e+03 -9.999000e+03 -9.999000e+03 -9.999000e+03 -9.999000e+03 2.124617e+00 2.247878e+00 2.606231e+00 3.270499e+00 3.350742e+00 3.138185e+00 2.698017e+00 2.867900e+00 3.682106e+00 4.085079e+00 3.999914e+00
-9.999000e+03 -9.999000e+03 -9.999000e+03 -9.999000e+03 -9.999000e+03 -9.999000e+03 -9.999000e+03 -9.999000e+03 -9.999000e+03 -9.999000e+03 -9.999000e+03 -9.999000e+03 -9.999000e+03 -9.999000e+03 -9.999000e+03 -9.999000e+03 -9.999000e+03 -9.999000e+03 -9.999000e+03 -9.999000e+03 -9.999000e+03 -9.999000e+03 -9.999000e+03 -9.999000e+03 -9.999000e+03 -9.999000e+03 -9.999000e+03 -9.999000e+03 -9.999000e+03 -9.999000e+03 -9.999000e+03 -9.999000e+03 -9.999000e+03 -9.999000e+03 -9.999000e+03 -9.999000e+03 -9.999000e+03 -9.999000e+03 -9.999000e+03 -9.999000e+03 -9.999000e+03 -9.999000e+03 -9.999000e+03 -9.999000e+03 2.873789e+00 2.775961e+00 3.044476e+00 2.784526e+00 2.497292e+00 3.651589e+00 3.938208e+00 3.482432e+00
-9.999000e+03 -9.999000e+03 -9.999000e+03 -9.999000e+03 -9.999000e+03 -9.999000e+03 -9.999000e+03 -9.999000e+03 -9.999000e+03 -9.999000e+03 -9.999000e+03 -9.999000e+03 -9.999000e+03 -9.999000e+03 -9.999000e+03 -9.999000e+03 -9.999000e+03 -9.999000e+03 -9.999000e+03 -9.999000e+03 -9.999000e+03 -9.999000e+03 -9.999000e+03 -9.999000e+03 -9.999000e+03 -9.999000e+03 -9.999000e+03 -9.999000e+03 -9.999000e+03 -9.999000e+03 -9.999000e+03 -9.999000e+03 -9.999000e+03 -9.999000e+03 -9.999000e+03 -9.999000e+03 -9.999000e+03 -9.999000e+03 -9.999000e+03 -9.999000e+03 -9.999000e+03 -9.999000e+03 -9.999000e+03 -9.999000e+03 -9.999000e+03 -9.999000e+03 -9.999000e+03 -9.999000e+03 -9.999000e+03 -9.999000e+03 3.129704e+00 2.971212e+00
-9.999000e+03 -9.999000e+03 -9.999000e+03 -9.999000e+03 -9.999000e+03 -9.999000e+03 -9.999000e+03 -9.999000e+03 -9.999000e+03 -9.999000e+03 -9.999000e+03 -9.999000e+03 -9.999000e+03 -9.999000e+03 -9.999000e+03 -9.999000e+03 -9.999000e+03 -9.999000e+03 -9.999000e+03 -9.999000e+03 -9.999000e+03 -9.999000e+03 -9.999000e+03 -9.999000e+03 -9.999000e+03 -9.999000e+03 -9.999000e+03 -9.999000e+03 -9.999000e+03 -9.999000e+03 -9.999000e+03 -9.999000e+03 -9.999000e+03 -9.999000e+03 -9.999000e+03 -9.999000e+03 -9.999000e+03 -9.999000e+03 -9.999000e+03 -9.999000e+03 -9.999000e+03 -9.999000e+03 -9.999000e+03 -9.999000e+03 -9.999000e+03 -9.999000e+03 -9.999000e+03 -9.999000e+03 -9.999000e+03 -9.999000e+03 -9.999000e+03 2.305400e+00
-9.999000e+03 -9.999000e+03 -9.999000e+03 -9.999000e+03 -9.999000e+03 -9.999000e+03 -9.999000e+03 -9.999000e+03 -9.999000e+03 -9.999000e+03 -9.999000e+03 -9.999000e+03 -9.999000e+03 -9.999000e+03 -9.999000e+03 -9.999000e+03 -9.999000e+03 -9.999000e+03 -9.999000e+03 -9.999000e+03 -9.999000e+03 -9.999000e+03 -9.999000e+03 -9.999000e+03 -9.999000e+03 -9.999000e+03 -9.999000e+03 -9.999000e+03 -9.999000e+03 -9.999000e+03 -9.999000e+03 -9.999000e+03 -9.999000e+03 -9.999000e+03 -9.999000e+03 -9.999000e+03 -9.999000e+03 -9.999000e+03 -9.999000e+03 -9.999000e+03 -9.999000e+03 -9.999000e+03 -9.999000e+03 -9.999000e+03 -9.999000e+03 -9.999000e+03 -9.999000e+03 -9.999000e+03 -9.999000e+03 -9.999000e+03 -9.999000e+03 -9.999000e+03
-9.999000e+03 -9.999000e+03 -9.999000e+03 -9.999000e+03 -9.999000e+03 -9.999000e+03 -9.999000e+03 -9.999000e+03 -9.999000e+03 -9.999000e+03 -9.999000e+03 -9.999000e+03 -9.999000e+03 -9.999000e+03 -9.999000e+03 -9.999000e+03 -9.999000e+03 -9.999000e+03 -9.999000e+03 -9.999000e+03 -9.999000e+03 -9.999000e+03 -9.999000e+03 -9.999000e+03 -9.999000e+03 -9.999000e+03 -9.999000e+03 -9.999000e+03 -9.999000e+03 -9.999000e+03 -9.999000e+03 -9.999000e+03 -9.999000e+03 -9.999000e+03 -9.999000e+03 -9.999000e+03 -9.999000e+03 -9.999000e+03 -9.999000e+03 -9.999000e+03 -9.999000e+03 -9.999000e+03 -9.999000e+03 -9.999000e+03 -9.999000e+03 -9.999000e+03 -9.999000e+03 -9.999000e+03 -9.999000e+03 -9.999000e+03 -9.999000e+03 -9.999000e+03
