tests/data/reference/test_stream_rill/mrsearstr_pa.asc
ncols	123
nrows	77
xllcorner	-713746.79929998
yllcorner	-1061022.36961616
cellsize	10.0
NODATA_value	-9999
[rows 46 to 68 of 77, columns 52 to 103 of 123]
3.187871e+00 3.113665e+00 3.291868e+00 3.669860e+00 3.857583e+00 3.844589e+00 3.882658e+00 3.935421e+00 3.927234e+00 3.938783e+00 4.128784e+00 6.326904e+00 4.672146e+00 4.770832e+00 4.855813e+00 4.951247e+00 5.353018e+00 6.020039e+00 6.450204e+00 6.586504e+00 6.920269e+00 7.468144e+00 7.491007e+00 6.799308e+00 6.397586e+00 0.000000e+00 4.005645e+00 4.577262e+00 5.256750e+00 5.351929e+00 4.818407e+00 0.000000e+00 0.000000e+00 0.000000e+00 4.788717e+00 4.830399e+00 1.066000e+01 5.884826e+00 6.274179e+00 6.330952e+00 6.244681e+00 6.038016e+00 5.742115e+00 5.344613e+00 4.997164e+00 4.581364e+00 3.628238e+00 4.211454e+00 4.001674e+00 4.062539e+00 4.371469e+00 4.645327e+00
3.058041e+00 2.759386e+00 2.810991e+00 3.233132e+00 3.376132e+00 3.352096e+00 3.411752e+00 3.578612e+00 3.765597e+00 3.731919e+00 6.064658e+00 4.155534e+00 4.269106e+00 4.087362e+00 4.046033e+00 4.153317e+00 4.324917e+00 5.026826e+00 5.484075e+00 5.625696e+00 5.985776e+00 6.606029e+00 6.926270e+00 7.062856e+00 5.209114e+00 0.000000e+00 4.001290e+00 4.771133e+00 5.555579e+00 5.968085e+00 5.835258e+00 5.315783e+00 4.044248e+00 0.000000e+00 0.000000e+00 3.826768e+00 1.066000e+01 5.486684e+00 6.109983e+00 6.298177e+00 6.217143e+00 5.975887e+00 5.765918e+00 5.539439e+00 5.341003e+00 4.999290e+00 3.987990e+00 4.706139e+00 4.447567e+00 4.395229e+00 4.599249e+00 4.796849e+00
3.158247e+00 2.729601e+00 2.658134e+00 2.507892e+00 2.661294e+00 2.636201e+00 2.669917e+00 3.353900e+00 3.391526e+00 6.081829e+00 3.708001e+00 3.879331e+00 3.330758e+00 3.224023e+00 3.882776e+00 3.112261e+00 3.301588e+00 3.757632e+00 4.030579e+00 4.101038e+00 4.350063e+00 4.796745e+00 6.637272e+00 6.843646e+00 7.198427e+00 0.000000e+00 3.831469e+00 5.954975e+00 6.071074e+00 6.542630e+00 6.567973e+00 6.075190e+00 4.765096e+00 2.248082e+00 0.000000e+00 3.307537e+00 1.066000e+01 5.019533e+00 5.805253e+00 6.187689e+00 6.182715e+00 5.925507e+00 5.776409e+00 5.684463e+00 5.626733e+00 5.365521e+00 4.294552e+00 5.175633e+00 4.941374e+00 4.806791e+00 4.835094e+00 4.866111e+00
3.403626e+00 2.965435e+00 2.292833e+00 2.845575e+00 3.026394e+00 3.026328e+00 3.022513e+00 2.534477e+00 5.922768e+00 3.377925e+00 2.973393e+00 3.190871e+00 3.881418e+00 3.889586e+00 3.117208e+00 3.701207e+00 3.991030e+00 4.413981e+00 4.659211e+00 4.691052e+00 4.857466e+00 5.209492e+00 4.649401e+00 5.347339e+00 8.441614e+00 0.000000e+00 5.183129e+00 6.164229e+00 6.565355e+00 7.065614e+00 7.148122e+00 6.709342e+00 5.588563e+00 3.870860e+00 0.000000e+00 0.000000e+00 1.056440e+01 4.568426e+00 5.395694e+00 5.954656e+00 6.100991e+00 5.923902e+00 5.827452e+00 5.810564e+00 5.863781e+00 5.676520e+00 4.547446e+00 5.585419e+00 5.460238e+00 5.284494e+00 5.073640e+00 4.855168e+00
3.691097e+00 4.571580e+00 3.887934e+00 3.394797e+00 2.995870e+00 3.004415e+00 2.969220e+00 5.801029e+00 3.035095e+00 2.758741e+00 3.466065e+00 3.763306e+00 3.871350e+00 3.827105e+00 3.838946e+00 3.923042e+00 4.144585e+00 4.522917e+00 4.732655e+00 4.744123e+00 4.747854e+00 4.763394e+00 5.181335e+00 6.061407e+00 6.539212e+00 0.000000e+00 5.268467e+00 5.392318e+00 6.953365e+00 7.610248e+00 7.709124e+00 7.409927e+00 6.416233e+00 6.644277e+00 3.447632e+00 0.000000e+00 1.079000e+01 4.266924e+00 5.062576e+00 5.689381e+00 5.945420e+00 5.888620e+00 5.865450e+00 4.593398e+00 5.989506e+00 7.151234e+00 4.769041e+00 5.944861e+00 5.849182e+00 5.662289e+00 5.367592e+00 5.028749e+00
5.737811e+00 3.782618e+00 4.474269e+00 4.205926e+00 4.734424e+00 5.681822e+00 5.921274e+00 2.985404e+00 3.097818e+00 3.441401e+00 3.629517e+00 3.647204e+00 3.679579e+00 3.710814e+00 3.802217e+00 3.965558e+00 5.295249e+00 5.133086e+00 5.071997e+00 5.131581e+00 4.954170e+00 4.515712e+00 4.580439e+00 5.239765e+00 5.812856e+00 0.000000e+00 5.225902e+00 6.920326e+00 7.661647e+00 8.163770e+00 8.263311e+00 7.962760e+00 7.017082e+00 5.468943e+00 5.177188e+00 0.000000e+00 0.000000e+00 4.268188e+00 4.869753e+00 5.477442e+00 5.774970e+00 5.817525e+00 5.618294e+00 4.601577e+00 5.947289e+00 7.729339e+00 4.937917e+00 6.288368e+00 6.111860e+00 5.917518e+00 5.728487e+00 5.429149e+00
4.148433e+00 4.099950e+00 3.083194e+00 3.354782e+00 3.379523e+00 3.214831e+00 3.223364e+00 3.147331e+00 3.305333e+00 3.729413e+00 3.855640e+00 3.633127e+00 3.525325e+00 3.550016e+00 3.645230e+00 3.806354e+00 3.424597e+00 4.672407e+00 5.281230e+00 5.578274e+00 5.268815e+00 4.340459e+00 4.123900e+00 4.681684e+00 4.303720e+00 0.000000e+00 5.282635e+00 7.045619e+00 7.947178e+00 8.552315e+00 8.717057e+00 8.278472e+00 7.413763e+00 6.238191e+00 4.597510e+00 4.259133e+00 0.000000e+00 5.833359e+00 4.852771e+00 5.288971e+00 5.511588e+00 5.539109e+00 4.474508e+00 5.590337e+00 5.958523e+00 6.907398e+00 6.173058e+00 6.555343e+00 6.401638e+00 6.189350e+00 6.027167e+00 5.833611e+00
4.219649e+00 4.317039e+00 4.028245e+00 4.029409e+00 3.148947e+00 3.242264e+00 3.310854e+00 3.314519e+00 3.556697e+00 5.030771e+00 4.552919e+00 3.873565e+00 3.590928e+00 3.457221e+00 3.472073e+00 3.614586e+00 4.017470e+00 4.696905e+00 5.286031e+00 5.747002e+00 5.414468e+00 4.262725e+00 5.223760e+00 5.987959e+00 6.031938e+00 0.000000e+00 5.404063e+00 7.207654e+00 8.206158e+00 9.001839e+00 9.040635e+00 8.408615e+00 7.723230e+00 7.089464e+00 5.683631e+00 6.226593e+00 0.000000e+00 0.000000e+00 5.245741e+00 5.177537e+00 5.169223e+00 4.022400e+00 5.123566e+00 5.677917e+00 6.013815e+00 6.338761e+00 6.504550e+00 6.711723e+00 6.708165e+00 6.503017e+00 6.255804e+00 6.193107e+00
4.331861e+00 4.519178e+00 5.425171e+00 3.517571e+00 3.209261e+00 3.310420e+00 3.405041e+00 3.449439e+00 3.718386e+00 4.284766e+00 4.491987e+00 4.253906e+00 3.912433e+00 3.545574e+00 3.457192e+00 3.632905e+00 4.004174e+00 4.583616e+00 5.126520e+00 5.607696e+00 5.282383e+00 4.078633e+00 3.138638e+00 3.887882e+00 5.467376e+00 0.000000e+00 5.584400e+00 7.478695e+00 8.508798e+00 9.278851e+00 9.262225e+00 8.429173e+00 7.972790e+00 7.840452e+00 9.125975e+00 8.171658e+00 3.873038e+00 0.000000e+00 5.648519e+00 5.509085e+00 5.010338e+00 4.081401e+00 5.388461e+00 5.823943e+00 6.196517e+00 6.459938e+00 6.605086e+00 6.748990e+00 6.839949e+00 6.738266e+00 6.513292e+00 6.459989e+00
4.527314e+00 4.679968e+00 4.406827e+00 3.693262e+00 3.387015e+00 3.466595e+00 3.559911e+00 3.629415e+00 3.845627e+00 3.478683e+00 5.862950e+00 6.816608e+00 5.895854e+00 6.919417e+00 7.171602e+00 7.119391e+00 7.109896e+00 7.159535e+00 7.120604e+00 6.976911e+00 6.058973e+00 4.477317e+00 3.995164e+00 5.130895e+00 0.000000e+00 0.000000e+00 5.930788e+00 7.880405e+00 8.758480e+00 9.203918e+00 9.104480e+00 8.523825e+00 8.211240e+00 8.373688e+00 7.512599e+00 7.495021e+00 8.046341e+00 0.000000e+00 6.136633e+00 5.866175e+00 4.517608e+00 5.528840e+00 5.996749e+00 6.301791e+00 6.556529e+00 6.684883e+00 6.676320e+00 6.688912e+00 6.786000e+00 6.854537e+00 6.795656e+00 6.655375e+00
4.808038e+00 4.779418e+00 4.508892e+00 3.950200e+00 3.673187e+00 3.694361e+00 3.787128e+00 3.935926e+00 4.088394e+00 5.392823e+00 4.562449e+00 4.795526e+00 5.895135e+00 4.142478e+00 3.995346e+00 5.383660e+00 5.050304e+00 4.823185e+00 5.134492e+00 5.484430e+00 5.347982e+00 4.634856e+00 4.697607e+00 5.654991e+00 0.000000e+00 4.517588e+00 6.331640e+00 7.996851e+00 8.538940e+00 8.565052e+00 8.513823e+00 8.485866e+00 8.488096e+00 8.517638e+00 7.811061e+00 8.629223e+00 1.023489e+01 0.000000e+00 0.000000e+00 5.334223e+00 6.459338e+00 6.509523e+00 6.623730e+00 6.738487e+00 6.822049e+00 6.857298e+00 6.785886e+00 6.677574e+00 6.652967e+00 6.711121e+00 6.720426e+00 6.524986e+00
5.141281e+00 4.794564e+00 4.552494e+00 4.306321e+00 4.063307e+00 3.973406e+00 4.033312e+00 4.245935e+00 4.372336e+00 4.400539e+00 4.570895e+00 4.872679e+00 4.850293e+00 4.447701e+00 4.339047e+00 4.612157e+00 6.171369e+00 7.557210e+00 8.826929e+00 8.542708e+00 7.920186e+00 6.966787e+00 6.476193e+00 6.388263e+00 0.000000e+00 4.604975e+00 6.297406e+00 7.673387e+00 7.927171e+00 7.748281e+00 7.921231e+00 8.481229e+00 8.774976e+00 8.772518e+00 8.353034e+00 7.319913e+00 9.095679e+00 1.013521e+01 0.000000e+00 7.940928e+00 8.106043e+00 7.453114e+00 7.233851e+00 7.088210e+00 6.958869e+00 6.939808e+00 6.919186e+00 6.740445e+00 6.479078e+00 6.324826e+00 6.262212e+00 6.050176e+00
5.269616e+00 4.383866e+00 4.336278e+00 4.366101e+00 4.250986e+00 4.117817e+00 4.141761e+00 4.355185e+00 4.491610e+00 4.496564e+00 4.600034e+00 4.843761e+00 4.896253e+00 4.668064e+00 4.608699e+00 4.830174e+00 5.103375e+00 5.390909e+00 5.675903e+00 7.566646e+00 6.949451e+00 6.286640e+00 6.249215e+00 6.581514e+00 0.000000e+00 4.649698e+00 6.201036e+00 7.325462e+00 7.453036e+00 7.296323e+00 1.066000e+01 1.066000e+01 1.066000e+01 1.066000e+01 1.066000e+01 1.079000e+01 1.079000e+01 1.079000e+01 0.000000e+00 0.000000e+00 8.525199e+00 8.002610e+00 7.510585e+00 7.213771e+00 6.984177e+00 6.900583e+00 6.870294e+00 6.699399e+00 6.368586e+00 6.121398e+00 6.047796e+00 5.841630e+00
4.120813e+00 4.150739e+00 3.863837e+00 4.106471e+00 4.196959e+00 4.106348e+00 4.107029e+00 4.262297e+00 4.432150e+00 4.537404e+00 4.616308e+00 4.735156e+00 4.829995e+00 4.798188e+00 4.794578e+00 4.929196e+00 5.167273e+00 5.486964e+00 5.832498e+00 6.175682e+00 8.188021e+00 8.616553e+00 9.101251e+00 1.066000e+01 0.000000e+00 6.110669e+00 7.620036e+00 9.507665e+00 1.066000e+01 1.066000e+01 7.682014e+00 1.066000e+01 1.066000e+01 9.327742e+00 9.682292e+00 1.066000e+01 1.079000e+01 1.079000e+01 1.079000e+01 0.000000e+00 0.000000e+00 7.868090e+00 7.574840e+00 7.090041e+00 6.887508e+00 6.755464e+00 6.638644e+00 6.513037e+00 6.286271e+00 6.113319e+00 6.123643e+00 1.066000e+01
4.735785e+00 3.752473e+00 3.298828e+00 3.813005e+00 4.042813e+00 4.043031e+00 4.024387e+00 4.057674e+00 4.240846e+00 4.516075e+00 4.629721e+00 4.641437e+00 4.765735e+00 4.929240e+00 5.017680e+00 5.093635e+00 5.281966e+00 5.571664e+00 5.915788e+00 6.303069e+00 5.035820e+00 5.049636e+00 6.856631e+00 5.763348e+00 0.000000e+00 6.240737e+00 7.687116e+00 7.554482e+00 7.348581e+00 7.291308e+00 7.224654e+00 7.841999e+00 8.376374e+00 8.727255e+00 9.279636e+00 1.007817e+01 9.854189e+00 8.978202e+00 6.322416e+00 1.079000e+01 0.000000e+00 0.000000e+00 6.780466e+00 6.531046e+00 6.586135e+00 6.592801e+00 6.507301e+00 6.449618e+00 6.307598e+00 6.085453e+00 5.951475e+00 1.066000e+01
4.525733e+00 2.719063e+00 2.997064e+00 3.359774e+00 3.694521e+00 3.816476e+00 3.801219e+00 3.706344e+00 3.984462e+00 4.361649e+00 4.564329e+00 4.573762e+00 4.703563e+00 4.984036e+00 5.195764e+00 5.314124e+00 5.503636e+00 5.768123e+00 6.047707e+00 4.960323e+00 6.157833e+00 6.249688e+00 5.088343e+00 6.963788e+00 0.000000e+00 6.077423e+00 7.445080e+00 7.308168e+00 6.735407e+00 5.489668e+00 5.637817e+00 5.923660e+00 6.263312e+00 6.603200e+00 7.080733e+00 7.734909e+00 1.066000e+01 1.066000e+01 1.079000e+01 8.714723e+00 1.079000e+01 0.000000e+00 4.904656e+00 5.597829e+00 6.029349e+00 6.381549e+00 6.468498e+00 6.510787e+00 6.460940e+00 6.077189e+00 1.066000e+01 5.619924e+00
4.124407e+00 3.168679e+00 2.309649e+00 2.615379e+00 2.872165e+00 3.043098e+00 3.031141e+00 3.489809e+00 3.491073e+00 3.887585e+00 4.241012e+00 4.270791e+00 4.423110e+00 4.750295e+00 5.058613e+00 5.290212e+00 5.568609e+00 5.914619e+00 4.874375e+00 6.202031e+00 6.478312e+00 6.227233e+00 6.411502e+00 7.137764e+00 0.000000e+00 5.846121e+00 7.167278e+00 5.500839e+00 5.360693e+00 6.663058e+00 7.065469e+00 7.266503e+00 7.634138e+00 8.192430e+00 8.887123e+00 9.744267e+00 7.688571e+00 7.876117e+00 9.147590e+00 7.479013e+00 4.679454e+00 0.000000e+00 0.000000e+00 4.720073e+00 5.483584e+00 6.057832e+00 6.229340e+00 6.231161e+00 6.197699e+00 1.066000e+01 5.351083e+00 1.066000e+01
3.674835e+00 3.080039e+00 2.794131e+00 2.938371e+00 3.147666e+00 3.379477e+00 3.391391e+00 2.598948e+00 2.634615e+00 3.492527e+00 3.609111e+00 3.669596e+00 3.948995e+00 4.261810e+00 4.663522e+00 5.068955e+00 5.313186e+00 4.746844e+00 6.112404e+00 6.571993e+00 6.594005e+00 6.319577e+00 6.384417e+00 6.881667e+00 0.000000e+00 5.650471e+00 7.019793e+00 7.251353e+00 7.157772e+00 7.065876e+00 6.994455e+00 6.928111e+00 7.100341e+00 7.542321e+00 8.167847e+00 8.948705e+00 9.632100e+00 1.020880e+01 1.066000e+01 1.066000e+01 1.079000e+01 9.116655e+00 0.000000e+00 0.000000e+00 5.209674e+00 7.383425e+00 4.511596e+00 5.621627e+00 1.066000e+01 5.242770e+00 1.066000e+01 6.671758e+00
3.144779e+00 2.973409e+00 2.881789e+00 2.908598e+00 2.985082e+00 3.104857e+00 3.082033e+00 2.887881e+00 2.871732e+00 2.571520e+00 2.691850e+00 3.281399e+00 3.367134e+00 3.634592e+00 4.084048e+00 3.938951e+00 4.366193e+00 5.829657e+00 6.435263e+00 6.622503e+00 6.619819e+00 6.441471e+00 6.435192e+00 6.660689e+00 0.000000e+00 5.561735e+00 7.105469e+00 7.652915e+00 7.668032e+00 7.412160e+00 7.150703e+00 6.886167e+00 6.817413e+00 6.971713e+00 7.432801e+00 8.206174e+00 8.871765e+00 9.408035e+00 7.189622e+00 7.051930e+00 7.766861e+00 6.110319e+00 9.853426e+00 0.000000e+00 4.555538e+00 7.252756e+00 5.544250e+00 1.066000e+01 5.136654e+00 1.066000e+01 6.197238e+00 6.934231e+00
2.666634e+00 2.815600e+00 2.942406e+00 3.001933e+00 3.013054e+00 2.969072e+00 2.884702e+00 2.768485e+00 2.707297e+00 2.714356e+00 2.779369e+00 2.414980e+00 2.562194e+00 2.758019e+00 3.153402e+00 4.473978e+00 5.341908e+00 6.032592e+00 6.419929e+00 6.501810e+00 6.461024e+00 6.328685e+00 8.207654e+00 8.745419e+00 0.000000e+00 5.589562e+00 7.292687e+00 8.129944e+00 8.260728e+00 7.893330e+00 7.471177e+00 7.027623e+00 6.742484e+00 6.623791e+00 6.823649e+00 7.392961e+00 8.030620e+00 8.648044e+00 9.175876e+00 9.598262e+00 9.222283e+00 8.020439e+00 6.395585e+00 0.000000e+00 0.000000e+00 7.594981e+00 1.066000e+01 5.343658e+00 1.066000e+01 7.923979e+00 6.796220e+00 7.155538e+00
2.023339e+00 2.670879e+00 3.010752e+00 3.193839e+00 3.199788e+00 3.000320e+00 2.861037e+00 2.832573e+00 2.714643e+00 2.459481e+00 2.380324e+00 2.537261e+00 2.816303e+00 3.187381e+00 3.741759e+00 4.496829e+00 5.229157e+00 5.918743e+00 6.265325e+00 6.247135e+00 6.102796e+00 5.877846e+00 4.743127e+00 0.000000e+00 0.000000e+00 5.588456e+00 7.368701e+00 8.431199e+00 8.721097e+00 8.408332e+00 7.927833e+00 7.332081e+00 6.858902e+00 6.512701e+00 6.395621e+00 6.548849e+00 7.083925e+00 7.949727e+00 8.690645e+00 9.284287e+00 9.442770e+00 9.032437e+00 7.999788e+00 6.300673e+00 0.000000e+00 0.000000e+00 1.079000e+01 1.066000e+01 7.164590e+00 5.113909e+00 5.456043e+00 6.928110e+00
-9.999000e+03 -9.999000e+03 -9.999000e+03 -9.999000e+03 -9.999000e+03 -9.999000e+03 -9.999000e+03 2.511154e+00 2.379300e+00 2.032167e+00 1.888432e+00 2.016448e+00 2.679915e+00 3.301684e+00 3.893827e+00 4.451234e+00 5.048538e+00 5.717251e+00 6.016535e+00 5.906191e+00 5.695363e+00 5.406270e+00 5.658177e+00 0.000000e+00 4.204014e+00 5.610803e+00 7.257659e+00 8.487382e+00 8.998176e+00 8.913371e+00 8.484861e+00 7.765963e+00 7.103515e+00 6.507522e+00 6.096905e+00 5.897719e+00 6.253609e+00 7.194093e+00 8.108968e+00 8.887730e+00 9.362890e+00 9.525587e+00 8.894959e+00 7.569967e+00 5.450335e+00 0.000000e+00 0.000000e+00 6.546806e+00 6.623326e+00 6.997596e+00 7.530229e+00 5.762235e+00
-9.999000e+03 -9.999000e+03 -9.999000e+03 -9.999000e+03 -9.999000e+03 -9.999000e+03 -9.999000e+03 -9.999000e+03 -9.999000e+03 -9.999000e+03 2.321479e+00 2.404774e+00 2.404864e+00 2.990652e+00 4.032859e+00 4.409107e+00 4.827748e+00 5.460830e+00 5.711317e+00 5.514049e+00 5.307799e+00 5.114471e+00 5.469060e+00 0.000000e+00 4.180490e+00 5.454472e+00 7.018810e+00 8.327326e+00 9.052369e+00 9.297521e+00 9.027457e+00 8.259459e+00 7.440963e+00 6.610462e+00 6.015018e+00 5.670665e+00 5.805483e+00 6.441560e+00 7.306140e+00 8.352874e+00 9.101267e+00 9.510765e+00 9.275792e+00 8.324120e+00 6.757140e+00 4.641196e+00 0.000000e+00 0.000000e+00 7.432633e+00 8.004455e+00 -9.999000e+03 -9.999000e+03
