tests/data/reference/test_stream_rill/mrsearstr_pa.asc
ncols	123
nrows	77
xllcorner	-713746.79929998
yllcorner	-1061022.36961616
cellsize	10.0
NODATA_value	-9999
[rows 23 to 45 of 77, columns 0 to 51 of 123]
-9.999000e+03 -9.999000e+03 -9.999000e+03 -9.999000e+03 -9.999000e+03 -9.999000e+03 -9.999000e+03 -9.999000e+03 -9.999000e+03 -9.999000e+03 -9.999000e+03 -9.999000e+03 -9.999000e+03 -9.999000e+03 6.781537e-01 8.725343e-01 1.084701e+00 2.167319e+00 8.561885e-01 1.643609e-01 1.283868e+00 1.698313e+00 2.158973e+00 4.832884e+00 5.377609e+00 2.815555e+00 3.581688e+00 3.808055e+00 3.586681e+00 3.860626e+00 3.331995e+00 4.213838e+00 4.481259e+00 4.510592e+00 7.502666e+00 4.441465e+00 4.550050e+00 3.915817e+00 6.607841e+00 5.177299e+00 5.199066e+00 5.299417e+00 5.484064e+00 5.606468e+00 5.622523e+00 5.588849e+00 5.565089e+00 5.638218e+00 5.795850e+00 5.934818e+00 5.992738e+00 4.796400e+00
-9.999000e+03 -9.999000e+03 -9.999000e+03 -9.999000e+03 -9.999000e+03 -9.999000e+03 -9.999000e+03 -9.999000e+03 -9.999000e+03 -9.999000e+03 -9.999000e+03 -9.999000e+03 -9.999000e+03 -9.999000e+03 2.363967e-01 8.597268e-01 1.804448e+00 1.531929e+00 8.008672e-01 1.487524e+00 1.533790e+00 2.503637e+00 2.585299e+00 2.379194e+00 4.274052e+00 6.508464e+00 3.650239e+00 3.804247e+00 3.907653e+00 3.323777e+00 4.105277e+00 4.175017e+00 4.394075e+00 4.350971e+00 7.777287e+00 4.343886e+00 4.630756e+00 4.016102e+00 6.787728e+00 5.152911e+00 5.142703e+00 5.210370e+00 5.335258e+00 5.440616e+00 5.502328e+00 5.540297e+00 5.585714e+00 5.706320e+00 5.884899e+00 6.046987e+00 4.839636e+00 6.448361e+00
-9.999000e+03 -9.999000e+03 -9.999000e+03 -9.999000e+03 -9.999000e+03 -9.999000e+03 -9.999000e+03 -9.999000e+03 -9.999000e+03 -9.999000e+03 -9.999000e+03 -9.999000e+03 -9.999000e+03 -9.999000e+03 5.007847e-01 6.021478e-01 1.043498e+00 1.036063e+00 9.883223e-01 1.961441e+00 1.889364e+00 4.715584e+00 6.044376e+00 3.014232e+00 3.354717e+00 4.522579e+00 7.786256e+00 4.134634e+00 4.174944e+00 3.451330e+00 4.134529e+00 4.357647e+00 4.344034e+00 4.054988e+00 3.984550e+00 8.063110e+00 3.683886e+00 4.963905e+00 4.866691e+00 7.690411e+00 5.111572e+00 5.218245e+00 5.315878e+00 5.397886e+00 5.480340e+00 5.575654e+00 5.699848e+00 5.888583e+00 6.122430e+00 6.374103e+00 6.324468e+00 5.309666e+00
-9.999000e+03 -9.999000e+03 -9.999000e+03 -9.999000e+03 -9.999000e+03 -9.999000e+03 -9.999000e+03 -9.999000e+03 -9.999000e+03 -9.999000e+03 -9.999000e+03 -9.999000e+03 1.383066e+00 8.544562e-01 8.529436e-01 1.134754e+00 1.077344e+00 2.746269e-01 1.292755e+00 1.629071e+00 5.515098e+00 4.623907e+00 3.401837e+00 4.956315e+00 3.145034e+00 3.426943e+00 8.224437e+00 3.758058e+00 3.884997e+00 3.887852e+00 3.321028e+00 4.149016e+00 4.078185e+00 3.844474e+00 3.834842e+00 4.075598e+00 8.236851e+00 4.695094e+00 4.964827e+00 4.989522e+00 8.632251e+00 5.164833e+00 5.222831e+00 5.311175e+00 5.467134e+00 5.685136e+00 5.942653e+00 6.199031e+00 6.439903e+00 6.726691e+00 6.971384e+00 5.513908e+00
-9.999000e+03 -9.999000e+03 -9.999000e+03 -9.999000e+03 -9.999000e+03 -9.999000e+03 -9.999000e+03 -9.999000e+03 -9.999000e+03 -9.999000e+03 -9.999000e+03 -9.999000e+03 -9.999000e+03 1.304953e+00 9.859542e-01 1.034302e+00 4.380944e-01 9.213775e-01 1.297421e+00 4.357974e+00 2.313804e+00 2.289830e+00 4.054312e+00 4.732298e+00 5.990385e+00 6.184560e+00 6.261922e+00 6.377370e+00 3.068877e+00 3.471651e+00 3.759682e+00 3.733071e+00 3.690578e+00 3.461876e+00 3.603429e+00 4.210810e+00 4.725282e+00 8.546733e+00 4.923959e+00 5.045506e+00 8.921063e+00 5.028290e+00 5.041754e+00 5.174306e+00 5.465382e+00 5.883148e+00 6.327223e+00 6.633524e+00 6.815115e+00 7.065318e+00 7.309256e+00 7.013720e+00
-9.999000e+03 -9.999000e+03 -9.999000e+03 -9.999000e+03 -9.999000e+03 -9.999000e+03 -9.999000e+03 -9.999000e+03 -9.999000e+03 -9.999000e+03 -9.999000e+03 -9.999000e+03 -9.999000e+03 -9.999000e+03 -9.999000e+03 6.971131e-01 2.511768e-01 9.818018e-01 1.815633e+00 4.740401e+00 3.555756e+00 2.902487e+00 2.497155e+00 2.227355e+00 2.387798e+00 2.599711e+00 2.594974e+00 5.914158e+00 8.813523e+00 2.908128e+00 3.193524e+00 3.245439e+00 3.154612e+00 3.088590e+00 3.356579e+00 4.062946e+00 4.482168e+00 4.529643e+00 7.649241e+00 4.896016e+00 9.283270e+00 4.997210e+00 5.147553e+00 5.389930e+00 5.755970e+00 6.234975e+00 6.692656e+00 6.944575e+00 7.064309e+00 7.290348e+00 7.475227e+00 7.394402e+00
-9.999000e+03 -9.999000e+03 -9.999000e+03 -9.999000e+03 -9.999000e+03 -9.999000e+03 -9.999000e+03 -9.999000e+03 -9.999000e+03 -9.999000e+03 -9.999000e+03 -9.999000e+03 -9.999000e+03 -9.999000e+03 -9.999000e+03 -9.999000e+03 8.079513e-01 1.007759e+00 3.360424e+00 2.618449e+00 2.162323e+00 1.922249e+00 1.982560e+00 2.191778e+00 2.454111e+00 2.766158e+00 2.793518e+00 2.504815e+00 2.435486e+00 9.172043e+00 9.281428e+00 8.997248e+00 2.696051e+00 2.773418e+00 3.041529e+00 3.620094e+00 4.870111e+00 5.735053e+00 4.050745e+00 7.014415e+00 4.970880e+00 1.079000e+01 5.605748e+00 5.987624e+00 6.345408e+00 6.718593e+00 7.001195e+00 7.107531e+00 7.178848e+00 7.390097e+00 7.484307e+00 7.286139e+00
-9.999000e+03 -9.999000e+03 -9.999000e+03 -9.999000e+03 -9.999000e+03 -9.999000e+03 -9.999000e+03 -9.999000e+03 -9.999000e+03 -9.999000e+03 -9.999000e+03 -9.999000e+03 -9.999000e+03 -9.999000e+03 -9.999000e+03 -9.999000e+03 1.070295e+00 3.046318e+00 1.705249e+00 1.873729e+00 1.919390e+00 4.442493e+00 4.352112e+00 4.471599e+00 4.522077e+00 4.523054e+00 4.233627e+00 3.681744e+00 3.361441e+00 3.227555e+00 2.958407e+00 2.733707e+00 8.781937e+00 8.177257e+00 8.294901e+00 9.165229e+00 9.654316e+00 9.920953e+00 1.055923e+01 1.079000e+01 1.079000e+01 1.079000e+01 1.025745e+01 5.133459e+00 5.645673e+00 6.009968e+00 6.376218e+00 6.614952e+00 6.872302e+00 7.134423e+00 7.092366e+00 6.724522e+00
-9.999000e+03 -9.999000e+03 -9.999000e+03 -9.999000e+03 -9.999000e+03 -9.999000e+03 -9.999000e+03 -9.999000e+03 -9.999000e+03 -9.999000e+03 -9.999000e+03 -9.999000e+03 -9.999000e+03 -9.999000e+03 -9.999000e+03 1.072520e+00 3.624174e+00 1.669531e+00 3.650004e+00 4.443193e+00 4.693456e+00 2.076075e+00 2.680131e+00 3.375478e+00 3.134338e+00 4.352752e+00 4.801974e+00 5.087376e+00 4.882591e+00 4.859909e+00 4.525260e+00 3.908004e+00 3.224255e+00 2.483962e+00 2.120099e+00 2.329986e+00 7.265438e+00 8.108448e+00 8.876949e+00 9.693037e+00 9.597691e+00 8.570603e+00 1.079000e+01 1.079000e+01 1.079000e+01 4.405960e+00 6.831438e+00 5.546752e+00 6.187190e+00 6.501369e+00 6.253607e+00 5.737090e+00
-9.999000e+03 -9.999000e+03 -9.999000e+03 -9.999000e+03 -9.999000e+03 -9.999000e+03 -9.999000e+03 -9.999000e+03 -9.999000e+03 -9.999000e+03 -9.999000e+03 -9.999000e+03 -9.999000e+03 -9.999000e+03 9.253839e-01 1.634816e+00 4.490537e+00 3.905348e+00 1.668991e+00 1.785219e+00 2.054812e+00 2.250404e+00 2.434519e+00 2.647239e+00 3.374044e+00 2.730701e+00 2.906028e+00 3.075973e+00 3.253360e+00 3.540058e+00 3.460380e+00 5.712343e+00 5.499176e+00 5.121390e+00 5.130038e+00 6.586226e+00 3.003742e+00 3.614441e+00 4.258304e+00 4.940335e+00 5.328135e+00 5.291861e+00 6.459331e+00 6.903229e+00 7.064257e+00 1.079000e+01 1.079000e+01 1.079000e+01 4.614064e+00 6.687174e+00 4.568223e+00 4.265536e+00
-9.999000e+03 -9.999000e+03 -9.999000e+03 -9.999000e+03 -9.999000e+03 -9.999000e+03 -9.999000e+03 -9.999000e+03 -9.999000e+03 -9.999000e+03 -9.999000e+03 -9.999000e+03 -9.999000e+03 -9.999000e+03 1.030961e+00 6.719699e+00 1.942253e+00 1.962407e+00 1.938106e+00 1.917239e+00 1.969194e+00 2.139861e+00 2.454412e+00 2.599335e+00 2.724710e+00 2.686452e+00 2.860130e+00 3.292292e+00 4.342623e+00 5.119418e+00 5.510561e+00 3.216146e+00 3.025056e+00 2.969726e+00 4.250836e+00 3.233486e+00 3.509030e+00 3.803636e+00 4.187639e+00 4.682783e+00 5.145630e+00 5.665714e+00 5.903221e+00 5.934530e+00 5.840991e+00 7.298910e+00 8.093267e+00 8.450087e+00 1.079000e+01 1.079000e+01 1.079000e+01 2.754284e+00
-9.999000e+03 -9.999000e+03 -9.999000e+03 -9.999000e+03 -9.999000e+03 -9.999000e+03 -9.999000e+03 -9.999000e+03 -9.999000e+03 -9.999000e+03 -9.999000e+03 -9.999000e+03 -9.999000e+03 1.452621e+00 8.399770e+00 1.871330e+00 2.011724e+00 2.140073e+00 2.145317e+00 2.089401e+00 2.064021e+00 2.132812e+00 2.277934e+00 2.482638e+00 2.654150e+00 2.722348e+00 2.939190e+00 3.400896e+00 3.685202e+00 3.764076e+00 3.685294e+00 3.508822e+00 3.497035e+00 5.236612e+00 3.011283e+00 3.750461e+00 3.974598e+00 4.124394e+00 4.378674e+00 4.738641e+00 5.165890e+00 5.599079e+00 5.999271e+00 6.454234e+00 6.616056e+00 6.628967e+00 6.572235e+00 6.387404e+00 5.743075e+00 6.117245e+00 5.621112e+00 1.079000e+01
-9.999000e+03 -9.999000e+03 -9.999000e+03 -9.999000e+03 -9.999000e+03 -9.999000e+03 -9.999000e+03 -9.999000e+03 -9.999000e+03 -9.999000e+03 -9.999000e+03 -9.999000e+03 8.949394e-01 1.913514e+00 1.883196e+00 1.930178e+00 2.030195e+00 2.166349e+00 2.217031e+00 2.210849e+00 2.177817e+00 2.145849e+00 2.186645e+00 2.298065e+00 2.462969e+00 2.636565e+00 2.928710e+00 3.393024e+00 3.670555e+00 3.770790e+00 3.822139e+00 3.847901e+00 5.124548e+00 3.925182e+00 3.115434e+00 3.880104e+00 4.014074e+00 4.207173e+00 4.520864e+00 4.906076e+00 5.320231e+00 5.646896e+00 5.818264e+00 5.927841e+00 6.038098e+00 6.349217e+00 6.490909e+00 6.628333e+00 6.395872e+00 5.603105e+00 4.774547e+00 5.165439e+00
-9.999000e+03 -9.999000e+03 -9.999000e+03 -9.999000e+03 -9.999000e+03 -9.999000e+03 -9.999000e+03 -9.999000e+03 -9.999000e+03 -9.999000e+03 -9.999000e+03 -9.999000e+03 1.375433e+00 1.727145e+00 1.902935e+00 1.997591e+00 2.070545e+00 2.206646e+00 2.290705e+00 2.322027e+00 2.291188e+00 2.204784e+00 2.185763e+00 2.231370e+00 2.357863e+00 2.541933e+00 2.806533e+00 3.196570e+00 3.411432e+00 3.485307e+00 3.609726e+00 4.942621e+00 3.216412e+00 3.765393e+00 3.691211e+00 3.663743e+00 3.742956e+00 3.882729e+00 4.166058e+00 4.504604e+00 4.924319e+00 5.331598e+00 5.495209e+00 5.307253e+00 5.397532e+00 5.612259e+00 5.830671e+00 6.200693e+00 6.083125e+00 5.828675e+00 5.325554e+00 4.769968e+00
-9.999000e+03 -9.999000e+03 -9.999000e+03 -9.999000e+03 -9.999000e+03 -9.999000e+03 -9.999000e+03 -9.999000e+03 -9.999000e+03 -9.999000e+03 -9.999000e+03 7.190296e-01 3.136922e+00 1.470631e+00 1.931023e+00 1.958077e+00 2.091688e+00 2.238724e+00 2.343059e+00 2.387718e+00 2.371330e+00 2.288899e+00 2.270223e+00 2.293626e+00 2.370554e+00 2.508374e+00 2.662988e+00 2.877347e+00 2.959807e+00 2.936068e+00 3.043074e+00 3.735543e+00 2.764718e+00 3.408229e+00 3.354683e+00 3.169388e+00 3.172564e+00 3.298453e+00 3.343855e+00 3.543716e+00 3.966693e+00 4.623936e+00 4.133360e+00 4.077614e+00 4.142910e+00 4.322520e+00 4.468209e+00 4.586621e+00 5.710654e+00 5.233571e+00 5.021656e+00 4.914754e+00
-9.999000e+03 -9.999000e+03 -9.999000e+03 -9.999000e+03 -9.999000e+03 -9.999000e+03 -9.999000e+03 -9.999000e+03 -9.999000e+03 -9.999000e+03 6.559105e-01 1.028764e+00 1.159036e+00 1.705992e+00 1.330746e+00 1.738426e+00 1.954345e+00 2.168158e+00 2.310075e+00 2.355751e+00 2.350954e+00 2.282678e+00 2.266799e+00 2.285827e+00 2.346725e+00 2.488412e+00 2.521456e+00 2.629431e+00 2.574506e+00 2.455037e+00 2.507354e+00 2.555106e+00 2.654199e+00 2.959860e+00 2.607140e+00 2.358569e+00 2.679529e+00 2.224310e+00 2.252508e+00 2.333440e+00 2.751145e+00 3.538678e+00 4.692063e+00 4.833721e+00 4.932822e+00 5.147904e+00 5.312725e+00 5.411372e+00 4.167765e+00 3.875813e+00 3.868122e+00 4.281980e+00
-9.999000e+03 -9.999000e+03 -9.999000e+03 -9.999000e+03 -9.999000e+03 -9.999000e+03 -9.999000e+03 -9.999000e+03 -9.999000e+03 -9.999000e+03 5.613607e-01 9.390610e-01 1.612484e+00 1.141782e+00 1.039933e+00 1.369383e+00 1.664250e+00 1.967754e+00 2.162854e+00 2.237436e+00 2.265408e+00 2.222409e+00 2.203735e+00 2.231478e+00 2.286040e+00 2.048579e+00 2.457666e+00 2.417697e+00 2.278595e+00 2.071513e+00 2.028877e+00 2.014299e+00 1.874319e+00 2.351755e+00 2.899455e+00 2.616134e+00 1.974783e+00 2.178942e+00 2.278653e+00 2.517347e+00 2.663983e+00 3.465076e+00 4.545558e+00 4.596303e+00 4.597157e+00 4.721479e+00 4.908178e+00 5.105739e+00 5.057018e+00 4.735653e+00 4.704677e+00 5.068636e+00
-9.999000e+03 -9.999000e+03 -9.999000e+03 -9.999000e+03 -9.999000e+03 -9.999000e+03 -9.999000e+03 -9.999000e+03 -9.999000e+03 5.713260e-01 2.164991e+00 1.326999e+00 9.749299e-01 9.543468e-01 1.035134e+00 1.187926e+00 1.442308e+00 1.711414e+00 1.954957e+00 2.073270e+00 2.148053e+00 2.156069e+00 2.179736e+00 2.218471e+00 1.953460e+00 2.268599e+00 2.289028e+00 2.158707e+00 1.980821e+00 1.698473e+00 1.632557e+00 1.596708e+00 2.150477e+00 2.739607e+00 2.963572e+00 2.774175e+00 2.597796e+00 2.471983e+00 2.220582e+00 2.615183e+00 3.693716e+00 4.245456e+00 4.589173e+00 4.360003e+00 4.205758e+00 4.212689e+00 4.416942e+00 4.789152e+00 4.956241e+00 4.877492e+00 4.771949e+00 4.717464e+00
-9.999000e+03 -9.999000e+03 -9.999000e+03 -9.999000e+03 -9.999000e+03 -9.999000e+03 -9.999000e+03 -9.999000e+03 -9.999000e+03 7.001108e-01 1.738472e+00 9.648581e-01 9.420637e-01 8.961284e-01 1.084490e+00 1.164912e+00 1.148573e+00 1.505609e+00 1.712938e+00 1.913319e+00 2.036672e+00 2.095518e+00 1.864458e+00 1.986657e+00 2.294257e+00 2.200943e+00 1.798403e+00 1.746140e+00 1.578045e+00 1.291714e+00 1.308163e+00 1.913936e+00 2.417447e+00 2.883875e+00 3.106549e+00 3.078569e+00 2.986753e+00 2.365118e+00 3.018842e+00 3.491726e+00 3.943463e+00 4.329966e+00 4.322509e+00 4.010514e+00 3.869235e+00 3.956206e+00 4.157677e+00 4.443291e+00 4.619642e+00 4.699036e+00 9.689701e+00 9.513227e+00
-9.999000e+03 -9.999000e+03 -9.999000e+03 -9.999000e+03 -9.999000e+03 -9.999000e+03 -9.999000e+03 -9.999000e+03 1.229280e+00 2.910434e+00 1.538736e+00 1.117580e+00 8.490837e-01 1.005437e+00 1.149958e+00 1.194413e+00 1.428997e+00 1.288325e+00 1.501288e+00 1.794843e+00 1.985162e+00 2.055419e+00 2.227054e+00 2.417669e+00 2.407753e+00 3.556831e+00 3.538647e+00 3.227385e+00 2.733943e+00 2.113530e+00 1.922876e+00 2.178545e+00 2.659558e+00 3.058639e+00 3.267609e+00 3.284241e+00 3.199004e+00 3.747170e+00 4.012041e+00 5.158787e+00 5.692941e+00 5.891679e+00 5.203678e+00 4.478124e+00 4.025343e+00 3.895702e+00 4.039476e+00 4.012647e+00 3.997920e+00 8.813095e+00 4.144416e+00 4.200922e+00
-9.999000e+03 -9.999000e+03 -9.999000e+03 -9.999000e+03 -9.999000e+03 -9.999000e+03 -9.999000e+03 6.439033e-01 1.128720e+00 1.460017e+00 1.297449e+00 1.215728e+00 9.036934e-01 1.080578e+00 1.191274e+00 1.221216e+00 1.228094e+00 1.212544e+00 1.384706e+00 1.735242e+00 1.701846e+00 1.790677e+00 2.180709e+00 3.435749e+00 3.726012e+00 2.333790e+00 2.231375e+00 2.203639e+00 2.066368e+00 1.805664e+00 1.917235e+00 2.418296e+00 2.843835e+00 3.148853e+00 3.288424e+00 3.265946e+00 3.168554e+00 3.010888e+00 3.133587e+00 3.538531e+00 3.703517e+00 3.598507e+00 3.517784e+00 3.478778e+00 3.571902e+00 3.797482e+00 3.785504e+00 3.540505e+00 7.542775e+00 3.569143e+00 3.841447e+00 4.060563e+00
-9.999000e+03 -9.999000e+03 -9.999000e+03 -9.999000e+03 -9.999000e+03 -9.999000e+03 -9.999000e+03 5.338752e-01 9.110428e-01 1.450891e+00 1.110349e+00 1.230592e+00 1.167185e+00 1.177145e+00 1.217853e+00 1.233723e+00 1.264172e+00 1.276212e+00 1.441177e+00 1.817291e+00 2.424533e+00 2.845223e+00 3.186158e+00 2.264000e+00 2.365969e+00 2.388959e+00 2.049644e+00 2.342376e+00 2.278708e+00 2.067742e+00 2.163339e+00 2.583005e+00 2.890897e+00 3.053950e+00 3.109047e+00 3.072299e+00 5.863982e+00 5.874331e+00 6.138115e+00 6.697035e+00 7.027753e+00 7.095576e+00 7.336153e+00 7.254307e+00 6.999917e+00 6.647239e+00 7.611202e+00 7.274954e+00 3.223104e+00 3.265450e+00 3.527883e+00 3.809664e+00
-9.999000e+03 -9.999000e+03 -9.999000e+03 -9.999000e+03 -9.999000e+03 -9.999000e+03 -9.999000e+03 5.025827e-01 1.162559e+00 1.015685e+00 9.396795e-01 1.180534e+00 1.280865e+00 1.276394e+00 1.271953e+00 1.281391e+00 1.363252e+00 1.445727e+00 1.620376e+00 1.984614e+00 2.243220e+00 2.331630e+00 2.317516e+00 2.222112e+00 1.931362e+00 2.105870e+00 2.497739e+00 2.476580e+00 2.404529e+00 2.306693e+00 2.363624e+00 2.598460e+00 2.756353e+00 5.544657e+00 5.737160e+00 5.952000e+00 3.324273e+00 3.574196e+00 3.808492e+00 4.056861e+00 4.167268e+00 4.117971e+00 4.130360e+00 5.403710e+00 6.287418e+00 6.743804e+00 3.839261e+00 3.627697e+00 3.371369e+00 3.124581e+00 3.137124e+00 3.369712e+00
