tests/data/reference/test_stream_rill/mvel_m_s.asc
ncols	123
nrows	77
xllcorner	-713746.79929998
yllcorner	-1061022.36961616
cellsize	10.0
NODATA_value	-9999
[rows 23 to 45 of 77, columns 0 to 51 of 123]
-9.999000e+03 -9.999000e+03 -9.999000e+03 -9.999000e+03 -9.999000e+03 -9.999000e+03 -9.999000e+03 -9.999000e+03 -9.999000e+03 -9.999000e+03 -9.999000e+03 -9.999000e+03 -9.999000e+03 -9.999000e+03 1.779033e-02 2.057179e-02 2.385454e-02 3.882395e-02 1.958180e-02 7.832560e-03 7.872637e-03 1.764908e-01 1.056826e-02 5.810979e-02 6.342626e-02 3.875034e-02 4.540307e-02 4.675455e-02 4.855915e-02 5.031847e-02 4.381193e-02 5.170528e-02 5.376853e-02 5.404744e-02 8.108904e-02 5.368194e-02 5.420859e-02 4.694607e-02 6.997481e-02 5.758083e-02 5.774619e-02 5.830305e-02 5.926432e-02 5.987117e-02 5.992405e-02 5.972672e-02 5.958614e-02 5.993274e-02 6.069994e-02 6.137448e-02 6.153353e-02 5.117150e-02
-9.999000e+03 -9.999000e+03 -9.999000e+03 -9.999000e+03 -9.999000e+03 -9.999000e+03 -9.999000e+03 -9.999000e+03 -9.999000e+03 -9.999000e+03 -9.999000e+03 -9.999000e+03 -9.999000e+03 -9.999000e+03 1.173957e-02 2.746529e-02 3.670153e-02 2.740772e-02 1.887294e-02 2.653501e-02 1.669666e-01 2.210522e-01 3.587817e-02 3.441694e-02 5.232311e-02 6.970479e-02 4.478480e-02 4.588036e-02 4.663233e-02 4.110863e-02 5.165735e-02 5.148590e-02 5.331499e-02 5.321209e-02 8.473682e-02 5.316276e-02 5.467712e-02 4.745504e-02 7.122535e-02 5.749307e-02 5.745925e-02 5.782535e-02 5.848843e-02 5.902562e-02 5.931331e-02 5.947081e-02 5.966621e-02 6.023872e-02 6.109563e-02 6.186159e-02 5.136611e-02 6.359753e-02
-9.999000e+03 -9.999000e+03 -9.999000e+03 -9.999000e+03 -9.999000e+03 -9.999000e+03 -9.999000e+03 -9.999000e+03 -9.999000e+03 -9.999000e+03 -9.999000e+03 -9.999000e+03 -9.999000e+03 -9.999000e+03 2.051877e-02 1.756219e-02 2.207359e-02 2.175742e-02 2.119442e-02 9.977309e-03 1.861075e-01 5.632689e-02 6.845035e-02 4.018022e-02 4.253125e-02 5.205563e-02 7.697610e-02 4.809450e-02 4.836827e-02 4.195292e-02 4.786776e-02 4.957171e-02 4.949834e-02 5.159370e-02 5.119544e-02 8.802595e-02 4.573759e-02 5.636705e-02 5.523370e-02 7.958258e-02 5.728860e-02 5.782420e-02 5.833502e-02 5.875901e-02 5.916202e-02 5.960994e-02 6.018647e-02 6.107173e-02 6.216022e-02 6.329480e-02 6.203936e-02 5.341532e-02
-9.999000e+03 -9.999000e+03 -9.999000e+03 -9.999000e+03 -9.999000e+03 -9.999000e+03 -9.999000e+03 -9.999000e+03 -9.999000e+03 -9.999000e+03 -9.999000e+03 -9.999000e+03 2.565210e-02 2.048682e-02 2.374605e-02 2.414668e-02 2.234759e-02 1.042544e-02 7.903071e-03 1.730415e-01 2.133292e-02 5.684570e-02 4.551894e-02 5.883613e-02 4.129416e-02 4.333580e-02 8.195337e-02 4.574950e-02 4.658929e-02 4.633099e-02 4.109026e-02 4.827085e-02 4.786434e-02 4.636113e-02 4.626263e-02 5.156043e-02 8.657243e-02 5.427462e-02 5.649189e-02 5.657321e-02 8.685093e-02 5.756889e-02 5.788295e-02 5.833176e-02 5.908776e-02 6.011537e-02 6.130459e-02 6.248579e-02 6.359364e-02 6.487202e-02 6.580711e-02 5.427050e-02
-9.999000e+03 -9.999000e+03 -9.999000e+03 -9.999000e+03 -9.999000e+03 -9.999000e+03 -9.999000e+03 -9.999000e+03 -9.999000e+03 -9.999000e+03 -9.999000e+03 -9.999000e+03 -9.999000e+03 2.485497e-02 2.176858e-02 2.217751e-02 1.351443e-02 6.538973e-03 1.555039e-01 1.869088e-02 3.444169e-02 3.454704e-02 5.284087e-02 5.904920e-02 6.987984e-02 7.077432e-02 7.097598e-02 7.159429e-02 4.091775e-02 4.378038e-02 4.571475e-02 4.529544e-02 4.531448e-02 4.375438e-02 4.466751e-02 4.858233e-02 5.178380e-02 7.960642e-02 5.617497e-02 5.689992e-02 8.931807e-02 5.689588e-02 5.698489e-02 5.765428e-02 5.907448e-02 6.103727e-02 6.304919e-02 6.442340e-02 6.525821e-02 6.637035e-02 6.742695e-02 6.503785e-02
-9.999000e+03 -9.999000e+03 -9.999000e+03 -9.999000e+03 -9.999000e+03 -9.999000e+03 -9.999000e+03 -9.999000e+03 -9.999000e+03 -9.999000e+03 -9.999000e+03 -9.999000e+03 -9.999000e+03 -9.999000e+03 -9.999000e+03 1.748014e-02 3.157484e-03 1.360073e-01 1.900608e-01 5.953834e-02 4.855492e-02 4.192549e-02 3.738540e-02 3.402243e-02 3.536535e-02 3.708291e-02 3.709511e-02 6.919009e-02 9.211391e-02 3.959281e-02 4.174996e-02 4.217978e-02 4.152866e-02 4.104696e-02 4.289584e-02 4.760234e-02 5.033923e-02 5.073737e-02 7.432278e-02 5.296399e-02 9.322662e-02 5.669654e-02 5.742716e-02 5.861738e-02 6.039213e-02 6.263658e-02 6.471206e-02 6.584829e-02 6.639897e-02 6.738599e-02 6.819734e-02 6.774060e-02
-9.999000e+03 -9.999000e+03 -9.999000e+03 -9.999000e+03 -9.999000e+03 -9.999000e+03 -9.999000e+03 -9.999000e+03 -9.999000e+03 -9.999000e+03 -9.999000e+03 -9.999000e+03 -9.999000e+03 -9.999000e+03 -9.999000e+03 -9.999000e+03 6.075431e-03 1.380023e-01 4.665165e-02 3.894930e-02 3.397630e-02 3.137355e-02 3.188127e-02 3.369268e-02 3.588821e-02 3.837322e-02 3.865354e-02 3.643204e-02 3.581868e-02 9.381871e-02 9.441936e-02 9.297675e-02 3.802848e-02 3.860309e-02 4.057398e-02 4.465619e-02 5.497231e-02 6.226626e-02 4.774604e-02 7.012343e-02 5.339942e-02 9.332585e-02 5.958364e-02 6.137214e-02 6.304902e-02 6.478386e-02 6.610169e-02 6.662348e-02 6.695357e-02 6.786475e-02 6.830066e-02 6.751407e-02
-9.999000e+03 -9.999000e+03 -9.999000e+03 -9.999000e+03 -9.999000e+03 -9.999000e+03 -9.999000e+03 -9.999000e+03 -9.999000e+03 -9.999000e+03 -9.999000e+03 -9.999000e+03 -9.999000e+03 -9.999000e+03 -9.999000e+03 -9.999000e+03 1.413616e-01 1.517376e-02 2.903664e-02 3.083518e-02 3.130842e-02 5.848311e-02 5.700991e-02 5.682464e-02 5.616987e-02 5.517323e-02 5.240944e-02 4.792809e-02 4.471767e-02 4.258442e-02 3.991804e-02 3.824801e-02 9.172030e-02 8.825158e-02 8.835060e-02 9.224302e-02 9.401250e-02 9.469369e-02 9.754016e-02 9.709415e-02 9.660487e-02 9.692206e-02 9.237593e-02 5.452059e-02 5.745066e-02 6.196032e-02 6.364910e-02 6.469549e-02 6.577833e-02 6.690607e-02 6.677777e-02 6.522865e-02
-9.999000e+03 -9.999000e+03 -9.999000e+03 -9.999000e+03 -9.999000e+03 -9.999000e+03 -9.999000e+03 -9.999000e+03 -9.999000e+03 -9.999000e+03 -9.999000e+03 -9.999000e+03 -9.999000e+03 -9.999000e+03 -9.999000e+03 1.414929e-01 1.959522e-02 3.364211e-02 6.459375e-02 5.874197e-02 6.022221e-02 3.272400e-02 3.908231e-02 4.548452e-02 4.255614e-02 5.382524e-02 5.743550e-02 5.987546e-02 5.775227e-02 5.662152e-02 5.368939e-02 4.899516e-02 4.360466e-02 3.738251e-02 3.347434e-02 3.484444e-02 7.800313e-02 8.172317e-02 8.491779e-02 8.848698e-02 8.788566e-02 8.298014e-02 1.013085e-01 1.030661e-01 1.008583e-01 5.020374e-02 6.760066e-02 5.989044e-02 6.282615e-02 6.425277e-02 6.319332e-02 6.079909e-02
-9.999000e+03 -9.999000e+03 -9.999000e+03 -9.999000e+03 -9.999000e+03 -9.999000e+03 -9.999000e+03 -9.999000e+03 -9.999000e+03 -9.999000e+03 -9.999000e+03 -9.999000e+03 -9.999000e+03 -9.999000e+03 1.324503e-01 1.813303e-01 7.023185e-02 6.617502e-02 3.426685e-02 3.529226e-02 3.258075e-02 3.425119e-02 3.578837e-02 3.746424e-02 4.456521e-02 3.822236e-02 3.953601e-02 4.519465e-02 4.639723e-02 4.413285e-02 4.361055e-02 6.442943e-02 6.409506e-02 6.248124e-02 6.287203e-02 7.421474e-02 4.036676e-02 4.469727e-02 4.890470e-02 5.306718e-02 5.537367e-02 5.526403e-02 6.497950e-02 7.003021e-02 7.286888e-02 1.003817e-01 9.998802e-02 9.833911e-02 5.143212e-02 6.707563e-02 5.501065e-02 5.325081e-02
-9.999000e+03 -9.999000e+03 -9.999000e+03 -9.999000e+03 -9.999000e+03 -9.999000e+03 -9.999000e+03 -9.999000e+03 -9.999000e+03 -9.999000e+03 -9.999000e+03 -9.999000e+03 -9.999000e+03 -9.999000e+03 1.390138e-01 3.387580e-02 3.659009e-02 3.681402e-02 3.666595e-02 3.649835e-02 3.690935e-02 3.826889e-02 3.594816e-02 4.175377e-02 4.270631e-02 4.251621e-02 4.372508e-02 4.657418e-02 5.659757e-02 6.403801e-02 6.881167e-02 4.642275e-02 4.514683e-02 4.478287e-02 5.845139e-02 4.600549e-02 4.822019e-02 5.002561e-02 5.220291e-02 5.487260e-02 5.727974e-02 5.733889e-02 5.870752e-02 5.895270e-02 5.860064e-02 6.980764e-02 7.640666e-02 8.013082e-02 9.882468e-02 1.032850e-01 1.060613e-01 3.887249e-02
-9.999000e+03 -9.999000e+03 -9.999000e+03 -9.999000e+03 -9.999000e+03 -9.999000e+03 -9.999000e+03 -9.999000e+03 -9.999000e+03 -9.999000e+03 -9.999000e+03 -9.999000e+03 -9.999000e+03 1.719781e-01 4.061186e-02 3.599253e-02 3.718379e-02 3.825029e-02 3.834859e-02 3.793135e-02 3.772884e-02 3.826289e-02 3.936741e-02 4.088980e-02 4.214528e-02 4.268400e-02 4.420759e-02 4.722455e-02 4.908947e-02 4.966269e-02 4.925684e-02 4.824400e-02 4.818828e-02 6.596864e-02 4.194617e-02 4.908699e-02 5.094145e-02 5.180679e-02 5.323166e-02 5.518811e-02 5.741755e-02 5.959003e-02 6.150421e-02 6.162612e-02 6.247272e-02 6.255794e-02 6.240068e-02 6.149067e-02 5.811341e-02 6.366275e-02 6.303643e-02 1.079439e-01
-9.999000e+03 -9.999000e+03 -9.999000e+03 -9.999000e+03 -9.999000e+03 -9.999000e+03 -9.999000e+03 -9.999000e+03 -9.999000e+03 -9.999000e+03 -9.999000e+03 -9.999000e+03 1.304798e-01 2.010523e-01 3.592375e-02 3.648868e-02 3.735576e-02 3.847217e-02 3.892203e-02 3.891224e-02 3.867182e-02 3.841159e-02 3.869534e-02 3.953553e-02 4.076933e-02 4.205260e-02 4.410101e-02 4.712577e-02 4.892218e-02 4.958899e-02 4.991103e-02 5.010165e-02 6.231439e-02 5.059745e-02 4.256472e-02 5.033551e-02 5.106384e-02 5.213201e-02 5.382173e-02 5.585194e-02 5.795733e-02 5.961629e-02 6.055143e-02 6.113096e-02 6.153334e-02 6.098385e-02 6.175139e-02 6.249454e-02 6.145951e-02 5.722711e-02 5.245447e-02 5.783218e-02
-9.999000e+03 -9.999000e+03 -9.999000e+03 -9.999000e+03 -9.999000e+03 -9.999000e+03 -9.999000e+03 -9.999000e+03 -9.999000e+03 -9.999000e+03 -9.999000e+03 -9.999000e+03 1.676906e-01 3.451568e-02 3.606219e-02 3.698595e-02 3.765207e-02 3.878461e-02 3.949098e-02 3.977505e-02 3.956503e-02 3.890000e-02 3.872089e-02 3.906281e-02 4.002513e-02 4.139274e-02 4.327697e-02 4.586443e-02 4.726912e-02 4.774455e-02 4.846134e-02 6.143546e-02 4.315259e-02 4.903445e-02 4.912358e-02 4.896291e-02 4.933679e-02 5.011061e-02 5.170746e-02 5.347918e-02 5.564510e-02 5.774747e-02 5.878141e-02 5.735417e-02 5.774684e-02 5.873599e-02 5.976109e-02 5.976141e-02 5.917504e-02 5.832869e-02 5.549708e-02 5.224903e-02
-9.999000e+03 -9.999000e+03 -9.999000e+03 -9.999000e+03 -9.999000e+03 -9.999000e+03 -9.999000e+03 -9.999000e+03 -9.999000e+03 -9.999000e+03 -9.999000e+03 1.182690e-01 2.068601e-02 3.204121e-02 3.738876e-02 3.636109e-02 3.771303e-02 3.895701e-02 3.984307e-02 4.024251e-02 4.014675e-02 3.953092e-02 3.936368e-02 3.953265e-02 4.011383e-02 4.114181e-02 4.228878e-02 4.375123e-02 4.434355e-02 4.416450e-02 4.480018e-02 5.201631e-02 4.042845e-02 4.713071e-02 4.693638e-02 4.545854e-02 4.537795e-02 4.650371e-02 4.636310e-02 4.755235e-02 4.995529e-02 5.354462e-02 4.804035e-02 4.776338e-02 4.808757e-02 4.896344e-02 4.965755e-02 5.021148e-02 6.016349e-02 5.451641e-02 5.326529e-02 5.265100e-02
-9.999000e+03 -9.999000e+03 -9.999000e+03 -9.999000e+03 -9.999000e+03 -9.999000e+03 -9.999000e+03 -9.999000e+03 -9.999000e+03 -9.999000e+03 1.134762e-01 1.469765e-01 2.867953e-02 3.799369e-02 2.937767e-02 3.436672e-02 3.643248e-02 3.827901e-02 3.950377e-02 3.993796e-02 3.994092e-02 3.944483e-02 3.930991e-02 3.944641e-02 3.991449e-02 4.097566e-02 4.094731e-02 4.204499e-02 4.164233e-02 4.072960e-02 4.101133e-02 4.131986e-02 4.200145e-02 4.382279e-02 3.941541e-02 3.773991e-02 4.247933e-02 3.679081e-02 3.699291e-02 3.756476e-02 4.034258e-02 4.495715e-02 5.420542e-02 5.572236e-02 5.630499e-02 5.737413e-02 5.823019e-02 5.875695e-02 4.821015e-02 4.674082e-02 4.670121e-02 4.711544e-02
-9.999000e+03 -9.999000e+03 -9.999000e+03 -9.999000e+03 -9.999000e+03 -9.999000e+03 -9.999000e+03 -9.999000e+03 -9.999000e+03 -9.999000e+03 1.057752e-01 2.700385e-02 3.862272e-02 2.850466e-02 2.634389e-02 3.099261e-02 3.386146e-02 3.658219e-02 3.826244e-02 3.895169e-02 3.922323e-02 3.893357e-02 3.879731e-02 3.902161e-02 3.945101e-02 3.549555e-02 4.074317e-02 4.046141e-02 3.936796e-02 3.768605e-02 3.721700e-02 3.705863e-02 3.414438e-02 3.769253e-02 4.363881e-02 4.213113e-02 3.493199e-02 3.838994e-02 3.938371e-02 4.117817e-02 3.978498e-02 4.455411e-02 5.344744e-02 5.447806e-02 5.454142e-02 5.516264e-02 5.612938e-02 5.715726e-02 5.700049e-02 5.541344e-02 5.514661e-02 5.690721e-02
-9.999000e+03 -9.999000e+03 -9.999000e+03 -9.999000e+03 -9.999000e+03 -9.999000e+03 -9.999000e+03 -9.999000e+03 -9.999000e+03 1.066202e-01 1.802915e-02 3.689962e-02 2.661389e-02 2.535919e-02 2.726401e-02 2.912593e-02 3.178098e-02 3.418681e-02 3.651181e-02 3.756192e-02 3.824611e-02 3.837116e-02 3.858558e-02 3.864831e-02 3.476684e-02 3.906414e-02 3.947605e-02 3.816221e-02 3.673041e-02 3.426509e-02 3.355173e-02 3.182921e-02 3.801122e-02 4.265010e-02 4.440167e-02 4.325053e-02 4.196871e-02 4.099668e-02 3.676398e-02 3.946799e-02 4.874669e-02 5.158479e-02 5.428690e-02 5.329850e-02 5.240951e-02 5.238006e-02 5.345227e-02 5.541570e-02 5.637939e-02 5.607014e-02 5.552805e-02 5.521504e-02
-9.999000e+03 -9.999000e+03 -9.999000e+03 -9.999000e+03 -9.999000e+03 -9.999000e+03 -9.999000e+03 -9.999000e+03 -9.999000e+03 1.168585e-01 4.088262e-02 2.657304e-02 2.612411e-02 2.465997e-02 2.793556e-02 2.890492e-02 2.752868e-02 3.257204e-02 3.434885e-02 3.616417e-02 3.730934e-02 3.787188e-02 3.406574e-02 3.502350e-02 3.926998e-02 3.883593e-02 3.353253e-02 3.310243e-02 3.166536e-02 2.899452e-02 2.915680e-02 3.598845e-02 4.027107e-02 4.373807e-02 4.538646e-02 4.531235e-02 4.471822e-02 3.778537e-02 4.466410e-02 4.723571e-02 4.995562e-02 5.272223e-02 5.297954e-02 5.132407e-02 5.042722e-02 5.084778e-02 5.197309e-02 5.355803e-02 5.457383e-02 5.505036e-02 9.835546e-02 9.822475e-02
-9.999000e+03 -9.999000e+03 -9.999000e+03 -9.999000e+03 -9.999000e+03 -9.999000e+03 -9.999000e+03 -9.999000e+03 1.593630e-01 2.005203e-02 3.544557e-02 2.840994e-02 2.407563e-02 2.691692e-02 2.871124e-02 2.924797e-02 3.335079e-02 3.026353e-02 3.237461e-02 3.511045e-02 3.686874e-02 3.731175e-02 3.892972e-02 4.043284e-02 4.044096e-02 5.708641e-02 5.786918e-02 5.389565e-02 4.862962e-02 4.213498e-02 3.823973e-02 3.837058e-02 4.211076e-02 4.498175e-02 4.647095e-02 4.666892e-02 4.615396e-02 5.331336e-02 5.506032e-02 6.373321e-02 6.730077e-02 6.932629e-02 6.371645e-02 5.784394e-02 5.306127e-02 5.040834e-02 5.129965e-02 5.121669e-02 5.113232e-02 9.473876e-02 5.172520e-02 5.213403e-02
-9.999000e+03 -9.999000e+03 -9.999000e+03 -9.999000e+03 -9.999000e+03 -9.999000e+03 -9.999000e+03 1.125350e-01 1.531928e-01 3.385929e-02 3.023828e-02 2.949134e-02 2.475227e-02 2.796681e-02 2.921048e-02 2.955127e-02 2.963164e-02 2.947791e-02 3.127048e-02 3.462464e-02 3.273194e-02 3.346942e-02 3.832863e-02 5.361482e-02 5.672756e-02 3.987265e-02 3.910409e-02 3.884015e-02 3.774270e-02 3.552035e-02 3.635947e-02 4.029250e-02 4.347114e-02 4.563748e-02 4.664123e-02 4.656722e-02 4.595683e-02 4.491331e-02 4.563548e-02 4.814398e-02 4.926373e-02 4.873341e-02 4.822664e-02 4.796043e-02 4.849361e-02 4.982687e-02 4.984609e-02 4.843138e-02 8.893263e-02 4.838311e-02 4.994962e-02 5.125124e-02
-9.999000e+03 -9.999000e+03 -9.999000e+03 -9.999000e+03 -9.999000e+03 -9.999000e+03 -9.999000e+03 1.033990e-01 2.491796e-02 3.456845e-02 2.711952e-02 2.945989e-02 2.894276e-02 2.909986e-02 2.954329e-02 2.971168e-02 3.003810e-02 3.019809e-02 3.190282e-02 3.541667e-02 4.271463e-02 4.790206e-02 5.196610e-02 3.933448e-02 4.006163e-02 3.994678e-02 3.550360e-02 3.965289e-02 3.945182e-02 3.778808e-02 3.845603e-02 4.158754e-02 4.386086e-02 4.506052e-02 4.548666e-02 4.527917e-02 7.572170e-02 7.594059e-02 7.745151e-02 8.038461e-02 8.245616e-02 8.356677e-02 8.547939e-02 8.372306e-02 8.121306e-02 7.823374e-02 8.835956e-02 8.744463e-02 4.646063e-02 4.662631e-02 4.810568e-02 4.971689e-02
-9.999000e+03 -9.999000e+03 -9.999000e+03 -9.999000e+03 -9.999000e+03 -9.999000e+03 -9.999000e+03 5.711151e-03 3.100333e-02 2.717395e-02 2.518539e-02 2.893521e-02 3.019676e-02 3.021661e-02 3.017889e-02 3.027461e-02 3.110356e-02 3.193047e-02 3.359741e-02 3.680026e-02 3.899020e-02 3.978641e-02 3.972989e-02 3.901947e-02 3.459456e-02 3.592482e-02 4.080230e-02 4.097733e-02 4.045187e-02 3.969332e-02 4.007755e-02 4.178920e-02 4.297508e-02 7.404276e-02 7.511513e-02 7.620919e-02 4.692586e-02 4.855963e-02 5.004797e-02 5.154260e-02 5.223707e-02 5.202460e-02 5.210300e-02 6.375720e-02 7.214251e-02 7.759261e-02 5.041787e-02 4.912715e-02 4.752481e-02 4.587777e-02 4.580813e-02 4.715639e-02
