tests/data/reference/test_stream_rill/mvel_m_s.asc
ncols	123
nrows	77
xllcorner	-713746.79929998
yllcorner	-1061022.36961616
cellsize	10.0
NODATA_value	-9999
[rows 46 to 68 of 77, columns 52 to 103 of 123]
4.609317e-02 4.553828e-02 4.651734e-02 4.876004e-02 4.999515e-02 4.998695e-02 5.019863e-02 5.051352e-02 5.053421e-02 5.068572e-02 5.171919e-02 7.059054e-02 5.471245e-02 5.526281e-02 5.559791e-02 5.604024e-02 5.799577e-02 6.101384e-02 6.311762e-02 6.388143e-02 6.530224e-02 6.757172e-02 6.789245e-02 6.530508e-02 6.375789e-02 0.000000e+00 1.486256e-02 4.883027e-02 5.477903e-02 5.567825e-02 5.263438e-02 0.000000e+00 0.000000e+00 0.000000e+00 5.239213e-02 5.600242e-02 1.021968e-01 6.124985e-02 6.294538e-02 6.314262e-02 6.267052e-02 6.161220e-02 6.010432e-02 5.813818e-02 5.631875e-02 5.358167e-02 4.544076e-02 5.223385e-02 5.104458e-02 5.140480e-02 5.312430e-02 5.462242e-02
4.536419e-02 4.325400e-02 4.343182e-02 4.610611e-02 4.667764e-02 4.659556e-02 4.694201e-02 4.793312e-02 4.954288e-02 4.935714e-02 7.173709e-02 5.184776e-02 5.251446e-02 5.101858e-02 5.075652e-02 5.192463e-02 5.218505e-02 5.572837e-02 5.801733e-02 5.875388e-02 6.034656e-02 6.301061e-02 6.444792e-02 6.626164e-02 5.298674e-02 0.000000e+00 1.485355e-02 5.020238e-02 5.646906e-02 5.910427e-02 5.849199e-02 5.560869e-02 4.787906e-02 0.000000e+00 0.000000e+00 5.049810e-02 1.074587e-01 5.947024e-02 6.227399e-02 6.304193e-02 6.260713e-02 6.143596e-02 6.035177e-02 5.919575e-02 5.809730e-02 5.572750e-02 4.731316e-02 5.491195e-02 5.351322e-02 5.326845e-02 5.443975e-02 5.554024e-02
4.611340e-02 4.314297e-02 4.248404e-02 3.875839e-02 3.976760e-02 3.960495e-02 3.982328e-02 4.699849e-02 4.678041e-02 7.386619e-02 4.922421e-02 4.975128e-02 4.380495e-02 4.319644e-02 5.044835e-02 4.254606e-02 4.363984e-02 4.612676e-02 4.752787e-02 4.788004e-02 4.909576e-02 5.117306e-02 6.402838e-02 6.406925e-02 6.686110e-02 0.000000e+00 1.450195e-02 5.883590e-02 5.973131e-02 6.222178e-02 6.245614e-02 5.991813e-02 5.248405e-02 3.325229e-02 0.000000e+00 4.266415e-02 1.123348e-01 5.720488e-02 6.092612e-02 6.256589e-02 6.244987e-02 6.124145e-02 6.048742e-02 5.999439e-02 5.957386e-02 5.756805e-02 4.882854e-02 5.739333e-02 5.616438e-02 5.548858e-02 5.571738e-02 5.595297e-02
4.772938e-02 4.483248e-02 3.727934e-02 4.326124e-02 4.486439e-02 4.494826e-02 4.492738e-02 3.893588e-02 7.510994e-02 4.714668e-02 4.171794e-02 4.300496e-02 4.984592e-02 5.046388e-02 4.257514e-02 4.880890e-02 5.095666e-02 5.333968e-02 5.475588e-02 5.502293e-02 5.587370e-02 5.763139e-02 5.050159e-02 5.357459e-02 7.572664e-02 0.000000e+00 5.287515e-02 6.151219e-02 6.226896e-02 6.493159e-02 6.547893e-02 6.333276e-02 5.733265e-02 4.665557e-02 0.000000e+00 0.000000e+00 1.146530e-01 5.484969e-02 5.901878e-02 6.153792e-02 6.208147e-02 6.124781e-02 6.078186e-02 6.067951e-02 6.078289e-02 5.907579e-02 5.002921e-02 5.948595e-02 5.881780e-02 5.795174e-02 5.697242e-02 5.592942e-02
4.949644e-02 6.061379e-02 5.468270e-02 4.941876e-02 4.474581e-02 4.479698e-02 4.457147e-02 7.638102e-02 4.499981e-02 4.039067e-02 4.731193e-02 4.957624e-02 5.031951e-02 5.011759e-02 5.017236e-02 5.064540e-02 5.188963e-02 5.396163e-02 5.517002e-02 5.531949e-02 5.535177e-02 5.543054e-02 5.746711e-02 6.159561e-02 6.362059e-02 0.000000e+00 5.324034e-02 5.376382e-02 6.370684e-02 6.764563e-02 6.832255e-02 6.692624e-02 6.190449e-02 6.711304e-02 4.361936e-02 0.000000e+00 1.007037e-01 5.313676e-02 5.736034e-02 6.032643e-02 6.140271e-02 6.111632e-02 6.100717e-02 5.024292e-02 6.156854e-02 7.020148e-02 5.104779e-02 6.125543e-02 6.077874e-02 5.987653e-02 5.845597e-02 5.677576e-02
6.834569e-02 4.998039e-02 5.860494e-02 5.745026e-02 6.372853e-02 7.327383e-02 7.601963e-02 4.476639e-02 4.546566e-02 4.755970e-02 4.879813e-02 4.898616e-02 4.918792e-02 4.937990e-02 4.991404e-02 5.086280e-02 6.223761e-02 5.858422e-02 5.700823e-02 5.733888e-02 5.651746e-02 5.426152e-02 5.443592e-02 5.766347e-02 6.028844e-02 0.000000e+00 5.305866e-02 6.457572e-02 6.871023e-02 7.027187e-02 7.097983e-02 6.967741e-02 6.507488e-02 5.674607e-02 5.799362e-02 0.000000e+00 0.000000e+00 4.922419e-02 5.632947e-02 5.930851e-02 6.063784e-02 6.081958e-02 5.892232e-02 5.028082e-02 6.143904e-02 7.462797e-02 5.180450e-02 6.288046e-02 6.208645e-02 6.116731e-02 6.021608e-02 5.872553e-02
5.204275e-02 5.177253e-02 4.237460e-02 4.741553e-02 4.852088e-02 4.620962e-02 4.628623e-02 4.583925e-02 4.682854e-02 4.933058e-02 5.020545e-02 4.899731e-02 4.828984e-02 4.838670e-02 4.894803e-02 4.990761e-02 4.433022e-02 5.406461e-02 5.785727e-02 5.949906e-02 5.818768e-02 5.346557e-02 5.198647e-02 5.477545e-02 4.887282e-02 0.000000e+00 5.330061e-02 6.508453e-02 6.982173e-02 7.240517e-02 7.294202e-02 7.118612e-02 6.709162e-02 6.099304e-02 5.136902e-02 5.141197e-02 0.000000e+00 6.151210e-02 5.617148e-02 5.837270e-02 5.942191e-02 5.944860e-02 4.968725e-02 5.880042e-02 6.147847e-02 6.818810e-02 6.144052e-02 6.413430e-02 6.342916e-02 6.245313e-02 6.167292e-02 6.070246e-02
5.243366e-02 5.298206e-02 5.141715e-02 5.457869e-02 4.596270e-02 4.640969e-02 4.685902e-02 4.691999e-02 4.839480e-02 6.069486e-02 5.566405e-02 5.057463e-02 4.877419e-02 4.786775e-02 4.789725e-02 4.873797e-02 5.106727e-02 5.477890e-02 5.789948e-02 6.025173e-02 5.892325e-02 5.310326e-02 6.319023e-02 6.662925e-02 6.389015e-02 0.000000e+00 5.381308e-02 6.575112e-02 7.083150e-02 7.407031e-02 7.448851e-02 7.166812e-02 6.854991e-02 6.538310e-02 5.776267e-02 6.509683e-02 0.000000e+00 0.000000e+00 5.505399e-02 5.775580e-02 5.773070e-02 4.748674e-02 5.661747e-02 6.007005e-02 6.172123e-02 6.336285e-02 6.386198e-02 6.488484e-02 6.481007e-02 6.388227e-02 6.277695e-02 6.242795e-02
5.309618e-02 5.411730e-02 6.403052e-02 4.853901e-02 4.640746e-02 4.690644e-02 4.750108e-02 4.780324e-02 4.941009e-02 5.261226e-02 5.384963e-02 5.269721e-02 5.076102e-02 4.852275e-02 4.785319e-02 4.884214e-02 5.100034e-02 5.420451e-02 5.710519e-02 5.956342e-02 5.825226e-02 5.205788e-02 4.270081e-02 4.680288e-02 5.799235e-02 0.000000e+00 5.456104e-02 6.683943e-02 7.201900e-02 7.513059e-02 7.534910e-02 7.246732e-02 6.957723e-02 6.899554e-02 7.957138e-02 7.726048e-02 4.464157e-02 0.000000e+00 5.726128e-02 5.649745e-02 5.592569e-02 4.778227e-02 5.858054e-02 6.078940e-02 6.253018e-02 6.376299e-02 6.444220e-02 6.510214e-02 6.546236e-02 6.497047e-02 6.395318e-02 6.369975e-02
5.422859e-02 5.505221e-02 5.363886e-02 4.960652e-02 4.759592e-02 4.797120e-02 4.852363e-02 4.896027e-02 5.025517e-02 4.462901e-02 6.604188e-02 7.444720e-02 6.788268e-02 8.054247e-02 8.378515e-02 8.147364e-02 7.924473e-02 7.714634e-02 7.459226e-02 7.151805e-02 6.540699e-02 5.607165e-02 5.118111e-02 5.690036e-02 0.000000e+00 0.000000e+00 5.595631e-02 6.843736e-02 7.305379e-02 7.498206e-02 7.480335e-02 7.275756e-02 7.144846e-02 7.135836e-02 6.751770e-02 7.081041e-02 7.602496e-02 0.000000e+00 5.995003e-02 5.837799e-02 4.988973e-02 5.834109e-02 6.142321e-02 6.290150e-02 6.411122e-02 6.474261e-02 6.476931e-02 6.487605e-02 6.530235e-02 6.553684e-02 6.521121e-02 6.461745e-02
5.577577e-02 5.567117e-02 5.418148e-02 5.107441e-02 4.940670e-02 4.945085e-02 4.994713e-02 5.079935e-02 5.171402e-02 6.330193e-02 5.428356e-02 5.551688e-02 6.621853e-02 5.224008e-02 5.130401e-02 6.343766e-02 5.900731e-02 5.570074e-02 5.725265e-02 5.901504e-02 5.851926e-02 5.501545e-02 5.508878e-02 5.961935e-02 0.000000e+00 1.563495e-02 5.808586e-02 6.899540e-02 7.233249e-02 7.269688e-02 7.252802e-02 7.240847e-02 7.240416e-02 7.250885e-02 6.881110e-02 7.742734e-02 9.168371e-02 0.000000e+00 0.000000e+00 5.299132e-02 6.109035e-02 6.360328e-02 6.428750e-02 6.488355e-02 6.532860e-02 6.552757e-02 6.524321e-02 6.481185e-02 6.474673e-02 6.500231e-02 6.500945e-02 6.415465e-02
5.743345e-02 5.578474e-02 5.423394e-02 5.291404e-02 5.160513e-02 5.108470e-02 5.137202e-02 5.252431e-02 5.326674e-02 5.346909e-02 5.435822e-02 5.591064e-02 5.588911e-02 5.387236e-02 5.323179e-02 5.462354e-02 6.742429e-02 7.782472e-02 8.652595e-02 8.286024e-02 7.804363e-02 7.197139e-02 6.744016e-02 6.424771e-02 0.000000e+00 1.577226e-02 5.795903e-02 6.780191e-02 7.000775e-02 6.949500e-02 7.007828e-02 7.215885e-02 7.338288e-02 7.349940e-02 7.136556e-02 6.659762e-02 8.315858e-02 9.041787e-02 0.000000e+00 6.847724e-02 6.980877e-02 6.777759e-02 6.697905e-02 6.646122e-02 6.598697e-02 6.592855e-02 6.582175e-02 6.506232e-02 6.397837e-02 6.334970e-02 6.308283e-02 6.209845e-02
5.791445e-02 5.285451e-02 5.304188e-02 5.303614e-02 5.250583e-02 5.184373e-02 5.195240e-02 5.308661e-02 5.384982e-02 5.393726e-02 5.451285e-02 5.577371e-02 5.607886e-02 5.497591e-02 5.466995e-02 5.578775e-02 5.716812e-02 5.860924e-02 6.003106e-02 7.423043e-02 6.882988e-02 6.359807e-02 6.280592e-02 6.423721e-02 0.000000e+00 1.584199e-02 5.758798e-02 6.646481e-02 6.809925e-02 6.759034e-02 8.959757e-02 8.610390e-02 8.459159e-02 8.459432e-02 8.491267e-02 8.514744e-02 8.928838e-02 9.704077e-02 0.000000e+00 0.000000e+00 7.217404e-02 6.946890e-02 6.828659e-02 6.709459e-02 6.614695e-02 6.580634e-02 6.567309e-02 6.491364e-02 6.345054e-02 6.234676e-02 6.200775e-02 6.102166e-02
4.797822e-02 5.223511e-02 5.031161e-02 5.140610e-02 5.208862e-02 5.171082e-02 5.173105e-02 5.256249e-02 5.346384e-02 5.406772e-02 5.457490e-02 5.523317e-02 5.571822e-02 5.560309e-02 5.564723e-02 5.635503e-02 5.753985e-02 5.910450e-02 6.077230e-02 6.239918e-02 7.711771e-02 7.971429e-02 8.204346e-02 9.127602e-02 0.000000e+00 5.666073e-02 6.753848e-02 8.205205e-02 9.076441e-02 9.109686e-02 6.898713e-02 8.598387e-02 8.407496e-02 7.516042e-02 7.647700e-02 8.122342e-02 8.461411e-02 9.107700e-02 9.892784e-02 0.000000e+00 0.000000e+00 6.911198e-02 6.749573e-02 6.666462e-02 6.577309e-02 6.520875e-02 6.471804e-02 6.413270e-02 6.305645e-02 6.222544e-02 6.224262e-02 9.733030e-02
5.459721e-02 4.995335e-02 4.629650e-02 4.967049e-02 5.106318e-02 5.121137e-02 5.116917e-02 5.135471e-02 5.230258e-02 5.384591e-02 5.456929e-02 5.472173e-02 5.535955e-02 5.621278e-02 5.674749e-02 5.720127e-02 5.815136e-02 5.956732e-02 6.121106e-02 6.299717e-02 5.223585e-02 5.229630e-02 6.538394e-02 5.528843e-02 0.000000e+00 5.716198e-02 6.782801e-02 6.853120e-02 6.774050e-02 6.724960e-02 6.584509e-02 6.819963e-02 7.020320e-02 7.152903e-02 7.349115e-02 7.620563e-02 7.569960e-02 7.432234e-02 6.172595e-02 1.025200e-01 0.000000e+00 0.000000e+00 6.374918e-02 6.435463e-02 6.450916e-02 6.449076e-02 6.409633e-02 6.380561e-02 6.311484e-02 6.209167e-02 6.150604e-02 9.839678e-02
5.417961e-02 4.013859e-02 4.485362e-02 4.649593e-02 4.857356e-02 4.936301e-02 4.934456e-02 4.880583e-02 5.083473e-02 5.282737e-02 5.402623e-02 5.423642e-02 5.491418e-02 5.635257e-02 5.749185e-02 5.817429e-02 5.915280e-02 6.046516e-02 6.183603e-02 5.190368e-02 6.138392e-02 6.278508e-02 5.246511e-02 6.469859e-02 0.000000e+00 5.653154e-02 6.687321e-02 6.747780e-02 6.393406e-02 5.417005e-02 5.477968e-02 5.592813e-02 5.724831e-02 5.852490e-02 6.024993e-02 6.249668e-02 7.975107e-02 8.110753e-02 8.593093e-02 8.103205e-02 1.068059e-01 0.000000e+00 5.346045e-02 5.725037e-02 6.203705e-02 6.354689e-02 6.387914e-02 6.403071e-02 6.376416e-02 6.204699e-02 9.963868e-02 5.992200e-02
5.196880e-02 4.629144e-02 3.739790e-02 3.946927e-02 4.109946e-02 4.213646e-02 4.206509e-02 4.797131e-02 4.739496e-02 4.965838e-02 5.219364e-02 5.239700e-02 5.322240e-02 5.500217e-02 5.663388e-02 5.789329e-02 5.934716e-02 6.098484e-02 5.152169e-02 6.154071e-02 6.375804e-02 6.284488e-02 6.354383e-02 6.654219e-02 0.000000e+00 5.562010e-02 6.574099e-02 5.421637e-02 5.363088e-02 6.359800e-02 6.632921e-02 6.731186e-02 6.879583e-02 7.099810e-02 7.366780e-02 7.681727e-02 6.234163e-02 6.296554e-02 7.343790e-02 6.733954e-02 5.227651e-02 0.000000e+00 0.000000e+00 5.209778e-02 5.939383e-02 6.208229e-02 6.284655e-02 6.286492e-02 6.269846e-02 9.887100e-02 5.861149e-02 9.674708e-02
4.930509e-02 4.556357e-02 4.345944e-02 4.429130e-02 4.568084e-02 4.719860e-02 4.736709e-02 3.936175e-02 3.959463e-02 4.776135e-02 4.806820e-02 4.846368e-02 5.052874e-02 5.224381e-02 5.442169e-02 5.659118e-02 5.731040e-02 5.094710e-02 6.111921e-02 6.410864e-02 6.441447e-02 6.327889e-02 6.346359e-02 6.551831e-02 0.000000e+00 5.483129e-02 6.510613e-02 6.719597e-02 6.696509e-02 6.656194e-02 6.623895e-02 6.594479e-02 6.660813e-02 6.838036e-02 7.086845e-02 7.386768e-02 7.646455e-02 7.860359e-02 8.206603e-02 8.606816e-02 8.996942e-02 8.796754e-02 0.000000e+00 0.000000e+00 5.488817e-02 7.435680e-02 4.986156e-02 6.008785e-02 1.003477e-01 5.800281e-02 1.007461e-01 6.482900e-02
4.590966e-02 4.466810e-02 4.398932e-02 4.412624e-02 4.463386e-02 4.543368e-02 4.533680e-02 4.406935e-02 4.388896e-02 3.918136e-02 3.996443e-02 4.644539e-02 4.658508e-02 4.821026e-02 5.077439e-02 4.706418e-02 4.917300e-02 5.977247e-02 6.341925e-02 6.447089e-02 6.453935e-02 6.380247e-02 6.371804e-02 6.464289e-02 0.000000e+00 5.446788e-02 6.541015e-02 6.876177e-02 6.907178e-02 6.810399e-02 6.699761e-02 6.584282e-02 6.546665e-02 6.605314e-02 6.791149e-02 7.096459e-02 7.360602e-02 7.569611e-02 6.063285e-02 6.014802e-02 6.836446e-02 6.022182e-02 9.080079e-02 0.000000e+00 5.101631e-02 6.992827e-02 5.952450e-02 1.016451e-01 5.744895e-02 1.001373e-01 6.287789e-02 6.573048e-02
4.254178e-02 4.342759e-02 4.431098e-02 4.475383e-02 4.485352e-02 4.457420e-02 4.400307e-02 4.318985e-02 4.272499e-02 4.274588e-02 4.318924e-02 3.812908e-02 3.911975e-02 4.038610e-02 4.278710e-02 5.296446e-02 5.804893e-02 6.152446e-02 6.345377e-02 6.396096e-02 6.383696e-02 6.326896e-02 7.730534e-02 8.012772e-02 0.000000e+00 5.458223e-02 6.613823e-02 7.059620e-02 7.143169e-02 7.014363e-02 6.843099e-02 6.653637e-02 6.522165e-02 6.462002e-02 6.538540e-02 6.769788e-02 7.030060e-02 7.276545e-02 7.482999e-02 7.645314e-02 7.534220e-02 6.993133e-02 6.190247e-02 0.000000e+00 0.000000e+00 7.436487e-02 1.008149e-01 5.838541e-02 1.014003e-01 7.678257e-02 6.545040e-02 6.673006e-02
3.530418e-02 4.197586e-02 4.468141e-02 4.599801e-02 4.611567e-02 4.485383e-02 4.386415e-02 4.361413e-02 4.279851e-02 4.095150e-02 4.027129e-02 4.136909e-02 4.335503e-02 4.587194e-02 4.933318e-02 5.363991e-02 5.754523e-02 6.098029e-02 6.275529e-02 6.282985e-02 6.222044e-02 6.118605e-02 5.093021e-02 0.000000e+00 0.000000e+00 5.457769e-02 6.642646e-02 7.170734e-02 7.317453e-02 7.219002e-02 7.034625e-02 6.790677e-02 6.581429e-02 6.421009e-02 6.358468e-02 6.417054e-02 6.638503e-02 6.988412e-02 7.286988e-02 7.520678e-02 7.596894e-02 7.465179e-02 6.980192e-02 6.140024e-02 0.000000e+00 0.000000e+00 9.458818e-02 9.908229e-02 7.073214e-02 5.257618e-02 5.403025e-02 6.464730e-02
-9.999000e+03 -9.999000e+03 -9.999000e+03 -9.999000e+03 -9.999000e+03 -9.999000e+03 -9.999000e+03 3.878023e-02 3.788357e-02 3.537127e-02 3.425650e-02 3.525168e-02 4.203462e-02 4.650786e-02 5.023105e-02 5.347112e-02 5.667923e-02 6.002132e-02 6.160666e-02 6.125832e-02 6.029639e-02 5.889712e-02 5.994361e-02 0.000000e+00 1.512979e-02 5.519200e-02 6.601730e-02 7.185905e-02 7.414756e-02 7.406479e-02 7.255146e-02 6.976892e-02 6.695911e-02 6.428567e-02 6.231573e-02 6.128253e-02 6.274074e-02 6.668953e-02 7.048748e-02 7.361700e-02 7.554405e-02 7.628292e-02 7.420154e-02 6.775740e-02 5.672022e-02 0.000000e+00 0.000000e+00 6.323108e-02 6.335543e-02 6.495578e-02 6.822267e-02 5.528395e-02
-9.999000e+03 -9.999000e+03 -9.999000e+03 -9.999000e+03 -9.999000e+03 -9.999000e+03 -9.999000e+03 -9.999000e+03 -9.999000e+03 -9.999000e+03 3.949108e-02 4.004383e-02 3.805969e-02 4.182211e-02 5.059515e-02 5.330569e-02 5.560397e-02 5.877836e-02 6.015851e-02 5.938032e-02 5.836950e-02 5.737281e-02 5.896145e-02 0.000000e+00 1.509107e-02 5.453704e-02 6.504328e-02 7.119643e-02 7.426714e-02 7.539045e-02 7.457957e-02 7.178380e-02 6.846209e-02 6.484205e-02 6.200632e-02 6.024441e-02 6.070809e-02 6.347936e-02 6.718598e-02 7.142087e-02 7.443694e-02 7.612120e-02 7.549663e-02 7.210270e-02 6.367581e-02 5.187420e-02 0.000000e+00 0.000000e+00 6.787879e-02 7.028121e-02 -9.999000e+03 -9.999000e+03
