tests/data/reference/test_stream_rill/mvel_m_s.asc
ncols	123
nrows	77
xllcorner	-713746.79929998
yllcorner	-1061022.36961616
cellsize	10.0
NODATA_value	-9999
[rows 23 to 45 of 77, columns 52 to 103 of 123]
6.108417e-02 6.444193e-02 6.453619e-02 6.382054e-02 6.333904e-02 6.314456e-02 6.263432e-02 6.163504e-02 6.095743e-02 6.090855e-02 6.064823e-02 6.012559e-02 5.954325e-02 5.834057e-02 5.590334e-02 5.265381e-02 7.861773e-02 4.761958e-02 4.860504e-02 4.981819e-02 5.083548e-02 5.179285e-02 5.202289e-02 5.094752e-02 4.227248e-02 4.655645e-02 7.160000e-02 4.684296e-02 6.359080e-02 4.535443e-02 4.895671e-02 4.815082e-02 3.975431e-02 3.536016e-02 -9.999000e+03 -9.999000e+03 -9.999000e+03 -9.999000e+03 -9.999000e+03 -9.999000e+03 -9.999000e+03 -9.999000e+03 -9.999000e+03 -9.999000e+03 -9.999000e+03 -9.999000e+03 -9.999000e+03 -9.999000e+03 -9.999000e+03 -9.999000e+03 -9.999000e+03 -9.999000e+03
6.233011e-02 6.493974e-02 6.483352e-02 6.398583e-02 6.334064e-02 6.294595e-02 6.232364e-02 6.136682e-02 6.084136e-02 6.083237e-02 6.064102e-02 6.033716e-02 5.952825e-02 5.774273e-02 5.527259e-02 5.250332e-02 8.351227e-02 4.856534e-02 5.004285e-02 5.195338e-02 5.356875e-02 5.474774e-02 5.502061e-02 5.430392e-02 5.156855e-02 5.010126e-02 4.011693e-02 6.587561e-02 4.149680e-02 5.766725e-02 5.540925e-02 4.898650e-02 4.717630e-02 4.335729e-02 3.396769e-02 -9.999000e+03 -9.999000e+03 -9.999000e+03 -9.999000e+03 -9.999000e+03 -9.999000e+03 -9.999000e+03 -9.999000e+03 -9.999000e+03 -9.999000e+03 -9.999000e+03 -9.999000e+03 -9.999000e+03 -9.999000e+03 -9.999000e+03 -9.999000e+03 -9.999000e+03
6.578628e-02 6.553516e-02 6.540739e-02 6.442013e-02 6.317162e-02 6.206778e-02 6.116548e-02 6.070518e-02 6.088264e-02 6.127175e-02 6.123377e-02 6.063360e-02 5.910009e-02 5.684071e-02 5.489385e-02 5.345811e-02 8.979023e-02 5.149181e-02 5.242267e-02 5.396392e-02 5.556316e-02 5.672109e-02 5.692365e-02 5.635159e-02 5.516222e-02 5.361406e-02 5.032500e-02 6.798277e-02 4.127006e-02 4.516791e-02 6.872741e-02 4.505608e-02 4.799580e-02 4.897881e-02 4.626919e-02 3.832816e-02 3.488219e-02 3.456549e-02 -9.999000e+03 -9.999000e+03 -9.999000e+03 -9.999000e+03 -9.999000e+03 -9.999000e+03 -9.999000e+03 -9.999000e+03 -9.999000e+03 -9.999000e+03 -9.999000e+03 -9.999000e+03 -9.999000e+03 -9.999000e+03
6.408815e-02 6.631405e-02 6.548966e-02 6.407653e-02 6.244282e-02 6.114749e-02 6.049862e-02 6.079165e-02 6.137150e-02 6.171726e-02 6.149945e-02 6.047321e-02 5.879133e-02 5.695199e-02 5.550882e-02 5.445669e-02 9.418959e-02 5.265431e-02 5.326845e-02 5.456162e-02 5.592246e-02 5.690869e-02 5.711847e-02 5.689341e-02 5.658318e-02 5.614131e-02 5.537285e-02 6.749719e-02 5.131952e-02 4.883351e-02 6.588934e-02 4.470106e-02 4.760078e-02 5.023605e-02 5.034012e-02 4.701825e-02 4.257991e-02 3.590777e-02 3.985613e-02 3.417531e-02 -9.999000e+03 -9.999000e+03 -9.999000e+03 -9.999000e+03 -9.999000e+03 -9.999000e+03 -9.999000e+03 -9.999000e+03 -9.999000e+03 -9.999000e+03 -9.999000e+03 -9.999000e+03
6.709944e-02 5.374807e-02 6.479110e-02 6.283812e-02 6.130648e-02 6.068499e-02 6.081970e-02 6.150982e-02 6.192416e-02 6.186100e-02 6.137437e-02 6.034934e-02 5.919768e-02 5.810100e-02 5.675780e-02 5.494733e-02 9.624396e-02 5.168673e-02 5.232849e-02 5.353961e-02 5.446111e-02 5.516239e-02 5.549916e-02 5.589544e-02 5.664284e-02 5.739853e-02 5.785518e-02 6.460166e-02 5.608116e-02 5.379637e-02 6.639638e-02 4.861562e-02 4.750567e-02 4.760812e-02 4.817635e-02 5.405637e-02 3.895743e-02 3.696083e-02 4.039239e-02 3.991607e-02 3.815720e-02 1.374630e-01 -9.999000e+03 -9.999000e+03 -9.999000e+03 -9.999000e+03 -9.999000e+03 -9.999000e+03 -9.999000e+03 -9.999000e+03 -9.999000e+03 -9.999000e+03
6.725503e-02 6.291062e-02 6.357774e-02 6.165203e-02 4.975775e-02 6.066253e-02 6.108530e-02 6.188993e-02 6.234751e-02 6.222940e-02 6.166056e-02 6.065409e-02 5.958794e-02 5.843184e-02 5.670345e-02 5.437241e-02 9.788504e-02 5.162391e-02 5.268428e-02 5.398560e-02 5.476621e-02 5.525259e-02 5.543574e-02 5.583909e-02 5.688778e-02 5.826785e-02 5.937203e-02 5.994682e-02 5.843739e-02 5.688791e-02 6.392105e-02 5.155630e-02 4.839517e-02 4.659969e-02 4.634580e-02 4.800290e-02 4.445681e-02 4.271717e-02 3.682206e-02 4.141592e-02 0.000000e+00 1.856815e-01 1.183984e-01 1.042341e-01 -9.999000e+03 -9.999000e+03 -9.999000e+03 -9.999000e+03 -9.999000e+03 -9.999000e+03 -9.999000e+03 -9.999000e+03
6.609396e-02 6.385708e-02 6.246960e-02 6.133876e-02 5.015720e-02 5.864344e-02 6.095369e-02 6.199363e-02 6.291890e-02 6.299807e-02 6.239044e-02 6.116196e-02 5.955465e-02 5.746225e-02 5.500187e-02 5.293690e-02 5.236352e-02 1.004682e-01 5.474921e-02 5.633248e-02 5.731165e-02 5.761000e-02 5.729154e-02 5.704103e-02 5.754276e-02 5.891717e-02 6.018686e-02 6.022625e-02 5.913523e-02 5.784922e-02 5.931090e-02 5.343766e-02 5.057420e-02 4.818076e-02 4.631841e-02 4.545552e-02 4.455170e-02 4.401015e-02 4.282429e-02 0.000000e+00 0.000000e+00 6.324340e-02 4.420650e-02 2.398875e-02 9.218352e-02 -9.999000e+03 -9.999000e+03 -9.999000e+03 -9.999000e+03 -9.999000e+03 -9.999000e+03 -9.999000e+03
6.342281e-02 6.184944e-02 6.103684e-02 6.094196e-02 5.896462e-02 5.029962e-02 6.102071e-02 6.240736e-02 6.311407e-02 6.272051e-02 6.169319e-02 6.006488e-02 5.806329e-02 5.571646e-02 5.380602e-02 5.318967e-02 5.397422e-02 5.567595e-02 1.013484e-01 5.893822e-02 5.954013e-02 5.932826e-02 5.856505e-02 5.800398e-02 5.827580e-02 5.956345e-02 6.054609e-02 6.037536e-02 5.955348e-02 5.880032e-02 5.773978e-02 5.565356e-02 5.323634e-02 5.940454e-02 4.798460e-02 3.973475e-02 4.563199e-02 4.577101e-02 0.000000e+00 0.000000e+00 3.348723e-02 5.331889e-02 3.763845e-02 2.998540e-02 2.523556e-02 8.819012e-02 -9.999000e+03 -9.999000e+03 -9.999000e+03 -9.999000e+03 -9.999000e+03 -9.999000e+03
5.900883e-02 5.851996e-02 5.918440e-02 6.022160e-02 6.079330e-02 5.947145e-02 5.126838e-02 6.285949e-02 6.233072e-02 6.084505e-02 5.906372e-02 5.694952e-02 5.504807e-02 5.383377e-02 5.401216e-02 5.538600e-02 5.718290e-02 5.916289e-02 9.726144e-02 6.139208e-02 6.103841e-02 6.006214e-02 5.899669e-02 5.856825e-02 5.904721e-02 6.014091e-02 6.042461e-02 5.999816e-02 5.982276e-02 5.992270e-02 5.970387e-02 5.827328e-02 7.223820e-02 5.365259e-02 4.975969e-02 4.187660e-02 4.871862e-02 0.000000e+00 0.000000e+00 3.843933e-02 3.997073e-02 4.821926e-02 3.244774e-02 2.952294e-02 2.978875e-02 2.772842e-02 2.569544e-02 -9.999000e+03 -9.999000e+03 -9.999000e+03 -9.999000e+03 -9.999000e+03
5.264652e-02 5.378126e-02 5.569353e-02 5.748394e-02 4.851231e-02 6.027086e-02 6.120189e-02 5.953077e-02 6.091013e-02 5.948808e-02 5.791076e-02 5.621096e-02 5.516709e-02 5.515234e-02 5.620830e-02 5.795565e-02 5.963451e-02 6.106932e-02 9.660065e-02 6.151395e-02 6.069979e-02 5.972091e-02 5.902538e-02 5.907446e-02 5.977041e-02 6.047322e-02 5.997125e-02 5.909070e-02 5.904509e-02 5.948246e-02 5.982340e-02 8.229760e-02 5.713759e-02 5.560584e-02 5.219029e-02 4.385619e-02 0.000000e+00 0.000000e+00 4.187490e-02 4.545583e-02 4.367500e-02 5.562404e-02 3.523671e-02 2.925991e-02 3.275936e-02 3.387655e-02 3.365972e-02 2.739622e-02 9.017422e-02 -9.999000e+03 -9.999000e+03 -9.999000e+03
4.441767e-02 4.749835e-02 5.002271e-02 5.220429e-02 5.444247e-02 5.463607e-02 5.826922e-02 5.922506e-02 5.935147e-02 5.964797e-02 5.934433e-02 5.896786e-02 5.898686e-02 5.926760e-02 5.971760e-02 6.037662e-02 6.081682e-02 6.085954e-02 6.014238e-02 1.009685e-01 5.844337e-02 5.835162e-02 5.875782e-02 5.959290e-02 6.041688e-02 6.053308e-02 5.919149e-02 5.763648e-02 5.709909e-02 5.722948e-02 8.779731e-02 5.754308e-02 5.676189e-02 5.600531e-02 0.000000e+00 0.000000e+00 0.000000e+00 4.466854e-02 4.962640e-02 4.866218e-02 6.120220e-02 4.398387e-02 3.709561e-02 3.797673e-02 3.619456e-02 3.432870e-02 3.564987e-02 4.464530e-02 2.752129e-02 1.086361e-01 -9.999000e+03 -9.999000e+03
1.088964e-01 1.047029e-01 4.286294e-02 4.571836e-02 5.154298e-02 5.434108e-02 5.642667e-02 5.830141e-02 5.966768e-02 6.067982e-02 6.133634e-02 6.189072e-02 6.246050e-02 6.273098e-02 6.265655e-02 6.228449e-02 6.142393e-02 6.012916e-02 5.835149e-02 9.452707e-02 5.563268e-02 5.591059e-02 5.709567e-02 5.852773e-02 5.935380e-02 5.891353e-02 5.703883e-02 5.542895e-02 5.501601e-02 5.515743e-02 9.104565e-02 5.710352e-02 5.690858e-02 0.000000e+00 0.000000e+00 4.663862e-02 4.622626e-02 5.260069e-02 5.254237e-02 6.650831e-02 4.884053e-02 4.652136e-02 3.982289e-02 4.258126e-02 3.956360e-02 4.318945e-02 3.998786e-02 3.484028e-02 3.193530e-02 4.771016e-02 2.667192e-02 1.101386e-01
6.025518e-02 5.642124e-02 1.001720e-01 4.542519e-02 4.806577e-02 5.219493e-02 5.552566e-02 5.774191e-02 5.967806e-02 6.118676e-02 6.234390e-02 6.344652e-02 6.424060e-02 6.444255e-02 6.398305e-02 6.249877e-02 6.003649e-02 5.720979e-02 5.418106e-02 5.124994e-02 9.745918e-02 4.929098e-02 5.100894e-02 5.297530e-02 5.615693e-02 5.520742e-02 5.321686e-02 5.227247e-02 5.279179e-02 5.355507e-02 9.355999e-02 5.731891e-02 0.000000e+00 0.000000e+00 4.680669e-02 5.393476e-02 5.368851e-02 5.481356e-02 7.370896e-02 5.277637e-02 5.107735e-02 4.831734e-02 4.719829e-02 3.913887e-02 4.270551e-02 5.495684e-02 3.626574e-02 4.051729e-02 3.933828e-02 4.856537e-02 3.175082e-02 4.752853e-02
4.258727e-02 4.965503e-02 5.057774e-02 9.802465e-02 9.723296e-02 9.433622e-02 9.299966e-02 5.654230e-02 5.726005e-02 5.789577e-02 5.857906e-02 5.940329e-02 5.963066e-02 5.919211e-02 7.159383e-02 5.640709e-02 5.416159e-02 5.208684e-02 4.994736e-02 4.789343e-02 4.024811e-02 9.811335e-02 6.068919e-02 5.101688e-02 5.036019e-02 4.850572e-02 4.997498e-02 4.998688e-02 5.152601e-02 5.305449e-02 9.623272e-02 0.000000e+00 0.000000e+00 4.769123e-02 5.471575e-02 5.566940e-02 5.536568e-02 5.541923e-02 7.927151e-02 5.417045e-02 5.266808e-02 5.073561e-02 4.776663e-02 4.040070e-02 4.473474e-02 5.082806e-02 4.254907e-02 4.310035e-02 4.241580e-02 4.486101e-02 3.948811e-02 4.488290e-02
5.418344e-02 5.622014e-02 5.552078e-02 5.101286e-02 5.010967e-02 5.359481e-02 5.485955e-02 9.501217e-02 9.621373e-02 9.736714e-02 9.814037e-02 9.851699e-02 9.956123e-02 1.012958e-01 1.030455e-01 1.043899e-01 1.039237e-01 4.342116e-02 4.474144e-02 4.575253e-02 4.738270e-02 4.861064e-02 9.569819e-02 5.054798e-02 4.775194e-02 4.512981e-02 4.436279e-02 4.900490e-02 5.159314e-02 5.383354e-02 0.000000e+00 0.000000e+00 5.693775e-02 4.817372e-02 5.710730e-02 5.659111e-02 5.587941e-02 5.554207e-02 8.321930e-02 5.476713e-02 5.371086e-02 5.174874e-02 4.895893e-02 4.799331e-02 4.694351e-02 3.791280e-02 4.248528e-02 4.249504e-02 4.296027e-02 4.375550e-02 4.379785e-02 4.377071e-02
5.577682e-02 5.871871e-02 5.770516e-02 9.539697e-02 9.605310e-02 9.413783e-02 9.361518e-02 9.440755e-02 9.524661e-02 9.615526e-02 9.690565e-02 9.739196e-02 9.812362e-02 9.772132e-02 9.594654e-02 9.358763e-02 8.971630e-02 1.045171e-01 1.040489e-01 4.095911e-02 4.346973e-02 4.733851e-02 9.754214e-02 4.718873e-02 4.457344e-02 4.282179e-02 4.304521e-02 4.572049e-02 5.221043e-02 0.000000e+00 0.000000e+00 5.875597e-02 5.735695e-02 4.847440e-02 5.798688e-02 5.736100e-02 5.649327e-02 8.854628e-02 5.593049e-02 5.577271e-02 5.488195e-02 5.296114e-02 5.118244e-02 4.925557e-02 4.618851e-02 4.481571e-02 3.732281e-02 4.220755e-02 4.275540e-02 4.392508e-02 4.480345e-02 4.444480e-02
5.845662e-02 9.927006e-02 9.922729e-02 5.883525e-02 6.011210e-02 6.293436e-02 6.456203e-02 6.484063e-02 6.466325e-02 6.411488e-02 6.328297e-02 6.038565e-02 5.864270e-02 5.638194e-02 5.384419e-02 5.138998e-02 6.202207e-02 6.824427e-02 6.135415e-02 1.054714e-01 1.050517e-01 1.011008e-01 1.012407e-01 9.343733e-02 4.089299e-02 4.168113e-02 4.308049e-02 4.690549e-02 0.000000e+00 0.000000e+00 4.782858e-02 7.019298e-02 5.759838e-02 4.860334e-02 5.844371e-02 5.803917e-02 5.733166e-02 9.303915e-02 5.732589e-02 5.727058e-02 5.646192e-02 5.462379e-02 5.237395e-02 5.021381e-02 4.874396e-02 4.609038e-02 3.895532e-02 4.297720e-02 4.242347e-02 4.252997e-02 4.277536e-02 4.294792e-02
1.012194e-01 5.702662e-02 5.885698e-02 6.021718e-02 6.239418e-02 6.525762e-02 6.715024e-02 6.799165e-02 6.846020e-02 6.851698e-02 6.808638e-02 6.722471e-02 6.604627e-02 6.460937e-02 6.292966e-02 5.929506e-02 5.714944e-02 5.469582e-02 6.456715e-02 6.851229e-02 7.353597e-02 3.363736e-02 6.545670e-02 1.095932e-01 8.299309e-02 3.699919e-02 4.149596e-02 4.078022e-02 0.000000e+00 4.419351e-02 5.504807e-02 7.696635e-02 4.979661e-02 5.743134e-02 5.901801e-02 5.853113e-02 5.800985e-02 9.733771e-02 5.854424e-02 5.848111e-02 5.760921e-02 5.585486e-02 5.350011e-02 5.112334e-02 4.971654e-02 4.777743e-02 4.680150e-02 3.887028e-02 4.354488e-02 4.283111e-02 4.236713e-02 4.244732e-02
5.417374e-02 5.616587e-02 5.771690e-02 5.855037e-02 6.000551e-02 6.252648e-02 6.458733e-02 6.592976e-02 6.719183e-02 6.811115e-02 6.833697e-02 6.812621e-02 6.789501e-02 6.765705e-02 6.712122e-02 6.633730e-02 6.545965e-02 6.427949e-02 5.997160e-02 5.509935e-02 5.245611e-02 0.000000e+00 0.000000e+00 0.000000e+00 1.149793e-01 7.871031e-02 3.880866e-02 0.000000e+00 0.000000e+00 4.654644e-02 5.160491e-02 7.614976e-02 5.035842e-02 6.066421e-02 5.988648e-02 5.885548e-02 1.008609e-01 5.899445e-02 5.953401e-02 5.951947e-02 5.840670e-02 5.657070e-02 5.432283e-02 5.176299e-02 5.023565e-02 4.977487e-02 4.770687e-02 4.085112e-02 4.605672e-02 4.506152e-02 4.417949e-02 4.356482e-02
5.353051e-02 5.527575e-02 5.628503e-02 5.655979e-02 5.733296e-02 5.924456e-02 6.100178e-02 6.227959e-02 6.390574e-02 6.567194e-02 6.671950e-02 6.713795e-02 6.761677e-02 6.822040e-02 6.851744e-02 6.850423e-02 6.858521e-02 6.857183e-02 6.747576e-02 6.490458e-02 6.083566e-02 6.018389e-02 5.787288e-02 0.000000e+00 0.000000e+00 0.000000e+00 3.597975e-02 0.000000e+00 3.589226e-02 4.154186e-02 4.707917e-02 6.487726e-02 5.723405e-02 6.023832e-02 5.990216e-02 5.924580e-02 1.001116e-01 5.970929e-02 6.020775e-02 6.046664e-02 5.947713e-02 5.742734e-02 5.502224e-02 5.233462e-02 5.075186e-02 5.016224e-02 4.256076e-02 4.778943e-02 4.784055e-02 4.679971e-02 4.574784e-02 4.514231e-02
5.222466e-02 5.321531e-02 5.388981e-02 5.406276e-02 5.447731e-02 5.569371e-02 5.675507e-02 5.742742e-02 5.896430e-02 6.140758e-02 6.334094e-02 6.448377e-02 6.553483e-02 6.669017e-02 6.757148e-02 6.815826e-02 6.906950e-02 7.018759e-02 7.053175e-02 6.985282e-02 6.878032e-02 6.683407e-02 6.362098e-02 5.865817e-02 5.462034e-02 0.000000e+00 0.000000e+00 0.000000e+00 9.167301e-03 3.649921e-02 5.000758e-02 5.556682e-02 5.404528e-02 5.642355e-02 5.841020e-02 5.955263e-02 9.884573e-02 6.060345e-02 6.079225e-02 6.115343e-02 6.051951e-02 5.853685e-02 5.586430e-02 5.288310e-02 5.105971e-02 4.911605e-02 4.243831e-02 4.916199e-02 4.868264e-02 4.784382e-02 4.677765e-02 4.685683e-02
5.048824e-02 5.100481e-02 5.171749e-02 5.231493e-02 5.274726e-02 5.341092e-02 5.387374e-02 5.392960e-02 5.489642e-02 5.710006e-02 5.921419e-02 6.081149e-02 6.218928e-02 6.865462e-02 6.466291e-02 6.554376e-02 6.695613e-02 6.880201e-02 6.996091e-02 7.026371e-02 7.030174e-02 7.011335e-02 6.733046e-02 6.209510e-02 5.954344e-02 2.310195e-02 0.000000e+00 0.000000e+00 0.000000e+00 0.000000e+00 5.057649e-02 4.674139e-02 4.750535e-02 5.449972e-02 5.743268e-02 5.929093e-02 9.865823e-02 6.134317e-02 6.171884e-02 6.190810e-02 6.140723e-02 5.978943e-02 5.725900e-02 5.423540e-02 5.209630e-02 4.986409e-02 4.285823e-02 4.968657e-02 4.924538e-02 4.897697e-02 4.857627e-02 4.928363e-02
4.798427e-02 4.837205e-02 4.951246e-02 5.100133e-02 5.179127e-02 5.210610e-02 5.226900e-02 5.203872e-02 5.212815e-02 5.317142e-02 5.479768e-02 5.656242e-02 6.963931e-02 5.913539e-02 6.013501e-02 6.097329e-02 6.267050e-02 6.511853e-02 6.670242e-02 6.734741e-02 6.825426e-02 6.953208e-02 6.863671e-02 6.345939e-02 6.068758e-02 0.000000e+00 0.000000e+00 4.795970e-02 5.130034e-02 0.000000e+00 0.000000e+00 0.000000e+00 4.743664e-02 5.390354e-02 5.790630e-02 5.859836e-02 9.955338e-02 6.174858e-02 6.268855e-02 6.274302e-02 6.225279e-02 6.103117e-02 5.901714e-02 5.640127e-02 5.424076e-02 5.156925e-02 4.389639e-02 5.044576e-02 4.964880e-02 5.006729e-02 5.116227e-02 5.248754e-02
