tests/data/reference/test_stream_rill/mvel_m_s.asc
ncols	123
nrows	77
xllcorner	-713746.79929998
yllcorner	-1061022.36961616
cellsize	10.0
NODATA_value	-9999
[rows 46 to 68 of 77, columns 0 to 51 of 123]
-9.999000e+03 -9.999000e+03 -9.999000e+03 -9.999000e+03 -9.999000e+03 -9.999000e+03 1.090633e-01 2.930637e-02 2.708356e-02 2.802609e-02 2.549790e-02 2.976196e-02 3.147245e-02 3.166587e-02 3.158094e-02 3.129008e-02 3.151487e-02 3.196093e-02 3.337503e-02 3.641626e-02 3.880562e-02 3.948182e-02 3.968565e-02 3.896233e-02 3.993748e-02 4.184810e-02 4.236394e-02 4.117639e-02 4.073596e-02 4.113948e-02 4.129556e-02 7.114497e-02 7.239180e-02 4.303774e-02 4.473160e-02 4.664404e-02 4.880218e-02 5.089492e-02 5.253631e-02 5.392275e-02 5.469756e-02 5.480874e-02 5.487611e-02 5.521792e-02 5.489187e-02 5.368263e-02 5.261073e-02 5.153566e-02 4.976351e-02 4.726203e-02 4.580861e-02 4.611196e-02
-9.999000e+03 -9.999000e+03 -9.999000e+03 -9.999000e+03 -9.999000e+03 -9.999000e+03 1.301775e-02 2.589386e-02 2.869321e-02 3.012558e-02 2.780485e-02 3.184750e-02 3.311077e-02 3.368897e-02 3.378653e-02 3.288742e-02 3.152887e-02 3.071296e-02 3.180146e-02 3.487837e-02 3.334635e-02 3.459717e-02 3.522975e-02 3.517663e-02 4.006941e-02 4.227762e-02 4.268663e-02 6.583135e-02 6.762486e-02 7.034630e-02 7.181871e-02 4.239239e-02 4.307904e-02 4.448838e-02 4.607721e-02 4.758333e-02 4.923897e-02 5.105236e-02 5.254058e-02 5.393208e-02 5.514355e-02 5.602352e-02 5.662405e-02 5.702146e-02 5.676148e-02 5.560519e-02 5.432330e-02 5.322470e-02 5.191548e-02 4.985247e-02 4.780327e-02 4.675470e-02
-9.999000e+03 -9.999000e+03 -9.999000e+03 -9.999000e+03 -9.999000e+03 9.795574e-02 2.441659e-02 3.093344e-02 2.658434e-02 2.708924e-02 3.005367e-02 3.133560e-02 3.284008e-02 3.390929e-02 3.424741e-02 3.371602e-02 3.237804e-02 3.108339e-02 3.187635e-02 3.470632e-02 4.198191e-02 4.793422e-02 5.298252e-02 5.763230e-02 6.056256e-02 6.381892e-02 6.643491e-02 4.239583e-02 4.237026e-02 4.326319e-02 4.355618e-02 4.334737e-02 4.402430e-02 4.516922e-02 4.628887e-02 4.732339e-02 4.866227e-02 5.053822e-02 5.212939e-02 5.342160e-02 5.469258e-02 5.586331e-02 5.681916e-02 5.752736e-02 5.768215e-02 5.703659e-02 5.584545e-02 5.444459e-02 5.328964e-02 5.195594e-02 5.009193e-02 4.830282e-02
-9.999000e+03 -9.999000e+03 -9.999000e+03 -9.999000e+03 1.385211e-01 7.933946e-03 2.866890e-02 3.189160e-02 2.504085e-02 2.396999e-02 2.706199e-02 2.855100e-02 3.099760e-02 3.222207e-02 3.322389e-02 3.363368e-02 3.315785e-02 3.193579e-02 3.270689e-02 3.538724e-02 3.770152e-02 3.952612e-02 4.147320e-02 4.328030e-02 4.407015e-02 4.412840e-02 4.423157e-02 4.414013e-02 4.396404e-02 4.415106e-02 4.425566e-02 4.397124e-02 4.399754e-02 4.439469e-02 4.501910e-02 4.578558e-02 4.706674e-02 4.920837e-02 5.116801e-02 5.260698e-02 5.373072e-02 5.469871e-02 5.571537e-02 5.671806e-02 5.740959e-02 5.754884e-02 5.685386e-02 5.535755e-02 5.417449e-02 5.351971e-02 5.216274e-02 5.009041e-02
-9.999000e+03 -9.999000e+03 -9.999000e+03 -9.999000e+03 1.070581e-01 2.699269e-02 2.857013e-02 2.780169e-02 2.450941e-02 2.204792e-02 2.493386e-02 2.935383e-02 2.634799e-02 3.095043e-02 3.264850e-02 3.368595e-02 3.353176e-02 3.222382e-02 3.295771e-02 3.569742e-02 3.844939e-02 4.086930e-02 4.314125e-02 4.543462e-02 4.640741e-02 4.632152e-02 4.654011e-02 4.686617e-02 4.662671e-02 4.624333e-02 4.623029e-02 4.609202e-02 4.580830e-02 4.557760e-02 4.556477e-02 4.581701e-02 4.655962e-02 4.817688e-02 5.010112e-02 5.183183e-02 5.284011e-02 5.331230e-02 5.407767e-02 5.512852e-02 5.615310e-02 5.692968e-02 5.685078e-02 5.573559e-02 5.483324e-02 5.470866e-02 5.374651e-02 5.160943e-02
-9.999000e+03 -9.999000e+03 -9.999000e+03 1.007109e-01 6.842554e-03 2.605693e-02 2.322848e-02 2.317084e-02 2.076271e-02 2.260655e-02 2.540548e-02 2.475663e-02 2.468600e-02 2.959134e-02 3.210510e-02 3.346005e-02 3.351897e-02 3.240454e-02 3.294281e-02 3.561817e-02 3.976804e-02 4.202825e-02 4.500722e-02 4.730956e-02 4.860663e-02 4.888137e-02 4.932244e-02 4.991236e-02 4.980321e-02 4.919598e-02 4.895352e-02 4.885048e-02 4.861477e-02 4.816165e-02 4.761097e-02 4.725686e-02 4.718374e-02 4.773048e-02 4.924868e-02 5.123114e-02 5.212065e-02 5.195459e-02 5.222611e-02 5.303985e-02 5.414537e-02 5.536738e-02 5.595960e-02 5.562507e-02 5.501967e-02 5.508034e-02 5.436836e-02 5.252629e-02
-9.999000e+03 -9.999000e+03 -9.999000e+03 9.203496e-02 2.225701e-02 2.220712e-02 1.969789e-02 1.737794e-02 1.875530e-02 1.947893e-02 2.181886e-02 2.233524e-02 2.237423e-02 2.772352e-02 3.094769e-02 3.241772e-02 3.284205e-02 3.220549e-02 3.207089e-02 3.909326e-02 3.365608e-02 4.051679e-02 4.373893e-02 4.635535e-02 4.831204e-02 4.928738e-02 5.001246e-02 5.070770e-02 5.067762e-02 4.993689e-02 4.940415e-02 4.919328e-02 4.919158e-02 4.916549e-02 4.894116e-02 4.875834e-02 4.842906e-02 4.809914e-02 4.903906e-02 5.111126e-02 5.203353e-02 5.155799e-02 5.134904e-02 5.160485e-02 5.234515e-02 5.352347e-02 5.450791e-02 5.355189e-02 5.356976e-02 5.335217e-02 5.270259e-02 7.447725e-02
-9.999000e+03 -9.999000e+03 7.470384e-02 4.020181e-03 2.044573e-02 2.011164e-02 1.500788e-02 1.343627e-02 1.469605e-02 1.270613e-02 1.636632e-02 1.835119e-02 1.890209e-02 2.522232e-02 2.896441e-02 3.054100e-02 3.163468e-02 3.168334e-02 3.335795e-02 2.954257e-02 2.912738e-02 3.528335e-02 3.908952e-02 4.239066e-02 4.541709e-02 4.744562e-02 4.857794e-02 4.936585e-02 4.943331e-02 4.861617e-02 4.777429e-02 4.739348e-02 4.779803e-02 4.864803e-02 4.931317e-02 4.983413e-02 4.982108e-02 4.915500e-02 4.940034e-02 5.112707e-02 5.223184e-02 5.202616e-02 5.153517e-02 5.110379e-02 5.123801e-02 5.208711e-02 4.483496e-02 4.566255e-02 4.578819e-02 4.528117e-02 7.936502e-02 5.254776e-02
-9.999000e+03 -9.999000e+03 6.702227e-03 1.898939e-02 1.946096e-02 1.531519e-02 1.191164e-02 1.512328e-02 1.460903e-02 6.764256e-03 1.334804e-02 1.529820e-02 1.587871e-02 2.258056e-02 2.597225e-02 2.710641e-02 2.848221e-02 2.942824e-02 2.763527e-02 2.581687e-02 2.351671e-02 2.881340e-02 3.311347e-02 3.666593e-02 4.027269e-02 4.339954e-02 4.545046e-02 4.679009e-02 4.733746e-02 4.691267e-02 4.608822e-02 4.543973e-02 4.590609e-02 4.720169e-02 4.834581e-02 4.927042e-02 4.961315e-02 4.923772e-02 4.941392e-02 5.067288e-02 5.173559e-02 5.198822e-02 5.173762e-02 5.126777e-02 5.138417e-02 5.227176e-02 5.310609e-02 5.401946e-02 7.925385e-02 8.351835e-02 5.272602e-02 5.266109e-02
-9.999000e+03 6.519189e-02 1.153462e-02 2.141756e-02 1.815494e-02 9.371452e-03 1.610097e-02 1.602463e-02 -9.999000e+03 -9.999000e+03 -9.999000e+03 1.312610e-02 1.453308e-02 1.942273e-02 2.159447e-02 2.171832e-02 2.274441e-02 2.453128e-02 2.267612e-02 1.633779e-02 1.490099e-02 2.029833e-02 2.578820e-02 2.903376e-02 3.272806e-02 3.703881e-02 4.042905e-02 4.284987e-02 4.423096e-02 4.455574e-02 4.410536e-02 4.333227e-02 4.363172e-02 4.506400e-02 4.641069e-02 4.752571e-02 4.808356e-02 4.811686e-02 4.881401e-02 5.012102e-02 5.102300e-02 5.146216e-02 5.158993e-02 5.147055e-02 5.192100e-02 5.305506e-02 6.436408e-02 7.301960e-02 5.417408e-02 5.316137e-02 5.303083e-02 5.362272e-02
-9.999000e+03 1.029811e-01 1.772185e-02 1.803881e-02 1.430044e-02 1.475151e-02 -9.999000e+03 -9.999000e+03 -9.999000e+03 -9.999000e+03 -9.999000e+03 -9.999000e+03 1.571111e-02 1.844225e-02 2.105527e-02 2.199928e-02 2.171289e-02 2.504180e-02 2.340539e-02 1.609790e-02 1.283025e-02 1.326523e-02 1.715681e-02 2.162310e-02 2.657592e-02 3.089208e-02 3.468285e-02 3.780590e-02 3.971864e-02 4.059159e-02 4.124603e-02 4.074258e-02 4.131594e-02 4.310050e-02 4.475288e-02 4.610933e-02 4.675001e-02 4.672383e-02 4.777920e-02 4.974842e-02 5.091091e-02 5.126979e-02 5.142635e-02 5.146387e-02 5.213732e-02 5.349910e-02 5.437288e-02 5.467081e-02 5.439356e-02 5.352308e-02 5.387079e-02 5.524373e-02
1.015395e-01 1.050040e-02 1.915590e-02 1.454080e-02 8.690144e-03 1.840911e-02 -9.999000e+03 -9.999000e+03 -9.999000e+03 -9.999000e+03 -9.999000e+03 -9.999000e+03 -9.999000e+03 -9.999000e+03 -9.999000e+03 2.225458e-02 2.549626e-02 2.380050e-02 2.228366e-02 1.999545e-02 2.123298e-02 -9.999000e+03 -9.999000e+03 1.714553e-02 2.173587e-02 2.448508e-02 2.744693e-02 3.036163e-02 3.182733e-02 3.615552e-02 3.664830e-02 3.755120e-02 3.876672e-02 4.113527e-02 4.315975e-02 4.467524e-02 4.538149e-02 4.524776e-02 4.654786e-02 4.927173e-02 5.088122e-02 5.104735e-02 5.107108e-02 5.119633e-02 5.195230e-02 5.349680e-02 5.461187e-02 5.507404e-02 5.484145e-02 5.403460e-02 5.486434e-02 5.712377e-02
8.170292e-02 1.376032e-02 1.278338e-02 1.272710e-02 1.877738e-02 -9.999000e+03 -9.999000e+03 -9.999000e+03 -9.999000e+03 -9.999000e+03 -9.999000e+03 -9.999000e+03 -9.999000e+03 -9.999000e+03 -9.999000e+03 -9.999000e+03 -9.999000e+03 -9.999000e+03 -9.999000e+03 -9.999000e+03 -9.999000e+03 -9.999000e+03 -9.999000e+03 1.603486e-02 2.060165e-02 2.232691e-02 2.670670e-02 3.030603e-02 3.144520e-02 2.771852e-02 3.133127e-02 3.252356e-02 3.475253e-02 3.808464e-02 4.045463e-02 4.177871e-02 4.258649e-02 4.346495e-02 4.501898e-02 4.830084e-02 4.924473e-02 4.941347e-02 5.051757e-02 5.020041e-02 5.070566e-02 5.211458e-02 5.306555e-02 5.374193e-02 5.364904e-02 5.293107e-02 5.416336e-02 5.772775e-02
-9.999000e+03 1.968071e-02 1.843407e-02 2.223697e-02 -9.999000e+03 -9.999000e+03 -9.999000e+03 -9.999000e+03 -9.999000e+03 -9.999000e+03 -9.999000e+03 -9.999000e+03 -9.999000e+03 -9.999000e+03 -9.999000e+03 -9.999000e+03 -9.999000e+03 -9.999000e+03 -9.999000e+03 -9.999000e+03 -9.999000e+03 -9.999000e+03 -9.999000e+03 -9.999000e+03 -9.999000e+03 -9.999000e+03 2.452685e-02 2.669086e-02 2.884702e-02 2.577796e-02 2.296925e-02 2.493691e-02 2.822648e-02 3.231613e-02 3.420242e-02 3.466057e-02 4.019886e-02 4.078909e-02 4.288511e-02 4.089356e-02 4.227052e-02 4.950202e-02 4.842947e-02 4.818710e-02 4.940460e-02 4.883361e-02 4.931696e-02 4.974493e-02 5.109626e-02 5.041617e-02 5.231452e-02 5.563601e-02
-9.999000e+03 -9.999000e+03 -9.999000e+03 -9.999000e+03 -9.999000e+03 -9.999000e+03 -9.999000e+03 -9.999000e+03 -9.999000e+03 -9.999000e+03 -9.999000e+03 -9.999000e+03 -9.999000e+03 -9.999000e+03 -9.999000e+03 -9.999000e+03 -9.999000e+03 -9.999000e+03 -9.999000e+03 -9.999000e+03 -9.999000e+03 -9.999000e+03 -9.999000e+03 -9.999000e+03 -9.999000e+03 -9.999000e+03 -9.999000e+03 -9.999000e+03 2.548549e-02 2.391329e-02 2.080391e-02 2.262957e-02 2.643701e-02 3.405601e-02 3.654849e-02 3.563132e-02 3.247438e-02 3.480489e-02 3.701797e-02 4.443074e-02 4.710187e-02 4.105995e-02 4.146216e-02 4.854247e-02 4.178144e-02 4.183577e-02 4.163608e-02 4.834270e-02 4.742240e-02 4.892829e-02 4.383267e-02 4.749859e-02
-9.999000e+03 -9.999000e+03 -9.999000e+03 -9.999000e+03 -9.999000e+03 -9.999000e+03 -9.999000e+03 -9.999000e+03 -9.999000e+03 -9.999000e+03 -9.999000e+03 -9.999000e+03 -9.999000e+03 -9.999000e+03 -9.999000e+03 -9.999000e+03 -9.999000e+03 -9.999000e+03 -9.999000e+03 -9.999000e+03 -9.999000e+03 -9.999000e+03 -9.999000e+03 -9.999000e+03 -9.999000e+03 -9.999000e+03 -9.999000e+03 -9.999000e+03 -9.999000e+03 2.187449e-02 2.405367e-02 2.648710e-02 3.054779e-02 3.237601e-02 3.321512e-02 3.111468e-02 3.124789e-02 3.393895e-02 4.033173e-02 4.311055e-02 4.447847e-02 4.500888e-02 4.620557e-02 4.113114e-02 4.758497e-02 4.866968e-02 4.792424e-02 3.959129e-02 4.637322e-02 4.179667e-02 5.010159e-02 5.472962e-02
-9.999000e+03 -9.999000e+03 -9.999000e+03 -9.999000e+03 -9.999000e+03 -9.999000e+03 -9.999000e+03 -9.999000e+03 -9.999000e+03 -9.999000e+03 -9.999000e+03 -9.999000e+03 -9.999000e+03 -9.999000e+03 -9.999000e+03 -9.999000e+03 -9.999000e+03 -9.999000e+03 -9.999000e+03 -9.999000e+03 -9.999000e+03 -9.999000e+03 -9.999000e+03 -9.999000e+03 -9.999000e+03 -9.999000e+03 -9.999000e+03 -9.999000e+03 -9.999000e+03 -9.999000e+03 2.771003e-02 -9.999000e+03 -9.999000e+03 -9.999000e+03 -9.999000e+03 -9.999000e+03 -9.999000e+03 -9.999000e+03 3.587575e-02 4.128634e-02 4.233860e-02 4.201942e-02 4.322063e-02 4.591102e-02 4.750648e-02 4.784490e-02 4.670697e-02 4.399050e-02 3.859854e-02 4.762279e-02 5.149086e-02 5.338863e-02
-9.999000e+03 -9.999000e+03 -9.999000e+03 -9.999000e+03 -9.999000e+03 -9.999000e+03 -9.999000e+03 -9.999000e+03 -9.999000e+03 -9.999000e+03 -9.999000e+03 -9.999000e+03 -9.999000e+03 -9.999000e+03 -9.999000e+03 -9.999000e+03 -9.999000e+03 -9.999000e+03 -9.999000e+03 -9.999000e+03 -9.999000e+03 -9.999000e+03 -9.999000e+03 -9.999000e+03 -9.999000e+03 -9.999000e+03 -9.999000e+03 -9.999000e+03 -9.999000e+03 -9.999000e+03 -9.999000e+03 -9.999000e+03 -9.999000e+03 -9.999000e+03 -9.999000e+03 -9.999000e+03 -9.999000e+03 -9.999000e+03 -9.999000e+03 -9.999000e+03 -9.999000e+03 3.606379e-02 3.695984e-02 3.940946e-02 4.608012e-02 4.707022e-02 4.579963e-02 4.281236e-02 4.379149e-02 4.885385e-02 5.143253e-02 5.115459e-02
-9.999000e+03 -9.999000e+03 -9.999000e+03 -9.999000e+03 -9.999000e+03 -9.999000e+03 -9.999000e+03 -9.999000e+03 -9.999000e+03 -9.999000e+03 -9.999000e+03 -9.999000e+03 -9.999000e+03 -9.999000e+03 -9.999000e+03 -9.999000e+03 -9.999000e+03 -9.999000e+03 -9.999000e+03 -9.999000e+03 -9.999000e+03 -9.999000e+03 -9.999000e+03 -9.999000e+03 -9.999000e+03 -9.999000e+03 -9.999000e+03 -9.999000e+03 -9.999000e+03 -9.999000e+03 -9.999000e+03 -9.999000e+03 -9.999000e+03 -9.999000e+03 -9.999000e+03 -9.999000e+03 -9.999000e+03 -9.999000e+03 -9.999000e+03 -9.999000e+03 -9.999000e+03 -9.999000e+03 -9.999000e+03 -9.999000e+03 4.110949e-02 4.049939e-02 4.473680e-02 4.336324e-02 3.868731e-02 4.827968e-02 5.061262e-02 4.813860e-02
-9.999000e+03 -9.999000e+03 -9.999000e+03 -9.999000e+03 -9.999000e+03 -9.999000e+03 -9.999000e+03 -9.999000e+03 -9.999000e+03 -9.999000e+03 -9.999000e+03 -9.999000e+03 -9.999000e+03 -9.999000e+03 -9.999000e+03 -9.999000e+03 -9.999000e+03 -9.999000e+03 -9.999000e+03 -9.999000e+03 -9.999000e+03 -9.999000e+03 -9.999000e+03 -9.999000e+03 -9.999000e+03 -9.999000e+03 -9.999000e+03 -9.999000e+03 -9.999000e+03 -9.999000e+03 -9.999000e+03 -9.999000e+03 -9.999000e+03 -9.999000e+03 -9.999000e+03 -9.999000e+03 -9.999000e+03 -9.999000e+03 -9.999000e+03 -9.999000e+03 -9.999000e+03 -9.999000e+03 -9.999000e+03 -9.999000e+03 -9.999000e+03 -9.999000e+03 -9.999000e+03 -9.999000e+03 -9.999000e+03 -9.999000e+03 4.264849e-02 4.438969e-02
-9.999000e+03 -9.999000e+03 -9.999000e+03 -9.999000e+03 -9.999000e+03 -9.999000e+03 -9.999000e+03 -9.999000e+03 -9.999000e+03 -9.999000e+03 -9.999000e+03 -9.999000e+03 -9.999000e+03 -9.999000e+03 -9.999000e+03 -9.999000e+03 -9.999000e+03 -9.999000e+03 -9.999000e+03 -9.999000e+03 -9.999000e+03 -9.999000e+03 -9.999000e+03 -9.999000e+03 -9.999000e+03 -9.999000e+03 -9.999000e+03 -9.999000e+03 -9.999000e+03 -9.999000e+03 -9.999000e+03 -9.999000e+03 -9.999000e+03 -9.999000e+03 -9.999000e+03 -9.999000e+03 -9.999000e+03 -9.999000e+03 -9.999000e+03 -9.999000e+03 -9.999000e+03 -9.999000e+03 -9.999000e+03 -9.999000e+03 -9.999000e+03 -9.999000e+03 -9.999000e+03 -9.999000e+03 -9.999000e+03 -9.999000e+03 -9.999000e+03 3.736800e-02
-9.999000e+03 -9.999000e+03 -9.999000e+03 -9.999000e+03 -9.999000e+03 -9.999000e+03 -9.999000e+03 -9.999000e+03 -9.999000e+03 -9.999000e+03 -9.999000e+03 -9.999000e+03 -9.999000e+03 -9.999000e+03 -9.999000e+03 -9.999000e+03 -9.999000e+03 -9.999000e+03 -9.999000e+03 -9.999000e+03 -9.999000e+03 -9.999000e+03 -9.999000e+03 -9.999000e+03 -9.999000e+03 -9.999000e+03 -9.999000e+03 -9.999000e+03 -9.999000e+03 -9.999000e+03 -9.999000e+03 -9.999000e+03 -9.999000e+03 -9.999000e+03 -9.999000e+03 -9.999000e+03 -9.999000e+03 -9.999000e+03 -9.999000e+03 -9.999000e+03 -9.999000e+03 -9.999000e+03 -9.999000e+03 -9.999000e+03 -9.999000e+03 -9.999000e+03 -9.999000e+03 -9.999000e+03 -9.999000e+03 -9.999000e+03 -9.999000e+03 -9.999000e+03
-9.999000e+03 -9.999000e+03 -9.999000e+03 -9.999000e+03 -9.999000e+03 -9.999000e+03 -9.999000e+03 -9.999000e+03 -9.999000e+03 -9.999000e+03 -9.999000e+03 -9.999000e+03 -9.999000e+03 -9.999000e+03 -9.999000e+03 -9.999000e+03 -9.999000e+03 -9.999000e+03 -9.999000e+03 -9.999000e+03 -9.999000e+03 -9.999000e+03 -9.999000e+03 -9.999000e+03 -9.999000e+03 -9.999000e+03 -9.999000e+03 -9.999000e+03 -9.999000e+03 -9.999000e+03 -9.999000e+03 -9.999000e+03 -9.999000e+03 -9.999000e+03 -9.999000e+03 -9.999000e+03 -9.999000e+03 -9.999000e+03 -9.999000e+03 -9.999000e+03 -9.999000e+03 -9.999000e+03 -9.999000e+03 -9.999000e+03 -9.999000e+03 -9.999000e+03 -9.999000e+03 -9.999000e+03 -9.999000e+03 -9.999000e+03 -9.999000e+03 -9.999000e+03
