tests/data/reference/test_stream_rill/mwlevel_m.asc
ncols	123
nrows	77
xllcorner	-713746.79929998
yllcorner	-1061022.36961616
cellsize	10.0
NODATA_value	-9999
[rows 23 to 45 of 77, columns 52 to 103 of 123]
1.052397e-02 1.099349e-02 1.104928e-02 1.112559e-02 1.113876e-02 1.112622e-02 1.113195e-02 1.114935e-02 1.113680e-02 1.110926e-02 1.112081e-02 1.114611e-02 1.115408e-02 1.117456e-02 1.124052e-02 1.129296e-02 2.026597e-02 1.115544e-02 1.107786e-02 1.099711e-02 1.094072e-02 1.091327e-02 1.088945e-02 1.089890e-02 9.059777e-03 1.068433e-02 1.940233e-02 1.206711e-02 1.864149e-02 1.148783e-02 1.115583e-02 1.067583e-02 9.180237e-03 9.391165e-03 -9.999000e+03 -9.999000e+03 -9.999000e+03 -9.999000e+03 -9.999000e+03 -9.999000e+03 -9.999000e+03 -9.999000e+03 -9.999000e+03 -9.999000e+03 -9.999000e+03 -9.999000e+03 -9.999000e+03 -9.999000e+03 -9.999000e+03 -9.999000e+03 -9.999000e+03 -9.999000e+03
1.048523e-02 1.095573e-02 1.108758e-02 1.113745e-02 1.113876e-02 1.113361e-02 1.115210e-02 1.117341e-02 1.115171e-02 1.111885e-02 1.112436e-02 1.112821e-02 1.114407e-02 1.120141e-02 1.126213e-02 1.128072e-02 2.151378e-02 1.106928e-02 1.104361e-02 1.100762e-02 1.097731e-02 1.096669e-02 1.096756e-02 1.094624e-02 1.061066e-02 1.095278e-02 9.162871e-03 1.884575e-02 1.124796e-02 1.663892e-02 1.400881e-02 1.108480e-02 1.070913e-02 1.069270e-02 9.458186e-03 -9.999000e+03 -9.999000e+03 -9.999000e+03 -9.999000e+03 -9.999000e+03 -9.999000e+03 -9.999000e+03 -9.999000e+03 -9.999000e+03 -9.999000e+03 -9.999000e+03 -9.999000e+03 -9.999000e+03 -9.999000e+03 -9.999000e+03 -9.999000e+03 -9.999000e+03
1.100435e-02 1.098567e-02 1.109544e-02 1.113391e-02 1.115446e-02 1.117405e-02 1.119749e-02 1.119136e-02 1.113870e-02 1.109358e-02 1.109333e-02 1.111374e-02 1.117202e-02 1.124134e-02 1.125206e-02 1.120523e-02 2.198919e-02 1.097008e-02 1.099642e-02 1.101389e-02 1.101427e-02 1.101524e-02 1.101890e-02 1.101098e-02 1.095382e-02 1.094444e-02 1.057329e-02 1.619298e-02 9.107691e-03 1.093889e-02 1.982382e-02 1.130697e-02 1.108627e-02 1.084904e-02 1.048762e-02 9.248597e-03 9.414161e-03 9.429403e-03 -9.999000e+03 -9.999000e+03 -9.999000e+03 -9.999000e+03 -9.999000e+03 -9.999000e+03 -9.999000e+03 -9.999000e+03 -9.999000e+03 -9.999000e+03 -9.999000e+03 -9.999000e+03 -9.999000e+03 -9.999000e+03
1.049735e-02 1.108280e-02 1.112317e-02 1.117814e-02 1.120818e-02 1.121036e-02 1.119003e-02 1.113487e-02 1.108468e-02 1.107303e-02 1.109964e-02 1.114735e-02 1.119984e-02 1.121770e-02 1.118208e-02 1.113843e-02 2.270296e-02 1.105151e-02 1.106814e-02 1.108134e-02 1.109324e-02 1.110163e-02 1.110144e-02 1.108500e-02 1.104635e-02 1.098684e-02 1.087924e-02 1.424538e-02 1.057747e-02 1.092884e-02 1.784117e-02 1.113665e-02 1.113634e-02 1.104770e-02 1.091486e-02 1.065172e-02 1.070831e-02 9.364831e-03 1.082590e-02 9.448188e-03 -9.999000e+03 -9.999000e+03 -9.999000e+03 -9.999000e+03 -9.999000e+03 -9.999000e+03 -9.999000e+03 -9.999000e+03 -9.999000e+03 -9.999000e+03 -9.999000e+03 -9.999000e+03
1.100178e-02 8.515314e-03 1.118570e-02 1.124160e-02 1.124834e-02 1.120120e-02 1.113290e-02 1.106768e-02 1.105807e-02 1.108567e-02 1.112577e-02 1.116688e-02 1.117568e-02 1.115026e-02 1.112602e-02 1.114005e-02 2.374908e-02 1.115877e-02 1.115768e-02 1.116183e-02 1.118335e-02 1.119734e-02 1.119118e-02 1.116085e-02 1.110935e-02 1.104974e-02 1.099274e-02 1.266871e-02 1.089496e-02 1.087064e-02 1.516593e-02 1.092291e-02 1.111822e-02 1.124030e-02 1.121819e-02 1.306556e-02 9.218422e-03 9.314227e-03 1.086198e-02 1.111932e-02 1.089044e-02 6.039170e-03 -9.999000e+03 -9.999000e+03 -9.999000e+03 -9.999000e+03 -9.999000e+03 -9.999000e+03 -9.999000e+03 -9.999000e+03 -9.999000e+03 -9.999000e+03
1.111488e-02 1.056837e-02 1.117560e-02 1.117643e-02 8.703731e-03 1.114951e-02 1.109638e-02 1.106058e-02 1.106819e-02 1.109424e-02 1.112123e-02 1.114861e-02 1.115223e-02 1.115166e-02 1.117906e-02 1.122468e-02 2.468234e-02 1.111873e-02 1.109844e-02 1.109422e-02 1.110185e-02 1.111271e-02 1.111976e-02 1.111828e-02 1.110212e-02 1.107062e-02 1.103884e-02 1.113170e-02 1.099955e-02 1.095704e-02 1.330103e-02 1.096393e-02 1.106974e-02 1.116685e-02 1.120761e-02 1.163037e-02 1.080470e-02 1.079755e-02 9.320893e-03 1.107528e-02 0.000000e+00 1.040144e-02 6.946833e-03 7.762968e-03 -9.999000e+03 -9.999000e+03 -9.999000e+03 -9.999000e+03 -9.999000e+03 -9.999000e+03 -9.999000e+03 -9.999000e+03
1.116996e-02 1.110473e-02 1.116692e-02 1.112783e-02 8.684824e-03 1.060139e-02 1.109749e-02 1.106634e-02 1.106020e-02 1.108030e-02 1.110532e-02 1.113745e-02 1.116652e-02 1.121452e-02 1.127662e-02 1.129496e-02 1.121373e-02 2.473721e-02 1.101250e-02 1.099885e-02 1.098938e-02 1.099859e-02 1.102291e-02 1.105458e-02 1.108088e-02 1.108079e-02 1.107242e-02 1.107493e-02 1.107776e-02 1.106381e-02 1.183268e-02 1.101949e-02 1.100644e-02 1.103677e-02 1.111565e-02 1.119821e-02 1.112289e-02 1.106210e-02 1.078596e-02 0.000000e+00 0.000000e+00 2.484587e-02 1.786710e-02 9.940707e-03 8.560255e-03 -9.999000e+03 -9.999000e+03 -9.999000e+03 -9.999000e+03 -9.999000e+03 -9.999000e+03 -9.999000e+03
1.124253e-02 1.122122e-02 1.118216e-02 1.113072e-02 1.060334e-02 8.678085e-03 1.102748e-02 1.104197e-02 1.105720e-02 1.112012e-02 1.117356e-02 1.122290e-02 1.126103e-02 1.129744e-02 1.129142e-02 1.120637e-02 1.107033e-02 1.095720e-02 2.272933e-02 1.098317e-02 1.100035e-02 1.102480e-02 1.104711e-02 1.106359e-02 1.107625e-02 1.108106e-02 1.109495e-02 1.110552e-02 1.109333e-02 1.106818e-02 1.103642e-02 1.100530e-02 1.098152e-02 1.336569e-02 1.098946e-02 9.181174e-03 1.106474e-02 1.102992e-02 0.000000e+00 0.000000e+00 9.481331e-03 1.964044e-02 1.370797e-02 1.080899e-02 9.880224e-03 8.845736e-03 -9.999000e+03 -9.999000e+03 -9.999000e+03 -9.999000e+03 -9.999000e+03 -9.999000e+03
1.132854e-02 1.127659e-02 1.120327e-02 1.114750e-02 1.105470e-02 1.058508e-02 8.632279e-03 1.103220e-02 1.111226e-02 1.121793e-02 1.128803e-02 1.134261e-02 1.135795e-02 1.132162e-02 1.120204e-02 1.104383e-02 1.092368e-02 1.086020e-02 2.045346e-02 1.099153e-02 1.103803e-02 1.107551e-02 1.109056e-02 1.108444e-02 1.107466e-02 1.108411e-02 1.111827e-02 1.113095e-02 1.109946e-02 1.105784e-02 1.101668e-02 1.098433e-02 1.505873e-02 1.083567e-02 1.058325e-02 9.078693e-03 1.096247e-02 0.000000e+00 0.000000e+00 9.243265e-03 1.077027e-02 1.587596e-02 1.150978e-02 1.113621e-02 1.087782e-02 9.759452e-03 9.857928e-03 -9.999000e+03 -9.999000e+03 -9.999000e+03 -9.999000e+03 -9.999000e+03
1.142464e-02 1.134467e-02 1.128213e-02 1.124430e-02 8.762746e-03 1.114568e-02 1.105884e-02 1.062441e-02 1.120157e-02 1.124938e-02 1.125967e-02 1.125793e-02 1.120816e-02 1.111746e-02 1.100655e-02 1.092557e-02 1.090351e-02 1.091602e-02 2.018376e-02 1.110274e-02 1.112699e-02 1.112875e-02 1.111151e-02 1.108810e-02 1.107695e-02 1.109592e-02 1.113484e-02 1.115688e-02 1.114920e-02 1.113138e-02 1.110319e-02 1.681553e-02 1.093562e-02 1.084093e-02 1.056280e-02 8.984185e-03 0.000000e+00 0.000000e+00 9.078774e-03 1.073250e-02 1.094093e-02 1.651253e-02 1.083792e-02 9.685365e-03 1.097123e-02 1.079678e-02 1.071126e-02 9.775533e-03 8.702573e-03 -9.999000e+03 -9.999000e+03 -9.999000e+03
1.154863e-02 1.136889e-02 1.129985e-02 1.128569e-02 1.126373e-02 1.074056e-02 1.121041e-02 1.121565e-02 1.115432e-02 1.117984e-02 1.112724e-02 1.106787e-02 1.098433e-02 1.091768e-02 1.089083e-02 1.090474e-02 1.096464e-02 1.104419e-02 1.114971e-02 2.282302e-02 1.122247e-02 1.117943e-02 1.112571e-02 1.108722e-02 1.108076e-02 1.110946e-02 1.115073e-02 1.118374e-02 1.120750e-02 1.122213e-02 1.900153e-02 1.108992e-02 1.105367e-02 1.094056e-02 0.000000e+00 0.000000e+00 0.000000e+00 8.945463e-03 1.068667e-02 1.097037e-02 1.541973e-02 1.068425e-02 9.307754e-03 1.066966e-02 1.094488e-02 1.109358e-02 1.239183e-02 1.651034e-02 9.769479e-03 7.495581e-03 -9.999000e+03 -9.999000e+03
6.886414e-02 6.229132e-02 1.160482e-02 1.157898e-02 1.114872e-02 1.112201e-02 1.105833e-02 1.111559e-02 1.109813e-02 1.106292e-02 1.103414e-02 1.098937e-02 1.094109e-02 1.092460e-02 1.093877e-02 1.097814e-02 1.105343e-02 1.114125e-02 1.123310e-02 2.862618e-02 1.125202e-02 1.123203e-02 1.119238e-02 1.116233e-02 1.116207e-02 1.118971e-02 1.121656e-02 1.122050e-02 1.121598e-02 1.121662e-02 2.064210e-02 1.109889e-02 1.107148e-02 0.000000e+00 0.000000e+00 8.851707e-03 8.871313e-03 1.066832e-02 1.098841e-02 1.537075e-02 1.086820e-02 1.061934e-02 9.176952e-03 1.089101e-02 1.094695e-02 1.338639e-02 1.290283e-02 1.074016e-02 9.556153e-03 1.717973e-02 9.810610e-03 7.407187e-03
1.889088e-02 1.663048e-02 5.285505e-02 1.138098e-02 1.139080e-02 1.131791e-02 1.128226e-02 1.127676e-02 1.126240e-02 1.125039e-02 1.123928e-02 1.121367e-02 1.119892e-02 1.121419e-02 1.125089e-02 1.132400e-02 1.143272e-02 1.153810e-02 1.163281e-02 1.169941e-02 3.168384e-02 1.167913e-02 1.164773e-02 1.161569e-02 1.126829e-02 1.129343e-02 1.129948e-02 1.126714e-02 1.122182e-02 1.119181e-02 2.181003e-02 1.109428e-02 0.000000e+00 0.000000e+00 8.843719e-03 1.069156e-02 1.068515e-02 1.102667e-02 1.624909e-02 1.092094e-02 1.090006e-02 1.065699e-02 1.088848e-02 9.209725e-03 1.095818e-02 1.560586e-02 9.347623e-03 1.083957e-02 1.072873e-02 1.484533e-02 9.565054e-03 1.725838e-02
9.317117e-03 1.108398e-02 1.149101e-02 4.892662e-02 4.882250e-02 4.462511e-02 4.326998e-02 1.144124e-02 1.151559e-02 1.157779e-02 1.161752e-02 1.163306e-02 1.167515e-02 1.173688e-02 1.557625e-02 1.180192e-02 1.179936e-02 1.176780e-02 1.172764e-02 1.168586e-02 9.435436e-03 3.130092e-02 1.511463e-02 1.161091e-02 1.163876e-02 1.168814e-02 1.127420e-02 1.122680e-02 1.117609e-02 1.113816e-02 2.259794e-02 0.000000e+00 0.000000e+00 8.801705e-03 1.066122e-02 1.105465e-02 1.105623e-02 1.108766e-02 1.751931e-02 1.096337e-02 1.091522e-02 1.093759e-02 1.065250e-02 9.149286e-03 1.101197e-02 1.338627e-02 1.077369e-02 1.098379e-02 1.096846e-02 1.208751e-02 1.071285e-02 1.314607e-02
1.144686e-02 1.142503e-02 1.155428e-02 1.175723e-02 1.158140e-02 1.134509e-02 1.144810e-02 4.373832e-02 4.605610e-02 4.818508e-02 4.963660e-02 5.016775e-02 5.187499e-02 5.513779e-02 5.883102e-02 6.212483e-02 6.153168e-02 1.209407e-02 1.191212e-02 1.174622e-02 1.155416e-02 1.102687e-02 3.089001e-02 1.154997e-02 1.164467e-02 1.168685e-02 1.164561e-02 1.116167e-02 1.111018e-02 1.107509e-02 0.000000e+00 0.000000e+00 1.059296e-02 8.778807e-03 1.102243e-02 1.107369e-02 1.109329e-02 1.110688e-02 1.860963e-02 1.101092e-02 1.096657e-02 1.093163e-02 1.065220e-02 1.095468e-02 1.136953e-02 9.268525e-03 1.112598e-02 1.114091e-02 1.108608e-02 1.104240e-02 1.090851e-02 1.119596e-02
1.098048e-02 1.139219e-02 1.157800e-02 2.644422e-02 2.711927e-02 2.638667e-02 2.630861e-02 2.740283e-02 2.847064e-02 2.949656e-02 3.026511e-02 3.074052e-02 3.134670e-02 3.205239e-02 3.344599e-02 3.504836e-02 3.530658e-02 6.635436e-02 6.797171e-02 1.173087e-02 1.164750e-02 1.152484e-02 3.237858e-02 1.169536e-02 1.169008e-02 1.164647e-02 1.158203e-02 1.152678e-02 1.108185e-02 0.000000e+00 0.000000e+00 1.104873e-02 1.059399e-02 8.764544e-03 1.107494e-02 1.107473e-02 1.108313e-02 1.969059e-02 1.105580e-02 1.101056e-02 1.096239e-02 1.093267e-02 1.095514e-02 1.094291e-02 1.067289e-02 1.100476e-02 9.296844e-03 1.112888e-02 1.112329e-02 1.109923e-02 1.106208e-02 1.105984e-02
1.103410e-02 2.139916e-02 2.144502e-02 1.110915e-02 1.111334e-02 1.107832e-02 1.113299e-02 1.121303e-02 1.126559e-02 1.131624e-02 1.136257e-02 1.169774e-02 1.174611e-02 1.180533e-02 1.186793e-02 1.191549e-02 1.655441e-02 2.033961e-02 1.938657e-02 6.506343e-02 6.655441e-02 6.045099e-02 6.276755e-02 3.646692e-02 1.171827e-02 1.158506e-02 1.152232e-02 1.145021e-02 0.000000e+00 0.000000e+00 8.795185e-03 1.370025e-02 1.059556e-02 8.758430e-03 1.109040e-02 1.107913e-02 1.107152e-02 2.040642e-02 1.103642e-02 1.099468e-02 1.094510e-02 1.094403e-02 1.095794e-02 1.092843e-02 1.091999e-02 1.065061e-02 9.218523e-03 1.107562e-02 1.112919e-02 1.118045e-02 1.121117e-02 1.118240e-02
2.356865e-02 1.097400e-02 1.098029e-02 1.099050e-02 1.092744e-02 1.085740e-02 1.088233e-02 1.094067e-02 1.098374e-02 1.104069e-02 1.110784e-02 1.116506e-02 1.121356e-02 1.127078e-02 1.134053e-02 1.170801e-02 1.178118e-02 1.186488e-02 1.647184e-02 2.082403e-02 2.354051e-02 3.287824e-02 1.937721e-02 8.074884e-02 4.163986e-02 1.176616e-02 1.160439e-02 9.408484e-03 0.000000e+00 9.236118e-03 1.069039e-02 1.539600e-02 8.701891e-03 1.060930e-02 1.108488e-02 1.108822e-02 1.107878e-02 2.116189e-02 1.104893e-02 1.101125e-02 1.096515e-02 1.094252e-02 1.095438e-02 1.099260e-02 1.094601e-02 1.064361e-02 1.092743e-02 9.222600e-03 1.105897e-02 1.110037e-02 1.113598e-02 1.113970e-02
1.101310e-02 1.098455e-02 1.099147e-02 1.099985e-02 1.094495e-02 1.086022e-02 1.084886e-02 1.086741e-02 1.086779e-02 1.089809e-02 1.097108e-02 1.103669e-02 1.107238e-02 1.110735e-02 1.116188e-02 1.121554e-02 1.125893e-02 1.131970e-02 1.174199e-02 1.194276e-02 1.196146e-02 0.000000e+00 0.000000e+00 0.000000e+00 8.753286e-02 4.216209e-02 1.143743e-02 0.000000e+00 0.000000e+00 1.132072e-02 1.154450e-02 1.548531e-02 8.675302e-03 1.098429e-02 1.107029e-02 1.109658e-02 2.208481e-02 1.109034e-02 1.106073e-02 1.101750e-02 1.098557e-02 1.096192e-02 1.095787e-02 1.101473e-02 1.100409e-02 1.096365e-02 1.064315e-02 9.127730e-03 1.098986e-02 1.100405e-02 1.102485e-02 1.105874e-02
1.099863e-02 1.096462e-02 1.096293e-02 1.098134e-02 1.095435e-02 1.088339e-02 1.085503e-02 1.084360e-02 1.079817e-02 1.078330e-02 1.084567e-02 1.091969e-02 1.095520e-02 1.097813e-02 1.101879e-02 1.106229e-02 1.108791e-02 1.113119e-02 1.123737e-02 1.138120e-02 1.175989e-02 1.174444e-02 1.195212e-02 0.000000e+00 0.000000e+00 0.000000e+00 5.273616e-02 0.000000e+00 9.656846e-03 1.180884e-02 1.174808e-02 1.513739e-02 1.069582e-02 1.113658e-02 1.111006e-02 1.109370e-02 2.184829e-02 1.110366e-02 1.107793e-02 1.101156e-02 1.096980e-02 1.095943e-02 1.095538e-02 1.101499e-02 1.106267e-02 1.100408e-02 9.046007e-03 1.072929e-02 1.102327e-02 1.102548e-02 1.103395e-02 1.103461e-02
1.098369e-02 1.097627e-02 1.096983e-02 1.099518e-02 1.100643e-02 1.097204e-02 1.095236e-02 1.094121e-02 1.087120e-02 1.079821e-02 1.080548e-02 1.084910e-02 1.087619e-02 1.088852e-02 1.091035e-02 1.093546e-02 1.093480e-02 1.094706e-02 1.101838e-02 1.111037e-02 1.117798e-02 1.146921e-02 1.162441e-02 1.193405e-02 1.188965e-02 0.000000e+00 0.000000e+00 0.000000e+00 7.120884e-03 1.144474e-02 1.524109e-02 1.461715e-02 1.129933e-02 1.129813e-02 1.118437e-02 1.109731e-02 2.128273e-02 1.109407e-02 1.109425e-02 1.102836e-02 1.096081e-02 1.093935e-02 1.094147e-02 1.101113e-02 1.107243e-02 1.074239e-02 9.051856e-03 1.106212e-02 1.107063e-02 1.106084e-02 1.106156e-02 1.102825e-02
1.094777e-02 1.096316e-02 1.094759e-02 1.097072e-02 1.102215e-02 1.103292e-02 1.102687e-02 1.103078e-02 1.097482e-02 1.087478e-02 1.082105e-02 1.081810e-02 1.083545e-02 1.195316e-02 1.084181e-02 1.084584e-02 1.081876e-02 1.080865e-02 1.086861e-02 1.093647e-02 1.096854e-02 1.101739e-02 1.140637e-02 1.163752e-02 1.170509e-02 1.366555e-02 0.000000e+00 0.000000e+00 0.000000e+00 0.000000e+00 1.675850e-02 1.416989e-02 1.169316e-02 1.121324e-02 1.116306e-02 1.112459e-02 2.133996e-02 1.108788e-02 1.108428e-02 1.104147e-02 1.097025e-02 1.091914e-02 1.090023e-02 1.096084e-02 1.098852e-02 1.070060e-02 9.031803e-03 1.109108e-02 1.108534e-02 1.105757e-02 1.102555e-02 1.099419e-02
1.102295e-02 1.100217e-02 1.091982e-02 1.089010e-02 1.095735e-02 1.100634e-02 1.100365e-02 1.102342e-02 1.103467e-02 1.098855e-02 1.091595e-02 1.087841e-02 1.372846e-02 1.089773e-02 1.087656e-02 1.085440e-02 1.079354e-02 1.076071e-02 1.083021e-02 1.090638e-02 1.090507e-02 1.090927e-02 1.105771e-02 1.153496e-02 1.156422e-02 0.000000e+00 0.000000e+00 9.342260e-03 1.123407e-02 0.000000e+00 0.000000e+00 0.000000e+00 1.151756e-02 1.137498e-02 1.109109e-02 1.114653e-02 2.203528e-02 1.111156e-02 1.107515e-02 1.104500e-02 1.098861e-02 1.092421e-02 1.087838e-02 1.090762e-02 1.092011e-02 1.063700e-02 8.982268e-03 1.107593e-02 1.109280e-02 1.105894e-02 1.098607e-02 1.095580e-02
