tests/data/reference/test_stream_rill/mwlevel_m.asc
ncols	123
nrows	77
xllcorner	-713746.79929998
yllcorner	-1061022.36961616
cellsize	10.0
NODATA_value	-9999
[rows 46 to 68 of 77, columns 0 to 51 of 123]
-9.999000e+03 -9.999000e+03 -9.999000e+03 -9.999000e+03 -9.999000e+03 -9.999000e+03 7.470300e-03 1.342909e-02 1.119625e-02 1.121980e-02 9.867504e-03 1.100091e-02 1.113110e-02 1.118238e-02 1.121553e-02 1.123494e-02 1.118116e-02 1.109379e-02 1.098461e-02 1.088785e-02 1.091945e-02 1.078747e-02 1.083566e-02 1.090019e-02 1.107756e-02 1.102140e-02 1.108527e-02 1.117010e-02 1.113583e-02 1.109312e-02 1.110422e-02 2.199270e-02 2.211944e-02 1.111445e-02 1.110012e-02 1.108449e-02 1.105301e-02 1.103120e-02 1.103887e-02 1.104507e-02 1.107456e-02 1.112662e-02 1.116608e-02 1.117979e-02 1.121571e-02 1.126324e-02 1.126156e-02 1.125178e-02 1.128253e-02 1.133891e-02 1.131170e-02 1.119977e-02
-9.999000e+03 -9.999000e+03 -9.999000e+03 -9.999000e+03 -9.999000e+03 -9.999000e+03 2.071074e-02 1.133436e-02 1.099528e-02 1.094930e-02 9.755752e-03 1.102647e-02 1.102412e-02 1.106844e-02 1.111640e-02 1.117865e-02 1.121898e-02 1.119490e-02 1.107943e-02 1.096669e-02 9.488119e-03 9.427879e-03 9.397438e-03 9.399994e-03 1.084386e-02 1.101678e-02 1.109270e-02 2.001669e-02 2.076539e-02 2.101196e-02 2.144892e-02 1.116802e-02 1.112567e-02 1.108877e-02 1.106564e-02 1.104615e-02 1.101607e-02 1.099269e-02 1.101059e-02 1.102223e-02 1.102789e-02 1.104655e-02 1.107300e-02 1.109943e-02 1.114677e-02 1.121179e-02 1.124529e-02 1.124327e-02 1.123904e-02 1.128036e-02 1.131491e-02 1.127838e-02
-9.999000e+03 -9.999000e+03 -9.999000e+03 -9.999000e+03 -9.999000e+03 8.166342e-03 1.144966e-02 1.294171e-02 9.814852e-03 9.790398e-03 1.080478e-02 1.090599e-02 1.090219e-02 1.096323e-02 1.101670e-02 1.108866e-02 1.117355e-02 1.121431e-02 1.111697e-02 1.101482e-02 1.288510e-02 1.440969e-02 1.564182e-02 1.692225e-02 1.768467e-02 1.846551e-02 1.932235e-02 1.120290e-02 1.120015e-02 1.114940e-02 1.114314e-02 1.115725e-02 1.111179e-02 1.105787e-02 1.102203e-02 1.100098e-02 1.097252e-02 1.094276e-02 1.096708e-02 1.099931e-02 1.100940e-02 1.100882e-02 1.100871e-02 1.102157e-02 1.106202e-02 1.112734e-02 1.119330e-02 1.123050e-02 1.121639e-02 1.122207e-02 1.127884e-02 1.130252e-02
-9.999000e+03 -9.999000e+03 -9.999000e+03 -9.999000e+03 1.140659e-02 9.458090e-03 1.110911e-02 1.220953e-02 9.889666e-03 9.941618e-03 1.085890e-02 1.093593e-02 1.099830e-02 1.081205e-02 1.100340e-02 1.106424e-02 1.113813e-02 1.119082e-02 1.109076e-02 1.099423e-02 1.101285e-02 1.105854e-02 1.108295e-02 1.110949e-02 1.118043e-02 1.122630e-02 1.121873e-02 1.123258e-02 1.125653e-02 1.123733e-02 1.121374e-02 1.122535e-02 1.121757e-02 1.118542e-02 1.114429e-02 1.110581e-02 1.105471e-02 1.098572e-02 1.096637e-02 1.098737e-02 1.101715e-02 1.102210e-02 1.099624e-02 1.098182e-02 1.099754e-02 1.103995e-02 1.111158e-02 1.118299e-02 1.118999e-02 1.117828e-02 1.123588e-02 1.129137e-02
-9.999000e+03 -9.999000e+03 -9.999000e+03 -9.999000e+03 7.715517e-03 1.108329e-02 1.084173e-02 1.088645e-02 1.092193e-02 1.003496e-02 1.099795e-02 1.274704e-02 9.826303e-03 1.079515e-02 1.096354e-02 1.103450e-02 1.110855e-02 1.117552e-02 1.108696e-02 1.097868e-02 1.097189e-02 1.104460e-02 1.106352e-02 1.109168e-02 1.115518e-02 1.122340e-02 1.122840e-02 1.123347e-02 1.127256e-02 1.128693e-02 1.125882e-02 1.125222e-02 1.126028e-02 1.126057e-02 1.124055e-02 1.120262e-02 1.114939e-02 1.106748e-02 1.099938e-02 1.098548e-02 1.103094e-02 1.105483e-02 1.101220e-02 1.097217e-02 1.095981e-02 1.097406e-02 1.103571e-02 1.111940e-02 1.114989e-02 1.113405e-02 1.118214e-02 1.125110e-02
-9.999000e+03 -9.999000e+03 -9.999000e+03 7.986122e-03 9.633138e-03 1.187366e-02 9.977613e-03 1.082466e-02 1.009744e-02 1.092381e-02 1.195655e-02 1.099299e-02 9.906877e-03 1.075129e-02 1.089691e-02 1.098820e-02 1.105790e-02 1.113308e-02 1.107775e-02 1.094146e-02 1.101033e-02 1.067828e-02 1.089273e-02 1.093377e-02 1.099805e-02 1.108047e-02 1.110977e-02 1.111781e-02 1.115578e-02 1.118412e-02 1.116083e-02 1.113858e-02 1.113821e-02 1.115944e-02 1.118623e-02 1.119490e-02 1.119083e-02 1.114992e-02 1.106123e-02 1.100762e-02 1.106089e-02 1.111582e-02 1.108340e-02 1.103352e-02 1.099082e-02 1.096519e-02 1.099120e-02 1.105426e-02 1.106105e-02 1.106220e-02 1.108676e-02 1.114318e-02
-9.999000e+03 -9.999000e+03 -9.999000e+03 8.570685e-03 1.207270e-02 1.075738e-02 1.014924e-02 1.026221e-02 1.084982e-02 1.087544e-02 1.146540e-02 1.091727e-02 1.001910e-02 1.067613e-02 1.083077e-02 1.094176e-02 1.099879e-02 1.108243e-02 1.109293e-02 1.321442e-02 9.473196e-03 1.054042e-02 1.069850e-02 1.075462e-02 1.082013e-02 1.091809e-02 1.098353e-02 1.100799e-02 1.104824e-02 1.108807e-02 1.107572e-02 1.104490e-02 1.102506e-02 1.104355e-02 1.109510e-02 1.113769e-02 1.117953e-02 1.119628e-02 1.112063e-02 1.103127e-02 1.106668e-02 1.114302e-02 1.114573e-02 1.111099e-02 1.105479e-02 1.100324e-02 1.099544e-02 1.062975e-02 1.066580e-02 1.068193e-02 1.069076e-02 1.713676e-02
-9.999000e+03 -9.999000e+03 9.938971e-03 6.813188e-03 1.085816e-02 1.070974e-02 1.037778e-02 1.045449e-02 1.039299e-02 1.049015e-02 1.129388e-02 1.096367e-02 1.018797e-02 1.065251e-02 1.079944e-02 1.088964e-02 1.089311e-02 1.095667e-02 1.244891e-02 1.094785e-02 9.691773e-03 1.052927e-02 1.060653e-02 1.065663e-02 1.068205e-02 1.075677e-02 1.085255e-02 1.091626e-02 1.098033e-02 1.104843e-02 1.107068e-02 1.105035e-02 1.099926e-02 1.097793e-02 1.100673e-02 1.103764e-02 1.108305e-02 1.113250e-02 1.110401e-02 1.102904e-02 1.103578e-02 1.109718e-02 1.113331e-02 1.114277e-02 1.111490e-02 1.107918e-02 8.937534e-03 8.898131e-03 8.892152e-03 8.916285e-03 1.835836e-02 1.112095e-02
-9.999000e+03 -9.999000e+03 2.897959e-02 1.112929e-02 1.016077e-02 1.036278e-02 1.052897e-02 1.037214e-02 1.113437e-02 1.149839e-02 1.045880e-02 1.100380e-02 1.033530e-02 1.071624e-02 1.078635e-02 1.083507e-02 1.077397e-02 1.077687e-02 1.094937e-02 1.173935e-02 9.963620e-03 1.043093e-02 1.048126e-02 1.057860e-02 1.056232e-02 1.059186e-02 1.069787e-02 1.079717e-02 1.088951e-02 1.097924e-02 1.103673e-02 1.104822e-02 1.098849e-02 1.093876e-02 1.095103e-02 1.097235e-02 1.100989e-02 1.105562e-02 1.104932e-02 1.102050e-02 1.103245e-02 1.106632e-02 1.109968e-02 1.112766e-02 1.111684e-02 1.109508e-02 1.107233e-02 1.106743e-02 1.798648e-02 1.972059e-02 1.113559e-02 1.113021e-02
-9.999000e+03 1.069182e-02 4.092164e-02 1.164140e-02 1.022436e-02 1.065317e-02 1.032446e-02 1.032818e-02 -9.999000e+03 -9.999000e+03 -9.999000e+03 1.046964e-02 1.040094e-02 1.016263e-02 1.005700e-02 1.005098e-02 1.000112e-02 9.914383e-03 1.000444e-02 1.031291e-02 1.038299e-02 1.012002e-02 1.049890e-02 1.052872e-02 1.056311e-02 1.060165e-02 1.064832e-02 1.071467e-02 1.080002e-02 1.087983e-02 1.094557e-02 1.100706e-02 1.097218e-02 1.092989e-02 1.095007e-02 1.097718e-02 1.101589e-02 1.104598e-02 1.101220e-02 1.099735e-02 1.104747e-02 1.108614e-02 1.109861e-02 1.111087e-02 1.109088e-02 1.106725e-02 1.387194e-02 1.610618e-02 1.113851e-02 1.117486e-02 1.114012e-02 1.112517e-02
-9.999000e+03 1.461193e-02 1.190440e-02 1.023001e-02 1.041230e-02 1.039029e-02 -9.999000e+03 -9.999000e+03 -9.999000e+03 -9.999000e+03 -9.999000e+03 -9.999000e+03 1.034347e-02 1.021036e-02 1.097919e-02 1.106775e-02 1.005124e-02 1.094144e-02 1.119438e-02 1.147111e-02 1.048409e-02 1.046284e-02 1.027299e-02 1.005560e-02 1.064762e-02 1.065760e-02 1.060428e-02 1.059277e-02 1.063681e-02 1.066291e-02 1.086182e-02 1.091431e-02 1.092539e-02 1.089963e-02 1.093405e-02 1.096839e-02 1.101110e-02 1.104714e-02 1.099199e-02 1.095581e-02 1.102868e-02 1.109270e-02 1.109862e-02 1.109743e-02 1.106703e-02 1.103605e-02 1.106623e-02 1.110628e-02 1.114372e-02 1.117657e-02 1.112265e-02 1.109169e-02
7.932903e-03 1.814787e-02 1.079863e-02 1.040057e-02 1.068651e-02 1.021198e-02 -9.999000e+03 -9.999000e+03 -9.999000e+03 -9.999000e+03 -9.999000e+03 -9.999000e+03 -9.999000e+03 -9.999000e+03 -9.999000e+03 1.002492e-02 1.094218e-02 9.949844e-03 1.002350e-02 1.013476e-02 1.148736e-02 -9.999000e+03 -9.999000e+03 1.027354e-02 1.005012e-02 9.916624e-03 9.773078e-03 9.632122e-03 9.561363e-03 1.088453e-02 1.066167e-02 1.080564e-02 1.080739e-02 1.080129e-02 1.086617e-02 1.091282e-02 1.094522e-02 1.099054e-02 1.096172e-02 1.090678e-02 1.098477e-02 1.103914e-02 1.105040e-02 1.107984e-02 1.103209e-02 1.098048e-02 1.098826e-02 1.101454e-02 1.105784e-02 1.109369e-02 1.101853e-02 1.096514e-02
9.331970e-03 1.043867e-02 1.048637e-02 1.048912e-02 1.019404e-02 -9.999000e+03 -9.999000e+03 -9.999000e+03 -9.999000e+03 -9.999000e+03 -9.999000e+03 -9.999000e+03 -9.999000e+03 -9.999000e+03 -9.999000e+03 -9.999000e+03 -9.999000e+03 -9.999000e+03 -9.999000e+03 -9.999000e+03 -9.999000e+03 -9.999000e+03 -9.999000e+03 1.032768e-02 1.010527e-02 1.002140e-02 1.088956e-02 1.093923e-02 1.105546e-02 9.759931e-03 1.084564e-02 1.063710e-02 1.062230e-02 1.061592e-02 1.069231e-02 1.071570e-02 1.069774e-02 1.094852e-02 1.091229e-02 1.085813e-02 1.066073e-02 1.071486e-02 1.106098e-02 1.104262e-02 1.100846e-02 1.098299e-02 1.092648e-02 1.091665e-02 1.094013e-02 1.101940e-02 1.093448e-02 1.084938e-02
-9.999000e+03 1.015007e-02 1.021076e-02 1.002577e-02 -9.999000e+03 -9.999000e+03 -9.999000e+03 -9.999000e+03 -9.999000e+03 -9.999000e+03 -9.999000e+03 -9.999000e+03 -9.999000e+03 -9.999000e+03 -9.999000e+03 -9.999000e+03 -9.999000e+03 -9.999000e+03 -9.999000e+03 -9.999000e+03 -9.999000e+03 -9.999000e+03 -9.999000e+03 -9.999000e+03 -9.999000e+03 -9.999000e+03 9.914597e-03 9.809692e-03 1.099282e-02 1.126739e-02 9.990202e-03 9.894707e-03 9.735348e-03 9.537784e-03 9.446883e-03 9.424827e-03 1.089413e-02 1.068346e-02 1.068994e-02 9.125700e-03 9.059871e-03 1.099836e-02 1.070775e-02 1.073773e-02 1.106764e-02 1.072085e-02 1.069989e-02 1.067013e-02 1.097938e-02 1.098097e-02 1.094718e-02 1.048446e-02
-9.999000e+03 -9.999000e+03 -9.999000e+03 -9.999000e+03 -9.999000e+03 -9.999000e+03 -9.999000e+03 -9.999000e+03 -9.999000e+03 -9.999000e+03 -9.999000e+03 -9.999000e+03 -9.999000e+03 -9.999000e+03 -9.999000e+03 -9.999000e+03 -9.999000e+03 -9.999000e+03 -9.999000e+03 -9.999000e+03 -9.999000e+03 -9.999000e+03 -9.999000e+03 -9.999000e+03 -9.999000e+03 -9.999000e+03 -9.999000e+03 -9.999000e+03 9.868106e-03 1.117679e-02 1.009543e-02 1.000670e-02 9.821990e-03 1.072708e-02 1.099245e-02 1.115733e-02 9.530152e-03 9.417881e-03 9.311483e-03 1.071702e-02 1.099357e-02 9.117740e-03 9.098505e-03 1.099872e-02 9.083241e-03 9.080644e-03 9.090190e-03 1.109438e-02 1.068978e-02 1.098409e-02 8.985306e-03 8.810851e-03
-9.999000e+03 -9.999000e+03 -9.999000e+03 -9.999000e+03 -9.999000e+03 -9.999000e+03 -9.999000e+03 -9.999000e+03 -9.999000e+03 -9.999000e+03 -9.999000e+03 -9.999000e+03 -9.999000e+03 -9.999000e+03 -9.999000e+03 -9.999000e+03 -9.999000e+03 -9.999000e+03 -9.999000e+03 -9.999000e+03 -9.999000e+03 -9.999000e+03 -9.999000e+03 -9.999000e+03 -9.999000e+03 -9.999000e+03 -9.999000e+03 -9.999000e+03 -9.999000e+03 1.004339e-02 1.111193e-02 1.082744e-02 1.071693e-02 9.534896e-03 9.494443e-03 9.595757e-03 9.589326e-03 9.459570e-03 1.077372e-02 1.098611e-02 1.104646e-02 1.108638e-02 1.105504e-02 9.114335e-03 1.075192e-02 1.107715e-02 1.115214e-02 9.188046e-03 1.100187e-02 9.082513e-03 1.066013e-02 1.090547e-02
-9.999000e+03 -9.999000e+03 -9.999000e+03 -9.999000e+03 -9.999000e+03 -9.999000e+03 -9.999000e+03 -9.999000e+03 -9.999000e+03 -9.999000e+03 -9.999000e+03 -9.999000e+03 -9.999000e+03 -9.999000e+03 -9.999000e+03 -9.999000e+03 -9.999000e+03 -9.999000e+03 -9.999000e+03 -9.999000e+03 -9.999000e+03 -9.999000e+03 -9.999000e+03 -9.999000e+03 -9.999000e+03 -9.999000e+03 -9.999000e+03 -9.999000e+03 -9.999000e+03 -9.999000e+03 1.081904e-02 -9.999000e+03 -9.999000e+03 -9.999000e+03 -9.999000e+03 -9.999000e+03 -9.999000e+03 -9.999000e+03 9.366370e-03 1.081703e-02 1.107278e-02 1.112992e-02 1.105563e-02 1.098115e-02 1.103205e-02 1.109527e-02 1.116777e-02 1.124546e-02 9.235630e-03 1.063481e-02 1.093566e-02 1.102183e-02
-9.999000e+03 -9.999000e+03 -9.999000e+03 -9.999000e+03 -9.999000e+03 -9.999000e+03 -9.999000e+03 -9.999000e+03 -9.999000e+03 -9.999000e+03 -9.999000e+03 -9.999000e+03 -9.999000e+03 -9.999000e+03 -9.999000e+03 -9.999000e+03 -9.999000e+03 -9.999000e+03 -9.999000e+03 -9.999000e+03 -9.999000e+03 -9.999000e+03 -9.999000e+03 -9.999000e+03 -9.999000e+03 -9.999000e+03 -9.999000e+03 -9.999000e+03 -9.999000e+03 -9.999000e+03 -9.999000e+03 -9.999000e+03 -9.999000e+03 -9.999000e+03 -9.999000e+03 -9.999000e+03 -9.999000e+03 -9.999000e+03 -9.999000e+03 -9.999000e+03 -9.999000e+03 9.357330e-03 9.314275e-03 9.196758e-03 1.074656e-02 1.107875e-02 1.117736e-02 1.125893e-02 1.106930e-02 1.086634e-02 1.097995e-02 1.112447e-02
-9.999000e+03 -9.999000e+03 -9.999000e+03 -9.999000e+03 -9.999000e+03 -9.999000e+03 -9.999000e+03 -9.999000e+03 -9.999000e+03 -9.999000e+03 -9.999000e+03 -9.999000e+03 -9.999000e+03 -9.999000e+03 -9.999000e+03 -9.999000e+03 -9.999000e+03 -9.999000e+03 -9.999000e+03 -9.999000e+03 -9.999000e+03 -9.999000e+03 -9.999000e+03 -9.999000e+03 -9.999000e+03 -9.999000e+03 -9.999000e+03 -9.999000e+03 -9.999000e+03 -9.999000e+03 -9.999000e+03 -9.999000e+03 -9.999000e+03 -9.999000e+03 -9.999000e+03 -9.999000e+03 -9.999000e+03 -9.999000e+03 -9.999000e+03 -9.999000e+03 -9.999000e+03 -9.999000e+03 -9.999000e+03 -9.999000e+03 9.115371e-03 9.144562e-03 1.086152e-02 1.119768e-02 9.231373e-03 1.060710e-02 1.100837e-02 1.123502e-02
-9.999000e+03 -9.999000e+03 -9.999000e+03 -9.999000e+03 -9.999000e+03 -9.999000e+03 -9.999000e+03 -9.999000e+03 -9.999000e+03 -9.999000e+03 -9.999000e+03 -9.999000e+03 -9.999000e+03 -9.999000e+03 -9.999000e+03 -9.999000e+03 -9.999000e+03 -9.999000e+03 -9.999000e+03 -9.999000e+03 -9.999000e+03 -9.999000e+03 -9.999000e+03 -9.999000e+03 -9.999000e+03 -9.999000e+03 -9.999000e+03 -9.999000e+03 -9.999000e+03 -9.999000e+03 -9.999000e+03 -9.999000e+03 -9.999000e+03 -9.999000e+03 -9.999000e+03 -9.999000e+03 -9.999000e+03 -9.999000e+03 -9.999000e+03 -9.999000e+03 -9.999000e+03 -9.999000e+03 -9.999000e+03 -9.999000e+03 -9.999000e+03 -9.999000e+03 -9.999000e+03 -9.999000e+03 -9.999000e+03 -9.999000e+03 9.041818e-03 1.097621e-02
-9.999000e+03 -9.999000e+03 -9.999000e+03 -9.999000e+03 -9.999000e+03 -9.999000e+03 -9.999000e+03 -9.999000e+03 -9.999000e+03 -9.999000e+03 -9.999000e+03 -9.999000e+03 -9.999000e+03 -9.999000e+03 -9.999000e+03 -9.999000e+03 -9.999000e+03 -9.999000e+03 -9.999000e+03 -9.999000e+03 -9.999000e+03 -9.999000e+03 -9.999000e+03 -9.999000e+03 -9.999000e+03 -9.999000e+03 -9.999000e+03 -9.999000e+03 -9.999000e+03 -9.999000e+03 -9.999000e+03 -9.999000e+03 -9.999000e+03 -9.999000e+03 -9.999000e+03 -9.999000e+03 -9.999000e+03 -9.999000e+03 -9.999000e+03 -9.999000e+03 -9.999000e+03 -9.999000e+03 -9.999000e+03 -9.999000e+03 -9.999000e+03 -9.999000e+03 -9.999000e+03 -9.999000e+03 -9.999000e+03 -9.999000e+03 -9.999000e+03 9.294675e-03
-9.999000e+03 -9.999000e+03 -9.999000e+03 -9.999000e+03 -9.999000e+03 -9.999000e+03 -9.999000e+03 -9.999000e+03 -9.999000e+03 -9.999000e+03 -9.999000e+03 -9.999000e+03 -9.999000e+03 -9.999000e+03 -9.999000e+03 -9.999000e+03 -9.999000e+03 -9.999000e+03 -9.999000e+03 -9.999000e+03 -9.999000e+03 -9.999000e+03 -9.999000e+03 -9.999000e+03 -9.999000e+03 -9.999000e+03 -9.999000e+03 -9.999000e+03 -9.999000e+03 -9.999000e+03 -9.999000e+03 -9.999000e+03 -9.999000e+03 -9.999000e+03 -9.999000e+03 -9.999000e+03 -9.999000e+03 -9.999000e+03 -9.999000e+03 -9.999000e+03 -9.999000e+03 -9.999000e+03 -9.999000e+03 -9.999000e+03 -9.999000e+03 -9.999000e+03 -9.999000e+03 -9.999000e+03 -9.999000e+03 -9.999000e+03 -9.999000e+03 -9.999000e+03
-9.999000e+03 -9.999000e+03 -9.999000e+03 -9.999000e+03 -9.999000e+03 -9.999000e+03 -9.999000e+03 -9.999000e+03 -9.999000e+03 -9.999000e+03 -9.999000e+03 -9.999000e+03 -9.999000e+03 -9.999000e+03 -9.999000e+03 -9.999000e+03 -9.999000e+03 -9.999000e+03 -9.999000e+03 -9.999000e+03 -9.999000e+03 -9.999000e+03 -9.999000e+03 -9.999000e+03 -9.999000e+03 -9.999000e+03 -9.999000e+03 -9.999000e+03 -9.999000e+03 -9.999000e+03 -9.999000e+03 -9.999000e+03 -9.999000e+03 -9.999000e+03 -9.999000e+03 -9.999000e+03 -9.999000e+03 -9.999000e+03 -9.999000e+03 -9.999000e+03 -9.999000e+03 -9.999000e+03 -9.999000e+03 -9.999000e+03 -9.999000e+03 -9.999000e+03 -9.999000e+03 -9.999000e+03 -9.999000e+03 -9.999000e+03 -9.999000e+03 -9.999000e+03
