tests/data/reference/test_stream_rill/mwlevel_m.asc
ncols	123
nrows	77
xllcorner	-713746.79929998
yllcorner	-1061022.36961616
cellsize	10.0
NODATA_value	-9999
[rows 23 to 45 of 77, columns 0 to 51 of 123]
-9.999000e+03 -9.999000e+03 -9.999000e+03 -9.999000e+03 -9.999000e+03 -9.999000e+03 -9.999000e+03 -9.999000e+03 -9.999000e+03 -9.999000e+03 -9.999000e+03 -9.999000e+03 -9.999000e+03 -9.999000e+03 1.059006e-02 1.181945e-02 1.465259e-02 2.632404e-02 1.049687e-02 1.111088e-02 7.144623e-03 5.651366e-03 7.255281e-03 2.023323e-02 2.364293e-02 1.138257e-02 1.298573e-02 1.261966e-02 1.106841e-02 1.112117e-02 8.986296e-03 1.068305e-02 1.103443e-02 1.110677e-02 1.861124e-02 1.111864e-02 1.107157e-02 8.837096e-03 1.422761e-02 1.109370e-02 1.112492e-02 1.115058e-02 1.116824e-02 1.116773e-02 1.115290e-02 1.113529e-02 1.112224e-02 1.111436e-02 1.111352e-02 1.111688e-02 1.105309e-02 8.636857e-03
-9.999000e+03 -9.999000e+03 -9.999000e+03 -9.999000e+03 -9.999000e+03 -9.999000e+03 -9.999000e+03 -9.999000e+03 -9.999000e+03 -9.999000e+03 -9.999000e+03 -9.999000e+03 -9.999000e+03 -9.999000e+03 3.438045e-02 3.795951e-02 3.157843e-02 1.106772e-02 1.053373e-02 1.013682e-02 5.327123e-03 8.176379e-03 9.657564e-03 9.936879e-03 1.652049e-02 2.200295e-02 1.131832e-02 1.138060e-02 1.145815e-02 9.391860e-03 1.104938e-02 1.068389e-02 1.105483e-02 1.114302e-02 2.022016e-02 1.113714e-02 1.108766e-02 8.812919e-03 1.445771e-02 1.111578e-02 1.112683e-02 1.113726e-02 1.115257e-02 1.115610e-02 1.114425e-02 1.112649e-02 1.110989e-02 1.109900e-02 1.109504e-02 1.109171e-02 8.627662e-03 1.102380e-02
-9.999000e+03 -9.999000e+03 -9.999000e+03 -9.999000e+03 -9.999000e+03 -9.999000e+03 -9.999000e+03 -9.999000e+03 -9.999000e+03 -9.999000e+03 -9.999000e+03 -9.999000e+03 -9.999000e+03 -9.999000e+03 1.115272e-02 1.174643e-02 1.036753e-02 1.038393e-02 1.041313e-02 7.106027e-03 5.707049e-03 1.834393e-02 2.510371e-02 1.125245e-02 1.105060e-02 1.341865e-02 2.183094e-02 1.140537e-02 1.142020e-02 9.349162e-03 1.110612e-02 1.145475e-02 1.147253e-02 1.119973e-02 1.121160e-02 2.157358e-02 8.894560e-03 1.103172e-02 1.066489e-02 1.698627e-02 1.112118e-02 1.111308e-02 1.112073e-02 1.112632e-02 1.112054e-02 1.110618e-02 1.108747e-02 1.107220e-02 1.106102e-02 1.104324e-02 1.050765e-02 8.530986e-03
-9.999000e+03 -9.999000e+03 -9.999000e+03 -9.999000e+03 -9.999000e+03 -9.999000e+03 -9.999000e+03 -9.999000e+03 -9.999000e+03 -9.999000e+03 -9.999000e+03 -9.999000e+03 1.018239e-02 1.044986e-02 1.953309e-02 1.141459e-02 1.035333e-02 1.097482e-02 7.144065e-03 5.687609e-03 1.958623e-02 2.055755e-02 1.550908e-02 2.003626e-02 1.147706e-02 1.148184e-02 2.614056e-02 1.164046e-02 1.161050e-02 1.122573e-02 9.392790e-03 1.151604e-02 1.159481e-02 1.167464e-02 1.162738e-02 1.109885e-02 1.991011e-02 1.063505e-02 1.110297e-02 1.107427e-02 1.882792e-02 1.112419e-02 1.113360e-02 1.113263e-02 1.111580e-02 1.108789e-02 1.105817e-02 1.104352e-02 1.104202e-02 1.103417e-02 1.096081e-02 8.490724e-03
-9.999000e+03 -9.999000e+03 -9.999000e+03 -9.999000e+03 -9.999000e+03 -9.999000e+03 -9.999000e+03 -9.999000e+03 -9.999000e+03 -9.999000e+03 -9.999000e+03 -9.999000e+03 -9.999000e+03 1.022357e-02 1.129057e-02 1.106533e-02 1.081313e-02 7.169067e-03 5.956226e-03 1.958191e-02 1.089809e-02 1.145945e-02 2.064268e-02 2.367573e-02 2.902267e-02 2.818551e-02 2.753581e-02 2.729133e-02 1.177904e-02 1.167336e-02 1.157478e-02 1.123831e-02 1.168099e-02 1.173866e-02 1.161745e-02 1.139539e-02 1.133863e-02 1.964370e-02 1.104244e-02 1.109445e-02 1.957186e-02 1.114524e-02 1.115629e-02 1.114560e-02 1.111322e-02 1.106759e-02 1.102734e-02 1.101771e-02 1.103080e-02 1.103862e-02 1.104215e-02 1.048824e-02
-9.999000e+03 -9.999000e+03 -9.999000e+03 -9.999000e+03 -9.999000e+03 -9.999000e+03 -9.999000e+03 -9.999000e+03 -9.999000e+03 -9.999000e+03 -9.999000e+03 -9.999000e+03 -9.999000e+03 -9.999000e+03 -9.999000e+03 1.060621e-02 7.231000e-03 6.101399e-03 8.706973e-03 2.466995e-02 1.940685e-02 1.612222e-02 1.359705e-02 1.147402e-02 1.145268e-02 1.143313e-02 1.152075e-02 2.857876e-02 4.060657e-02 1.159979e-02 1.163287e-02 1.171133e-02 1.173616e-02 1.174975e-02 1.157559e-02 1.137526e-02 1.142570e-02 1.155303e-02 1.894634e-02 1.150698e-02 2.107461e-02 1.112353e-02 1.109339e-02 1.106815e-02 1.105002e-02 1.103477e-02 1.103001e-02 1.104096e-02 1.105524e-02 1.106187e-02 1.107506e-02 1.101837e-02
-9.999000e+03 -9.999000e+03 -9.999000e+03 -9.999000e+03 -9.999000e+03 -9.999000e+03 -9.999000e+03 -9.999000e+03 -9.999000e+03 -9.999000e+03 -9.999000e+03 -9.999000e+03 -9.999000e+03 -9.999000e+03 -9.999000e+03 -9.999000e+03 7.177561e-03 6.217399e-03 1.852156e-02 1.474465e-02 1.250701e-02 1.158041e-02 1.149659e-02 1.142868e-02 1.140758e-02 1.139254e-02 1.150588e-02 1.163915e-02 1.155900e-02 3.969074e-02 3.962974e-02 4.009267e-02 1.174404e-02 1.168565e-02 1.155437e-02 1.143251e-02 1.443692e-02 1.737535e-02 1.168115e-02 1.795430e-02 1.148556e-02 2.327417e-02 1.100812e-02 1.097866e-02 1.098305e-02 1.100737e-02 1.104389e-02 1.107387e-02 1.108487e-02 1.108865e-02 1.110705e-02 1.113464e-02
-9.999000e+03 -9.999000e+03 -9.999000e+03 -9.999000e+03 -9.999000e+03 -9.999000e+03 -9.999000e+03 -9.999000e+03 -9.999000e+03 -9.999000e+03 -9.999000e+03 -9.999000e+03 -9.999000e+03 -9.999000e+03 -9.999000e+03 -9.999000e+03 5.877828e-03 1.877236e-02 1.093437e-02 1.138863e-02 1.149948e-02 2.739240e-02 2.531499e-02 2.281078e-02 2.062020e-02 1.862596e-02 1.718450e-02 1.615137e-02 1.457111e-02 1.257788e-02 1.150587e-02 1.161033e-02 4.009038e-02 4.042917e-02 3.888595e-02 3.615760e-02 3.413894e-02 3.261864e-02 3.164303e-02 3.009549e-02 3.129995e-02 3.131414e-02 2.551791e-02 1.166287e-02 1.159481e-02 1.124157e-02 1.122624e-02 1.120306e-02 1.116778e-02 1.115758e-02 1.118508e-02 1.122391e-02
-9.999000e+03 -9.999000e+03 -9.999000e+03 -9.999000e+03 -9.999000e+03 -9.999000e+03 -9.999000e+03 -9.999000e+03 -9.999000e+03 -9.999000e+03 -9.999000e+03 -9.999000e+03 -9.999000e+03 -9.999000e+03 -9.999000e+03 5.872523e-03 1.786540e-02 1.062299e-02 2.562252e-02 2.806969e-02 2.715505e-02 1.151087e-02 1.396237e-02 1.582825e-02 1.374980e-02 1.829334e-02 1.933243e-02 2.036236e-02 1.891747e-02 1.717142e-02 1.594524e-02 1.514021e-02 1.442250e-02 1.382108e-02 1.224064e-02 1.138299e-02 2.929518e-02 2.691289e-02 2.508258e-02 2.394907e-02 2.377802e-02 2.461014e-02 4.125750e-02 4.956262e-02 4.739252e-02 1.188141e-02 1.587569e-02 1.134738e-02 1.125673e-02 1.124174e-02 1.128717e-02 1.132896e-02
-9.999000e+03 -9.999000e+03 -9.999000e+03 -9.999000e+03 -9.999000e+03 -9.999000e+03 -9.999000e+03 -9.999000e+03 -9.999000e+03 -9.999000e+03 -9.999000e+03 -9.999000e+03 -9.999000e+03 -9.999000e+03 6.258150e-03 9.102814e-03 2.470057e-02 2.508006e-02 1.123663e-02 1.118129e-02 1.160161e-02 1.153393e-02 1.151840e-02 1.143710e-02 1.412455e-02 1.160684e-02 1.153255e-02 1.104139e-02 1.105299e-02 1.148167e-02 1.153834e-02 2.133492e-02 2.336989e-02 2.535523e-02 2.612329e-02 3.018538e-02 1.167871e-02 1.154901e-02 1.141587e-02 1.130669e-02 1.131493e-02 1.143384e-02 1.516565e-02 1.874513e-02 2.180485e-02 4.603910e-02 4.795885e-02 4.749581e-02 1.176590e-02 1.625494e-02 1.151062e-02 1.148183e-02
-9.999000e+03 -9.999000e+03 -9.999000e+03 -9.999000e+03 -9.999000e+03 -9.999000e+03 -9.999000e+03 -9.999000e+03 -9.999000e+03 -9.999000e+03 -9.999000e+03 -9.999000e+03 -9.999000e+03 -9.999000e+03 5.974075e-03 3.949684e-02 1.108513e-02 1.112984e-02 1.118827e-02 1.120256e-02 1.116327e-02 1.108768e-02 1.151107e-02 1.099568e-02 1.102182e-02 1.109126e-02 1.106047e-02 1.099653e-02 1.346699e-02 1.554749e-02 1.743609e-02 1.125109e-02 1.126616e-02 1.128110e-02 1.529784e-02 1.086563e-02 1.117318e-02 1.115613e-02 1.109378e-02 1.103424e-02 1.101315e-02 1.134007e-02 1.137461e-02 1.145180e-02 1.164259e-02 1.543166e-02 1.852140e-02 2.113294e-02 4.685067e-02 5.514086e-02 6.389808e-02 1.242284e-02
-9.999000e+03 -9.999000e+03 -9.999000e+03 -9.999000e+03 -9.999000e+03 -9.999000e+03 -9.999000e+03 -9.999000e+03 -9.999000e+03 -9.999000e+03 -9.999000e+03 -9.999000e+03 -9.999000e+03 9.571624e-03 5.004978e-02 1.110957e-02 1.108016e-02 1.106984e-02 1.111805e-02 1.116078e-02 1.117077e-02 1.113371e-02 1.106758e-02 1.100639e-02 1.098527e-02 1.101776e-02 1.100608e-02 1.095887e-02 1.101282e-02 1.107372e-02 1.112651e-02 1.119081e-02 1.120436e-02 1.648009e-02 9.075368e-03 1.074397e-02 1.108276e-02 1.107421e-02 1.105679e-02 1.104269e-02 1.103273e-02 1.103006e-02 1.102034e-02 1.127419e-02 1.125795e-02 1.127505e-02 1.142282e-02 1.150830e-02 1.171773e-02 1.605248e-02 1.984581e-02 6.455237e-02
-9.999000e+03 -9.999000e+03 -9.999000e+03 -9.999000e+03 -9.999000e+03 -9.999000e+03 -9.999000e+03 -9.999000e+03 -9.999000e+03 -9.999000e+03 -9.999000e+03 -9.999000e+03 6.347927e-03 1.197643e-02 1.094814e-02 1.108872e-02 1.109325e-02 1.107466e-02 1.110610e-02 1.114110e-02 1.116676e-02 1.116957e-02 1.112419e-02 1.107411e-02 1.103060e-02 1.101428e-02 1.098069e-02 1.092499e-02 1.096051e-02 1.099659e-02 1.100397e-02 1.102755e-02 1.429475e-02 1.104949e-02 9.045818e-03 1.105445e-02 1.101025e-02 1.097651e-02 1.093209e-02 1.090670e-02 1.089169e-02 1.091412e-02 1.097198e-02 1.100197e-02 1.093697e-02 1.119375e-02 1.120127e-02 1.121411e-02 1.142736e-02 1.161769e-02 1.179860e-02 1.595078e-02
-9.999000e+03 -9.999000e+03 -9.999000e+03 -9.999000e+03 -9.999000e+03 -9.999000e+03 -9.999000e+03 -9.999000e+03 -9.999000e+03 -9.999000e+03 -9.999000e+03 -9.999000e+03 9.717199e-03 1.094801e-02 1.091594e-02 1.101073e-02 1.105317e-02 1.106024e-02 1.108602e-02 1.111595e-02 1.114578e-02 1.117336e-02 1.115274e-02 1.112733e-02 1.108869e-02 1.105031e-02 1.100843e-02 1.093945e-02 1.094275e-02 1.094625e-02 1.090290e-02 1.440343e-02 9.017752e-03 1.064981e-02 1.101088e-02 1.101676e-02 1.094099e-02 1.089528e-02 1.085628e-02 1.077699e-02 1.072901e-02 1.074060e-02 1.086409e-02 1.058825e-02 1.055710e-02 1.052369e-02 1.051273e-02 1.076245e-02 1.081630e-02 1.141702e-02 1.147558e-02 1.157530e-02
-9.999000e+03 -9.999000e+03 -9.999000e+03 -9.999000e+03 -9.999000e+03 -9.999000e+03 -9.999000e+03 -9.999000e+03 -9.999000e+03 -9.999000e+03 -9.999000e+03 6.953718e-03 2.576241e-02 1.094538e-02 1.193042e-02 1.075362e-02 1.095065e-02 1.098564e-02 1.103350e-02 1.107530e-02 1.110218e-02 1.113228e-02 1.111703e-02 1.110167e-02 1.107971e-02 1.105238e-02 1.104740e-02 1.098784e-02 1.100075e-02 1.098996e-02 1.091521e-02 1.287656e-02 9.147957e-03 1.086029e-02 1.096560e-02 1.077699e-02 1.070424e-02 1.091763e-02 1.061301e-02 1.056480e-02 1.047502e-02 1.042835e-02 8.785135e-03 8.798280e-03 8.782894e-03 8.741359e-03 8.708475e-03 8.682255e-03 1.104534e-02 1.096597e-02 1.096498e-02 1.099463e-02
-9.999000e+03 -9.999000e+03 -9.999000e+03 -9.999000e+03 -9.999000e+03 -9.999000e+03 -9.999000e+03 -9.999000e+03 -9.999000e+03 -9.999000e+03 7.216003e-03 1.080014e-02 1.091929e-02 1.489560e-02 9.679672e-03 1.070758e-02 1.084658e-02 1.089443e-02 1.096691e-02 1.102956e-02 1.106354e-02 1.110125e-02 1.109452e-02 1.108119e-02 1.106925e-02 1.104056e-02 1.081593e-02 1.105006e-02 1.105455e-02 1.104785e-02 1.095284e-02 1.091230e-02 1.087189e-02 1.061399e-02 9.196473e-03 9.276822e-03 1.110217e-02 9.322394e-03 9.312686e-03 9.285228e-03 9.152068e-03 8.931714e-03 1.060363e-02 1.105780e-02 1.109205e-02 1.106135e-02 1.106952e-02 1.108636e-02 8.777078e-03 8.846849e-03 8.848732e-03 9.089309e-03
-9.999000e+03 -9.999000e+03 -9.999000e+03 -9.999000e+03 -9.999000e+03 -9.999000e+03 -9.999000e+03 -9.999000e+03 -9.999000e+03 -9.999000e+03 7.667924e-03 1.221627e-02 1.693972e-02 1.094632e-02 9.826502e-03 1.093528e-02 1.088222e-02 1.087751e-02 1.091752e-02 1.098995e-02 1.103010e-02 1.107845e-02 1.109168e-02 1.109108e-02 1.108366e-02 9.384653e-03 1.104244e-02 1.106383e-02 1.106355e-02 1.107615e-02 1.097893e-02 1.094802e-02 9.449677e-03 9.279096e-03 1.078643e-02 1.119791e-02 9.411764e-03 1.091426e-02 1.107657e-02 1.102675e-02 9.178768e-03 8.950915e-03 1.062225e-02 1.108109e-02 1.111727e-02 1.108340e-02 1.106492e-02 1.106183e-02 1.111840e-02 1.118963e-02 1.112902e-02 1.102794e-02
-9.999000e+03 -9.999000e+03 -9.999000e+03 -9.999000e+03 -9.999000e+03 -9.999000e+03 -9.999000e+03 -9.999000e+03 -9.999000e+03 7.616466e-03 2.854935e-02 1.937829e-02 1.109257e-02 9.874229e-03 1.097361e-02 1.105454e-02 1.097303e-02 1.077227e-02 1.091346e-02 1.095307e-02 1.100869e-02 1.106023e-02 1.107787e-02 1.086144e-02 9.419712e-03 1.087377e-02 1.108469e-02 1.086030e-02 1.090997e-02 1.096295e-02 1.087226e-02 9.561272e-03 1.078823e-02 1.089452e-02 1.102483e-02 1.116784e-02 1.117721e-02 1.116069e-02 9.323683e-03 9.193954e-03 1.074690e-02 1.049747e-02 1.098763e-02 1.116545e-02 1.115962e-02 1.111500e-02 1.106061e-02 1.101646e-02 1.106292e-02 1.112683e-02 1.114018e-02 1.112854e-02
-9.999000e+03 -9.999000e+03 -9.999000e+03 -9.999000e+03 -9.999000e+03 -9.999000e+03 -9.999000e+03 -9.999000e+03 -9.999000e+03 7.029424e-03 1.811152e-02 1.120272e-02 1.100144e-02 9.908140e-03 1.106718e-02 1.110234e-02 9.769121e-03 1.113142e-02 1.091400e-02 1.092615e-02 1.100242e-02 1.106254e-02 9.453464e-03 9.407361e-03 1.087565e-02 1.114489e-02 9.479148e-03 9.499873e-03 9.569178e-03 9.698197e-03 9.690350e-03 1.076135e-02 1.090858e-02 1.094307e-02 1.103014e-02 1.111555e-02 1.114237e-02 9.274640e-03 1.093682e-02 1.056960e-02 1.056167e-02 1.090896e-02 1.109769e-02 1.119489e-02 1.115926e-02 1.109295e-02 1.105712e-02 1.103477e-02 1.106150e-02 1.108892e-02 2.334185e-02 2.385377e-02
-9.999000e+03 -9.999000e+03 -9.999000e+03 -9.999000e+03 -9.999000e+03 -9.999000e+03 -9.999000e+03 -9.999000e+03 1.012972e-02 2.603763e-02 1.394719e-02 1.116637e-02 9.936491e-03 1.099496e-02 1.107710e-02 1.111037e-02 1.286337e-02 1.108182e-02 1.097244e-02 1.092531e-02 1.100110e-02 1.086438e-02 1.104283e-02 1.104037e-02 1.111080e-02 1.827616e-02 1.918256e-02 1.759256e-02 1.625467e-02 1.509759e-02 1.284741e-02 1.090039e-02 1.092689e-02 1.097109e-02 1.103854e-02 1.110237e-02 1.113800e-02 1.381324e-02 1.384148e-02 1.516112e-02 1.557649e-02 1.624069e-02 1.496649e-02 1.377966e-02 1.231814e-02 1.104079e-02 1.106678e-02 1.111586e-02 1.111757e-02 2.379589e-02 1.094706e-02 1.100067e-02
-9.999000e+03 -9.999000e+03 -9.999000e+03 -9.999000e+03 -9.999000e+03 -9.999000e+03 -9.999000e+03 7.269197e-03 1.036873e-02 1.306773e-02 1.094523e-02 1.111411e-02 9.903662e-03 1.116100e-02 1.110815e-02 1.111238e-02 1.111642e-02 1.113960e-02 1.106123e-02 1.098087e-02 9.517733e-03 9.482189e-03 1.084926e-02 1.586496e-02 1.680172e-02 1.111983e-02 1.116293e-02 1.112948e-02 1.116542e-02 1.122127e-02 1.107404e-02 1.092080e-02 1.095436e-02 1.100559e-02 1.106271e-02 1.111583e-02 1.114273e-02 1.116375e-02 1.107922e-02 1.099029e-02 1.105466e-02 1.113768e-02 1.113880e-02 1.112593e-02 1.108712e-02 1.104748e-02 1.110940e-02 1.118139e-02 2.443075e-02 1.102272e-02 1.095225e-02 1.095509e-02
-9.999000e+03 -9.999000e+03 -9.999000e+03 -9.999000e+03 -9.999000e+03 -9.999000e+03 -9.999000e+03 7.815122e-03 9.991844e-03 1.403670e-02 9.788931e-03 1.089147e-02 1.111604e-02 1.116615e-02 1.114622e-02 1.113609e-02 1.112453e-02 1.115593e-02 1.111309e-02 1.102296e-02 1.298508e-02 1.468627e-02 1.604003e-02 1.113477e-02 1.106606e-02 1.082284e-02 9.384266e-03 1.087926e-02 1.113429e-02 1.119571e-02 1.108214e-02 1.095991e-02 1.099886e-02 1.105306e-02 1.109155e-02 1.112262e-02 2.135459e-02 2.148895e-02 2.144984e-02 2.124891e-02 2.145349e-02 2.204209e-02 2.252908e-02 2.149139e-02 2.060329e-02 1.977931e-02 2.365638e-02 2.441865e-02 1.124485e-02 1.116096e-02 1.101017e-02 1.092476e-02
-9.999000e+03 -9.999000e+03 -9.999000e+03 -9.999000e+03 -9.999000e+03 -9.999000e+03 -9.999000e+03 6.785979e-03 1.376547e-02 1.115647e-02 9.882656e-03 1.093190e-02 1.109778e-02 1.117444e-02 1.118668e-02 1.117821e-02 1.112386e-02 1.109322e-02 1.103215e-02 1.094358e-02 1.098312e-02 1.106150e-02 1.110797e-02 1.115471e-02 9.428004e-03 9.364011e-03 1.084283e-02 1.111581e-02 1.114075e-02 1.114984e-02 1.109476e-02 1.102915e-02 1.105313e-02 2.157937e-02 2.148840e-02 2.132431e-02 1.109870e-02 1.112288e-02 1.115131e-02 1.115896e-02 1.119189e-02 1.124026e-02 1.124426e-02 1.422452e-02 1.672836e-02 1.890717e-02 1.127503e-02 1.128406e-02 1.130833e-02 1.130370e-02 1.118893e-02 1.105261e-02
