tests/data/reference/test_stream_rill/mwlevel_m.asc
ncols	123
nrows	77
xllcorner	-713746.79929998
yllcorner	-1061022.36961616
cellsize	10.0
NODATA_value	-9999
[rows 46 to 68 of 77, columns 52 to 103 of 123]
1.114789e-02 1.110661e-02 1.095793e-02 1.085377e-02 1.091827e-02 1.096450e-02 1.095360e-02 1.095408e-02 1.099968e-02 1.105432e-02 1.100122e-02 1.552581e-02 1.097189e-02 1.098345e-02 1.091334e-02 1.087800e-02 1.082015e-02 1.070458e-02 1.076956e-02 1.084691e-02 1.081904e-02 1.078461e-02 1.089364e-02 1.109078e-02 1.123173e-02 0.000000e+00 7.016342e-03 9.003486e-03 1.111082e-02 1.150711e-02 1.168538e-02 0.000000e+00 0.000000e+00 0.000000e+00 1.161019e-02 1.123773e-02 2.382547e-02 1.118024e-02 1.110249e-02 1.106776e-02 1.102885e-02 1.097967e-02 1.092815e-02 1.092479e-02 1.090078e-02 1.058635e-02 8.908687e-03 1.102585e-02 1.104540e-02 1.104724e-02 1.101477e-02 1.100562e-02
1.125901e-02 1.125442e-02 1.110343e-02 1.093942e-02 1.068787e-02 1.073789e-02 1.071368e-02 1.067561e-02 1.098683e-02 1.100001e-02 1.729679e-02 1.098451e-02 1.099498e-02 1.070621e-02 1.069155e-02 1.104214e-02 1.059320e-02 1.047140e-02 1.047182e-02 1.049821e-02 1.043709e-02 1.036239e-02 1.038357e-02 1.098933e-02 8.551182e-03 0.000000e+00 7.016508e-03 9.231294e-03 1.107022e-02 1.141328e-02 1.155719e-02 1.167414e-02 1.192649e-02 0.000000e+00 0.000000e+00 1.138123e-02 2.743835e-02 1.127860e-02 1.115415e-02 1.109470e-02 1.106332e-02 1.104355e-02 1.100107e-02 1.097380e-02 1.091186e-02 1.055170e-02 8.819657e-03 1.098149e-02 1.099204e-02 1.102159e-02 1.104761e-02 1.106669e-02
1.130951e-02 1.133807e-02 1.123119e-02 9.227965e-03 9.179601e-03 9.187392e-03 9.176934e-03 1.101319e-02 1.069099e-02 1.882361e-02 1.100917e-02 1.067353e-02 8.986629e-03 9.015659e-03 1.111894e-02 9.046709e-03 8.994504e-03 8.876045e-03 8.809461e-03 8.792743e-03 8.735088e-03 8.636784e-03 1.080590e-02 1.037270e-02 1.099659e-02 0.000000e+00 6.644115e-03 1.120165e-02 1.147462e-02 1.140112e-02 1.150385e-02 1.165358e-02 1.191072e-02 9.791686e-03 0.000000e+00 1.176298e-02 3.095351e-02 1.135717e-02 1.121390e-02 1.111489e-02 1.106505e-02 1.106838e-02 1.104796e-02 1.102229e-02 1.094527e-02 1.054587e-02 8.747753e-03 1.098964e-02 1.098175e-02 1.100364e-02 1.105042e-02 1.109279e-02
1.130470e-02 1.134190e-02 9.298931e-03 1.078578e-02 1.104729e-02 1.111027e-02 1.111425e-02 9.219455e-03 2.054771e-02 1.100816e-02 9.086277e-03 9.024798e-03 1.072704e-02 1.110204e-02 9.045320e-03 1.075793e-02 1.102893e-02 1.100054e-02 1.104103e-02 1.109858e-02 1.107279e-02 1.102714e-02 8.668530e-03 8.523484e-03 1.282793e-02 0.000000e+00 8.556442e-03 1.061405e-02 1.132493e-02 1.136674e-02 1.148782e-02 1.163344e-02 1.183615e-02 1.183997e-02 0.000000e+00 0.000000e+00 3.290085e-02 1.140824e-02 1.128232e-02 1.115455e-02 1.107288e-02 1.107606e-02 1.107440e-02 1.106288e-02 1.097907e-02 1.053984e-02 8.690881e-03 1.100940e-02 1.098213e-02 1.099169e-02 1.105098e-02 1.111361e-02
1.126635e-02 1.542363e-02 1.416543e-02 1.260585e-02 1.111568e-02 1.110984e-02 1.112330e-02 2.225614e-02 1.110384e-02 9.149766e-03 1.073152e-02 1.101862e-02 1.107878e-02 1.112220e-02 1.111090e-02 1.108968e-02 1.105212e-02 1.101134e-02 1.105126e-02 1.110449e-02 1.111189e-02 1.110892e-02 1.101548e-02 1.091153e-02 1.082195e-02 0.000000e+00 8.539230e-03 8.514572e-03 1.073980e-02 1.131993e-02 1.149447e-02 1.159675e-02 1.178297e-02 1.664198e-02 1.168736e-02 0.000000e+00 3.713814e-02 1.140234e-02 1.131487e-02 1.119447e-02 1.110460e-02 1.109660e-02 1.109776e-02 8.680767e-03 1.108050e-02 1.286344e-02 8.642704e-03 1.102561e-02 1.101516e-02 1.101696e-02 1.104011e-02 1.107274e-02
1.614196e-02 1.121223e-02 1.435316e-02 1.473566e-02 1.709238e-02 2.020514e-02 2.131797e-02 1.118581e-02 1.113228e-02 1.101207e-02 1.104906e-02 1.110267e-02 1.110353e-02 1.110314e-02 1.108675e-02 1.106624e-02 1.360322e-02 1.183050e-02 1.107703e-02 1.108996e-02 1.115167e-02 1.122267e-02 1.110878e-02 1.095654e-02 1.084244e-02 0.000000e+00 8.547792e-03 1.045860e-02 1.094531e-02 1.123590e-02 1.144205e-02 1.158998e-02 1.176307e-02 1.196111e-02 1.608750e-02 0.000000e+00 0.000000e+00 1.175652e-02 1.130847e-02 1.121241e-02 1.113523e-02 1.112172e-02 1.060912e-02 8.678974e-03 1.111961e-02 1.388389e-02 8.606956e-03 1.103293e-02 1.104801e-02 1.104870e-02 1.102638e-02 1.101774e-02
1.113669e-02 1.114437e-02 9.054899e-03 1.130757e-02 1.200062e-02 1.110178e-02 1.111628e-02 1.116111e-02 1.111769e-02 1.099243e-02 1.106571e-02 1.117061e-02 1.114959e-02 1.110841e-02 1.108493e-02 1.106558e-02 8.961585e-03 1.058244e-02 1.094699e-02 1.103650e-02 1.117410e-02 1.134283e-02 1.119277e-02 1.097881e-02 8.745654e-03 0.000000e+00 8.536390e-03 1.044452e-02 1.091669e-02 1.099676e-02 1.126674e-02 1.156364e-02 1.174013e-02 1.184714e-02 1.181846e-02 1.512789e-02 0.000000e+00 1.537046e-02 1.126766e-02 1.122189e-02 1.117980e-02 1.111725e-02 8.707069e-03 1.061667e-02 1.111185e-02 1.236457e-02 1.055549e-02 1.105052e-02 1.104753e-02 1.105020e-02 1.104021e-02 1.101437e-02
1.112375e-02 1.111897e-02 1.118720e-02 1.339692e-02 1.124429e-02 1.111499e-02 1.111363e-02 1.114021e-02 1.108484e-02 1.354491e-02 1.198570e-02 1.124070e-02 1.119891e-02 1.115760e-02 1.111157e-02 1.107155e-02 1.099946e-02 1.093114e-02 1.095724e-02 1.099640e-02 1.117269e-02 1.139629e-02 1.451694e-02 1.407926e-02 1.227262e-02 0.000000e+00 8.512253e-03 1.043442e-02 1.090139e-02 1.096551e-02 1.108710e-02 1.143340e-02 1.164438e-02 1.169456e-02 1.170360e-02 1.720937e-02 0.000000e+00 0.000000e+00 1.150538e-02 1.119535e-02 1.120580e-02 8.811414e-03 1.069627e-02 1.108229e-02 1.110081e-02 1.116576e-02 1.102846e-02 1.107524e-02 1.104484e-02 1.104271e-02 1.105808e-02 1.102735e-02
1.113809e-02 1.112066e-02 1.433023e-02 1.135962e-02 1.127363e-02 1.114976e-02 1.113531e-02 1.114723e-02 1.109203e-02 1.100058e-02 1.104787e-02 1.116682e-02 1.120890e-02 1.122289e-02 1.114745e-02 1.106480e-02 1.100681e-02 1.095579e-02 1.096882e-02 1.099147e-02 1.117141e-02 1.141433e-02 9.039319e-03 8.843900e-03 1.050291e-02 0.000000e+00 8.477057e-03 1.041405e-02 1.089767e-02 1.097229e-02 1.109701e-02 1.125141e-02 1.145051e-02 1.151528e-02 1.591965e-02 1.912709e-02 9.213560e-03 0.000000e+00 1.136260e-02 1.140116e-02 1.063282e-02 8.797383e-03 1.105132e-02 1.108790e-02 1.107357e-02 1.108301e-02 1.109393e-02 1.110156e-02 1.107908e-02 1.105831e-02 1.105541e-02 1.104964e-02
1.116191e-02 1.115334e-02 1.121384e-02 1.133307e-02 1.128628e-02 1.118829e-02 1.116030e-02 1.116102e-02 1.113938e-02 8.947346e-03 1.411754e-02 1.643198e-02 1.522318e-02 2.042038e-02 2.188807e-02 2.031718e-02 1.871554e-02 1.708787e-02 1.555013e-02 1.408592e-02 1.309397e-02 1.254389e-02 1.116048e-02 1.083719e-02 0.000000e+00 0.000000e+00 8.411507e-03 1.039650e-02 1.092735e-02 1.103121e-02 1.111955e-02 1.121183e-02 1.118172e-02 1.130538e-02 1.166729e-02 1.537779e-02 1.833998e-02 0.000000e+00 1.132194e-02 1.124090e-02 8.697483e-03 1.052929e-02 1.098292e-02 1.101120e-02 1.103568e-02 1.106376e-02 1.109747e-02 1.112356e-02 1.111982e-02 1.108419e-02 1.105090e-02 1.106743e-02
1.117291e-02 1.120279e-02 1.119628e-02 1.126724e-02 1.128115e-02 1.122107e-02 1.117101e-02 1.114082e-02 1.115023e-02 1.395855e-02 1.107574e-02 1.105688e-02 1.412356e-02 1.128769e-02 1.124110e-02 1.408284e-02 1.236931e-02 1.107860e-02 1.103079e-02 1.102560e-02 1.113321e-02 1.128270e-02 1.111710e-02 1.089396e-02 0.000000e+00 6.625780e-03 8.594847e-03 1.043880e-02 1.098741e-02 1.110829e-02 1.112334e-02 1.111898e-02 1.111289e-02 1.110748e-02 1.147838e-02 1.629244e-02 2.462856e-02 0.000000e+00 0.000000e+00 8.796323e-03 1.070526e-02 1.088211e-02 1.097015e-02 1.101307e-02 1.105113e-02 1.107320e-02 1.108963e-02 1.111663e-02 1.114025e-02 1.113745e-02 1.111958e-02 1.113321e-02
1.111602e-02 1.122233e-02 1.107892e-02 1.111440e-02 1.117514e-02 1.118208e-02 1.113789e-02 1.108532e-02 1.110135e-02 1.112894e-02 1.109318e-02 1.104652e-02 1.110498e-02 1.121643e-02 1.119843e-02 1.111723e-02 1.399076e-02 1.626851e-02 1.804346e-02 1.656882e-02 1.536495e-02 1.438720e-02 1.308732e-02 1.151850e-02 0.000000e+00 6.623557e-03 8.603180e-03 1.049059e-02 1.104387e-02 1.115134e-02 1.108921e-02 1.101176e-02 1.104793e-02 1.110548e-02 1.140066e-02 1.172428e-02 2.063379e-02 2.348710e-02 0.000000e+00 1.059929e-02 1.107044e-02 1.091512e-02 1.097975e-02 1.103437e-02 1.107958e-02 1.109240e-02 1.108415e-02 1.110068e-02 1.115048e-02 1.119317e-02 1.120595e-02 1.121251e-02
1.101365e-02 1.080339e-02 1.108782e-02 1.097838e-02 1.105511e-02 1.112295e-02 1.110323e-02 1.104868e-02 1.104929e-02 1.108658e-02 1.108993e-02 1.105654e-02 1.107242e-02 1.114625e-02 1.115755e-02 1.110854e-02 1.107536e-02 1.106068e-02 1.106602e-02 1.407398e-02 1.261269e-02 1.142294e-02 1.108988e-02 1.104255e-02 0.000000e+00 6.622428e-03 8.621566e-03 1.053927e-02 1.107287e-02 1.115096e-02 1.624455e-02 1.450405e-02 1.375681e-02 1.442828e-02 1.482638e-02 2.122178e-02 2.396326e-02 4.477261e-02 0.000000e+00 0.000000e+00 1.138868e-02 1.121683e-02 1.104582e-02 1.108020e-02 1.110455e-02 1.111811e-02 1.111832e-02 1.111869e-02 1.113920e-02 1.116446e-02 1.116915e-02 1.116916e-02
8.788084e-03 1.125302e-02 1.110366e-02 1.088305e-02 1.098618e-02 1.108000e-02 1.109056e-02 1.105010e-02 1.101475e-02 1.102756e-02 1.107334e-02 1.108141e-02 1.106725e-02 1.110032e-02 1.113874e-02 1.113337e-02 1.109987e-02 1.106912e-02 1.105573e-02 1.105547e-02 1.414578e-02 1.456021e-02 1.471557e-02 1.648002e-02 0.000000e+00 8.378466e-03 1.046939e-02 1.384731e-02 1.614820e-02 1.672812e-02 1.103831e-02 1.363263e-02 1.369036e-02 1.090500e-02 1.090905e-02 1.327726e-02 2.110395e-02 2.427455e-02 5.083139e-02 0.000000e+00 0.000000e+00 1.149653e-02 1.134546e-02 1.113291e-02 1.113061e-02 1.114174e-02 1.115891e-02 1.115025e-02 1.113188e-02 1.111935e-02 1.110240e-02 2.079161e-02
1.069762e-02 1.131991e-02 1.076930e-02 1.088056e-02 1.090045e-02 1.099568e-02 1.103944e-02 1.103317e-02 1.096263e-02 1.096321e-02 1.102504e-02 1.107929e-02 1.105829e-02 1.104837e-02 1.109020e-02 1.112452e-02 1.111416e-02 1.109327e-02 1.107718e-02 1.105885e-02 8.586596e-03 8.583744e-03 1.100138e-02 8.442867e-03 0.000000e+00 8.354977e-03 1.047658e-02 1.107536e-02 1.111457e-02 1.099221e-02 1.044514e-02 1.035811e-02 1.031074e-02 1.030272e-02 1.026211e-02 1.020375e-02 1.031949e-02 1.140609e-02 1.214616e-02 5.758170e-02 0.000000e+00 0.000000e+00 1.167518e-02 1.122402e-02 1.117371e-02 1.114827e-02 1.114484e-02 1.113032e-02 1.111033e-02 1.111799e-02 1.114539e-02 2.162231e-02
1.113686e-02 9.161834e-03 1.119072e-02 1.063442e-02 1.062851e-02 1.066433e-02 1.071214e-02 1.073503e-02 1.097449e-02 1.086357e-02 1.091125e-02 1.100842e-02 1.099126e-02 1.096088e-02 1.098700e-02 1.103332e-02 1.104952e-02 1.105784e-02 1.107600e-02 8.602274e-03 1.056251e-02 1.107757e-02 8.575779e-03 1.042720e-02 0.000000e+00 8.384523e-03 1.049594e-02 1.106969e-02 1.053908e-02 8.495451e-03 8.466776e-03 8.412830e-03 8.350934e-03 8.291205e-03 8.210694e-03 8.106192e-03 1.093633e-02 1.288921e-02 1.900855e-02 2.041498e-02 6.665710e-02 0.000000e+00 1.206153e-02 1.167917e-02 1.123305e-02 1.115870e-02 1.112361e-02 1.110201e-02 1.108122e-02 1.111490e-02 2.245589e-02 1.115896e-02
1.117934e-02 1.138954e-02 9.293239e-03 9.193892e-03 9.115850e-03 9.066275e-03 9.069686e-03 1.108436e-02 1.068065e-02 1.058178e-02 1.089305e-02 1.091466e-02 1.089592e-02 1.089292e-02 1.089850e-02 1.094159e-02 1.097802e-02 1.095673e-02 8.620312e-03 1.053841e-02 1.103645e-02 1.116564e-02 1.108420e-02 1.096768e-02 0.000000e+00 8.427290e-03 1.051186e-02 8.493271e-03 8.520833e-03 1.053020e-02 1.101759e-02 1.107573e-02 1.104208e-02 1.100496e-02 1.098143e-02 1.095838e-02 8.113391e-03 8.084438e-03 1.044705e-02 1.165892e-02 1.233607e-02 0.000000e+00 0.000000e+00 1.177316e-02 1.124367e-02 1.118387e-02 1.116126e-02 1.116657e-02 1.116107e-02 2.211081e-02 1.117735e-02 2.011347e-02
1.120401e-02 1.129563e-02 1.121887e-02 1.107362e-02 1.104311e-02 1.103781e-02 1.110272e-02 9.199044e-03 9.187886e-03 1.092622e-02 1.063984e-02 1.065635e-02 1.091138e-02 1.085025e-02 1.082425e-02 1.084261e-02 1.054731e-02 8.647464e-03 1.053380e-02 1.099802e-02 1.110555e-02 1.116830e-02 1.110748e-02 1.101365e-02 0.000000e+00 8.464350e-03 1.050888e-02 1.105033e-02 1.113637e-02 1.113414e-02 1.112846e-02 1.112691e-02 1.108183e-02 1.102655e-02 1.099035e-02 1.096541e-02 1.098326e-02 1.100702e-02 1.341235e-02 1.529297e-02 2.441326e-02 2.813161e-02 0.000000e+00 0.000000e+00 1.156110e-02 1.464030e-02 8.698816e-03 1.124796e-02 2.316767e-02 1.114397e-02 2.265756e-02 1.113911e-02
1.122583e-02 1.117440e-02 1.114578e-02 1.110630e-02 1.108753e-02 1.107337e-02 1.111621e-02 1.117423e-02 1.112326e-02 9.207689e-03 9.170174e-03 1.095542e-02 1.066358e-02 1.063017e-02 1.056380e-02 8.831484e-03 8.731427e-03 1.052135e-02 1.096165e-02 1.106803e-02 1.110995e-02 1.114837e-02 1.111892e-02 1.106827e-02 0.000000e+00 8.481439e-03 1.047875e-02 1.098770e-02 1.110765e-02 1.116077e-02 1.116818e-02 1.116942e-02 1.113256e-02 1.108462e-02 1.102256e-02 1.096349e-02 1.098011e-02 1.100918e-02 8.192855e-03 8.215444e-03 1.057562e-02 1.177384e-02 2.630118e-02 0.000000e+00 1.170284e-02 1.589903e-02 1.114580e-02 2.391704e-02 1.113913e-02 2.218265e-02 1.125922e-02 1.100419e-02
1.122720e-02 1.107473e-02 1.106725e-02 1.109030e-02 1.110764e-02 1.112613e-02 1.114057e-02 1.115247e-02 1.113588e-02 1.111181e-02 1.109092e-02 9.258147e-03 9.210641e-03 9.149985e-03 9.035199e-03 1.056640e-02 1.088180e-02 1.094616e-02 1.101644e-02 1.108682e-02 1.111936e-02 1.114052e-02 1.420256e-02 1.448597e-02 0.000000e+00 8.476061e-03 1.044862e-02 1.093396e-02 1.108022e-02 1.117560e-02 1.119883e-02 1.120600e-02 1.117845e-02 1.114270e-02 1.107661e-02 1.100034e-02 1.098324e-02 1.099073e-02 1.101053e-02 1.103250e-02 1.116123e-02 1.156297e-02 1.190169e-02 0.000000e+00 0.000000e+00 1.944044e-02 2.333655e-02 1.106881e-02 2.275000e-02 1.461574e-02 1.117277e-02 1.102327e-02
9.393858e-03 1.075712e-02 1.099084e-02 1.104940e-02 1.110624e-02 1.117390e-02 1.116236e-02 1.112542e-02 1.115163e-02 1.120270e-02 1.114757e-02 1.105964e-02 1.101496e-02 1.098905e-02 1.094346e-02 1.090167e-02 1.091959e-02 1.094357e-02 1.102305e-02 1.110785e-02 1.114348e-02 1.116354e-02 8.648262e-03 0.000000e+00 0.000000e+00 8.476274e-03 1.043458e-02 1.089429e-02 1.104805e-02 1.116016e-02 1.120502e-02 1.123265e-02 1.121686e-02 1.119184e-02 1.114439e-02 1.108479e-02 1.100543e-02 1.094134e-02 1.096291e-02 1.099700e-02 1.107250e-02 1.117502e-02 1.153656e-02 1.191823e-02 0.000000e+00 0.000000e+00 3.174261e-02 2.125648e-02 1.312577e-02 8.570541e-03 8.502030e-03 1.047724e-02
-9.999000e+03 -9.999000e+03 -9.999000e+03 -9.999000e+03 -9.999000e+03 -9.999000e+03 -9.999000e+03 9.226917e-03 9.269928e-03 9.390630e-03 9.444279e-03 9.396383e-03 1.075185e-02 1.090563e-02 1.093101e-02 1.095324e-02 1.095547e-02 1.094881e-02 1.103156e-02 1.112835e-02 1.116117e-02 1.118137e-02 1.106561e-02 0.000000e+00 6.633956e-03 8.719601e-03 1.046113e-02 1.086279e-02 1.100644e-02 1.111560e-02 1.118744e-02 1.124901e-02 1.125253e-02 1.124428e-02 1.121036e-02 1.116407e-02 1.104420e-02 1.092058e-02 1.092247e-02 1.095746e-02 1.101626e-02 1.107547e-02 1.121024e-02 1.161958e-02 1.205989e-02 0.000000e+00 0.000000e+00 1.245967e-02 1.049655e-02 1.048193e-02 1.097436e-02 8.443077e-03
-9.999000e+03 -9.999000e+03 -9.999000e+03 -9.999000e+03 -9.999000e+03 -9.999000e+03 -9.999000e+03 -9.999000e+03 -9.999000e+03 -9.999000e+03 1.088101e-02 1.080244e-02 9.261477e-03 9.081297e-03 1.063741e-02 1.099632e-02 1.100585e-02 1.095820e-02 1.104078e-02 1.114916e-02 1.116438e-02 1.116188e-02 1.103858e-02 0.000000e+00 6.634583e-03 8.749296e-03 1.048025e-02 1.084753e-02 1.096772e-02 1.105645e-02 1.115093e-02 1.124882e-02 1.127801e-02 1.129079e-02 1.125363e-02 1.119997e-02 1.109223e-02 1.097810e-02 1.092963e-02 1.090455e-02 1.096088e-02 1.102854e-02 1.114008e-02 1.127707e-02 1.172687e-02 1.212093e-02 0.000000e+00 0.000000e+00 1.100684e-02 1.102430e-02 -9.999000e+03 -9.999000e+03
