tests/data/reference/test_stream_rill_mfda/control/cinfil_m3.asc
ncols	123
nrows	77
xllcorner	-713746.79929998
yllcorner	-1061022.36961616
cellsize	10.0
NODATA_value	-9999
[rows 23 to 45 of 77, columns 0 to 51 of 123]
-9.999000e+03 -9.999000e+03 -9.999000e+03 -9.999000e+03 -9.999000e+03 -9.999000e+03 -9.999000e+03 -9.999000e+03 -9.999000e+03 -9.999000e+03 -9.999000e+03 -9.999000e+03 -9.999000e+03 -9.999000e+03 1.017285e+00 1.003416e+00 1.401364e+00 1.408069e+00 9.951161e-01 1.191568e+00 9.302300e-01 0.000000e+00 9.015366e-01 8.655301e-01 8.713040e-01 8.614176e-01 8.486740e-01 8.382398e-01 8.880981e-01 8.816060e-01 8.754180e-01 8.696336e-01 8.669137e-01 8.669147e-01 8.676024e-01 8.684538e-01 8.658080e-01 8.588166e-01 8.544717e-01 8.540258e-01 8.538981e-01 8.523483e-01 8.493430e-01 8.473122e-01 8.469281e-01 8.473341e-01 8.476173e-01 8.463552e-01 8.438238e-01 8.416866e-01 8.402757e-01 8.380909e-01
-9.999000e+03 -9.999000e+03 -9.999000e+03 -9.999000e+03 -9.999000e+03 -9.999000e+03 -9.999000e+03 -9.999000e+03 -9.999000e+03 -9.999000e+03 -9.999000e+03 -9.999000e+03 -9.999000e+03 -9.999000e+03 2.228027e+00 2.030782e+00 1.641154e+00 1.178191e+00 1.003663e+00 9.237415e-01 0.000000e+00 0.000000e+00 1.048130e+00 8.652484e-01 8.561526e-01 8.405474e-01 8.305703e-01 8.264564e-01 8.241634e-01 8.199359e-01 8.752279e-01 8.705051e-01 8.689175e-01 8.705794e-01 8.719866e-01 8.706824e-01 8.643074e-01 8.562242e-01 8.534742e-01 8.546449e-01 8.549196e-01 8.538000e-01 8.517440e-01 8.499740e-01 8.488400e-01 8.480621e-01 8.471761e-01 8.451287e-01 8.422783e-01 8.397722e-01 8.371779e-01 8.333750e-01
-9.999000e+03 -9.999000e+03 -9.999000e+03 -9.999000e+03 -9.999000e+03 -9.999000e+03 -9.999000e+03 -9.999000e+03 -9.999000e+03 -9.999000e+03 -9.999000e+03 -9.999000e+03 -9.999000e+03 -9.999000e+03 1.211493e+00 1.219528e+00 9.671513e-01 9.705338e-01 9.766712e-01 9.184012e-01 0.000000e+00 8.569007e-01 8.645886e-01 8.520831e-01 8.375437e-01 8.255138e-01 8.190502e-01 8.171971e-01 8.162420e-01 8.151340e-01 8.141804e-01 8.117275e-01 8.122572e-01 8.776513e-01 8.793965e-01 8.746722e-01 8.650849e-01 8.573959e-01 8.560982e-01 8.568272e-01 8.554333e-01 8.534603e-01 8.518159e-01 8.504533e-01 8.490122e-01 8.473108e-01 8.451374e-01 8.420330e-01 8.383908e-01 8.345847e-01 8.307915e-01 8.277683e-01
-9.999000e+03 -9.999000e+03 -9.999000e+03 -9.999000e+03 -9.999000e+03 -9.999000e+03 -9.999000e+03 -9.999000e+03 -9.999000e+03 -9.999000e+03 -9.999000e+03 -9.999000e+03 9.317495e-01 1.155967e+00 1.506599e+00 1.095954e+00 9.642561e-01 1.134748e+00 9.298581e-01 0.000000e+00 1.007132e+00 1.074047e+00 8.755979e-01 8.614125e-01 8.494326e-01 8.395081e-01 8.334190e-01 8.304501e-01 8.263414e-01 8.224017e-01 8.200415e-01 8.179005e-01 8.206387e-01 8.281756e-01 8.279980e-01 8.763269e-01 8.651908e-01 8.591595e-01 8.579743e-01 8.572760e-01 8.556633e-01 8.545015e-01 8.535495e-01 8.519958e-01 8.491946e-01 8.453775e-01 8.410829e-01 8.371158e-01 8.336436e-01 8.296386e-01 8.258182e-01 8.239481e-01
-9.999000e+03 -9.999000e+03 -9.999000e+03 -9.999000e+03 -9.999000e+03 -9.999000e+03 -9.999000e+03 -9.999000e+03 -9.999000e+03 -9.999000e+03 -9.999000e+03 -9.999000e+03 -9.999000e+03 9.392104e-01 1.147415e+00 9.765677e-01 1.079219e+00 9.472463e-01 0.000000e+00 9.185069e-01 1.088866e+00 9.766097e-01 8.887294e-01 2.336167e+00 2.394279e+00 8.755556e-01 8.713252e-01 8.681151e-01 8.553297e-01 8.399227e-01 8.297502e-01 8.271792e-01 8.329353e-01 8.408955e-01 8.350614e-01 8.150235e-01 8.014559e-01 7.966372e-01 8.582333e-01 8.564127e-01 8.562030e-01 8.571510e-01 8.569953e-01 8.545098e-01 8.492027e-01 8.420792e-01 8.351236e-01 8.307635e-01 8.284329e-01 8.252508e-01 8.222330e-01 8.213201e-01
-9.999000e+03 -9.999000e+03 -9.999000e+03 -9.999000e+03 -9.999000e+03 -9.999000e+03 -9.999000e+03 -9.999000e+03 -9.999000e+03 -9.999000e+03 -9.999000e+03 -9.999000e+03 -9.999000e+03 -9.999000e+03 -9.999000e+03 1.021323e+00 9.980976e-01 0.000000e+00 0.000000e+00 1.116222e+00 9.525574e-01 1.242618e+00 2.278496e+00 1.359888e+00 1.353409e+00 2.442485e+00 8.724569e-01 8.825058e-01 8.768461e-01 8.598384e-01 8.492210e-01 8.481253e-01 8.516824e-01 8.542893e-01 8.428551e-01 8.188867e-01 8.082568e-01 8.083185e-01 8.050176e-01 7.991315e-01 8.593650e-01 8.575440e-01 8.545548e-01 8.501069e-01 8.439312e-01 8.365183e-01 8.300626e-01 8.268204e-01 8.253989e-01 8.226251e-01 8.204890e-01 8.210026e-01
-9.999000e+03 -9.999000e+03 -9.999000e+03 -9.999000e+03 -9.999000e+03 -9.999000e+03 -9.999000e+03 -9.999000e+03 -9.999000e+03 -9.999000e+03 -9.999000e+03 -9.999000e+03 -9.999000e+03 -9.999000e+03 -9.999000e+03 -9.999000e+03 9.535152e-01 0.000000e+00 1.157839e+00 1.131838e+00 1.258531e+00 2.213563e+00 1.318552e+00 1.313492e+00 1.294404e+00 1.361499e+00 2.488404e+00 2.553201e+00 2.614634e+00 2.626020e+00 8.678499e-01 8.728948e-01 8.702097e-01 8.662838e-01 8.541239e-01 8.326798e-01 8.254117e-01 8.279086e-01 8.222560e-01 8.087199e-01 7.972273e-01 7.884083e-01 8.460043e-01 8.397377e-01 8.344982e-01 8.295279e-01 8.261136e-01 8.250020e-01 8.241942e-01 8.216240e-01 8.206385e-01 8.232649e-01
-9.999000e+03 -9.999000e+03 -9.999000e+03 -9.999000e+03 -9.999000e+03 -9.999000e+03 -9.999000e+03 -9.999000e+03 -9.999000e+03 -9.999000e+03 -9.999000e+03 -9.999000e+03 -9.999000e+03 -9.999000e+03 -9.999000e+03 -9.999000e+03 0.000000e+00 1.011816e+00 1.949780e+00 2.043719e+00 2.130596e+00 1.245182e+00 1.254087e+00 1.234332e+00 1.323051e+00 1.385695e+00 1.387662e+00 1.398121e+00 1.397214e+00 1.346361e+00 2.626020e+00 1.014153e+00 8.757555e-01 8.852280e-01 8.789039e-01 1.003308e+00 2.626020e+00 2.626020e+00 2.626020e+00 2.626020e+00 8.102085e-01 8.123011e-01 8.055094e-01 7.953461e-01 7.841569e-01 8.415562e-01 8.360462e-01 8.325260e-01 8.287923e-01 8.253393e-01 8.260924e-01 8.312080e-01
-9.999000e+03 -9.999000e+03 -9.999000e+03 -9.999000e+03 -9.999000e+03 -9.999000e+03 -9.999000e+03 -9.999000e+03 -9.999000e+03 -9.999000e+03 -9.999000e+03 -9.999000e+03 -9.999000e+03 -9.999000e+03 -9.999000e+03 0.000000e+00 2.158182e+00 2.224542e+00 1.392701e+00 1.264339e+00 1.128707e+00 1.154242e+00 1.143469e+00 1.257702e+00 1.349748e+00 1.350386e+00 1.347352e+00 1.344914e+00 1.287687e+00 1.276545e+00 1.325753e+00 2.626020e+00 2.626020e+00 2.626020e+00 2.626020e+00 2.626020e+00 1.007559e+00 9.804871e-01 9.576924e-01 1.030460e+00 2.626020e+00 2.626020e+00 2.626020e+00 2.626020e+00 8.380157e-01 8.146221e-01 7.978706e-01 8.497608e-01 8.390296e-01 8.344074e-01 8.383034e-01 8.465147e-01
-9.999000e+03 -9.999000e+03 -9.999000e+03 -9.999000e+03 -9.999000e+03 -9.999000e+03 -9.999000e+03 -9.999000e+03 -9.999000e+03 -9.999000e+03 -9.999000e+03 -9.999000e+03 -9.999000e+03 -9.999000e+03 0.000000e+00 0.000000e+00 2.151804e+00 1.314310e+00 1.321178e+00 1.113349e+00 1.032770e+00 1.019115e+00 1.166961e+00 1.291332e+00 1.295517e+00 1.297563e+00 1.289860e+00 1.436478e+00 1.426854e+00 1.260272e+00 1.268062e+00 1.290921e+00 1.317879e+00 1.344345e+00 1.018789e+00 8.762220e-01 8.568401e-01 8.340281e-01 9.308114e-01 9.102369e-01 9.843679e-01 9.850229e-01 1.016036e+00 1.034069e+00 1.167105e+00 1.279542e+00 1.372573e+00 8.216138e-01 8.082950e-01 8.029050e-01 8.690607e-01 8.752370e-01
-9.999000e+03 -9.999000e+03 -9.999000e+03 -9.999000e+03 -9.999000e+03 -9.999000e+03 -9.999000e+03 -9.999000e+03 -9.999000e+03 -9.999000e+03 -9.999000e+03 -9.999000e+03 -9.999000e+03 -9.999000e+03 0.000000e+00 2.347862e+00 1.215525e+00 1.213888e+00 9.481563e-01 9.493304e-01 9.463964e-01 1.204838e+00 1.220460e+00 1.451063e+00 1.448589e+00 1.449195e+00 1.442159e+00 1.425603e+00 1.413348e+00 1.411004e+00 1.420606e+00 1.439119e+00 1.450998e+00 9.078426e-01 9.026851e-01 8.961655e-01 8.910590e-01 8.833018e-01 8.737431e-01 1.001658e+00 9.909049e-01 8.923285e-01 8.871256e-01 7.773160e-01 7.808680e-01 7.873609e-01 7.961560e-01 9.380698e-01 1.266412e+00 1.440457e+00 1.357094e+00 8.743271e-01
-9.999000e+03 -9.999000e+03 -9.999000e+03 -9.999000e+03 -9.999000e+03 -9.999000e+03 -9.999000e+03 -9.999000e+03 -9.999000e+03 -9.999000e+03 -9.999000e+03 -9.999000e+03 -9.999000e+03 0.000000e+00 2.210977e+00 1.107070e+00 1.098394e+00 9.375254e-01 9.377090e-01 9.406350e-01 1.096552e+00 1.293047e+00 1.451772e+00 1.453271e+00 1.448928e+00 1.445823e+00 1.436833e+00 1.418543e+00 1.407229e+00 1.406552e+00 1.414675e+00 1.422616e+00 8.916470e-01 8.899521e-01 8.858631e-01 8.810834e-01 8.785456e-01 8.750029e-01 8.692616e-01 8.617907e-01 8.537210e-01 8.462958e-01 8.399059e-01 7.664889e-01 7.636619e-01 7.636154e-01 1.114791e+00 1.120974e+00 1.139682e+00 1.213588e+00 1.281000e+00 1.477047e+00
-9.999000e+03 -9.999000e+03 -9.999000e+03 -9.999000e+03 -9.999000e+03 -9.999000e+03 -9.999000e+03 -9.999000e+03 -9.999000e+03 -9.999000e+03 -9.999000e+03 -9.999000e+03 0.000000e+00 0.000000e+00 9.488397e-01 9.476871e-01 9.428305e-01 9.363877e-01 9.344272e-01 9.350008e-01 1.202595e+00 1.432532e+00 1.450049e+00 1.453492e+00 1.449814e+00 1.444342e+00 1.431967e+00 1.416273e+00 1.408142e+00 1.411072e+00 1.413212e+00 8.811213e-01 8.785816e-01 8.794385e-01 8.823508e-01 8.805665e-01 8.770018e-01 8.723134e-01 8.652270e-01 8.574257e-01 8.498260e-01 8.445494e-01 8.422997e-01 8.408459e-01 1.171752e+00 1.042047e+00 1.042818e+00 1.046124e+00 1.102866e+00 1.146682e+00 1.176742e+00 1.247304e+00
-9.999000e+03 -9.999000e+03 -9.999000e+03 -9.999000e+03 -9.999000e+03 -9.999000e+03 -9.999000e+03 -9.999000e+03 -9.999000e+03 -9.999000e+03 -9.999000e+03 -9.999000e+03 0.000000e+00 1.910346e+00 9.475427e-01 9.436755e-01 9.405747e-01 9.344810e-01 9.310967e-01 1.082422e+00 1.393301e+00 1.425083e+00 1.439651e+00 1.444975e+00 1.445208e+00 1.437879e+00 1.430571e+00 1.420102e+00 1.422554e+00 1.426508e+00 1.423862e+00 8.826933e-01 8.790586e-01 8.798819e-01 8.848945e-01 8.856493e-01 8.829823e-01 8.791396e-01 8.722018e-01 8.642331e-01 8.555645e-01 8.483466e-01 8.466225e-01 1.103995e+00 1.111457e+00 1.113881e+00 1.119299e+00 1.023075e+00 1.057033e+00 1.072850e+00 1.133695e+00 1.170807e+00
-9.999000e+03 -9.999000e+03 -9.999000e+03 -9.999000e+03 -9.999000e+03 -9.999000e+03 -9.999000e+03 -9.999000e+03 -9.999000e+03 -9.999000e+03 -9.999000e+03 0.000000e+00 2.201278e+00 1.131194e+00 9.547464e-01 9.433220e-01 9.386901e-01 9.324339e-01 9.284595e-01 1.353551e+00 1.393674e+00 1.414081e+00 1.424151e+00 1.432357e+00 1.428855e+00 1.429512e+00 1.427746e+00 1.435873e+00 1.444175e+00 1.451117e+00 1.445330e+00 8.985852e-01 8.946991e-01 8.911294e-01 8.935436e-01 1.217871e+00 1.205714e+00 1.161775e+00 1.110257e+00 8.848400e-01 8.734448e-01 8.587562e-01 1.016576e+00 1.027705e+00 1.035154e+00 1.043486e+00 1.083874e+00 1.133059e+00 1.138624e+00 1.047280e+00 1.078794e+00 1.091161e+00
-9.999000e+03 -9.999000e+03 -9.999000e+03 -9.999000e+03 -9.999000e+03 -9.999000e+03 -9.999000e+03 -9.999000e+03 -9.999000e+03 -9.999000e+03 0.000000e+00 0.000000e+00 9.958544e-01 9.884375e-01 9.706299e-01 9.544482e-01 9.443407e-01 9.347216e-01 1.317718e+00 1.373767e+00 1.395554e+00 1.405144e+00 1.415521e+00 1.408130e+00 1.414487e+00 1.414558e+00 1.435537e+00 1.451415e+00 1.467859e+00 1.474171e+00 1.472473e+00 9.190618e-01 9.150555e-01 9.023454e-01 1.141432e+00 1.129089e+00 1.091788e+00 1.027973e+00 1.017504e+00 9.889142e-01 9.376930e-01 9.136481e-01 9.172281e-01 9.299951e-01 9.457798e-01 9.916015e-01 1.061042e+00 1.059475e+00 1.091957e+00 1.139942e+00 1.154783e+00 1.052632e+00
-9.999000e+03 -9.999000e+03 -9.999000e+03 -9.999000e+03 -9.999000e+03 -9.999000e+03 -9.999000e+03 -9.999000e+03 -9.999000e+03 -9.999000e+03 0.000000e+00 2.046313e+00 1.780349e+00 9.975587e-01 9.961455e-01 9.797286e-01 1.116316e+00 1.285222e+00 1.363616e+00 1.392895e+00 1.392806e+00 1.399946e+00 1.377550e+00 1.386125e+00 1.389867e+00 1.420219e+00 1.445302e+00 1.474254e+00 1.485162e+00 1.497580e+00 1.508284e+00 9.423155e-01 9.350463e-01 1.058629e+00 1.009050e+00 1.007973e+00 9.296186e-01 9.344180e-01 9.315233e-01 9.214945e-01 8.985429e-01 8.713835e-01 8.620489e-01 8.649469e-01 8.652328e-01 9.779274e-01 9.644007e-01 9.927315e-01 1.047074e+00 1.067192e+00 1.105939e+00 2.130937e+00
-9.999000e+03 -9.999000e+03 -9.999000e+03 -9.999000e+03 -9.999000e+03 -9.999000e+03 -9.999000e+03 -9.999000e+03 -9.999000e+03 0.000000e+00 2.303749e+00 1.819677e+00 1.014255e+00 1.004995e+00 1.007365e+00 9.946534e-01 1.245854e+00 1.359747e+00 1.404548e+00 1.394413e+00 1.389168e+00 1.334739e+00 1.341877e+00 1.343804e+00 1.390510e+00 1.427015e+00 1.474151e+00 1.487681e+00 1.498195e+00 1.525564e+00 1.544050e+00 1.455794e+00 1.016502e+00 9.122209e-01 9.058468e-01 9.133929e-01 9.842423e-01 9.858394e-01 9.890766e-01 9.958729e-01 1.002336e+00 9.830337e-01 9.681018e-01 9.648779e-01 9.515151e-01 8.733637e-01 8.684821e-01 9.484237e-01 9.543065e-01 9.978401e-01 2.018418e+00 1.474571e+00
-9.999000e+03 -9.999000e+03 -9.999000e+03 -9.999000e+03 -9.999000e+03 -9.999000e+03 -9.999000e+03 -9.999000e+03 -9.999000e+03 0.000000e+00 1.789898e+00 1.016229e+00 1.016792e+00 1.011465e+00 1.003651e+00 1.160134e+00 1.340774e+00 1.421544e+00 1.403748e+00 1.387045e+00 1.282724e+00 1.283834e+00 1.284101e+00 1.341951e+00 1.389917e+00 1.465226e+00 1.483192e+00 1.486613e+00 1.508886e+00 1.543944e+00 1.558425e+00 9.456010e-01 9.243528e-01 9.972806e-01 9.692610e-01 9.881842e-01 1.053994e+00 1.094351e+00 1.087912e+00 1.074791e+00 1.078276e+00 1.090937e+00 1.090374e+00 1.091969e+00 1.089070e+00 1.001231e+00 9.300725e-01 8.677094e-01 8.643112e-01 2.098058e+00 1.492538e+00 1.495153e+00
-9.999000e+03 -9.999000e+03 -9.999000e+03 -9.999000e+03 -9.999000e+03 -9.999000e+03 -9.999000e+03 -9.999000e+03 0.000000e+00 2.009451e+00 9.920860e-01 1.001590e+00 1.016997e+00 1.010392e+00 9.980212e-01 1.270576e+00 1.409130e+00 1.403698e+00 1.385173e+00 1.219713e+00 1.208188e+00 1.204873e+00 1.283831e+00 1.339859e+00 1.443417e+00 1.465894e+00 1.465021e+00 1.482896e+00 1.499717e+00 1.532821e+00 1.318818e+00 1.183701e+00 1.008374e+00 1.049899e+00 1.092598e+00 1.084547e+00 1.101288e+00 1.161521e+00 1.177536e+00 1.160097e+00 1.153627e+00 1.166609e+00 1.188542e+00 1.198595e+00 1.195781e+00 1.181850e+00 1.097872e+00 2.141186e+00 2.099961e+00 1.507463e+00 1.511485e+00 1.338506e+00
-9.999000e+03 -9.999000e+03 -9.999000e+03 -9.999000e+03 -9.999000e+03 -9.999000e+03 -9.999000e+03 0.000000e+00 0.000000e+00 1.408676e+00 9.850802e-01 9.929208e-01 1.010602e+00 1.004827e+00 1.157665e+00 1.353965e+00 1.353092e+00 1.354438e+00 1.139981e+00 1.113515e+00 1.100048e+00 1.205910e+00 1.284223e+00 1.430946e+00 1.442107e+00 1.425922e+00 1.454723e+00 1.461375e+00 1.477051e+00 1.502526e+00 9.482111e-01 1.245927e+00 1.139249e+00 1.105217e+00 1.149047e+00 1.184720e+00 1.185658e+00 1.202596e+00 1.242915e+00 1.241779e+00 2.435678e+00 2.493035e+00 2.550447e+00 2.606364e+00 2.657233e+00 1.269609e+00 2.252796e+00 1.480400e+00 1.508208e+00 1.520061e+00 1.297734e+00 1.287058e+00
-9.999000e+03 -9.999000e+03 -9.999000e+03 -9.999000e+03 -9.999000e+03 -9.999000e+03 -9.999000e+03 0.000000e+00 1.492991e+00 9.984449e-01 9.893798e-01 9.897609e-01 9.969130e-01 9.965229e-01 1.271733e+00 1.270143e+00 1.266709e+00 9.885503e-01 9.763189e-01 9.529584e-01 1.095228e+00 1.201270e+00 1.422752e+00 1.435563e+00 1.389128e+00 1.422205e+00 1.425722e+00 1.431607e+00 1.444672e+00 1.461622e+00 1.374058e+00 1.068775e+00 1.251438e+00 1.953566e+00 2.034378e+00 2.114356e+00 2.190989e+00 2.264579e+00 2.329791e+00 2.384304e+00 1.030252e+00 1.139814e+00 1.225381e+00 1.348538e+00 1.392391e+00 2.439833e+00 1.440121e+00 1.478814e+00 1.506023e+00 1.243988e+00 1.235676e+00 8.811797e-01
-9.999000e+03 -9.999000e+03 -9.999000e+03 -9.999000e+03 -9.999000e+03 -9.999000e+03 -9.999000e+03 1.781470e+00 1.804831e+00 1.010825e+00 1.006588e+00 9.941740e-01 9.876854e-01 1.151488e+00 1.152073e+00 1.151024e+00 9.818336e-01 9.758372e-01 9.641901e-01 9.437142e-01 1.084927e+00 1.406597e+00 1.420101e+00 1.344305e+00 1.393308e+00 1.388454e+00 1.386695e+00 1.393939e+00 1.403573e+00 1.410093e+00 1.646394e+00 1.768868e+00 1.871128e+00 1.383513e+00 1.376523e+00 1.158964e+00 1.149892e+00 1.032878e+00 8.831409e-01 8.772658e-01 1.015540e+00 1.122594e+00 1.275957e+00 1.328535e+00 1.330937e+00 1.382528e+00 1.425369e+00 1.460657e+00 1.149331e+00 1.159453e+00 9.018300e-01 8.938690e-01
