tests/data/reference/test_stream_rill_mfda/control/cinfil_m3.asc
ncols	123
nrows	77
xllcorner	-713746.79929998
yllcorner	-1061022.36961616
cellsize	10.0
NODATA_value	-9999
[rows 23 to 45 of 77, columns 52 to 103 of 123]
8.340710e-01 8.303664e-01 8.308649e-01 8.341170e-01 8.357874e-01 1.406112e+00 1.420590e+00 1.419896e+00 1.423456e+00 1.426407e+00 1.428724e+00 8.461664e-01 1.446953e+00 1.683778e+00 1.482589e+00 8.748578e-01 8.875927e-01 8.933697e-01 8.880433e-01 8.818303e-01 8.768925e-01 8.727075e-01 8.714606e-01 8.758300e-01 8.840040e-01 8.909889e-01 8.996911e-01 9.095801e-01 9.176615e-01 9.081959e-01 9.728734e-01 9.336838e-01 1.133685e+00 9.267163e-01 -9.999000e+03 -9.999000e+03 -9.999000e+03 -9.999000e+03 -9.999000e+03 -9.999000e+03 -9.999000e+03 -9.999000e+03 -9.999000e+03 -9.999000e+03 -9.999000e+03 -9.999000e+03 -9.999000e+03 -9.999000e+03 -9.999000e+03 -9.999000e+03 -9.999000e+03 -9.999000e+03
8.295471e-01 8.283315e-01 8.305024e-01 8.337753e-01 8.357826e-01 8.369391e-01 1.427822e+00 1.442588e+00 1.445504e+00 1.447857e+00 1.450181e+00 1.451619e+00 9.829125e-01 8.549940e-01 8.646176e-01 8.752638e-01 8.849291e-01 8.880847e-01 8.815951e-01 8.734621e-01 8.668350e-01 8.623005e-01 8.613149e-01 8.636389e-01 8.690803e-01 8.800258e-01 8.965525e-01 9.121325e-01 9.231656e-01 9.192640e-01 8.993260e-01 1.013324e+00 1.017013e+00 1.126811e+00 1.032066e+00 -9.999000e+03 -9.999000e+03 -9.999000e+03 -9.999000e+03 -9.999000e+03 -9.999000e+03 -9.999000e+03 -9.999000e+03 -9.999000e+03 -9.999000e+03 -9.999000e+03 -9.999000e+03 -9.999000e+03 -9.999000e+03 -9.999000e+03 -9.999000e+03 -9.999000e+03
8.264913e-01 8.269740e-01 8.288909e-01 8.324004e-01 8.365270e-01 8.402720e-01 8.434925e-01 8.449017e-01 8.435841e-01 1.462040e+00 1.463847e+00 1.466549e+00 1.471774e+00 8.587072e-01 8.658591e-01 8.705389e-01 8.737155e-01 8.747214e-01 8.714792e-01 8.658853e-01 8.600219e-01 8.559069e-01 8.552473e-01 8.571525e-01 8.605997e-01 8.661858e-01 8.734503e-01 8.809713e-01 1.034984e+00 9.010398e-01 9.116600e-01 9.069610e-01 8.907469e-01 9.725789e-01 9.208400e-01 1.049029e+00 9.299584e-01 9.321298e-01 -9.999000e+03 -9.999000e+03 -9.999000e+03 -9.999000e+03 -9.999000e+03 -9.999000e+03 -9.999000e+03 -9.999000e+03 -9.999000e+03 -9.999000e+03 -9.999000e+03 -9.999000e+03 -9.999000e+03 -9.999000e+03
8.243072e-01 8.260317e-01 8.290316e-01 8.340642e-01 8.395606e-01 8.437307e-01 8.455582e-01 8.438261e-01 8.412422e-01 8.399694e-01 1.473415e+00 1.477722e+00 1.484079e+00 8.579816e-01 8.626235e-01 8.658493e-01 8.691624e-01 8.713885e-01 8.692863e-01 8.646421e-01 8.598648e-01 8.564846e-01 8.557462e-01 8.563006e-01 8.568406e-01 8.575525e-01 8.587504e-01 8.618876e-01 8.695563e-01 8.848936e-01 9.031187e-01 9.061105e-01 8.931720e-01 8.808705e-01 9.571496e-01 1.024236e+00 1.073267e+00 1.001413e+00 1.076750e+00 9.348310e-01 -9.999000e+03 -9.999000e+03 -9.999000e+03 -9.999000e+03 -9.999000e+03 -9.999000e+03 -9.999000e+03 -9.999000e+03 -9.999000e+03 -9.999000e+03 -9.999000e+03 -9.999000e+03
8.226143e-01 8.262747e-01 8.319963e-01 8.387820e-01 8.437474e-01 8.451055e-01 8.437070e-01 8.405580e-01 8.390986e-01 8.396890e-01 8.418121e-01 8.457227e-01 1.489921e+00 8.530358e-01 8.573635e-01 8.640673e-01 8.720166e-01 8.766962e-01 8.741783e-01 8.696099e-01 8.664755e-01 8.640993e-01 8.627880e-01 8.609276e-01 8.575314e-01 8.540307e-01 8.516336e-01 8.520638e-01 8.564357e-01 8.644230e-01 8.752191e-01 8.857184e-01 8.933175e-01 8.946510e-01 8.918980e-01 8.930566e-01 9.508125e-01 9.161540e-01 1.098844e+00 1.192240e+00 1.088691e+00 0.000000e+00 -9.999000e+03 -9.999000e+03 -9.999000e+03 -9.999000e+03 -9.999000e+03 -9.999000e+03 -9.999000e+03 -9.999000e+03 -9.999000e+03 -9.999000e+03
8.237378e-01 8.289592e-01 8.355626e-01 8.416316e-01 8.448296e-01 8.444529e-01 8.423306e-01 8.392430e-01 8.378996e-01 8.386397e-01 8.408297e-01 8.444678e-01 8.480350e-01 8.519239e-01 8.583096e-01 8.673933e-01 8.747782e-01 8.763649e-01 8.719526e-01 8.669647e-01 8.641839e-01 8.625621e-01 8.619986e-01 8.605223e-01 8.565650e-01 8.513324e-01 8.471480e-01 8.465536e-01 8.497385e-01 8.544816e-01 8.619034e-01 8.743778e-01 8.888093e-01 8.979816e-01 8.996994e-01 8.985087e-01 9.022936e-01 9.104289e-01 9.170522e-01 9.210210e-01 9.159285e-01 0.000000e+00 0.000000e+00 0.000000e+00 -9.999000e+03 -9.999000e+03 -9.999000e+03 -9.999000e+03 -9.999000e+03 -9.999000e+03 -9.999000e+03 -9.999000e+03
8.278887e-01 8.337130e-01 8.389002e-01 8.419557e-01 8.429065e-01 8.432460e-01 8.427726e-01 8.389944e-01 8.359930e-01 8.360286e-01 8.382866e-01 8.426614e-01 8.483475e-01 8.561522e-01 8.658111e-01 8.737999e-01 8.748475e-01 8.698642e-01 8.629588e-01 8.570457e-01 8.534669e-01 8.525639e-01 8.540187e-01 8.553475e-01 8.539751e-01 8.492724e-01 8.449230e-01 8.448289e-01 8.484952e-01 8.526719e-01 8.583244e-01 8.679417e-01 8.789031e-01 8.892339e-01 8.984776e-01 9.035583e-01 9.065993e-01 9.082290e-01 9.097345e-01 3.727423e-01 0.000000e+00 9.664798e-01 1.467325e+00 1.555069e+00 0.000000e+00 -9.999000e+03 -9.999000e+03 -9.999000e+03 -9.999000e+03 -9.999000e+03 -9.999000e+03 -9.999000e+03
8.369721e-01 8.416263e-01 8.436941e-01 8.432791e-01 8.421951e-01 8.422245e-01 8.415646e-01 8.373409e-01 8.353424e-01 8.374557e-01 8.414597e-01 8.474462e-01 8.547285e-01 8.635078e-01 8.704552e-01 8.715729e-01 8.666630e-01 8.587904e-01 8.520778e-01 8.478082e-01 8.460381e-01 8.470941e-01 8.499847e-01 8.521363e-01 8.513854e-01 8.471095e-01 8.440637e-01 8.447721e-01 8.473168e-01 8.494876e-01 8.526578e-01 8.595667e-01 8.681514e-01 8.774776e-01 8.893721e-01 8.988455e-01 9.008015e-01 8.996612e-01 3.727423e-01 0.000000e+00 9.396660e-01 9.631907e-01 9.765251e-01 1.277680e+00 1.150809e+00 0.000000e+00 -9.999000e+03 -9.999000e+03 -9.999000e+03 -9.999000e+03 -9.999000e+03 -9.999000e+03
8.524510e-01 8.533836e-01 8.501048e-01 8.458697e-01 8.426883e-01 8.402360e-01 8.376359e-01 8.357840e-01 8.385726e-01 8.448181e-01 8.517002e-01 8.597482e-01 8.667892e-01 8.707787e-01 8.684113e-01 8.610887e-01 8.529676e-01 8.452840e-01 8.406566e-01 8.398566e-01 8.416569e-01 8.453776e-01 8.491432e-01 8.505056e-01 8.487470e-01 8.452399e-01 8.447907e-01 8.463732e-01 8.465086e-01 8.455875e-01 8.457268e-01 8.500797e-01 8.571016e-01 8.644477e-01 8.758908e-01 8.862612e-01 8.858712e-01 3.722223e-01 0.000000e+00 9.067790e-01 9.238059e-01 9.488738e-01 9.786097e-01 9.930269e-01 1.455201e+00 1.350266e+00 1.255003e+00 -9.999000e+03 -9.999000e+03 -9.999000e+03 -9.999000e+03 -9.999000e+03
8.767494e-01 8.713018e-01 8.633746e-01 8.564969e-01 8.509259e-01 8.456821e-01 8.414235e-01 8.406192e-01 8.443774e-01 8.497344e-01 8.552348e-01 8.611753e-01 8.642361e-01 8.629952e-01 8.575981e-01 8.503213e-01 8.443363e-01 8.398189e-01 8.387760e-01 8.410393e-01 8.440143e-01 8.472610e-01 8.493438e-01 8.488463e-01 8.463632e-01 8.443158e-01 8.465172e-01 8.497659e-01 8.498110e-01 8.480923e-01 8.465593e-01 8.485439e-01 8.532984e-01 8.573501e-01 8.659413e-01 8.751755e-01 3.722223e-01 3.727423e-01 8.862710e-01 8.966275e-01 9.080049e-01 9.255116e-01 9.512103e-01 9.715748e-01 9.685868e-01 1.033333e+00 1.049854e+00 1.200956e+00 0.000000e+00 -9.999000e+03 -9.999000e+03 -9.999000e+03
9.133812e-01 8.969763e-01 8.853826e-01 8.764932e-01 8.676885e-01 8.593972e-01 8.533095e-01 8.501424e-01 8.488544e-01 8.482243e-01 8.484955e-01 8.489176e-01 8.476611e-01 8.457625e-01 8.438782e-01 8.419083e-01 8.413312e-01 8.423241e-01 8.461618e-01 8.510312e-01 8.528843e-01 8.525905e-01 8.504487e-01 8.470988e-01 8.442858e-01 8.443112e-01 8.493402e-01 8.551121e-01 8.573210e-01 8.570715e-01 8.549514e-01 8.541029e-01 8.563149e-01 8.573685e-01 3.727423e-01 0.000000e+00 3.727423e-01 8.707674e-01 8.779995e-01 8.862244e-01 8.945203e-01 9.026669e-01 9.152846e-01 9.329260e-01 9.472142e-01 9.605836e-01 9.711029e-01 1.326936e+00 1.020780e+00 0.000000e+00 -9.999000e+03 -9.999000e+03
1.629286e+00 8.626388e-01 8.433989e-01 8.297888e-01 8.771165e-01 8.660418e-01 8.575665e-01 8.518576e-01 8.470047e-01 8.431741e-01 8.406407e-01 8.382322e-01 8.357439e-01 8.346607e-01 8.350953e-01 8.368248e-01 8.406322e-01 8.460862e-01 8.533478e-01 7.964286e-01 8.631686e-01 8.618844e-01 8.571189e-01 8.517482e-01 8.489560e-01 8.508267e-01 8.576604e-01 8.634592e-01 8.648990e-01 8.643916e-01 8.608165e-01 8.557622e-01 8.560540e-01 3.722223e-01 0.000000e+00 8.603961e-01 8.625307e-01 8.659503e-01 8.709014e-01 8.770341e-01 8.839649e-01 8.901533e-01 8.983148e-01 9.125025e-01 9.286259e-01 9.436275e-01 9.536726e-01 9.520784e-01 1.097338e+00 1.033366e+00 1.243852e+00 0.000000e+00
1.290171e+00 1.700284e+00 9.754775e-01 8.284989e-01 8.171269e-01 7.996082e-01 7.868897e-01 7.791451e-01 7.725452e-01 7.675666e-01 7.638229e-01 7.601428e-01 7.575843e-01 7.571782e-01 7.590022e-01 7.644112e-01 7.735337e-01 7.842709e-01 7.962084e-01 8.081670e-01 8.158382e-01 8.157684e-01 8.084573e-01 8.004736e-01 8.615146e-01 8.652977e-01 8.727961e-01 8.759638e-01 8.733131e-01 8.699809e-01 8.641059e-01 8.549443e-01 3.722223e-01 0.000000e+00 8.595314e-01 8.612614e-01 8.620848e-01 8.629275e-01 8.651562e-01 8.690179e-01 8.753309e-01 8.829899e-01 8.912567e-01 9.024633e-01 9.129084e-01 9.187122e-01 9.206861e-01 9.220375e-01 9.264899e-01 1.098135e+00 1.128642e+00 1.218149e+00
1.189363e+00 1.223707e+00 1.751077e+00 1.061740e+00 9.508874e-01 9.283280e-01 9.163088e-01 7.853534e-01 7.838154e-01 7.824304e-01 7.806288e-01 7.780926e-01 7.778677e-01 7.800691e-01 7.837477e-01 7.903422e-01 7.983685e-01 8.057791e-01 8.137128e-01 8.216895e-01 8.249366e-01 8.201342e-01 8.122135e-01 8.079561e-01 8.109188e-01 8.191381e-01 8.852098e-01 8.844802e-01 8.775779e-01 8.711091e-01 8.640975e-01 3.722223e-01 0.000000e+00 8.550306e-01 8.579284e-01 8.602204e-01 8.613407e-01 8.615983e-01 8.625208e-01 8.643831e-01 8.693487e-01 8.772456e-01 8.852594e-01 8.948637e-01 9.041137e-01 9.096982e-01 9.108820e-01 9.113856e-01 9.144732e-01 9.188194e-01 1.116728e+00 9.325765e-01
1.140537e+00 1.830868e+00 1.931675e+00 1.817090e+00 1.132864e+00 1.030830e+00 1.021702e+00 1.781044e+00 1.890903e+00 2.009594e+00 2.107657e+00 2.192945e+00 2.274956e+00 2.357988e+00 1.102148e+00 1.114811e+00 8.576904e-01 8.470348e-01 8.385283e-01 8.318054e-01 8.221676e-01 8.100076e-01 8.042104e-01 8.090310e-01 8.217609e-01 8.338496e-01 8.368372e-01 8.875895e-01 8.763622e-01 8.672576e-01 3.722223e-01 3.722223e-01 8.489729e-01 8.526102e-01 8.546546e-01 8.572044e-01 8.600199e-01 8.614294e-01 8.623696e-01 8.628701e-01 8.661448e-01 8.731496e-01 8.802316e-01 8.888211e-01 8.994017e-01 9.100773e-01 9.164777e-01 9.166505e-01 9.135815e-01 9.091366e-01 9.069385e-01 9.113294e-01
1.662683e+00 1.243069e+00 1.244313e+00 2.024535e+00 1.885111e+00 1.815782e+00 1.791502e+00 9.069878e-01 9.134184e-01 9.204540e-01 9.263440e-01 9.302500e-01 9.519054e-01 9.619190e-01 9.747300e-01 9.901392e-01 1.155001e+00 1.301925e+00 8.584865e-01 8.544883e-01 8.410544e-01 8.219758e-01 8.163837e-01 8.248301e-01 8.364416e-01 8.441451e-01 8.422215e-01 8.290964e-01 8.735411e-01 3.722223e-01 3.722223e-01 8.493606e-01 8.475312e-01 8.511139e-01 8.523569e-01 8.545186e-01 8.576858e-01 8.588990e-01 8.592990e-01 8.592139e-01 8.617463e-01 8.684842e-01 8.757243e-01 8.833465e-01 8.924405e-01 9.036335e-01 9.138258e-01 9.178818e-01 9.151231e-01 9.091781e-01 9.045393e-01 9.061652e-01
1.447240e+00 1.439331e+00 1.387721e+00 1.386122e+00 8.457484e-01 8.361997e-01 8.319569e-01 8.322253e-01 8.334880e-01 8.358568e-01 8.390634e-01 7.756951e-01 7.820072e-01 7.904725e-01 8.003931e-01 8.103371e-01 9.537280e-01 9.680246e-01 1.411447e+00 1.539932e+00 1.641956e+00 8.395837e-01 8.404875e-01 8.571741e-01 8.546596e-01 8.489319e-01 8.412638e-01 8.228694e-01 3.311228e-01 0.000000e+00 8.543391e-01 8.478923e-01 8.467211e-01 8.504751e-01 8.510141e-01 8.522371e-01 8.545749e-01 8.546599e-01 8.540926e-01 8.536861e-01 8.558104e-01 8.624265e-01 8.711055e-01 8.792110e-01 8.851371e-01 8.925370e-01 9.035885e-01 9.133449e-01 9.168273e-01 9.170627e-01 9.163201e-01 9.150624e-01
1.470361e+00 1.380323e+00 1.366945e+00 9.783955e-01 8.357582e-01 8.259880e-01 8.207911e-01 8.192018e-01 8.184765e-01 8.191082e-01 8.212579e-01 8.245189e-01 8.286316e-01 8.337229e-01 8.398636e-01 7.793741e-01 7.875065e-01 9.087538e-01 9.267081e-01 9.702860e-01 9.769285e-01 1.491954e+00 1.615344e+00 8.931880e-01 9.029527e-01 8.762861e-01 8.501125e-01 8.218315e-01 0.000000e+00 8.028625e-01 8.571500e-01 8.479637e-01 8.446418e-01 8.475011e-01 8.489906e-01 8.506856e-01 8.523328e-01 8.513982e-01 8.500813e-01 8.497574e-01 8.520857e-01 8.579353e-01 8.667594e-01 8.765074e-01 8.814946e-01 8.850783e-01 8.935670e-01 9.041115e-01 9.103807e-01 9.144173e-01 9.172033e-01 9.168659e-01
1.366333e+00 1.351396e+00 8.520921e-01 8.493589e-01 8.437039e-01 8.343823e-01 8.278777e-01 8.241375e-01 8.204661e-01 8.182656e-01 8.186480e-01 8.201588e-01 8.213123e-01 8.224770e-01 8.247745e-01 8.278015e-01 8.309996e-01 8.354009e-01 7.775780e-01 7.967278e-01 8.067804e-01 5.848228e-01 5.851828e-01 1.424941e+00 9.257504e-01 9.162806e-01 8.618461e-01 3.311228e-01 3.311228e-01 8.227239e-01 8.048065e-01 8.509958e-01 8.419435e-01 8.421076e-01 8.458841e-01 8.497051e-01 8.510546e-01 8.491475e-01 8.469189e-01 8.463517e-01 8.496427e-01 8.556690e-01 8.637382e-01 8.743094e-01 8.802343e-01 8.815157e-01 8.853728e-01 8.922064e-01 8.977881e-01 9.024952e-01 9.068830e-01 9.102825e-01
1.326036e+00 8.603440e-01 8.566957e-01 8.559878e-01 8.528881e-01 8.453455e-01 8.391618e-01 8.349206e-01 8.292234e-01 8.237026e-01 8.215195e-01 8.213525e-01 8.204746e-01 8.190762e-01 8.188029e-01 8.194436e-01 8.195696e-01 8.202046e-01 8.247888e-01 8.343442e-01 7.750123e-01 7.769195e-01 9.111467e-01 5.800024e-01 1.083360e+00 5.945797e-01 9.138104e-01 0.000000e+00 8.520671e-01 8.525649e-01 8.259820e-01 7.990561e-01 8.494634e-01 8.456609e-01 8.463956e-01 8.483505e-01 8.486592e-01 8.469447e-01 8.449323e-01 8.431408e-01 8.458111e-01 8.526334e-01 8.611322e-01 8.720896e-01 8.790112e-01 8.805318e-01 8.823731e-01 8.863241e-01 8.904856e-01 8.950275e-01 8.998250e-01 9.025791e-01
8.720590e-01 8.681546e-01 8.655224e-01 8.652457e-01 8.638717e-01 8.589414e-01 8.548809e-01 8.523703e-01 8.461093e-01 8.370377e-01 8.310629e-01 8.281940e-01 8.254299e-01 8.222104e-01 8.199753e-01 8.186560e-01 8.160845e-01 8.131661e-01 8.132150e-01 8.163438e-01 8.202603e-01 7.534107e-01 7.647069e-01 1.268229e+00 7.978100e-01 3.311228e-01 4.965512e-01 3.311228e-01 9.149999e-01 8.748407e-01 8.531797e-01 8.250865e-01 8.696709e-01 8.609847e-01 8.524603e-01 8.473760e-01 8.451266e-01 8.438639e-01 8.432511e-01 8.411481e-01 8.422444e-01 8.485361e-01 8.578862e-01 8.699259e-01 8.779244e-01 8.809391e-01 8.830645e-01 8.854857e-01 8.876114e-01 8.910237e-01 8.956558e-01 8.948178e-01
8.783880e-01 8.765472e-01 8.735060e-01 8.715202e-01 8.706057e-01 8.682375e-01 1.453537e+00 1.446532e+00 8.618738e-01 8.525479e-01 1.415720e+00 1.404120e+00 1.392474e+00 1.384077e+00 8.275492e-01 8.249727e-01 8.204527e-01 8.150608e-01 8.126927e-01 8.128106e-01 8.131523e-01 8.143449e-01 1.199704e+00 1.221530e+00 1.274347e+00 8.656414e-01 0.000000e+00 3.316428e-01 6.499940e-01 7.661877e-01 8.654668e-01 8.560403e-01 8.234392e-01 8.667589e-01 8.555266e-01 8.486369e-01 8.446005e-01 8.413786e-01 9.733270e-01 8.389151e-01 8.395052e-01 8.440475e-01 8.523630e-01 8.641052e-01 8.726273e-01 8.772390e-01 8.807016e-01 8.837434e-01 8.854791e-01 8.861890e-01 8.873976e-01 8.839859e-01
1.034647e+00 1.141636e+00 1.527530e+00 8.754861e-01 8.733603e-01 1.487037e+00 1.474119e+00 1.469287e+00 1.464317e+00 1.453854e+00 1.440687e+00 1.424083e+00 1.413474e+00 1.406142e+00 1.406557e+00 1.412509e+00 8.329743e-01 8.250240e-01 8.213502e-01 1.389786e+00 1.384681e+00 1.381910e+00 1.386112e+00 1.219711e+00 1.237194e+00 1.017241e+00 0.000000e+00 8.559651e-01 9.655535e-01 7.505769e-01 9.026737e-01 3.311228e-01 8.214597e-01 7.939420e-01 8.528644e-01 8.512845e-01 8.471057e-01 8.404123e-01 9.694748e-01 8.363289e-01 8.370735e-01 8.400593e-01 8.460355e-01 8.554819e-01 8.634921e-01 8.694742e-01 8.749555e-01 8.804344e-01 8.839235e-01 8.817195e-01 8.762574e-01 8.706364e-01
