tests/data/reference/test_stream_rill_mfda/control/cinfil_m3.asc
ncols	123
nrows	77
xllcorner	-713746.79929998
yllcorner	-1061022.36961616
cellsize	10.0
NODATA_value	-9999
[rows 46 to 68 of 77, columns 52 to 103 of 123]
1.046329e+00 1.543936e+00 1.548036e+00 1.538819e+00 1.521765e+00 1.506810e+00 1.497554e+00 1.491143e+00 1.484013e+00 1.474916e+00 1.455247e+00 1.444600e+00 1.432441e+00 1.429940e+00 1.435800e+00 1.436166e+00 1.442084e+00 1.435522e+00 1.420272e+00 1.410310e+00 1.403276e+00 1.395934e+00 1.395855e+00 1.409019e+00 1.424108e+00 8.861642e-01 8.594349e-01 8.471931e-01 9.415507e-01 1.090356e+00 1.164370e+00 3.316428e-01 3.311228e-01 3.316428e-01 8.026148e-01 8.616357e-01 8.544042e-01 8.429783e-01 8.365047e-01 8.354022e-01 8.363282e-01 8.389826e-01 8.431376e-01 8.496846e-01 8.556752e-01 8.610068e-01 8.666495e-01 8.726377e-01 8.775912e-01 8.761907e-01 8.690600e-01 8.633252e-01
1.530840e+00 1.553591e+00 1.563551e+00 1.551373e+00 1.534578e+00 1.525702e+00 1.520318e+00 1.512318e+00 1.502367e+00 1.477310e+00 1.476727e+00 1.458870e+00 1.449325e+00 1.452666e+00 1.445178e+00 1.464825e+00 1.474198e+00 1.457867e+00 1.441059e+00 1.431179e+00 1.422344e+00 1.413145e+00 1.411182e+00 1.418665e+00 1.250302e+00 9.250871e-01 8.595110e-01 8.259646e-01 9.942580e-01 1.059514e+00 1.133877e+00 1.339950e+00 8.248158e-01 3.311228e-01 3.316428e-01 8.846131e-01 8.685059e-01 8.502029e-01 9.718549e-01 8.360942e-01 8.370134e-01 8.404537e-01 8.433674e-01 8.468088e-01 8.496379e-01 8.526335e-01 8.569442e-01 8.619137e-01 8.672582e-01 8.686121e-01 8.646058e-01 8.608595e-01
1.521040e+00 1.549032e+00 1.561916e+00 1.551132e+00 1.540150e+00 1.538505e+00 1.538199e+00 1.532338e+00 1.492628e+00 1.506836e+00 1.488774e+00 1.470584e+00 1.463391e+00 1.435621e+00 1.462335e+00 1.492675e+00 1.490032e+00 1.473901e+00 1.458601e+00 1.448964e+00 1.440382e+00 1.433168e+00 1.430552e+00 1.228606e+00 1.133414e+00 1.555281e+00 9.024957e-01 8.829189e-01 9.654219e-01 1.044053e+00 1.113801e+00 1.083383e+00 1.455570e+00 8.701977e-01 3.311228e-01 8.464312e-01 8.810915e-01 8.590554e-01 9.778093e-01 8.378681e-01 8.375324e-01 8.414308e-01 8.435900e-01 8.448451e-01 8.451377e-01 8.460868e-01 8.493634e-01 8.531865e-01 8.573968e-01 8.601378e-01 8.599869e-01 8.597489e-01
1.507955e+00 1.532803e+00 1.545858e+00 1.542475e+00 1.540600e+00 1.545576e+00 1.549454e+00 1.499248e+00 1.535814e+00 1.517322e+00 1.496933e+00 1.479708e+00 1.414341e+00 1.446506e+00 1.494113e+00 1.500421e+00 1.496254e+00 1.482414e+00 1.468583e+00 1.459589e+00 1.453868e+00 1.451782e+00 1.254659e+00 1.063098e+00 1.761906e+00 1.225524e+00 8.302131e-01 9.650953e-01 9.524617e-01 1.029951e+00 1.084617e+00 7.656900e-01 1.134423e+00 1.571278e+00 3.316428e-01 3.316428e-01 8.889620e-01 1.109607e+00 9.863295e-01 8.416907e-01 8.388076e-01 8.415189e-01 8.430044e-01 8.431745e-01 8.416472e-01 8.408832e-01 8.435210e-01 8.463479e-01 8.481995e-01 8.512865e-01 8.555363e-01 8.601314e-01
1.494914e+00 1.511759e+00 1.523371e+00 1.528823e+00 1.536519e+00 1.545141e+00 1.479066e+00 1.552018e+00 1.540675e+00 1.519553e+00 1.498903e+00 1.388802e+00 1.423265e+00 1.493719e+00 1.501893e+00 1.503738e+00 1.498054e+00 1.484613e+00 1.470154e+00 1.460741e+00 1.458008e+00 1.324523e+00 9.906967e-01 1.736348e+00 1.468126e+00 0.000000e+00 8.285576e-01 9.563465e-01 9.384669e-01 9.980324e-01 9.957272e-01 1.062123e+00 8.958245e-01 1.202331e+00 8.408657e-01 3.311228e-01 8.370151e-01 8.745557e-01 9.937739e-01 8.461855e-01 8.414229e-01 8.422334e-01 8.426031e-01 8.424958e-01 8.405507e-01 8.379936e-01 8.386731e-01 8.407801e-01 8.421744e-01 8.451586e-01 8.502555e-01 8.565392e-01
1.481282e+00 1.491050e+00 1.499611e+00 1.513145e+00 1.527189e+00 1.436945e+00 1.544596e+00 1.546227e+00 1.534456e+00 1.510983e+00 1.349145e+00 1.392522e+00 1.491843e+00 1.500807e+00 1.506112e+00 1.506291e+00 1.499794e+00 1.484722e+00 1.468204e+00 1.457124e+00 1.456849e+00 8.677763e-01 1.702004e+00 1.493566e+00 1.488145e+00 0.000000e+00 8.293798e-01 9.518015e-01 1.044347e+00 9.028671e-01 8.270812e-01 1.068182e+00 1.099299e+00 1.015058e+00 1.283668e+00 3.316428e-01 3.316428e-01 8.170303e-01 8.614650e-01 8.498168e-01 8.443324e-01 8.435500e-01 8.424224e-01 8.423144e-01 8.415174e-01 8.378665e-01 8.351337e-01 8.357287e-01 8.384409e-01 8.413916e-01 8.441731e-01 8.490211e-01
1.468457e+00 1.470967e+00 1.479125e+00 1.496975e+00 1.382646e+00 1.528380e+00 1.534214e+00 1.532585e+00 1.517165e+00 1.292615e+00 1.341629e+00 1.483426e+00 1.493198e+00 1.502199e+00 1.507742e+00 1.509761e+00 1.502475e+00 1.484379e+00 1.465590e+00 1.452530e+00 1.454526e+00 1.627456e+00 1.504498e+00 1.509144e+00 1.282050e+00 0.000000e+00 8.282855e-01 9.495972e-01 9.220568e-01 8.775762e-01 7.345726e-01 9.194265e-01 1.141068e+00 1.154324e+00 1.123868e+00 8.462824e-01 3.311228e-01 8.119971e-01 8.614537e-01 8.531176e-01 8.489781e-01 8.480056e-01 8.451706e-01 8.429431e-01 8.412815e-01 8.375514e-01 8.333951e-01 8.321045e-01 8.342290e-01 8.373128e-01 8.396473e-01 8.424112e-01
1.450230e+00 1.450589e+00 1.456192e+00 1.306041e+00 1.503301e+00 1.516232e+00 1.517862e+00 1.509575e+00 1.229545e+00 1.283103e+00 1.464536e+00 1.471306e+00 1.484300e+00 1.495722e+00 1.504284e+00 1.507840e+00 1.499669e+00 1.480706e+00 1.462407e+00 1.449410e+00 1.453480e+00 1.484879e+00 1.510103e+00 1.311587e+00 9.781369e-01 0.000000e+00 8.259839e-01 8.768576e-01 8.107786e-01 8.031349e-01 9.183088e-01 8.556994e-01 1.007194e+00 1.205990e+00 1.212827e+00 8.174176e-01 3.316428e-01 3.316428e-01 7.914271e-01 8.548632e-01 8.550976e-01 8.560637e-01 8.516254e-01 8.454476e-01 8.403484e-01 8.360907e-01 8.326276e-01 8.301752e-01 8.299749e-01 8.327659e-01 8.364070e-01 8.370695e-01
1.427995e+00 1.423342e+00 1.205729e+00 1.455967e+00 1.484650e+00 1.494827e+00 1.489399e+00 1.145890e+00 1.224252e+00 1.457675e+00 1.448324e+00 1.454433e+00 1.465703e+00 1.480221e+00 1.491166e+00 1.493784e+00 1.486147e+00 1.470423e+00 1.455907e+00 1.445840e+00 1.453413e+00 1.487220e+00 1.373682e+00 9.172211e-01 8.439915e-01 0.000000e+00 8.226639e-01 8.149580e-01 9.059181e-01 8.823466e-01 9.256453e-01 1.013235e+00 9.540590e-01 1.077322e+00 1.266882e+00 7.986731e-01 8.004864e-01 3.311228e-01 7.818749e-01 7.850001e-01 8.531359e-01 8.545720e-01 8.499920e-01 8.431708e-01 8.373997e-01 8.336979e-01 8.317753e-01 8.298896e-01 8.284987e-01 8.296807e-01 8.327270e-01 8.334239e-01
1.396326e+00 1.107925e+00 1.397570e+00 1.429348e+00 1.455806e+00 1.458346e+00 1.033677e+00 1.139643e+00 1.453979e+00 1.439972e+00 1.434862e+00 1.436199e+00 1.442118e+00 1.456479e+00 1.468120e+00 1.469491e+00 1.463185e+00 1.452240e+00 1.443355e+00 1.439066e+00 1.447028e+00 1.478086e+00 8.787172e-01 8.526992e-01 5.477007e-01 5.490571e-01 8.165912e-01 9.038715e-01 9.311809e-01 9.900681e-01 9.835842e-01 1.030784e+00 1.096440e+00 1.027277e+00 1.145889e+00 1.334609e+00 7.957068e-01 3.311228e-01 7.724185e-01 7.765502e-01 8.441925e-01 8.431987e-01 8.396342e-01 8.353562e-01 8.319666e-01 8.304435e-01 8.308342e-01 8.308762e-01 8.295443e-01 8.283482e-01 8.288549e-01 8.308733e-01
9.989666e-01 1.352271e+00 1.366766e+00 1.396036e+00 1.412403e+00 8.865981e-01 1.026593e+00 1.433110e+00 1.425610e+00 1.422465e+00 1.419975e+00 1.415656e+00 1.415759e+00 1.428545e+00 1.439573e+00 1.438875e+00 1.433104e+00 1.427764e+00 1.426948e+00 1.424373e+00 1.429773e+00 1.452331e+00 1.330770e+00 9.471771e-01 6.253803e-01 8.942406e-01 8.126931e-01 9.358199e-01 9.995344e-01 1.030320e+00 8.913545e-01 1.057385e+00 1.101157e+00 1.135939e+00 1.102373e+00 1.225088e+00 8.017716e-01 3.316428e-01 3.311228e-01 7.602884e-01 7.608268e-01 8.313498e-01 8.305061e-01 8.293078e-01 8.285072e-01 8.282224e-01 8.293004e-01 8.309732e-01 8.314988e-01 8.306894e-01 8.304191e-01 8.331996e-01
1.305853e+00 1.313928e+00 1.333129e+00 1.350694e+00 8.772527e-01 8.794120e-01 1.409059e+00 1.399760e+00 1.398010e+00 1.400167e+00 1.397700e+00 1.388919e+00 1.386913e+00 1.398209e+00 1.406348e+00 1.403555e+00 1.400615e+00 1.404028e+00 1.404465e+00 1.402286e+00 1.409320e+00 1.415816e+00 1.603399e+00 1.245987e+00 7.227692e-01 8.932647e-01 8.736471e-01 9.398922e-01 8.354232e-01 9.437805e-01 1.257923e+00 1.300041e+00 1.333290e+00 1.363145e+00 1.068333e+00 1.061545e+00 7.951790e-01 7.975558e-01 3.311228e-01 7.379210e-01 7.403139e-01 8.194533e-01 8.226545e-01 8.249255e-01 8.269497e-01 8.273008e-01 8.275019e-01 8.299969e-01 8.339798e-01 8.365133e-01 8.375213e-01 8.407116e-01
1.254682e+00 1.275909e+00 1.294783e+00 1.308646e+00 1.332937e+00 1.381914e+00 1.375365e+00 1.370951e+00 1.370371e+00 1.370235e+00 1.364803e+00 1.357247e+00 1.356974e+00 1.364128e+00 1.367938e+00 1.368411e+00 1.375537e+00 1.378450e+00 1.376870e+00 1.381493e+00 1.376728e+00 1.377104e+00 1.380106e+00 1.403888e+00 1.162622e+00 8.927711e-01 9.983390e-01 8.483090e-01 1.130002e+00 1.204368e+00 1.259921e+00 1.298037e+00 1.331012e+00 1.366156e+00 1.293290e+00 1.054600e+00 1.061832e+00 8.130836e-01 3.316428e-01 3.311228e-01 7.380082e-01 7.430364e-01 8.198306e-01 8.237208e-01 8.268255e-01 8.280201e-01 8.284184e-01 8.306950e-01 8.354482e-01 8.392536e-01 8.403942e-01 8.435611e-01
1.200256e+00 1.229291e+00 1.258308e+00 1.287008e+00 1.350600e+00 1.344551e+00 1.341393e+00 1.339976e+00 1.335722e+00 1.329212e+00 1.324485e+00 1.322305e+00 1.321225e+00 1.322325e+00 1.327860e+00 1.341548e+00 1.348780e+00 1.347475e+00 1.354013e+00 1.343989e+00 1.337767e+00 1.339263e+00 1.342009e+00 1.357387e+00 1.124515e+00 8.135831e-01 9.402296e-01 1.044291e+00 1.131278e+00 1.204051e+00 1.259466e+00 1.299128e+00 1.338645e+00 1.264663e+00 1.138678e+00 1.155847e+00 1.014487e+00 1.075811e+00 8.254648e-01 3.311228e-01 3.311228e-01 7.474142e-01 7.500323e-01 8.257014e-01 8.282924e-01 8.301292e-01 8.318452e-01 8.335042e-01 8.365699e-01 8.390051e-01 8.387126e-01 8.408521e-01
1.133688e+00 1.180664e+00 1.237487e+00 1.319749e+00 1.309292e+00 1.300082e+00 1.300218e+00 1.297325e+00 1.288723e+00 1.281427e+00 1.279387e+00 1.277800e+00 1.274171e+00 1.277588e+00 1.296178e+00 1.309969e+00 1.311277e+00 1.322157e+00 1.309231e+00 1.297618e+00 1.296398e+00 1.301518e+00 1.322638e+00 1.335689e+00 1.083323e+00 8.114654e-01 9.397640e-01 1.045780e+00 1.133118e+00 1.204732e+00 1.261666e+00 1.311316e+00 1.245845e+00 1.076476e+00 1.096040e+00 1.044155e+00 1.151104e+00 1.020096e+00 1.090918e+00 8.487206e-01 3.311228e-01 3.316428e-01 7.649386e-01 8.338515e-01 8.326838e-01 8.323858e-01 8.335401e-01 8.342289e-01 8.360863e-01 8.394101e-01 8.416645e-01 1.446952e+00
1.067507e+00 1.148282e+00 1.281739e+00 1.276479e+00 1.254507e+00 1.248244e+00 1.242922e+00 1.238431e+00 1.235683e+00 1.231112e+00 1.224267e+00 1.220213e+00 1.225889e+00 1.246655e+00 1.263486e+00 1.265323e+00 1.281308e+00 1.266036e+00 1.251345e+00 1.246220e+00 1.248826e+00 1.279577e+00 1.303540e+00 1.293454e+00 0.000000e+00 8.141320e-01 9.436181e-01 1.050047e+00 1.137169e+00 1.207768e+00 1.273759e+00 1.231331e+00 1.006876e+00 1.031006e+00 1.073365e+00 1.090573e+00 1.048907e+00 1.122458e+00 1.028095e+00 1.119714e+00 1.300743e+00 3.311228e-01 8.042115e-01 7.858951e-01 8.411931e-01 8.354224e-01 8.339092e-01 8.331428e-01 8.336692e-01 8.395086e-01 1.457179e+00 1.456012e+00
1.017306e+00 1.194303e+00 1.229454e+00 1.204133e+00 1.191993e+00 1.177881e+00 1.166259e+00 1.173048e+00 1.180355e+00 1.170443e+00 1.158148e+00 1.166565e+00 1.196266e+00 1.219842e+00 1.217926e+00 1.236515e+00 1.216852e+00 1.194672e+00 1.187580e+00 1.186320e+00 1.216114e+00 1.252981e+00 1.252031e+00 1.269687e+00 0.000000e+00 8.180406e-01 9.479889e-01 1.052492e+00 1.138196e+00 1.218439e+00 1.212295e+00 9.188541e-01 9.473487e-01 1.008841e+00 1.029729e+00 1.075656e+00 1.056072e+00 1.084990e+00 1.181709e+00 1.089913e+00 1.159403e+00 3.316428e-01 3.311228e-01 8.058045e-01 8.499697e-01 8.403631e-01 8.376365e-01 8.376532e-01 8.380982e-01 8.451975e-01 1.471816e+00 1.447008e+00
1.081341e+00 1.137649e+00 1.123583e+00 1.117861e+00 1.102709e+00 1.080844e+00 1.080408e+00 1.101577e+00 1.105482e+00 1.089695e+00 1.095127e+00 1.132823e+00 1.171819e+00 1.169597e+00 1.189287e+00 1.164095e+00 1.132822e+00 1.119992e+00 1.116128e+00 1.145721e+00 1.184467e+00 1.188578e+00 1.221374e+00 1.251187e+00 0.000000e+00 8.214757e-01 9.502384e-01 1.050776e+00 1.147450e+00 1.217713e+00 8.268868e-01 8.277326e-01 9.296814e-01 9.485918e-01 1.018007e+00 9.899389e-01 1.019556e+00 1.120985e+00 1.165363e+00 1.171095e+00 1.081516e+00 1.352245e+00 3.311228e-01 3.316428e-01 7.927302e-01 8.468934e-01 8.443283e-01 8.477212e-01 8.493143e-01 1.484560e+00 1.470087e+00 1.433909e+00
1.057669e+00 1.000881e+00 1.004595e+00 9.939724e-01 9.727396e-01 9.682140e-01 9.861451e-01 9.998157e-01 9.954121e-01 1.003823e+00 1.043972e+00 1.105904e+00 1.106681e+00 1.134065e+00 1.107165e+00 1.061251e+00 1.044008e+00 1.035948e+00 1.066433e+00 1.112477e+00 1.109546e+00 1.150619e+00 1.198580e+00 1.216511e+00 0.000000e+00 8.230750e-01 9.486721e-01 1.063200e+00 1.143865e+00 1.260639e+00 1.527495e+00 8.866113e-01 8.292308e-01 9.490483e-01 9.072725e-01 9.396224e-01 1.065700e+00 1.120453e+00 1.098437e+00 1.132971e+00 1.142198e+00 1.058677e+00 8.134629e-01 3.311228e-01 8.091292e-01 7.913691e-01 8.481559e-01 8.528931e-01 1.494823e+00 1.483867e+00 1.453268e+00 1.428580e+00
9.176915e-01 9.111725e-01 9.068975e-01 9.051846e-01 9.049809e-01 9.065428e-01 9.094206e-01 9.134575e-01 9.154566e-01 9.149995e-01 1.019547e+00 1.015838e+00 1.050065e+00 1.036621e+00 9.773774e-01 9.536680e-01 9.433532e-01 9.728529e-01 1.032778e+00 1.023944e+00 1.067527e+00 1.130729e+00 1.153683e+00 1.196313e+00 0.000000e+00 8.225706e-01 9.752762e-01 1.067269e+00 1.194060e+00 1.427537e+00 1.251041e+00 1.609183e+00 9.354429e-01 8.319163e-01 8.286938e-01 9.976374e-01 1.079496e+00 1.033691e+00 1.073461e+00 1.057724e+00 1.077289e+00 9.880005e-01 1.547078e+00 3.316428e-01 3.311228e-01 8.087205e-01 8.506073e-01 1.496533e+00 1.497132e+00 1.468661e+00 1.441248e+00 1.431149e+00
1.771917e+00 1.788624e+00 1.793034e+00 1.790738e+00 1.786438e+00 1.785956e+00 1.787210e+00 9.943928e-01 1.003617e+00 9.961937e-01 9.279301e-01 9.210234e-01 9.760532e-01 8.986028e-01 8.830337e-01 8.654638e-01 8.516497e-01 9.462376e-01 9.224730e-01 9.695781e-01 1.052777e+00 1.079810e+00 1.139871e+00 8.650148e-01 0.000000e+00 8.821016e-01 9.974756e-01 1.129690e+00 1.354176e+00 1.179252e+00 1.118741e+00 1.310348e+00 1.681316e+00 9.677086e-01 9.048966e-01 1.043143e+00 9.561934e-01 1.016212e+00 9.848374e-01 9.964866e-01 1.020096e+00 1.861051e+00 9.879925e-01 1.528972e+00 3.316428e-01 3.316428e-01 7.968356e-01 1.498553e+00 1.479635e+00 1.453153e+00 1.436921e+00 1.436556e+00
-9.999000e+03 -9.999000e+03 -9.999000e+03 -9.999000e+03 -9.999000e+03 -9.999000e+03 -9.999000e+03 1.782274e+00 1.788307e+00 1.814787e+00 1.062066e+00 9.924254e-01 9.130679e-01 9.652243e-01 9.506906e-01 9.416663e-01 9.232678e-01 8.437070e-01 8.397368e-01 9.631631e-01 9.805241e-01 1.072077e+00 1.085051e+00 7.604465e-01 8.978759e-01 9.603261e-01 1.066006e+00 1.282033e+00 1.106939e+00 1.025728e+00 1.030805e+00 9.459038e-01 1.362504e+00 1.749254e+00 1.060402e+00 8.426460e-01 9.714152e-01 9.005169e-01 9.122165e-01 9.308641e-01 1.726661e+00 1.018730e+00 9.300192e-01 8.558680e-01 1.443881e+00 3.311228e-01 1.071829e+00 1.291184e+00 1.458190e+00 1.439097e+00 2.020977e+00 2.216253e+00
-9.999000e+03 -9.999000e+03 -9.999000e+03 -9.999000e+03 -9.999000e+03 -9.999000e+03 -9.999000e+03 -9.999000e+03 -9.999000e+03 -9.999000e+03 1.839691e+00 1.861738e+00 1.060993e+00 1.031362e+00 1.055021e+00 1.053127e+00 1.045802e+00 9.638341e-01 9.175729e-01 8.486850e-01 9.862106e-01 9.927011e-01 9.932061e-01 6.248539e-01 1.109164e+00 9.862539e-01 1.203434e+00 1.036132e+00 9.279112e-01 9.250481e-01 9.281499e-01 9.379909e-01 8.528469e-01 1.411206e+00 1.815031e+00 1.052017e+00 8.434966e-01 8.330944e-01 8.213537e-01 1.695711e+00 9.278609e-01 7.988198e-01 8.018903e-01 8.125165e-01 7.657872e-01 1.507774e+00 1.111546e+00 1.049888e+00 1.442054e+00 1.932339e+00 -9.999000e+03 -9.999000e+03
