tests/data/reference/test_stream_rill_mfda/control/cinfil_m3.asc
ncols	123
nrows	77
xllcorner	-713746.79929998
yllcorner	-1061022.36961616
cellsize	10.0
NODATA_value	-9999
[rows 23 to 45 of 77, columns 52 to 103 of 123]
8.340710e-01 8.303664e-01 8.308649e-01 8.341170e-01 8.357875e-01 1.406122e+00 1.420600e+00 1.419932e+00 1.423482e+00 1.426413e+00 1.428723e+00 8.461665e-01 1.446959e+00 1.683673e+00 1.482592e+00 8.748583e-01 8.875936e-01 8.933709e-01 8.880443e-01 8.818311e-01 8.768931e-01 8.727079e-01 8.714610e-01 8.758305e-01 8.840048e-01 8.909900e-01 8.996926e-01 9.095821e-01 9.176638e-01 9.081979e-01 9.725877e-01 9.334171e-01 1.133672e+00 9.267190e-01 -9.999000e+03 -9.999000e+03 -9.999000e+03 -9.999000e+03 -9.999000e+03 -9.999000e+03 -9.999000e+03 -9.999000e+03 -9.999000e+03 -9.999000e+03 -9.999000e+03 -9.999000e+03 -9.999000e+03 -9.999000e+03 -9.999000e+03 -9.999000e+03 -9.999000e+03 -9.999000e+03
8.295471e-01 8.283315e-01 8.305024e-01 8.337753e-01 8.357826e-01 8.369391e-01 1.427832e+00 1.442596e+00 1.445528e+00 1.447875e+00 1.450184e+00 1.451617e+00 8.481189e-01 8.549941e-01 8.646178e-01 8.752643e-01 8.849300e-01 8.880857e-01 8.815958e-01 8.734625e-01 8.668352e-01 8.623006e-01 8.613150e-01 8.636391e-01 8.690806e-01 8.800265e-01 8.965539e-01 9.121347e-01 9.231682e-01 9.192664e-01 8.993275e-01 1.013458e+00 1.017385e+00 1.126460e+00 1.032205e+00 -9.999000e+03 -9.999000e+03 -9.999000e+03 -9.999000e+03 -9.999000e+03 -9.999000e+03 -9.999000e+03 -9.999000e+03 -9.999000e+03 -9.999000e+03 -9.999000e+03 -9.999000e+03 -9.999000e+03 -9.999000e+03 -9.999000e+03 -9.999000e+03 -9.999000e+03
8.264913e-01 8.269740e-01 8.288910e-01 8.324005e-01 8.365270e-01 8.402720e-01 8.434926e-01 8.449018e-01 8.435841e-01 1.462054e+00 1.463857e+00 1.466549e+00 1.471771e+00 8.587073e-01 8.658593e-01 8.705392e-01 8.737159e-01 8.747219e-01 8.714796e-01 8.658856e-01 8.600220e-01 8.559069e-01 8.552473e-01 8.571526e-01 8.605998e-01 8.661860e-01 8.734507e-01 8.809720e-01 1.034997e+00 9.010414e-01 9.116622e-01 9.069629e-01 8.907480e-01 9.724550e-01 9.213720e-01 1.048922e+00 9.299612e-01 9.321328e-01 -9.999000e+03 -9.999000e+03 -9.999000e+03 -9.999000e+03 -9.999000e+03 -9.999000e+03 -9.999000e+03 -9.999000e+03 -9.999000e+03 -9.999000e+03 -9.999000e+03 -9.999000e+03 -9.999000e+03 -9.999000e+03
8.243073e-01 8.260318e-01 8.290316e-01 8.340643e-01 8.395606e-01 8.437307e-01 8.455583e-01 8.438261e-01 8.412423e-01 8.399694e-01 1.473422e+00 1.477727e+00 1.484078e+00 8.579817e-01 8.626236e-01 8.658495e-01 8.691627e-01 8.713889e-01 8.692866e-01 8.646423e-01 8.598650e-01 8.564846e-01 8.557463e-01 8.563007e-01 8.568407e-01 8.575526e-01 8.587504e-01 8.618878e-01 8.695567e-01 8.848945e-01 9.031204e-01 9.061123e-01 8.931733e-01 8.808711e-01 9.571392e-01 1.024419e+00 1.072988e+00 1.001399e+00 1.076765e+00 9.348341e-01 -9.999000e+03 -9.999000e+03 -9.999000e+03 -9.999000e+03 -9.999000e+03 -9.999000e+03 -9.999000e+03 -9.999000e+03 -9.999000e+03 -9.999000e+03 -9.999000e+03 -9.999000e+03
8.226144e-01 8.262747e-01 8.319963e-01 8.387821e-01 8.437474e-01 8.451055e-01 8.437070e-01 8.405580e-01 8.390986e-01 8.396890e-01 8.418121e-01 8.457227e-01 1.489923e+00 8.530358e-01 8.573636e-01 8.640675e-01 8.720170e-01 8.766968e-01 8.741788e-01 8.696102e-01 8.664757e-01 8.640995e-01 8.627882e-01 8.609277e-01 8.575314e-01 8.540307e-01 8.516337e-01 8.520638e-01 8.564358e-01 8.644232e-01 8.752197e-01 8.857193e-01 8.933188e-01 8.946523e-01 8.918992e-01 8.930578e-01 9.508286e-01 9.161563e-01 1.098834e+00 1.192262e+00 1.088708e+00 0.000000e+00 -9.999000e+03 -9.999000e+03 -9.999000e+03 -9.999000e+03 -9.999000e+03 -9.999000e+03 -9.999000e+03 -9.999000e+03 -9.999000e+03 -9.999000e+03
8.237378e-01 8.289593e-01 8.355627e-01 8.416317e-01 8.448296e-01 8.444529e-01 8.423307e-01 8.392430e-01 8.378996e-01 8.386397e-01 8.408298e-01 8.444678e-01 8.480351e-01 8.519239e-01 8.583097e-01 8.673936e-01 8.747788e-01 8.763654e-01 8.719530e-01 8.669650e-01 8.641841e-01 8.625623e-01 8.619987e-01 8.605224e-01 8.565651e-01 8.513325e-01 8.471480e-01 8.465536e-01 8.497386e-01 8.544816e-01 8.619035e-01 8.743783e-01 8.888103e-01 8.979831e-01 8.997009e-01 8.985101e-01 9.022953e-01 9.104309e-01 9.170546e-01 9.210235e-01 9.158878e-01 0.000000e+00 0.000000e+00 0.000000e+00 -9.999000e+03 -9.999000e+03 -9.999000e+03 -9.999000e+03 -9.999000e+03 -9.999000e+03 -9.999000e+03 -9.999000e+03
8.278887e-01 8.337130e-01 8.389002e-01 8.419558e-01 8.429065e-01 8.432460e-01 8.427726e-01 8.389944e-01 8.359931e-01 8.360286e-01 8.382866e-01 8.426614e-01 8.483476e-01 8.561523e-01 8.658113e-01 8.738003e-01 8.748480e-01 8.698645e-01 8.629590e-01 8.570457e-01 8.534669e-01 8.525639e-01 8.540187e-01 8.553476e-01 8.539751e-01 8.492725e-01 8.449230e-01 8.448289e-01 8.484953e-01 8.526719e-01 8.583245e-01 8.679420e-01 8.789038e-01 8.892350e-01 8.984791e-01 9.035600e-01 9.066012e-01 9.082310e-01 9.097366e-01 3.727423e-01 0.000000e+00 9.664844e-01 1.467384e+00 1.554395e+00 0.000000e+00 -9.999000e+03 -9.999000e+03 -9.999000e+03 -9.999000e+03 -9.999000e+03 -9.999000e+03 -9.999000e+03
8.369721e-01 8.416263e-01 8.436942e-01 8.432791e-01 8.421951e-01 8.422245e-01 8.415646e-01 8.373410e-01 8.353424e-01 8.374557e-01 8.414597e-01 8.474462e-01 8.547286e-01 8.635080e-01 8.704555e-01 8.715733e-01 8.666632e-01 8.587905e-01 8.520779e-01 8.478082e-01 8.460382e-01 8.470942e-01 8.499847e-01 8.521363e-01 8.513855e-01 8.471095e-01 8.440637e-01 8.447721e-01 8.473168e-01 8.494877e-01 8.526578e-01 8.595668e-01 8.681517e-01 8.774782e-01 8.893732e-01 8.988470e-01 9.008031e-01 8.996627e-01 3.727423e-01 0.000000e+00 9.396693e-01 9.631952e-01 9.765302e-01 1.278860e+00 1.149685e+00 0.000000e+00 -9.999000e+03 -9.999000e+03 -9.999000e+03 -9.999000e+03 -9.999000e+03 -9.999000e+03
8.524511e-01 8.533836e-01 8.501048e-01 8.458697e-01 8.426883e-01 8.402360e-01 8.376360e-01 8.357840e-01 8.385727e-01 8.448181e-01 8.517002e-01 8.597483e-01 8.667895e-01 8.707791e-01 8.684116e-01 8.610888e-01 8.529676e-01 8.452841e-01 8.406567e-01 8.398566e-01 8.416570e-01 8.453776e-01 8.491432e-01 8.505056e-01 8.487471e-01 8.452399e-01 8.447907e-01 8.463733e-01 8.465086e-01 8.455875e-01 8.457269e-01 8.500797e-01 8.571016e-01 8.644479e-01 8.758914e-01 8.862622e-01 8.858721e-01 3.722223e-01 0.000000e+00 9.067808e-01 9.238085e-01 9.488775e-01 9.786149e-01 9.930327e-01 1.456300e+00 1.353182e+00 1.253103e+00 -9.999000e+03 -9.999000e+03 -9.999000e+03 -9.999000e+03 -9.999000e+03
8.767499e-01 8.713022e-01 8.633748e-01 8.564970e-01 8.509259e-01 8.456821e-01 8.414235e-01 8.406192e-01 8.443774e-01 8.497344e-01 8.552349e-01 8.611754e-01 8.642363e-01 8.629953e-01 8.575982e-01 8.503213e-01 8.443363e-01 8.398189e-01 8.387760e-01 8.410393e-01 8.440143e-01 8.472611e-01 8.493438e-01 8.488463e-01 8.463633e-01 8.443158e-01 8.465172e-01 8.497659e-01 8.498111e-01 8.480923e-01 8.465593e-01 8.485440e-01 8.532984e-01 8.573502e-01 8.659416e-01 8.751760e-01 3.722223e-01 3.727423e-01 8.862719e-01 8.966289e-01 9.080069e-01 9.255143e-01 9.512142e-01 9.715797e-01 9.685915e-01 1.032630e+00 1.050059e+00 1.199405e+00 0.000000e+00 -9.999000e+03 -9.999000e+03 -9.999000e+03
9.133834e-01 8.969778e-01 8.853835e-01 8.764937e-01 8.676888e-01 8.593973e-01 8.533095e-01 8.501424e-01 8.488544e-01 8.482243e-01 8.484956e-01 8.489177e-01 8.476612e-01 8.457625e-01 8.438782e-01 8.419083e-01 8.413312e-01 8.423241e-01 8.461619e-01 8.510313e-01 8.528844e-01 8.525905e-01 8.504488e-01 8.470989e-01 8.442859e-01 8.443113e-01 8.493403e-01 8.551121e-01 8.573210e-01 8.570715e-01 8.549515e-01 8.541029e-01 8.563149e-01 8.573685e-01 3.727423e-01 0.000000e+00 3.727423e-01 8.707678e-01 8.780001e-01 8.862253e-01 8.945216e-01 9.026686e-01 9.152869e-01 9.329290e-01 9.472179e-01 9.605879e-01 9.711078e-01 1.325964e+00 1.022315e+00 0.000000e+00 -9.999000e+03 -9.999000e+03
1.629374e+00 8.626465e-01 8.434054e-01 8.297945e-01 8.771171e-01 8.660421e-01 8.575666e-01 8.518577e-01 8.470048e-01 8.431741e-01 8.406407e-01 8.382322e-01 8.357439e-01 8.346607e-01 8.350953e-01 8.368249e-01 8.406323e-01 8.460862e-01 8.533478e-01 7.964322e-01 8.631687e-01 8.618845e-01 8.571189e-01 8.517482e-01 8.489560e-01 8.508267e-01 8.576605e-01 8.634594e-01 8.648992e-01 8.643918e-01 8.608166e-01 8.557622e-01 8.560541e-01 3.722223e-01 0.000000e+00 8.603962e-01 8.625309e-01 8.659505e-01 8.709018e-01 8.770347e-01 8.839657e-01 8.901544e-01 8.983162e-01 9.125047e-01 9.286287e-01 9.436310e-01 9.536766e-01 9.520823e-01 1.099430e+00 1.032866e+00 1.243482e+00 0.000000e+00
1.290183e+00 1.700983e+00 9.754966e-01 8.285046e-01 8.171319e-01 7.996119e-01 7.868926e-01 7.791476e-01 7.725473e-01 7.675684e-01 7.638245e-01 7.601442e-01 7.575855e-01 7.571794e-01 7.590035e-01 7.644128e-01 7.735359e-01 7.842737e-01 7.962119e-01 8.081713e-01 8.158430e-01 8.157732e-01 8.084616e-01 8.004775e-01 8.615147e-01 8.652979e-01 8.727965e-01 8.759643e-01 8.733135e-01 8.699813e-01 8.641061e-01 8.549444e-01 3.722223e-01 0.000000e+00 8.595315e-01 8.612615e-01 8.620849e-01 8.629276e-01 8.651564e-01 8.690182e-01 8.753315e-01 8.829907e-01 8.912578e-01 9.024650e-01 9.129106e-01 9.187146e-01 9.206885e-01 9.220400e-01 9.264926e-01 1.097214e+00 1.128850e+00 1.217807e+00
1.209364e+00 2.004442e+00 1.752258e+00 1.061765e+00 9.509062e-01 9.283454e-01 9.163260e-01 7.853562e-01 7.838182e-01 7.824331e-01 7.806314e-01 7.780950e-01 7.778702e-01 7.800716e-01 7.837505e-01 7.903453e-01 7.983722e-01 8.057833e-01 8.137175e-01 8.216947e-01 8.249420e-01 8.201394e-01 8.122182e-01 8.079604e-01 8.109233e-01 8.191432e-01 8.852107e-01 8.844810e-01 8.775785e-01 8.711095e-01 8.640978e-01 3.722223e-01 0.000000e+00 8.550306e-01 8.579285e-01 8.602206e-01 8.613408e-01 8.615984e-01 8.625209e-01 8.643833e-01 8.693490e-01 8.772462e-01 8.852603e-01 8.948650e-01 9.041154e-01 9.097003e-01 9.108841e-01 9.113877e-01 9.144755e-01 9.188218e-01 1.117284e+00 9.325795e-01
1.901366e+00 1.291387e+00 2.070318e+00 1.818670e+00 1.132891e+00 1.030855e+00 1.021728e+00 1.861938e+00 1.917734e+00 2.032879e+00 2.127802e+00 2.209977e+00 2.288741e+00 2.368355e+00 1.102180e+00 1.114843e+00 8.576978e-01 8.470415e-01 8.385345e-01 8.318113e-01 8.221729e-01 8.100121e-01 8.042144e-01 8.090354e-01 8.217662e-01 8.338556e-01 8.368434e-01 8.875905e-01 8.763627e-01 8.672579e-01 3.722223e-01 3.722223e-01 8.489729e-01 8.526102e-01 8.546546e-01 8.572044e-01 8.600200e-01 8.614295e-01 8.623697e-01 8.628703e-01 8.661450e-01 8.731501e-01 8.802323e-01 8.888221e-01 8.994032e-01 9.100794e-01 9.164800e-01 9.166528e-01 9.135838e-01 9.091387e-01 9.069404e-01 9.113315e-01
1.253354e+00 1.243079e+00 1.244325e+00 2.146480e+00 2.003939e+00 1.921174e+00 1.882867e+00 9.070055e-01 9.134367e-01 9.204729e-01 9.263633e-01 9.302697e-01 9.519266e-01 9.619410e-01 9.747526e-01 9.901627e-01 1.155043e+00 1.301982e+00 8.584940e-01 8.544955e-01 8.410607e-01 8.219811e-01 8.163885e-01 8.248356e-01 8.364478e-01 8.441516e-01 8.422280e-01 8.291021e-01 8.735416e-01 3.722223e-01 3.722223e-01 8.493606e-01 8.475312e-01 8.511139e-01 8.523569e-01 8.545186e-01 8.576859e-01 8.588991e-01 8.592991e-01 8.592140e-01 8.617464e-01 8.684845e-01 8.757248e-01 8.833473e-01 8.924416e-01 9.036353e-01 9.138281e-01 9.178842e-01 9.151254e-01 9.091801e-01 9.045411e-01 9.061670e-01
1.447233e+00 1.439326e+00 1.387725e+00 1.386130e+00 8.457485e-01 8.361997e-01 8.319569e-01 8.322253e-01 8.334880e-01 8.358569e-01 8.390634e-01 7.756975e-01 7.820099e-01 7.904757e-01 8.003969e-01 8.103415e-01 9.537493e-01 9.680469e-01 1.411514e+00 1.540011e+00 1.642034e+00 8.395900e-01 8.404938e-01 8.571815e-01 8.546669e-01 8.489388e-01 8.412702e-01 8.228748e-01 3.311228e-01 0.000000e+00 8.543391e-01 8.478923e-01 8.467211e-01 8.504751e-01 8.510141e-01 8.522371e-01 8.545749e-01 8.546599e-01 8.540927e-01 8.536861e-01 8.558104e-01 8.624266e-01 8.711059e-01 8.792116e-01 8.851379e-01 8.925382e-01 9.035902e-01 9.133471e-01 9.168296e-01 9.170650e-01 9.163224e-01 9.150646e-01
1.470352e+00 1.380331e+00 1.366954e+00 9.784056e-01 8.357582e-01 8.259880e-01 8.207912e-01 8.192018e-01 8.184765e-01 8.191082e-01 8.212579e-01 8.245190e-01 8.286317e-01 8.337229e-01 8.398637e-01 7.793766e-01 7.875095e-01 9.087716e-01 9.267274e-01 9.703088e-01 9.769511e-01 1.492059e+00 1.615403e+00 8.931974e-01 9.029626e-01 8.762946e-01 8.501195e-01 8.218368e-01 0.000000e+00 8.028664e-01 8.571500e-01 8.479637e-01 8.446419e-01 8.475011e-01 8.489907e-01 8.506856e-01 8.523328e-01 8.513983e-01 8.500814e-01 8.497574e-01 8.520857e-01 8.579354e-01 8.667597e-01 8.765079e-01 8.814954e-01 8.850792e-01 8.935682e-01 9.041132e-01 9.103828e-01 9.144195e-01 9.172057e-01 9.168682e-01
1.366345e+00 1.351408e+00 8.520922e-01 8.493589e-01 8.437039e-01 8.343823e-01 8.278778e-01 8.241375e-01 8.204661e-01 8.182656e-01 8.186481e-01 8.201588e-01 8.213123e-01 8.224770e-01 8.247745e-01 8.278015e-01 8.309996e-01 8.354009e-01 7.775804e-01 7.967314e-01 8.067846e-01 5.848205e-01 5.851804e-01 1.424933e+00 9.257613e-01 9.162911e-01 8.618537e-01 3.311228e-01 3.311228e-01 8.227293e-01 8.048106e-01 8.509958e-01 8.419435e-01 8.421076e-01 8.458841e-01 8.497051e-01 8.510547e-01 8.491475e-01 8.469189e-01 8.463518e-01 8.496427e-01 8.556691e-01 8.637384e-01 8.743098e-01 8.802350e-01 8.815165e-01 8.853737e-01 8.922076e-01 8.977895e-01 9.024969e-01 9.068849e-01 9.102846e-01
1.326053e+00 8.603441e-01 8.566957e-01 8.559879e-01 8.528881e-01 8.453455e-01 8.391618e-01 8.349206e-01 8.292234e-01 8.237026e-01 8.215195e-01 8.213526e-01 8.204747e-01 8.190762e-01 8.188029e-01 8.194436e-01 8.195696e-01 8.202046e-01 8.247889e-01 8.343442e-01 7.750147e-01 7.769219e-01 9.111652e-01 5.800008e-01 1.083318e+00 5.945761e-01 9.138148e-01 0.000000e+00 8.520741e-01 8.525720e-01 8.259876e-01 7.990597e-01 8.494635e-01 8.456609e-01 8.463956e-01 8.483505e-01 8.486593e-01 8.469447e-01 8.449323e-01 8.431408e-01 8.458111e-01 8.526335e-01 8.611323e-01 8.720900e-01 8.790119e-01 8.805325e-01 8.823739e-01 8.863250e-01 8.904867e-01 8.950287e-01 8.998265e-01 9.025808e-01
8.720594e-01 8.681549e-01 8.655226e-01 8.652459e-01 8.638719e-01 8.589415e-01 8.548809e-01 8.523703e-01 8.461094e-01 8.370377e-01 8.310629e-01 8.281940e-01 8.254299e-01 8.222104e-01 8.199753e-01 8.186561e-01 8.160845e-01 8.131661e-01 8.132150e-01 8.163438e-01 8.202604e-01 7.534117e-01 7.647086e-01 1.268251e+00 7.978137e-01 3.311228e-01 4.965470e-01 3.311228e-01 9.150044e-01 8.748492e-01 8.531868e-01 8.250920e-01 8.696712e-01 8.609848e-01 8.524603e-01 8.473760e-01 8.451267e-01 8.438639e-01 8.432512e-01 8.411481e-01 8.422444e-01 8.485361e-01 8.578862e-01 8.699262e-01 8.779250e-01 8.809398e-01 8.830654e-01 8.854866e-01 8.876124e-01 8.910248e-01 8.956571e-01 8.948191e-01
8.783887e-01 8.765478e-01 8.735064e-01 8.715206e-01 8.706061e-01 8.682378e-01 1.453530e+00 1.446528e+00 8.618739e-01 8.525479e-01 1.415717e+00 1.404118e+00 1.392473e+00 1.384078e+00 8.275493e-01 8.249727e-01 8.204527e-01 8.150608e-01 8.126928e-01 8.128106e-01 8.131524e-01 8.143449e-01 1.199718e+00 1.221548e+00 1.274366e+00 8.656456e-01 0.000000e+00 3.316428e-01 6.499839e-01 7.661577e-01 8.654748e-01 8.560476e-01 8.234446e-01 8.667592e-01 8.555267e-01 8.486369e-01 8.446005e-01 8.413787e-01 9.733367e-01 8.389151e-01 8.395053e-01 8.440475e-01 8.523630e-01 8.641054e-01 8.726277e-01 8.772395e-01 8.807023e-01 8.837442e-01 8.854800e-01 8.861899e-01 8.873985e-01 8.839867e-01
1.034661e+00 1.141657e+00 1.527522e+00 8.754867e-01 8.733607e-01 1.487025e+00 1.474109e+00 1.469280e+00 1.464318e+00 1.453851e+00 1.440684e+00 1.424080e+00 1.413473e+00 1.406142e+00 1.406557e+00 1.412509e+00 8.329743e-01 8.250240e-01 8.213502e-01 1.389783e+00 1.384681e+00 1.381911e+00 1.386114e+00 1.219726e+00 1.237210e+00 1.017187e+00 0.000000e+00 8.559712e-01 9.655741e-01 7.505506e-01 9.026343e-01 3.311228e-01 8.214650e-01 7.939454e-01 8.528644e-01 8.512845e-01 8.471057e-01 8.404124e-01 9.694841e-01 8.363289e-01 8.370735e-01 8.400593e-01 8.460355e-01 8.554820e-01 8.634923e-01 8.694745e-01 8.749560e-01 8.804351e-01 8.839243e-01 8.817202e-01 8.762580e-01 8.706367e-01
