tests/data/reference/test_stream_rill_mfda/control/cinfil_m3.asc
ncols	123
nrows	77
xllcorner	-713746.79929998
yllcorner	-1061022.36961616
cellsize	10.0
NODATA_value	-9999
[rows 46 to 68 of 77, columns 52 to 103 of 123]
1.046344e+00 1.543935e+00 1.548032e+00 1.538809e+00 1.521753e+00 1.506799e+00 1.497544e+00 1.491159e+00 1.484013e+00 1.474909e+00 1.455242e+00 1.444596e+00 1.432439e+00 1.429940e+00 1.435800e+00 1.436165e+00 1.442080e+00 1.435516e+00 1.420266e+00 1.410306e+00 1.403275e+00 1.395933e+00 1.395856e+00 1.409022e+00 1.424111e+00 8.864884e-01 8.594390e-01 8.471983e-01 9.415700e-01 1.090389e+00 1.164408e+00 3.316428e-01 3.311228e-01 3.316428e-01 8.026188e-01 8.616358e-01 8.544043e-01 8.429783e-01 8.365047e-01 8.354022e-01 8.363283e-01 8.389827e-01 8.431376e-01 8.496846e-01 8.556752e-01 8.610069e-01 8.666497e-01 8.726381e-01 8.775918e-01 8.761912e-01 8.690603e-01 8.633254e-01
1.530844e+00 1.553595e+00 1.563550e+00 1.551367e+00 1.534569e+00 1.525694e+00 1.520381e+00 1.512335e+00 1.502355e+00 1.477302e+00 1.476720e+00 1.458866e+00 1.449323e+00 1.452667e+00 1.445180e+00 1.464825e+00 1.474194e+00 1.457861e+00 1.441053e+00 1.431175e+00 1.422343e+00 1.413144e+00 1.411182e+00 1.418666e+00 1.250825e+00 9.250377e-01 8.595151e-01 8.259709e-01 9.942848e-01 1.059547e+00 1.133913e+00 1.340018e+00 8.248213e-01 3.311228e-01 3.316428e-01 8.846139e-01 8.685061e-01 8.502029e-01 9.718643e-01 8.360942e-01 8.370134e-01 8.404537e-01 8.433674e-01 8.468088e-01 8.496379e-01 8.526336e-01 8.569442e-01 8.619138e-01 8.672585e-01 8.686124e-01 8.646060e-01 8.608596e-01
1.521047e+00 1.549037e+00 1.561917e+00 1.551130e+00 1.540145e+00 1.538676e+00 1.538265e+00 1.532324e+00 1.492621e+00 1.506827e+00 1.488767e+00 1.470579e+00 1.463389e+00 1.435626e+00 1.462337e+00 1.492673e+00 1.490027e+00 1.473895e+00 1.458595e+00 1.448962e+00 1.440382e+00 1.433169e+00 1.430553e+00 1.229334e+00 1.133436e+00 1.555040e+00 9.024965e-01 8.829342e-01 9.654484e-01 1.044086e+00 1.113837e+00 1.083225e+00 1.455645e+00 8.702059e-01 3.311228e-01 8.464379e-01 8.810922e-01 8.590555e-01 9.778193e-01 8.378681e-01 8.375325e-01 8.414309e-01 8.435901e-01 8.448451e-01 8.451377e-01 8.460869e-01 8.493634e-01 8.531865e-01 8.573969e-01 8.601379e-01 8.599870e-01 8.597490e-01
1.507960e+00 1.532807e+00 1.545860e+00 1.542475e+00 1.540984e+00 1.545747e+00 1.549438e+00 1.499249e+00 1.535804e+00 1.517314e+00 1.496926e+00 1.479703e+00 1.414350e+00 1.446511e+00 1.494112e+00 1.500418e+00 1.496249e+00 1.482407e+00 1.468578e+00 1.459587e+00 1.453869e+00 1.451784e+00 1.255531e+00 1.063115e+00 1.761757e+00 1.225448e+00 8.302132e-01 9.651041e-01 9.524871e-01 1.029982e+00 1.084652e+00 7.656917e-01 1.134222e+00 1.571358e+00 3.316428e-01 3.316428e-01 8.889630e-01 1.109630e+00 9.863402e-01 8.416907e-01 8.388076e-01 8.415189e-01 8.430044e-01 8.431745e-01 8.416472e-01 8.408832e-01 8.435210e-01 8.463479e-01 8.481996e-01 8.512865e-01 8.555364e-01 8.601315e-01
1.494918e+00 1.511761e+00 1.523373e+00 1.529600e+00 1.536895e+00 1.545118e+00 1.479075e+00 1.552013e+00 1.540667e+00 1.519546e+00 1.498899e+00 1.388817e+00 1.423275e+00 1.493719e+00 1.501892e+00 1.503735e+00 1.498049e+00 1.484606e+00 1.470147e+00 1.460737e+00 1.458008e+00 1.325211e+00 9.907076e-01 1.736228e+00 1.468119e+00 0.000000e+00 8.285577e-01 9.563544e-01 9.384909e-01 9.980621e-01 9.958147e-01 1.062318e+00 8.958410e-01 1.202135e+00 8.408721e-01 3.311228e-01 8.370213e-01 8.745561e-01 9.937852e-01 8.461856e-01 8.414229e-01 8.422334e-01 8.426031e-01 8.424958e-01 8.405508e-01 8.379936e-01 8.386731e-01 8.407801e-01 8.421744e-01 8.451586e-01 8.502555e-01 8.565392e-01
1.481285e+00 1.491053e+00 1.501081e+00 1.513910e+00 1.527147e+00 1.436963e+00 1.544598e+00 1.546224e+00 1.534450e+00 1.510980e+00 1.349164e+00 1.392538e+00 1.491844e+00 1.500808e+00 1.506112e+00 1.506288e+00 1.499790e+00 1.484716e+00 1.468196e+00 1.457119e+00 1.456848e+00 8.677766e-01 1.701915e+00 1.493565e+00 1.488137e+00 0.000000e+00 8.293799e-01 9.518089e-01 1.044365e+00 9.029560e-01 8.270452e-01 1.068266e+00 1.099538e+00 1.015087e+00 1.283495e+00 3.316428e-01 3.316428e-01 8.170353e-01 8.614652e-01 8.498168e-01 8.443325e-01 8.435500e-01 8.424224e-01 8.423145e-01 8.415175e-01 8.378665e-01 8.351337e-01 8.357287e-01 8.384409e-01 8.413916e-01 8.441732e-01 8.490211e-01
1.468461e+00 1.473550e+00 1.480603e+00 1.496894e+00 1.382671e+00 1.528393e+00 1.534220e+00 1.532584e+00 1.517166e+00 1.292638e+00 1.341649e+00 1.483427e+00 1.493202e+00 1.502203e+00 1.507742e+00 1.509762e+00 1.502474e+00 1.484374e+00 1.465585e+00 1.452525e+00 1.454524e+00 1.627397e+00 1.504502e+00 1.509141e+00 1.282410e+00 0.000000e+00 8.282855e-01 9.496044e-01 9.221622e-01 8.775604e-01 7.345728e-01 9.194088e-01 1.141149e+00 1.154563e+00 1.123903e+00 8.462891e-01 3.311228e-01 8.120017e-01 8.614538e-01 8.531176e-01 8.489781e-01 8.480056e-01 8.451707e-01 8.429431e-01 8.412815e-01 8.375514e-01 8.333951e-01 8.321045e-01 8.342290e-01 8.373129e-01 8.396474e-01 8.424113e-01
1.454381e+00 1.453262e+00 1.456035e+00 1.306070e+00 1.503327e+00 1.516250e+00 1.517869e+00 1.509584e+00 1.229569e+00 1.283125e+00 1.464534e+00 1.471310e+00 1.484305e+00 1.495722e+00 1.504292e+00 1.507846e+00 1.499671e+00 1.480705e+00 1.462402e+00 1.449404e+00 1.453479e+00 1.484884e+00 1.510104e+00 1.311993e+00 9.781822e-01 0.000000e+00 8.259840e-01 8.768606e-01 8.107786e-01 8.031350e-01 9.183442e-01 8.557126e-01 1.007191e+00 1.206066e+00 1.213047e+00 8.174226e-01 3.316428e-01 3.316428e-01 7.914303e-01 8.548632e-01 8.550977e-01 8.560637e-01 8.516254e-01 8.454477e-01 8.403484e-01 8.360907e-01 8.326277e-01 8.301753e-01 8.299749e-01 8.327659e-01 8.364070e-01 8.370695e-01
1.432483e+00 1.423061e+00 1.205756e+00 1.456006e+00 1.484682e+00 1.494846e+00 1.489419e+00 1.145912e+00 1.224277e+00 1.457671e+00 1.448328e+00 1.454438e+00 1.465698e+00 1.480233e+00 1.491181e+00 1.493793e+00 1.486153e+00 1.470419e+00 1.455900e+00 1.445838e+00 1.453416e+00 1.487220e+00 1.373983e+00 9.174533e-01 8.439915e-01 0.000000e+00 8.226640e-01 8.149580e-01 9.058156e-01 8.823628e-01 9.256503e-01 1.013279e+00 9.540834e-01 1.077327e+00 1.266951e+00 7.986768e-01 8.004902e-01 3.311228e-01 7.818776e-01 7.850029e-01 8.531360e-01 8.545720e-01 8.499921e-01 8.431708e-01 8.373998e-01 8.336979e-01 8.317754e-01 8.298896e-01 8.284987e-01 8.296807e-01 8.327271e-01 8.334240e-01
1.395859e+00 1.107947e+00 1.397623e+00 1.429392e+00 1.455835e+00 1.458378e+00 1.033691e+00 1.139665e+00 1.453974e+00 1.439980e+00 1.434868e+00 1.436184e+00 1.442133e+00 1.456501e+00 1.468136e+00 1.469504e+00 1.463183e+00 1.452232e+00 1.443355e+00 1.439071e+00 1.447020e+00 1.478100e+00 8.787179e-01 8.526992e-01 5.481580e-01 5.488609e-01 8.165913e-01 9.038725e-01 9.311864e-01 9.899935e-01 9.836091e-01 1.030801e+00 1.096488e+00 1.027308e+00 1.145901e+00 1.334672e+00 7.957102e-01 3.311228e-01 7.724206e-01 7.765526e-01 8.441925e-01 8.431987e-01 8.396343e-01 8.353562e-01 8.319666e-01 8.304436e-01 8.308343e-01 8.308762e-01 8.295443e-01 8.283482e-01 8.288550e-01 8.308733e-01
9.989784e-01 1.352344e+00 1.366823e+00 1.396075e+00 1.412448e+00 8.865991e-01 1.026607e+00 1.433098e+00 1.425622e+00 1.422476e+00 1.419948e+00 1.415678e+00 1.415789e+00 1.428566e+00 1.439593e+00 1.438872e+00 1.433092e+00 1.427764e+00 1.426956e+00 1.424356e+00 1.429789e+00 1.452342e+00 1.330410e+00 9.470083e-01 6.253803e-01 8.942413e-01 8.126931e-01 9.358257e-01 9.995462e-01 1.030337e+00 8.912901e-01 1.057341e+00 1.101112e+00 1.135891e+00 1.102408e+00 1.225104e+00 8.017755e-01 3.316428e-01 3.311228e-01 7.602898e-01 7.608282e-01 8.313499e-01 8.305062e-01 8.293078e-01 8.285072e-01 8.282225e-01 8.293004e-01 8.309732e-01 8.314989e-01 8.306894e-01 8.304191e-01 8.331996e-01
1.305950e+00 1.314001e+00 1.333176e+00 1.350750e+00 8.772533e-01 8.794126e-01 1.409035e+00 1.399774e+00 1.398024e+00 1.400122e+00 1.397734e+00 1.388963e+00 1.386940e+00 1.398235e+00 1.406342e+00 1.403536e+00 1.400613e+00 1.404040e+00 1.404437e+00 1.402308e+00 1.409330e+00 1.415846e+00 1.603439e+00 1.245541e+00 7.225758e-01 8.932653e-01 8.736470e-01 9.398985e-01 8.354111e-01 9.437332e-01 1.257950e+00 1.300065e+00 1.333309e+00 1.363160e+00 1.068323e+00 1.061583e+00 7.951824e-01 7.975594e-01 3.311228e-01 7.379212e-01 7.403143e-01 8.194533e-01 8.226545e-01 8.249255e-01 8.269497e-01 8.273009e-01 8.275019e-01 8.299969e-01 8.339798e-01 8.365133e-01 8.375213e-01 8.407117e-01
1.254774e+00 1.275965e+00 1.294851e+00 1.308758e+00 8.720122e-01 1.381875e+00 1.375385e+00 1.370970e+00 1.370301e+00 1.370284e+00 1.364866e+00 1.357284e+00 1.357007e+00 1.364114e+00 1.367909e+00 1.368407e+00 1.375551e+00 1.378404e+00 1.376901e+00 1.381506e+00 1.376768e+00 1.377081e+00 1.380103e+00 1.403847e+00 1.162468e+00 8.927718e-01 9.983529e-01 8.482870e-01 1.130027e+00 1.204396e+00 1.259948e+00 1.298060e+00 1.331031e+00 1.366170e+00 1.293480e+00 1.054638e+00 1.061882e+00 8.130883e-01 3.316428e-01 3.311228e-01 7.380085e-01 7.430369e-01 8.198306e-01 8.237208e-01 8.268256e-01 8.280201e-01 8.284184e-01 8.306950e-01 8.354483e-01 8.392536e-01 8.403942e-01 8.435611e-01
1.200320e+00 1.229371e+00 1.258442e+00 1.287030e+00 1.350546e+00 1.344577e+00 1.341417e+00 1.339875e+00 1.335789e+00 1.329299e+00 1.324535e+00 1.322348e+00 1.321202e+00 1.322280e+00 1.327852e+00 1.341565e+00 1.348709e+00 1.347517e+00 1.354028e+00 1.344042e+00 1.337734e+00 1.339257e+00 1.342024e+00 1.357405e+00 1.124511e+00 8.135831e-01 9.402359e-01 1.044309e+00 1.131303e+00 1.204079e+00 1.259493e+00 1.299150e+00 1.338663e+00 1.264881e+00 1.138709e+00 1.155871e+00 1.014553e+00 1.075878e+00 8.254704e-01 3.311228e-01 3.311228e-01 7.474149e-01 7.500331e-01 8.257014e-01 8.282924e-01 8.301293e-01 8.318452e-01 8.335042e-01 8.365699e-01 8.390052e-01 8.387127e-01 8.408521e-01
1.133777e+00 1.180818e+00 1.237513e+00 1.319680e+00 1.309324e+00 1.300112e+00 1.300078e+00 1.297411e+00 1.288836e+00 1.281490e+00 1.279441e+00 1.277763e+00 1.274104e+00 1.277572e+00 1.296198e+00 1.309861e+00 1.311331e+00 1.322175e+00 1.309299e+00 1.297571e+00 1.296387e+00 1.301535e+00 1.322661e+00 1.335770e+00 1.106905e+00 8.114655e-01 9.397702e-01 1.045798e+00 1.133142e+00 1.204759e+00 1.261693e+00 1.311339e+00 1.246077e+00 1.076505e+00 1.096061e+00 1.044254e+00 1.151128e+00 1.020113e+00 1.090996e+00 8.487275e-01 3.311228e-01 3.316428e-01 7.649403e-01 8.338516e-01 8.326838e-01 8.323859e-01 8.335401e-01 8.342289e-01 8.360863e-01 8.394101e-01 8.416645e-01 1.446955e+00
1.067682e+00 1.148306e+00 1.281656e+00 1.276521e+00 1.254542e+00 1.248055e+00 1.243031e+00 1.238575e+00 1.235762e+00 1.231178e+00 1.224212e+00 1.220119e+00 1.225862e+00 1.246675e+00 1.263327e+00 1.265390e+00 1.281327e+00 1.266122e+00 1.251280e+00 1.246202e+00 1.248842e+00 1.279604e+00 1.303641e+00 1.317883e+00 0.000000e+00 8.141320e-01 9.436247e-01 1.050066e+00 1.137194e+00 1.207796e+00 1.273787e+00 1.231552e+00 1.006900e+00 1.031022e+00 1.073465e+00 1.090593e+00 1.048952e+00 1.122479e+00 1.028128e+00 1.119805e+00 1.300830e+00 3.311228e-01 8.042155e-01 7.858980e-01 8.411932e-01 8.354224e-01 8.339093e-01 8.331428e-01 8.336692e-01 8.395086e-01 1.457182e+00 1.456018e+00
1.017319e+00 1.194193e+00 1.229505e+00 1.204174e+00 1.191747e+00 1.178013e+00 1.166439e+00 1.173143e+00 1.180436e+00 1.170365e+00 1.158016e+00 1.166524e+00 1.196287e+00 1.219620e+00 1.218009e+00 1.236535e+00 1.216959e+00 1.194583e+00 1.187551e+00 1.186333e+00 1.216141e+00 1.253102e+00 1.280346e+00 1.293998e+00 0.000000e+00 8.180406e-01 9.479959e-01 1.052510e+00 1.138221e+00 1.218467e+00 1.212468e+00 9.188697e-01 9.473558e-01 1.008952e+00 1.029745e+00 1.075631e+00 1.056088e+00 1.085010e+00 1.181735e+00 1.089996e+00 1.159446e+00 3.316428e-01 3.311228e-01 8.058087e-01 8.499697e-01 8.403631e-01 8.376365e-01 8.376532e-01 8.380982e-01 8.451975e-01 1.471821e+00 1.447015e+00
1.081188e+00 1.137700e+00 1.123627e+00 1.117545e+00 1.102870e+00 1.081071e+00 1.080522e+00 1.101670e+00 1.105376e+00 1.089516e+00 1.095067e+00 1.132843e+00 1.171516e+00 1.169697e+00 1.189306e+00 1.164226e+00 1.132702e+00 1.119947e+00 1.116135e+00 1.145744e+00 1.184608e+00 1.221114e+00 1.251804e+00 1.242576e+00 0.000000e+00 8.214757e-01 9.502457e-01 1.050794e+00 1.147475e+00 1.217745e+00 8.268868e-01 8.277327e-01 9.298013e-01 9.485990e-01 1.017960e+00 9.899478e-01 1.019571e+00 1.121008e+00 1.165463e+00 1.171121e+00 1.081530e+00 1.352322e+00 3.311228e-01 3.316428e-01 7.927335e-01 8.468934e-01 8.443284e-01 8.477213e-01 8.493144e-01 1.484564e+00 1.470094e+00 1.433916e+00
1.057705e+00 1.000920e+00 1.004186e+00 9.941655e-01 9.730378e-01 9.683561e-01 9.862509e-01 9.996678e-01 9.951654e-01 1.003738e+00 1.043986e+00 1.105491e+00 1.106799e+00 1.134084e+00 1.107323e+00 1.061090e+00 1.043943e+00 1.035947e+00 1.066451e+00 1.112643e+00 1.146751e+00 1.189311e+00 1.187216e+00 1.216536e+00 0.000000e+00 8.230750e-01 9.486792e-01 1.063219e+00 1.143897e+00 1.260666e+00 1.527691e+00 8.865974e-01 8.292308e-01 9.489610e-01 9.072720e-01 9.396287e-01 1.065721e+00 1.120567e+00 1.098457e+00 1.132954e+00 1.142300e+00 1.058728e+00 8.134676e-01 3.311228e-01 8.091336e-01 7.913724e-01 8.481559e-01 8.528931e-01 1.494825e+00 1.483871e+00 1.453274e+00 1.428585e+00
9.176939e-01 9.111746e-01 9.068994e-01 9.051864e-01 9.049827e-01 9.065447e-01 9.094226e-01 9.134598e-01 9.154589e-01 9.150018e-01 1.018995e+00 1.015971e+00 1.050079e+00 1.036805e+00 9.771689e-01 9.535747e-01 9.433391e-01 9.728625e-01 1.032977e+00 1.066137e+00 1.118138e+00 1.115327e+00 1.153706e+00 1.193585e+00 0.000000e+00 8.225706e-01 9.752865e-01 1.067302e+00 1.194085e+00 1.427783e+00 1.251071e+00 1.609353e+00 9.353147e-01 8.319163e-01 8.286938e-01 9.976525e-01 1.079620e+00 1.033707e+00 1.073422e+00 1.057835e+00 1.077330e+00 9.880309e-01 1.547144e+00 3.316428e-01 3.311228e-01 8.087249e-01 8.506073e-01 1.496532e+00 1.497134e+00 1.468666e+00 1.441253e+00 1.431152e+00
1.745013e+00 1.767817e+00 1.777928e+00 1.780538e+00 1.780114e+00 1.782418e+00 1.785424e+00 9.945624e-01 1.003879e+00 9.963136e-01 9.279328e-01 9.210259e-01 9.761238e-01 8.986042e-01 8.830345e-01 8.654640e-01 8.516497e-01 9.464758e-01 9.689088e-01 1.040031e+00 1.030788e+00 1.079830e+00 1.135687e+00 8.649843e-01 0.000000e+00 8.821019e-01 9.975241e-01 1.129712e+00 1.354436e+00 1.179279e+00 1.118766e+00 1.310377e+00 1.681465e+00 9.676404e-01 9.049030e-01 1.043252e+00 9.562013e-01 1.016137e+00 9.849640e-01 9.965235e-01 1.020112e+00 1.861166e+00 9.880232e-01 1.529030e+00 3.316428e-01 3.316428e-01 7.968392e-01 1.498552e+00 1.479638e+00 1.453158e+00 1.436923e+00 1.436556e+00
-9.999000e+03 -9.999000e+03 -9.999000e+03 -9.999000e+03 -9.999000e+03 -9.999000e+03 -9.999000e+03 1.781421e+00 1.787884e+00 1.814529e+00 1.062713e+00 9.922784e-01 9.130701e-01 9.650699e-01 9.509395e-01 9.417794e-01 9.232943e-01 8.437070e-01 9.564391e-01 9.274414e-01 9.805344e-01 1.065228e+00 1.085071e+00 7.596585e-01 8.978766e-01 9.604722e-01 1.066024e+00 1.282306e+00 1.106960e+00 1.025745e+00 1.030822e+00 9.458572e-01 1.362529e+00 1.749383e+00 1.060373e+00 8.426461e-01 9.712705e-01 9.006642e-01 9.122476e-01 9.308696e-01 1.727004e+00 1.018746e+00 9.300246e-01 8.558804e-01 1.443890e+00 3.311228e-01 1.071774e+00 1.291196e+00 1.458193e+00 1.439099e+00 2.017138e+00 2.212472e+00
-9.999000e+03 -9.999000e+03 -9.999000e+03 -9.999000e+03 -9.999000e+03 -9.999000e+03 -9.999000e+03 -9.999000e+03 -9.999000e+03 -9.999000e+03 1.839501e+00 1.861607e+00 1.060837e+00 1.031375e+00 1.054926e+00 1.053321e+00 1.045899e+00 9.636416e-01 8.445672e-01 8.486850e-01 9.727433e-01 9.927123e-01 9.920151e-01 6.248539e-01 1.109491e+00 9.862649e-01 1.203721e+00 1.036149e+00 9.279163e-01 9.250531e-01 9.281551e-01 9.379969e-01 8.528123e-01 1.411227e+00 1.815140e+00 1.051870e+00 8.434967e-01 8.330944e-01 8.213537e-01 1.695751e+00 9.278661e-01 7.988198e-01 8.018903e-01 8.125166e-01 7.657890e-01 1.507802e+00 1.111494e+00 1.049841e+00 1.442056e+00 1.929888e+00 -9.999000e+03 -9.999000e+03
