tests/data/reference/test_stream_rill_mfda/control/cinfil_m3.asc
ncols	123
nrows	77
xllcorner	-713746.79929998
yllcorner	-1061022.36961616
cellsize	10.0
NODATA_value	-9999
[rows 46 to 68 of 77, columns 0 to 51 of 123]
-9.999000e+03 -9.999000e+03 -9.999000e+03 -9.999000e+03 -9.999000e+03 -9.999000e+03 0.000000e+00 1.879732e+00 1.012122e+00 1.005259e+00 1.003730e+00 9.892802e-01 9.794547e-01 9.789306e-01 9.799922e-01 9.822337e-01 9.799209e-01 9.756446e-01 9.648679e-01 9.450650e-01 1.406349e+00 1.413471e+00 1.271046e+00 1.341671e+00 1.344069e+00 1.334620e+00 1.333237e+00 1.343753e+00 1.349069e+00 1.345926e+00 1.342853e+00 1.341907e+00 1.339459e+00 1.331573e+00 1.053002e+00 1.042380e+00 8.868524e-01 8.779805e-01 8.716588e-01 8.664904e-01 1.002826e+00 1.191706e+00 1.259582e+00 1.258713e+00 1.316126e+00 1.366991e+00 1.408248e+00 1.019824e+00 1.028925e+00 8.975714e-01 9.036106e-01 9.006265e-01
-9.999000e+03 -9.999000e+03 -9.999000e+03 -9.999000e+03 -9.999000e+03 -9.999000e+03 2.176418e+00 2.511551e+00 9.969137e-01 9.859304e-01 9.835446e-01 9.753772e-01 9.671417e-01 9.641650e-01 9.642777e-01 9.708927e-01 9.803917e-01 9.855653e-01 9.764831e-01 1.415459e+00 1.425387e+00 1.195269e+00 1.274000e+00 1.276205e+00 1.273547e+00 1.264881e+00 1.264574e+00 1.273525e+00 1.275002e+00 1.267591e+00 1.265046e+00 1.266865e+00 1.262217e+00 9.063902e-01 8.988165e-01 8.919263e-01 8.844920e-01 8.767907e-01 8.712312e-01 8.661251e-01 1.105465e+00 1.185332e+00 1.182657e+00 1.249310e+00 1.306010e+00 1.355603e+00 8.678687e-01 8.719666e-01 8.769529e-01 8.857992e-01 8.948876e-01 8.989184e-01
-9.999000e+03 -9.999000e+03 -9.999000e+03 -9.999000e+03 -9.999000e+03 0.000000e+00 2.662341e+00 1.008306e+00 9.940293e-01 9.896407e-01 9.842125e-01 9.769584e-01 9.670142e-01 9.611992e-01 9.599227e-01 9.643006e-01 9.741075e-01 1.260697e+00 1.398588e+00 1.430927e+00 1.097852e+00 1.197594e+00 1.189524e+00 1.183900e+00 1.180000e+00 1.176137e+00 1.175556e+00 1.179623e+00 1.179959e+00 1.174182e+00 1.171952e+00 1.173014e+00 9.088968e-01 9.028002e-01 8.972307e-01 8.923834e-01 8.862557e-01 8.781133e-01 8.721857e-01 1.007738e+00 1.107430e+00 1.102107e+00 1.182216e+00 1.247910e+00 1.302914e+00 9.930230e-01 8.615690e-01 8.672085e-01 8.713363e-01 8.765517e-01 8.847995e-01 1.499828e+00
-9.999000e+03 -9.999000e+03 -9.999000e+03 -9.999000e+03 0.000000e+00 2.996503e+00 9.988153e-01 9.921292e-01 1.007921e+00 1.018009e+00 1.007177e+00 9.970570e-01 9.806556e-01 9.696309e-01 9.661091e-01 9.644476e-01 1.127878e+00 1.334238e+00 1.416862e+00 9.526987e-01 1.093693e+00 1.082956e+00 1.071490e+00 1.061337e+00 1.057893e+00 1.058264e+00 1.057602e+00 1.058322e+00 1.059677e+00 1.058351e+00 1.057420e+00 9.108133e-01 9.105758e-01 9.082468e-01 9.047592e-01 9.007142e-01 8.942904e-01 8.841729e-01 8.759461e-01 1.011414e+00 1.006539e+00 1.107910e+00 1.188450e+00 1.253643e+00 8.532436e-01 8.533688e-01 8.568192e-01 8.631848e-01 8.676339e-01 8.699207e-01 1.469488e+00 1.486065e+00
-9.999000e+03 -9.999000e+03 -9.999000e+03 -9.999000e+03 0.000000e+00 1.011136e+00 9.954686e-01 1.001911e+00 1.029009e+00 1.037139e+00 1.026555e+00 1.016823e+00 9.961093e-01 9.778596e-01 9.691840e-01 9.636715e-01 1.235244e+00 1.373400e+00 1.410547e+00 9.506300e-01 9.349669e-01 9.233275e-01 9.123760e-01 9.020915e-01 8.986615e-01 9.000368e-01 8.991406e-01 8.977785e-01 8.993982e-01 9.013057e-01 9.009569e-01 9.014781e-01 9.028675e-01 9.039127e-01 9.036799e-01 9.019897e-01 8.979035e-01 8.897010e-01 8.807109e-01 8.736133e-01 1.010826e+00 1.115193e+00 1.197722e+00 1.263219e+00 1.423541e+00 1.425142e+00 1.429846e+00 1.442362e+00 1.445525e+00 1.449724e+00 1.458247e+00 1.475632e+00
-9.999000e+03 -9.999000e+03 -9.999000e+03 0.000000e+00 2.911343e+00 1.030057e+00 1.025227e+00 1.039310e+00 1.050738e+00 1.045986e+00 1.036531e+00 1.027980e+00 1.011221e+00 9.866543e-01 9.717034e-01 1.122128e+00 1.300980e+00 1.376454e+00 9.690237e-01 9.505316e-01 9.285052e-01 9.119723e-01 9.010836e-01 8.914483e-01 8.868655e-01 8.869229e-01 8.855160e-01 8.832080e-01 8.842052e-01 8.871197e-01 8.877917e-01 8.878992e-01 8.888827e-01 8.911081e-01 8.938547e-01 8.955127e-01 8.957716e-01 8.928122e-01 8.851133e-01 8.762996e-01 1.014573e+00 1.122422e+00 1.207370e+00 1.420652e+00 1.423479e+00 1.426230e+00 1.438275e+00 1.434475e+00 1.438453e+00 1.441279e+00 1.451120e+00 1.467898e+00
-9.999000e+03 -9.999000e+03 -9.999000e+03 0.000000e+00 1.065744e+00 1.047169e+00 1.062548e+00 1.090200e+00 1.083611e+00 1.227023e+00 1.259696e+00 1.048411e+00 1.033793e+00 9.992429e-01 9.784290e-01 1.229976e+00 1.328181e+00 1.347058e+00 9.749074e-01 9.624091e-01 9.384709e-01 9.174313e-01 9.040363e-01 8.929407e-01 8.854677e-01 8.828483e-01 8.808387e-01 8.783901e-01 8.790985e-01 8.826752e-01 8.846819e-01 8.851040e-01 8.848203e-01 8.851995e-01 8.868868e-01 8.882722e-01 8.902663e-01 8.919092e-01 8.868507e-01 8.771202e-01 1.015055e+00 1.124260e+00 1.404411e+00 1.412210e+00 1.419666e+00 1.440103e+00 1.425991e+00 1.426178e+00 1.427752e+00 1.435115e+00 1.447630e+00 1.459099e+00
-9.999000e+03 -9.999000e+03 0.000000e+00 1.371608e+00 1.065921e+00 1.067076e+00 1.121627e+00 1.144585e+00 1.126037e+00 1.280357e+00 1.655504e+00 1.140019e+00 1.071723e+00 1.018811e+00 1.149411e+00 1.294604e+00 1.299207e+00 9.754056e-01 9.858887e-01 9.900331e-01 9.726423e-01 9.461271e-01 9.259201e-01 9.098623e-01 8.960357e-01 8.882136e-01 8.848315e-01 8.824971e-01 8.831638e-01 8.875656e-01 8.914659e-01 8.928074e-01 8.903138e-01 8.863953e-01 8.840479e-01 8.823590e-01 8.830752e-01 8.865411e-01 8.851101e-01 8.770249e-01 1.013758e+00 1.373276e+00 1.383745e+00 1.396631e+00 1.435673e+00 1.412869e+00 1.413093e+00 1.411235e+00 1.417354e+00 1.430937e+00 1.437873e+00 1.447473e+00
-9.999000e+03 -9.999000e+03 2.753667e+00 1.257274e+00 1.127253e+00 1.117348e+00 1.168768e+00 1.120012e+00 1.553935e+00 1.876499e+00 1.313987e+00 1.127050e+00 1.109666e+00 1.043045e+00 1.266596e+00 1.266994e+00 1.200670e+00 1.176850e+00 1.204319e+00 1.276967e+00 1.022398e+00 1.105524e+00 9.586994e-01 9.388501e-01 9.190277e-01 9.040054e-01 8.961257e-01 8.916690e-01 8.906692e-01 8.938493e-01 8.983410e-01 9.014272e-01 8.984413e-01 8.919899e-01 8.872712e-01 8.837192e-01 8.828580e-01 8.850767e-01 8.842557e-01 8.787124e-01 1.341178e+00 1.347887e+00 1.358590e+00 1.420675e+00 1.382476e+00 1.386099e+00 1.387033e+00 1.393094e+00 1.407624e+00 1.412182e+00 1.421004e+00 1.424421e+00
-9.999000e+03 0.000000e+00 2.106743e+00 1.067737e+00 1.081703e+00 1.214132e+00 1.232238e+00 1.344875e+00 -9.999000e+03 -9.999000e+03 -9.999000e+03 1.149343e+00 1.128369e+00 1.225647e+00 1.204034e+00 1.127370e+00 1.088357e+00 1.080407e+00 1.131056e+00 1.187823e+00 1.123131e+00 1.055825e+00 1.152398e+00 1.137055e+00 1.115233e+00 9.370938e-01 1.224300e+00 1.224082e+00 9.032728e-01 9.029674e-01 9.060486e-01 9.106219e-01 9.086771e-01 9.013797e-01 8.956245e-01 8.911577e-01 1.141542e+00 1.301916e+00 1.305306e+00 1.306565e+00 1.311197e+00 1.317311e+00 1.410902e+00 1.339150e+00 1.347282e+00 1.350681e+00 1.360821e+00 1.380133e+00 1.376559e+00 1.386609e+00 1.390734e+00 1.397460e+00
-9.999000e+03 0.000000e+00 1.110108e+00 1.082036e+00 1.131732e+00 1.125248e+00 -9.999000e+03 -9.999000e+03 -9.999000e+03 -9.999000e+03 -9.999000e+03 -9.999000e+03 1.111928e+00 1.077168e+00 1.061645e+00 1.053840e+00 1.040618e+00 1.024788e+00 1.042776e+00 1.123474e+00 1.153956e+00 1.147199e+00 1.092987e+00 1.041558e+00 1.160701e+00 1.222601e+00 1.206072e+00 1.136588e+00 1.145603e+00 1.175892e+00 1.215309e+00 9.220168e-01 9.192790e-01 9.101233e-01 9.028695e-01 1.043524e+00 1.250905e+00 1.257700e+00 1.263771e+00 1.266930e+00 1.268757e+00 1.420009e+00 1.286576e+00 1.298360e+00 1.307349e+00 1.320699e+00 1.349775e+00 1.337392e+00 1.343275e+00 1.349309e+00 1.361257e+00 1.361192e+00
0.000000e+00 9.929902e-01 1.078492e+00 1.128258e+00 1.227579e+00 1.197155e+00 -9.999000e+03 -9.999000e+03 -9.999000e+03 -9.999000e+03 -9.999000e+03 -9.999000e+03 -9.999000e+03 -9.999000e+03 -9.999000e+03 1.129927e+00 1.303775e+00 1.434046e+00 1.551648e+00 1.665944e+00 1.225175e+00 -9.999000e+03 -9.999000e+03 1.093130e+00 1.196315e+00 1.173397e+00 1.078125e+00 1.079262e+00 1.106806e+00 1.168674e+00 1.155318e+00 1.184694e+00 9.307496e-01 9.183086e-01 9.093350e-01 1.189681e+00 1.191844e+00 1.207063e+00 1.218516e+00 1.214277e+00 1.458068e+00 1.224199e+00 1.237276e+00 1.252271e+00 1.274115e+00 1.318250e+00 1.293645e+00 1.296372e+00 1.298238e+00 1.317739e+00 1.325422e+00 8.537728e-01
0.000000e+00 1.139697e+00 1.154694e+00 1.155582e+00 1.537932e+00 -9.999000e+03 -9.999000e+03 -9.999000e+03 -9.999000e+03 -9.999000e+03 -9.999000e+03 -9.999000e+03 -9.999000e+03 -9.999000e+03 -9.999000e+03 -9.999000e+03 -9.999000e+03 -9.999000e+03 -9.999000e+03 -9.999000e+03 -9.999000e+03 -9.999000e+03 -9.999000e+03 1.107574e+00 1.052492e+00 1.034275e+00 1.010435e+00 9.845161e-01 1.120634e+00 1.085927e+00 1.122550e+00 1.119367e+00 1.133009e+00 1.122776e+00 1.119090e+00 1.116726e+00 1.130211e+00 1.151722e+00 1.155262e+00 1.528680e+00 1.151513e+00 1.164653e+00 1.182711e+00 1.214016e+00 1.288084e+00 1.249012e+00 1.250175e+00 1.247921e+00 1.267032e+00 1.286002e+00 1.281017e+00 1.261509e+00
-9.999000e+03 1.067729e+00 1.077266e+00 1.291407e+00 -9.999000e+03 -9.999000e+03 -9.999000e+03 -9.999000e+03 -9.999000e+03 -9.999000e+03 -9.999000e+03 -9.999000e+03 -9.999000e+03 -9.999000e+03 -9.999000e+03 -9.999000e+03 -9.999000e+03 -9.999000e+03 -9.999000e+03 -9.999000e+03 -9.999000e+03 -9.999000e+03 -9.999000e+03 -9.999000e+03 -9.999000e+03 -9.999000e+03 1.100516e+00 1.233995e+00 9.957478e-01 1.023586e+00 1.027797e+00 1.065267e+00 1.051956e+00 1.031238e+00 1.021450e+00 1.041154e+00 1.061523e+00 1.068570e+00 1.606327e+00 1.072023e+00 1.079706e+00 1.098815e+00 1.133410e+00 1.249601e+00 1.190616e+00 1.194934e+00 1.193389e+00 1.213503e+00 1.233709e+00 1.238226e+00 1.227762e+00 1.201795e+00
-9.999000e+03 -9.999000e+03 -9.999000e+03 -9.999000e+03 -9.999000e+03 -9.999000e+03 -9.999000e+03 -9.999000e+03 -9.999000e+03 -9.999000e+03 -9.999000e+03 -9.999000e+03 -9.999000e+03 -9.999000e+03 -9.999000e+03 -9.999000e+03 -9.999000e+03 -9.999000e+03 -9.999000e+03 -9.999000e+03 -9.999000e+03 -9.999000e+03 -9.999000e+03 -9.999000e+03 -9.999000e+03 -9.999000e+03 -9.999000e+03 -9.999000e+03 1.270641e+00 1.123858e+00 1.067947e+00 1.031203e+00 9.953240e-01 9.566605e-01 9.458939e-01 9.537064e-01 9.469554e-01 1.662504e+00 9.742447e-01 9.834407e-01 1.000620e+00 1.036153e+00 1.214950e+00 1.106588e+00 1.113236e+00 1.112900e+00 1.139205e+00 1.169549e+00 1.172318e+00 1.169964e+00 1.153978e+00 1.132333e+00
-9.999000e+03 -9.999000e+03 -9.999000e+03 -9.999000e+03 -9.999000e+03 -9.999000e+03 -9.999000e+03 -9.999000e+03 -9.999000e+03 -9.999000e+03 -9.999000e+03 -9.999000e+03 -9.999000e+03 -9.999000e+03 -9.999000e+03 -9.999000e+03 -9.999000e+03 -9.999000e+03 -9.999000e+03 -9.999000e+03 -9.999000e+03 -9.999000e+03 -9.999000e+03 -9.999000e+03 -9.999000e+03 -9.999000e+03 -9.999000e+03 -9.999000e+03 -9.999000e+03 1.380380e+00 1.254349e+00 1.569751e+00 1.623701e+00 1.638530e+00 1.652791e+00 1.681363e+00 1.692512e+00 9.364814e-01 9.219878e-01 9.113713e-01 9.058107e-01 1.208341e+00 1.009668e+00 1.010181e+00 1.005650e+00 1.031816e+00 1.075069e+00 1.088520e+00 1.089160e+00 1.074652e+00 1.061748e+00 1.045601e+00
-9.999000e+03 -9.999000e+03 -9.999000e+03 -9.999000e+03 -9.999000e+03 -9.999000e+03 -9.999000e+03 -9.999000e+03 -9.999000e+03 -9.999000e+03 -9.999000e+03 -9.999000e+03 -9.999000e+03 -9.999000e+03 -9.999000e+03 -9.999000e+03 -9.999000e+03 -9.999000e+03 -9.999000e+03 -9.999000e+03 -9.999000e+03 -9.999000e+03 -9.999000e+03 -9.999000e+03 -9.999000e+03 -9.999000e+03 -9.999000e+03 -9.999000e+03 -9.999000e+03 -9.999000e+03 1.431648e+00 -9.999000e+03 -9.999000e+03 -9.999000e+03 -9.999000e+03 -9.999000e+03 -9.999000e+03 -9.999000e+03 1.036495e+00 1.178058e+00 1.287206e+00 9.188251e-01 9.118783e-01 8.983103e-01 8.920502e-01 9.570976e-01 9.648529e-01 9.838147e-01 9.760566e-01 9.571921e-01 9.451212e-01 9.591758e-01
-9.999000e+03 -9.999000e+03 -9.999000e+03 -9.999000e+03 -9.999000e+03 -9.999000e+03 -9.999000e+03 -9.999000e+03 -9.999000e+03 -9.999000e+03 -9.999000e+03 -9.999000e+03 -9.999000e+03 -9.999000e+03 -9.999000e+03 -9.999000e+03 -9.999000e+03 -9.999000e+03 -9.999000e+03 -9.999000e+03 -9.999000e+03 -9.999000e+03 -9.999000e+03 -9.999000e+03 -9.999000e+03 -9.999000e+03 -9.999000e+03 -9.999000e+03 -9.999000e+03 -9.999000e+03 -9.999000e+03 -9.999000e+03 -9.999000e+03 -9.999000e+03 -9.999000e+03 -9.999000e+03 -9.999000e+03 -9.999000e+03 -9.999000e+03 -9.999000e+03 -9.999000e+03 1.263313e+00 1.300824e+00 1.337077e+00 9.391533e-01 8.946285e-01 9.016992e-01 9.168397e-01 9.093655e-01 8.838817e-01 8.750994e-01 8.783021e-01
-9.999000e+03 -9.999000e+03 -9.999000e+03 -9.999000e+03 -9.999000e+03 -9.999000e+03 -9.999000e+03 -9.999000e+03 -9.999000e+03 -9.999000e+03 -9.999000e+03 -9.999000e+03 -9.999000e+03 -9.999000e+03 -9.999000e+03 -9.999000e+03 -9.999000e+03 -9.999000e+03 -9.999000e+03 -9.999000e+03 -9.999000e+03 -9.999000e+03 -9.999000e+03 -9.999000e+03 -9.999000e+03 -9.999000e+03 -9.999000e+03 -9.999000e+03 -9.999000e+03 -9.999000e+03 -9.999000e+03 -9.999000e+03 -9.999000e+03 -9.999000e+03 -9.999000e+03 -9.999000e+03 -9.999000e+03 -9.999000e+03 -9.999000e+03 -9.999000e+03 -9.999000e+03 -9.999000e+03 -9.999000e+03 -9.999000e+03 1.370853e+00 1.420409e+00 1.482538e+00 1.554788e+00 1.607103e+00 1.632277e+00 9.747128e-01 9.686590e-01
-9.999000e+03 -9.999000e+03 -9.999000e+03 -9.999000e+03 -9.999000e+03 -9.999000e+03 -9.999000e+03 -9.999000e+03 -9.999000e+03 -9.999000e+03 -9.999000e+03 -9.999000e+03 -9.999000e+03 -9.999000e+03 -9.999000e+03 -9.999000e+03 -9.999000e+03 -9.999000e+03 -9.999000e+03 -9.999000e+03 -9.999000e+03 -9.999000e+03 -9.999000e+03 -9.999000e+03 -9.999000e+03 -9.999000e+03 -9.999000e+03 -9.999000e+03 -9.999000e+03 -9.999000e+03 -9.999000e+03 -9.999000e+03 -9.999000e+03 -9.999000e+03 -9.999000e+03 -9.999000e+03 -9.999000e+03 -9.999000e+03 -9.999000e+03 -9.999000e+03 -9.999000e+03 -9.999000e+03 -9.999000e+03 -9.999000e+03 -9.999000e+03 -9.999000e+03 -9.999000e+03 -9.999000e+03 -9.999000e+03 -9.999000e+03 1.663041e+00 1.116994e+00
-9.999000e+03 -9.999000e+03 -9.999000e+03 -9.999000e+03 -9.999000e+03 -9.999000e+03 -9.999000e+03 -9.999000e+03 -9.999000e+03 -9.999000e+03 -9.999000e+03 -9.999000e+03 -9.999000e+03 -9.999000e+03 -9.999000e+03 -9.999000e+03 -9.999000e+03 -9.999000e+03 -9.999000e+03 -9.999000e+03 -9.999000e+03 -9.999000e+03 -9.999000e+03 -9.999000e+03 -9.999000e+03 -9.999000e+03 -9.999000e+03 -9.999000e+03 -9.999000e+03 -9.999000e+03 -9.999000e+03 -9.999000e+03 -9.999000e+03 -9.999000e+03 -9.999000e+03 -9.999000e+03 -9.999000e+03 -9.999000e+03 -9.999000e+03 -9.999000e+03 -9.999000e+03 -9.999000e+03 -9.999000e+03 -9.999000e+03 -9.999000e+03 -9.999000e+03 -9.999000e+03 -9.999000e+03 -9.999000e+03 -9.999000e+03 -9.999000e+03 1.722016e+00
-9.999000e+03 -9.999000e+03 -9.999000e+03 -9.999000e+03 -9.999000e+03 -9.999000e+03 -9.999000e+03 -9.999000e+03 -9.999000e+03 -9.999000e+03 -9.999000e+03 -9.999000e+03 -9.999000e+03 -9.999000e+03 -9.999000e+03 -9.999000e+03 -9.999000e+03 -9.999000e+03 -9.999000e+03 -9.999000e+03 -9.999000e+03 -9.999000e+03 -9.999000e+03 -9.999000e+03 -9.999000e+03 -9.999000e+03 -9.999000e+03 -9.999000e+03 -9.999000e+03 -9.999000e+03 -9.999000e+03 -9.999000e+03 -9.999000e+03 -9.999000e+03 -9.999000e+03 -9.999000e+03 -9.999000e+03 -9.999000e+03 -9.999000e+03 -9.999000e+03 -9.999000e+03 -9.999000e+03 -9.999000e+03 -9.999000e+03 -9.999000e+03 -9.999000e+03 -9.999000e+03 -9.999000e+03 -9.999000e+03 -9.999000e+03 -9.999000e+03 -9.999000e+03
-9.999000e+03 -9.999000e+03 -9.999000e+03 -9.999000e+03 -9.999000e+03 -9.999000e+03 -9.999000e+03 -9.999000e+03 -9.999000e+03 -9.999000e+03 -9.999000e+03 -9.999000e+03 -9.999000e+03 -9.999000e+03 -9.999000e+03 -9.999000e+03 -9.999000e+03 -9.999000e+03 -9.999000e+03 -9.999000e+03 -9.999000e+03 -9.999000e+03 -9.999000e+03 -9.999000e+03 -9.999000e+03 -9.999000e+03 -9.999000e+03 -9.999000e+03 -9.999000e+03 -9.999000e+03 -9.999000e+03 -9.999000e+03 -9.999000e+03 -9.999000e+03 -9.999000e+03 -9.999000e+03 -9.999000e+03 -9.999000e+03 -9.999000e+03 -9.999000e+03 -9.999000e+03 -9.999000e+03 -9.999000e+03 -9.999000e+03 -9.999000e+03 -9.999000e+03 -9.999000e+03 -9.999000e+03 -9.999000e+03 -9.999000e+03 -9.999000e+03 -9.999000e+03
