tests/data/reference/test_stream_rill_mfda/control/cinfil_m3.asc
ncols	123
nrows	77
xllcorner	-713746.79929998
yllcorner	-1061022.36961616
cellsize	10.0
NODATA_value	-9999
[rows 23 to 45 of 77, columns 0 to 51 of 123]
-9.999000e+03 -9.999000e+03 -9.999000e+03 -9.999000e+03 -9.999000e+03 -9.999000e+03 -9.999000e+03 -9.999000e+03 -9.999000e+03 -9.999000e+03 -9.999000e+03 -9.999000e+03 -9.999000e+03 -9.999000e+03 1.017299e+00 1.003429e+00 1.401382e+00 1.408092e+00 9.951295e-01 1.191581e+00 9.302343e-01 0.000000e+00 9.015411e-01 8.655380e-01 8.713123e-01 8.614252e-01 8.486809e-01 8.382461e-01 8.880991e-01 8.816067e-01 8.754185e-01 8.696339e-01 8.669140e-01 8.669149e-01 8.676027e-01 8.684541e-01 8.658083e-01 8.588167e-01 8.544718e-01 8.540258e-01 8.538982e-01 8.523483e-01 8.493430e-01 8.473122e-01 8.469282e-01 8.473341e-01 8.476174e-01 8.463552e-01 8.438238e-01 8.416866e-01 8.402757e-01 8.380909e-01
-9.999000e+03 -9.999000e+03 -9.999000e+03 -9.999000e+03 -9.999000e+03 -9.999000e+03 -9.999000e+03 -9.999000e+03 -9.999000e+03 -9.999000e+03 -9.999000e+03 -9.999000e+03 -9.999000e+03 -9.999000e+03 1.122065e+00 2.030811e+00 1.641199e+00 1.178240e+00 1.003676e+00 9.237523e-01 0.000000e+00 0.000000e+00 1.048163e+00 8.652563e-01 8.561600e-01 8.405538e-01 8.305761e-01 8.264620e-01 8.241688e-01 8.199411e-01 8.752284e-01 8.705055e-01 8.689178e-01 8.705798e-01 8.719870e-01 8.706827e-01 8.643076e-01 8.562243e-01 8.534742e-01 8.546450e-01 8.549197e-01 8.538001e-01 8.517440e-01 8.499741e-01 8.488400e-01 8.480622e-01 8.471761e-01 8.451287e-01 8.422783e-01 8.397723e-01 8.371779e-01 8.333751e-01
-9.999000e+03 -9.999000e+03 -9.999000e+03 -9.999000e+03 -9.999000e+03 -9.999000e+03 -9.999000e+03 -9.999000e+03 -9.999000e+03 -9.999000e+03 -9.999000e+03 -9.999000e+03 -9.999000e+03 -9.999000e+03 2.535785e+00 1.219553e+00 9.671639e-01 9.705464e-01 9.766841e-01 9.183167e-01 0.000000e+00 8.569081e-01 8.645965e-01 8.520902e-01 8.375499e-01 8.255193e-01 8.190553e-01 8.172020e-01 8.162468e-01 8.151388e-01 8.141851e-01 8.117321e-01 8.122618e-01 8.776519e-01 8.793972e-01 8.746727e-01 8.650851e-01 8.573960e-01 8.560982e-01 8.568273e-01 8.554333e-01 8.534604e-01 8.518159e-01 8.504533e-01 8.490122e-01 8.473109e-01 8.451375e-01 8.420330e-01 8.383908e-01 8.345847e-01 8.307916e-01 8.277684e-01
-9.999000e+03 -9.999000e+03 -9.999000e+03 -9.999000e+03 -9.999000e+03 -9.999000e+03 -9.999000e+03 -9.999000e+03 -9.999000e+03 -9.999000e+03 -9.999000e+03 -9.999000e+03 9.317607e-01 1.155992e+00 1.506646e+00 1.095750e+00 9.642686e-01 1.134762e+00 9.298625e-01 0.000000e+00 1.007107e+00 1.074082e+00 8.756064e-01 8.614201e-01 8.494395e-01 8.395144e-01 8.334249e-01 8.304559e-01 8.263469e-01 8.224070e-01 8.200467e-01 8.179055e-01 8.206439e-01 8.281812e-01 8.280036e-01 8.763274e-01 8.651910e-01 8.591596e-01 8.579744e-01 8.572761e-01 8.556634e-01 8.545015e-01 8.535495e-01 8.519958e-01 8.491947e-01 8.453776e-01 8.410830e-01 8.371158e-01 8.336436e-01 8.296387e-01 8.258182e-01 8.239481e-01
-9.999000e+03 -9.999000e+03 -9.999000e+03 -9.999000e+03 -9.999000e+03 -9.999000e+03 -9.999000e+03 -9.999000e+03 -9.999000e+03 -9.999000e+03 -9.999000e+03 -9.999000e+03 -9.999000e+03 9.392219e-01 1.147435e+00 9.765805e-01 1.079233e+00 9.472504e-01 0.000000e+00 9.185114e-01 1.088903e+00 9.766100e-01 8.887386e-01 2.405719e+00 2.458542e+00 8.755641e-01 8.713335e-01 8.681232e-01 8.553370e-01 8.399290e-01 8.297559e-01 8.271848e-01 8.329412e-01 8.409019e-01 8.350675e-01 8.150284e-01 8.014597e-01 7.966407e-01 8.582334e-01 8.564128e-01 8.562031e-01 8.571510e-01 8.569954e-01 8.545098e-01 8.492028e-01 8.420793e-01 8.351236e-01 8.307635e-01 8.284330e-01 8.252508e-01 8.222330e-01 8.213201e-01
-9.999000e+03 -9.999000e+03 -9.999000e+03 -9.999000e+03 -9.999000e+03 -9.999000e+03 -9.999000e+03 -9.999000e+03 -9.999000e+03 -9.999000e+03 -9.999000e+03 -9.999000e+03 -9.999000e+03 -9.999000e+03 -9.999000e+03 1.021337e+00 9.981004e-01 0.000000e+00 0.000000e+00 1.116261e+00 9.525686e-01 1.242665e+00 2.353272e+00 1.359901e+00 1.353422e+00 2.501615e+00 8.724653e-01 8.825146e-01 8.768547e-01 8.598460e-01 8.492279e-01 8.481321e-01 8.516895e-01 8.542965e-01 8.428616e-01 8.188917e-01 8.082612e-01 8.083228e-01 8.050217e-01 7.991352e-01 8.593651e-01 8.575441e-01 8.545549e-01 8.501069e-01 8.439313e-01 8.365183e-01 8.300627e-01 8.268204e-01 8.253989e-01 8.226251e-01 8.204890e-01 8.210026e-01
-9.999000e+03 -9.999000e+03 -9.999000e+03 -9.999000e+03 -9.999000e+03 -9.999000e+03 -9.999000e+03 -9.999000e+03 -9.999000e+03 -9.999000e+03 -9.999000e+03 -9.999000e+03 -9.999000e+03 -9.999000e+03 -9.999000e+03 -9.999000e+03 9.535192e-01 0.000000e+00 1.158075e+00 1.131878e+00 2.216118e+00 2.293770e+00 1.318573e+00 1.313512e+00 1.294425e+00 1.361512e+00 2.542418e+00 2.601806e+00 2.626020e+00 2.626020e+00 8.678580e-01 8.729031e-01 8.702179e-01 8.662918e-01 8.541311e-01 8.326857e-01 8.254172e-01 8.279142e-01 8.222613e-01 8.087243e-01 7.972309e-01 7.884114e-01 8.460043e-01 8.397377e-01 8.344982e-01 8.295279e-01 8.261136e-01 8.250020e-01 8.241943e-01 8.216241e-01 8.206385e-01 8.232649e-01
-9.999000e+03 -9.999000e+03 -9.999000e+03 -9.999000e+03 -9.999000e+03 -9.999000e+03 -9.999000e+03 -9.999000e+03 -9.999000e+03 -9.999000e+03 -9.999000e+03 -9.999000e+03 -9.999000e+03 -9.999000e+03 -9.999000e+03 -9.999000e+03 0.000000e+00 2.179070e+00 2.091786e+00 2.147077e+00 1.343307e+00 1.245210e+00 1.254113e+00 1.234359e+00 1.323071e+00 1.385704e+00 1.387672e+00 1.398132e+00 1.397226e+00 1.346376e+00 2.626020e+00 1.014175e+00 8.757640e-01 8.852370e-01 8.789126e-01 1.003330e+00 2.626020e+00 2.626020e+00 2.626020e+00 2.626020e+00 8.102129e-01 8.123057e-01 8.055136e-01 7.953495e-01 7.841597e-01 8.415562e-01 8.360462e-01 8.325260e-01 8.287924e-01 8.253394e-01 8.260925e-01 8.312080e-01
-9.999000e+03 -9.999000e+03 -9.999000e+03 -9.999000e+03 -9.999000e+03 -9.999000e+03 -9.999000e+03 -9.999000e+03 -9.999000e+03 -9.999000e+03 -9.999000e+03 -9.999000e+03 -9.999000e+03 -9.999000e+03 -9.999000e+03 0.000000e+00 2.158314e+00 2.126713e+00 1.392719e+00 1.264365e+00 1.128736e+00 1.154269e+00 1.143497e+00 1.257728e+00 1.349764e+00 1.350398e+00 1.347364e+00 1.344928e+00 1.287703e+00 1.276562e+00 1.325771e+00 2.626020e+00 2.626020e+00 2.626020e+00 2.626020e+00 2.626020e+00 1.007580e+00 9.805070e-01 9.577116e-01 1.030486e+00 2.626020e+00 2.626020e+00 2.626020e+00 2.626020e+00 8.380219e-01 8.146269e-01 7.978742e-01 8.497609e-01 8.390296e-01 8.344074e-01 8.383034e-01 8.465148e-01
-9.999000e+03 -9.999000e+03 -9.999000e+03 -9.999000e+03 -9.999000e+03 -9.999000e+03 -9.999000e+03 -9.999000e+03 -9.999000e+03 -9.999000e+03 -9.999000e+03 -9.999000e+03 -9.999000e+03 -9.999000e+03 0.000000e+00 0.000000e+00 2.151881e+00 1.314332e+00 1.321201e+00 1.113367e+00 1.032794e+00 1.019138e+00 1.166990e+00 1.291354e+00 1.295530e+00 1.297576e+00 1.289874e+00 1.436479e+00 1.426857e+00 1.260288e+00 1.268080e+00 1.290941e+00 1.317899e+00 1.344366e+00 1.018814e+00 8.762306e-01 8.568475e-01 8.340341e-01 9.308307e-01 9.102548e-01 9.843938e-01 9.850496e-01 1.016064e+00 1.034100e+00 1.167149e+00 1.279594e+00 1.372629e+00 8.216190e-01 8.082993e-01 8.029090e-01 8.690610e-01 8.752375e-01
-9.999000e+03 -9.999000e+03 -9.999000e+03 -9.999000e+03 -9.999000e+03 -9.999000e+03 -9.999000e+03 -9.999000e+03 -9.999000e+03 -9.999000e+03 -9.999000e+03 -9.999000e+03 -9.999000e+03 -9.999000e+03 0.000000e+00 2.347956e+00 1.215546e+00 1.213910e+00 9.481601e-01 9.493342e-01 9.464000e-01 1.204859e+00 1.220487e+00 1.451064e+00 1.448589e+00 1.449195e+00 1.442160e+00 1.425603e+00 1.413350e+00 1.411008e+00 1.420613e+00 1.439127e+00 1.451007e+00 9.078446e-01 9.026867e-01 8.961668e-01 8.910602e-01 8.833027e-01 8.737435e-01 1.001670e+00 9.909160e-01 8.923448e-01 8.871414e-01 7.773184e-01 7.808706e-01 7.873638e-01 7.961595e-01 9.380890e-01 1.266475e+00 1.440544e+00 1.357134e+00 8.743356e-01
-9.999000e+03 -9.999000e+03 -9.999000e+03 -9.999000e+03 -9.999000e+03 -9.999000e+03 -9.999000e+03 -9.999000e+03 -9.999000e+03 -9.999000e+03 -9.999000e+03 -9.999000e+03 -9.999000e+03 0.000000e+00 2.211102e+00 1.107087e+00 1.098411e+00 9.375286e-01 9.377122e-01 9.406384e-01 1.096569e+00 1.293070e+00 1.451777e+00 1.453273e+00 1.448929e+00 1.445824e+00 1.436833e+00 1.418543e+00 1.407231e+00 1.406554e+00 1.414679e+00 1.422621e+00 8.916482e-01 8.899532e-01 8.858640e-01 8.810841e-01 8.785463e-01 8.750034e-01 8.692619e-01 8.617908e-01 8.537211e-01 8.462959e-01 8.399060e-01 7.664907e-01 7.636635e-01 7.636170e-01 1.114809e+00 1.121026e+00 1.139753e+00 1.213625e+00 1.281122e+00 1.477137e+00
-9.999000e+03 -9.999000e+03 -9.999000e+03 -9.999000e+03 -9.999000e+03 -9.999000e+03 -9.999000e+03 -9.999000e+03 -9.999000e+03 -9.999000e+03 -9.999000e+03 -9.999000e+03 0.000000e+00 0.000000e+00 9.488435e-01 9.476908e-01 9.428340e-01 9.363909e-01 9.344302e-01 9.350039e-01 1.202617e+00 1.432541e+00 1.450056e+00 1.453497e+00 1.449817e+00 1.444344e+00 1.431968e+00 1.416273e+00 1.408142e+00 1.411073e+00 1.413213e+00 8.811220e-01 8.785822e-01 8.794392e-01 8.823516e-01 8.805672e-01 8.770023e-01 8.723138e-01 8.652272e-01 8.574257e-01 8.498260e-01 8.445494e-01 8.422997e-01 8.408459e-01 1.171782e+00 1.042061e+00 1.042870e+00 1.046197e+00 1.102898e+00 1.146818e+00 1.176734e+00 1.247341e+00
-9.999000e+03 -9.999000e+03 -9.999000e+03 -9.999000e+03 -9.999000e+03 -9.999000e+03 -9.999000e+03 -9.999000e+03 -9.999000e+03 -9.999000e+03 -9.999000e+03 -9.999000e+03 0.000000e+00 1.910424e+00 9.475464e-01 9.436790e-01 9.405781e-01 9.344840e-01 9.310996e-01 1.082438e+00 1.393312e+00 1.425092e+00 1.439658e+00 1.444981e+00 1.445212e+00 1.437882e+00 1.430573e+00 1.420103e+00 1.422554e+00 1.426507e+00 1.423860e+00 8.826941e-01 8.790593e-01 8.798826e-01 8.848953e-01 8.856502e-01 8.829832e-01 8.791403e-01 8.722022e-01 8.642333e-01 8.555645e-01 8.483467e-01 8.466225e-01 1.104024e+00 1.111453e+00 1.113937e+00 1.119388e+00 1.023104e+00 1.057188e+00 1.072830e+00 1.133728e+00 1.170811e+00
-9.999000e+03 -9.999000e+03 -9.999000e+03 -9.999000e+03 -9.999000e+03 -9.999000e+03 -9.999000e+03 -9.999000e+03 -9.999000e+03 -9.999000e+03 -9.999000e+03 0.000000e+00 2.201388e+00 1.131210e+00 9.547504e-01 9.433255e-01 9.386933e-01 9.324368e-01 9.284623e-01 1.353562e+00 1.393681e+00 1.414088e+00 1.424158e+00 1.432363e+00 1.428861e+00 1.429517e+00 1.427750e+00 1.435874e+00 1.444174e+00 1.451116e+00 1.445327e+00 8.985867e-01 8.947004e-01 8.911306e-01 8.935449e-01 1.218169e+00 1.205545e+00 1.161753e+00 1.110246e+00 8.848409e-01 8.734452e-01 8.587563e-01 1.016602e+00 1.027687e+00 1.035214e+00 1.043584e+00 1.083893e+00 1.133275e+00 1.138568e+00 1.047310e+00 1.078791e+00 1.114003e+00
-9.999000e+03 -9.999000e+03 -9.999000e+03 -9.999000e+03 -9.999000e+03 -9.999000e+03 -9.999000e+03 -9.999000e+03 -9.999000e+03 -9.999000e+03 0.000000e+00 0.000000e+00 9.958603e-01 9.884431e-01 9.706348e-01 9.544522e-01 9.443442e-01 9.347247e-01 1.317730e+00 1.373773e+00 1.395559e+00 1.405150e+00 1.415527e+00 1.408139e+00 1.414495e+00 1.414566e+00 1.435541e+00 1.451417e+00 1.467858e+00 1.474169e+00 1.472468e+00 9.190642e-01 9.150577e-01 9.023471e-01 1.141836e+00 1.128874e+00 1.091787e+00 1.027951e+00 1.017917e+00 9.886040e-01 9.379238e-01 9.136706e-01 9.171862e-01 9.300589e-01 9.458877e-01 9.916125e-01 1.061301e+00 1.059400e+00 1.091977e+00 1.139911e+00 1.188177e+00 1.757034e+00
-9.999000e+03 -9.999000e+03 -9.999000e+03 -9.999000e+03 -9.999000e+03 -9.999000e+03 -9.999000e+03 -9.999000e+03 -9.999000e+03 -9.999000e+03 0.000000e+00 2.046392e+00 1.780336e+00 9.975647e-01 9.961514e-01 9.797339e-01 9.602637e-01 1.285237e+00 1.363621e+00 1.392897e+00 1.392810e+00 1.399952e+00 1.377563e+00 1.386137e+00 1.389880e+00 1.420228e+00 1.445306e+00 1.474254e+00 1.485161e+00 1.497577e+00 1.508278e+00 9.423190e-01 9.350494e-01 1.059192e+00 1.008777e+00 1.008138e+00 9.296215e-01 9.344210e-01 9.315262e-01 9.214970e-01 8.985444e-01 8.713839e-01 8.620490e-01 8.649471e-01 8.652330e-01 9.782188e-01 9.643021e-01 9.927426e-01 1.047025e+00 1.105060e+00 2.154509e+00 1.455648e+00
-9.999000e+03 -9.999000e+03 -9.999000e+03 -9.999000e+03 -9.999000e+03 -9.999000e+03 -9.999000e+03 -9.999000e+03 -9.999000e+03 0.000000e+00 2.303854e+00 1.819700e+00 1.014262e+00 1.005001e+00 1.007371e+00 9.946592e-01 1.245872e+00 1.359756e+00 1.404549e+00 1.394414e+00 1.389172e+00 1.334754e+00 1.341893e+00 1.343822e+00 1.390524e+00 1.427024e+00 1.474153e+00 1.487681e+00 1.498194e+00 1.525563e+00 1.544046e+00 1.455576e+00 1.017088e+00 9.122231e-01 9.058486e-01 9.133951e-01 9.844988e-01 9.858875e-01 9.886207e-01 9.961662e-01 1.002191e+00 9.830283e-01 9.681445e-01 9.648320e-01 9.514098e-01 8.733642e-01 8.684823e-01 9.483581e-01 9.958159e-01 2.032445e+00 1.473401e+00 1.474562e+00
-9.999000e+03 -9.999000e+03 -9.999000e+03 -9.999000e+03 -9.999000e+03 -9.999000e+03 -9.999000e+03 -9.999000e+03 -9.999000e+03 0.000000e+00 1.789944e+00 1.016236e+00 1.016799e+00 1.011472e+00 1.003657e+00 1.160152e+00 1.340791e+00 1.421549e+00 1.403752e+00 1.387050e+00 1.282742e+00 1.283853e+00 1.284121e+00 1.341968e+00 1.389931e+00 1.465231e+00 1.483195e+00 1.486616e+00 1.508887e+00 1.543946e+00 1.558423e+00 9.456045e-01 9.243554e-01 9.972394e-01 9.695985e-01 9.880375e-01 1.054009e+00 1.094514e+00 1.087956e+00 1.074479e+00 1.078513e+00 1.090821e+00 1.090380e+00 1.092019e+00 1.089044e+00 1.000832e+00 9.302187e-01 8.677097e-01 2.099378e+00 1.484482e+00 1.492528e+00 1.495143e+00
-9.999000e+03 -9.999000e+03 -9.999000e+03 -9.999000e+03 -9.999000e+03 -9.999000e+03 -9.999000e+03 -9.999000e+03 0.000000e+00 2.009538e+00 9.920917e-01 1.001596e+00 1.017003e+00 1.010398e+00 9.980272e-01 1.270596e+00 1.409142e+00 1.403710e+00 1.385183e+00 1.219731e+00 1.208208e+00 1.204894e+00 1.283852e+00 1.339877e+00 1.443422e+00 1.465898e+00 1.465027e+00 1.482899e+00 1.499721e+00 1.532826e+00 1.320007e+00 1.184123e+00 1.007846e+00 1.049913e+00 1.092537e+00 1.084801e+00 1.101186e+00 1.161543e+00 1.177656e+00 1.160137e+00 1.153409e+00 1.166800e+00 1.188457e+00 1.198611e+00 1.195832e+00 1.181836e+00 1.097563e+00 2.141206e+00 1.493337e+00 1.507460e+00 1.511477e+00 1.338524e+00
-9.999000e+03 -9.999000e+03 -9.999000e+03 -9.999000e+03 -9.999000e+03 -9.999000e+03 -9.999000e+03 0.000000e+00 0.000000e+00 1.408677e+00 9.850857e-01 9.929265e-01 1.010608e+00 1.004833e+00 1.157682e+00 1.353982e+00 1.353109e+00 1.354456e+00 1.139998e+00 1.113531e+00 1.100064e+00 1.205931e+00 1.284244e+00 1.430951e+00 1.442112e+00 1.425931e+00 1.454728e+00 1.461381e+00 1.477058e+00 1.502534e+00 9.482149e-01 1.246965e+00 1.139476e+00 1.104827e+00 1.149067e+00 1.184675e+00 1.185860e+00 1.202526e+00 1.242938e+00 1.241871e+00 2.435679e+00 2.493036e+00 2.550448e+00 2.606365e+00 2.657234e+00 1.269657e+00 2.252795e+00 1.480410e+00 1.508214e+00 1.520062e+00 1.297756e+00 1.287079e+00
-9.999000e+03 -9.999000e+03 -9.999000e+03 -9.999000e+03 -9.999000e+03 -9.999000e+03 -9.999000e+03 0.000000e+00 1.492999e+00 9.984509e-01 9.893854e-01 9.897666e-01 9.969189e-01 9.965288e-01 1.271754e+00 1.270164e+00 1.266730e+00 9.885558e-01 9.763240e-01 9.529624e-01 1.095245e+00 1.201292e+00 1.422757e+00 1.435569e+00 1.389142e+00 1.422213e+00 1.425731e+00 1.431617e+00 1.444684e+00 1.461634e+00 1.373152e+00 1.068790e+00 1.252052e+00 1.953528e+00 2.034345e+00 2.114331e+00 2.190972e+00 2.264570e+00 2.329786e+00 2.384302e+00 1.030267e+00 1.139837e+00 1.225408e+00 1.348562e+00 1.392412e+00 2.439833e+00 1.440139e+00 1.478827e+00 1.506033e+00 1.244014e+00 1.235700e+00 8.811804e-01
-9.999000e+03 -9.999000e+03 -9.999000e+03 -9.999000e+03 -9.999000e+03 -9.999000e+03 -9.999000e+03 1.781518e+00 1.804837e+00 1.010831e+00 1.006595e+00 9.941798e-01 9.876909e-01 1.151506e+00 1.152091e+00 1.151042e+00 9.818390e-01 9.758423e-01 9.641946e-01 9.437177e-01 1.084942e+00 1.406600e+00 1.420105e+00 1.344324e+00 1.393322e+00 1.388468e+00 1.386710e+00 1.393956e+00 1.403590e+00 1.410110e+00 1.646440e+00 1.768845e+00 1.871092e+00 1.383528e+00 1.376539e+00 1.158985e+00 1.149914e+00 1.032892e+00 8.831417e-01 8.772663e-01 1.015553e+00 1.122616e+00 1.275984e+00 1.328559e+00 1.330962e+00 1.382551e+00 1.425387e+00 1.460671e+00 1.149354e+00 1.159477e+00 9.018316e-01 8.938703e-01
