tests/data/reference/test_stream_rill_mfda/control/cinfil_m3.asc
ncols	123
nrows	77
xllcorner	-713746.79929998
yllcorner	-1061022.36961616
cellsize	10.0
NODATA_value	-9999
[rows 46 to 68 of 77, columns 0 to 51 of 123]
-9.999000e+03 -9.999000e+03 -9.999000e+03 -9.999000e+03 -9.999000e+03 -9.999000e+03 0.000000e+00 1.879776e+00 1.012129e+00 1.005265e+00 1.003736e+00 9.892858e-01 9.794600e-01 9.789358e-01 9.799974e-01 9.822390e-01 9.799262e-01 9.756497e-01 9.648725e-01 9.450686e-01 1.406351e+00 1.413472e+00 1.271067e+00 1.341689e+00 1.344088e+00 1.334640e+00 1.333258e+00 1.343775e+00 1.349091e+00 1.345947e+00 1.342875e+00 1.341929e+00 1.339480e+00 1.331594e+00 1.053016e+00 1.042395e+00 8.868534e-01 8.779811e-01 8.716592e-01 8.664907e-01 1.002838e+00 1.191730e+00 1.259607e+00 1.258739e+00 1.316150e+00 1.367011e+00 1.408265e+00 1.019838e+00 1.028939e+00 8.975728e-01 9.036123e-01 9.006281e-01
-9.999000e+03 -9.999000e+03 -9.999000e+03 -9.999000e+03 -9.999000e+03 -9.999000e+03 2.176502e+00 2.512307e+00 9.969196e-01 9.859359e-01 9.835500e-01 9.753822e-01 9.671464e-01 9.641695e-01 9.642822e-01 9.708975e-01 9.803970e-01 9.855708e-01 9.764882e-01 1.415465e+00 1.425388e+00 1.195289e+00 1.274021e+00 1.276227e+00 1.273570e+00 1.264904e+00 1.264598e+00 1.273550e+00 1.275027e+00 1.267615e+00 1.265070e+00 1.266890e+00 1.262241e+00 9.063921e-01 8.988180e-01 8.919274e-01 8.844929e-01 8.767912e-01 8.712316e-01 8.661253e-01 1.105485e+00 1.185356e+00 1.182681e+00 1.249334e+00 1.306032e+00 1.355622e+00 8.678690e-01 8.719670e-01 8.769534e-01 8.858001e-01 8.948889e-01 8.989198e-01
-9.999000e+03 -9.999000e+03 -9.999000e+03 -9.999000e+03 -9.999000e+03 0.000000e+00 2.663999e+00 1.008312e+00 9.940351e-01 9.896463e-01 9.842179e-01 9.769635e-01 9.670189e-01 9.612036e-01 9.599270e-01 9.643052e-01 9.741125e-01 1.260720e+00 1.398602e+00 1.430931e+00 1.097869e+00 1.197615e+00 1.189546e+00 1.183922e+00 1.180022e+00 1.176160e+00 1.175579e+00 1.179647e+00 1.179983e+00 1.174205e+00 1.171974e+00 1.173036e+00 9.088988e-01 9.028019e-01 8.972321e-01 8.923846e-01 8.862567e-01 8.781139e-01 8.721861e-01 1.007750e+00 1.107450e+00 1.102127e+00 1.182240e+00 1.247934e+00 1.302935e+00 9.930343e-01 8.615691e-01 8.672088e-01 8.713368e-01 8.765522e-01 8.848004e-01 1.499832e+00
-9.999000e+03 -9.999000e+03 -9.999000e+03 -9.999000e+03 0.000000e+00 2.999486e+00 9.988213e-01 9.921349e-01 1.007927e+00 1.018016e+00 1.007184e+00 9.970630e-01 9.806608e-01 9.696357e-01 9.661138e-01 9.644521e-01 1.127896e+00 1.334258e+00 1.416872e+00 9.527026e-01 1.093710e+00 1.082972e+00 1.071505e+00 1.061352e+00 1.057909e+00 1.058280e+00 1.057618e+00 1.058338e+00 1.059693e+00 1.058367e+00 1.057436e+00 9.108154e-01 9.105779e-01 9.082488e-01 9.047610e-01 9.007158e-01 8.942917e-01 8.841737e-01 8.759466e-01 1.011426e+00 1.006551e+00 1.107930e+00 1.188473e+00 1.253666e+00 8.532437e-01 8.533688e-01 8.568193e-01 8.631850e-01 8.676342e-01 8.699210e-01 1.469488e+00 1.486073e+00
-9.999000e+03 -9.999000e+03 -9.999000e+03 -9.999000e+03 0.000000e+00 1.011143e+00 9.954745e-01 1.001918e+00 1.029016e+00 1.037146e+00 1.026562e+00 1.016830e+00 9.961152e-01 9.778648e-01 9.691888e-01 9.636760e-01 1.235265e+00 1.373416e+00 1.410528e+00 9.506338e-01 9.349700e-01 9.233301e-01 9.123782e-01 9.020931e-01 8.986630e-01 9.000384e-01 8.991421e-01 8.977799e-01 8.993997e-01 9.013073e-01 9.009585e-01 9.014797e-01 9.028691e-01 9.039144e-01 9.036816e-01 9.019914e-01 8.979050e-01 8.897020e-01 8.807115e-01 8.736138e-01 1.010838e+00 1.115214e+00 1.197746e+00 1.263242e+00 1.423541e+00 1.425138e+00 1.429847e+00 1.442365e+00 1.445535e+00 1.449719e+00 1.458256e+00 1.475636e+00
-9.999000e+03 -9.999000e+03 -9.999000e+03 0.000000e+00 2.918433e+00 1.030065e+00 1.025234e+00 1.039318e+00 1.050746e+00 1.045993e+00 1.036538e+00 1.027987e+00 1.011228e+00 9.866598e-01 9.717083e-01 1.122145e+00 1.300996e+00 1.376413e+00 9.690285e-01 9.505354e-01 9.285080e-01 9.119745e-01 9.010852e-01 8.914494e-01 8.868665e-01 8.869238e-01 8.855169e-01 8.832088e-01 8.842060e-01 8.871206e-01 8.877927e-01 8.879002e-01 8.888837e-01 8.911092e-01 8.938560e-01 8.955140e-01 8.957729e-01 8.928134e-01 8.851141e-01 8.763001e-01 1.014586e+00 1.122443e+00 1.207395e+00 1.420653e+00 1.423475e+00 1.426234e+00 1.438279e+00 1.434491e+00 1.438443e+00 1.441293e+00 1.451124e+00 1.467902e+00
-9.999000e+03 -9.999000e+03 -9.999000e+03 0.000000e+00 1.065752e+00 1.047177e+00 1.062557e+00 1.090209e+00 1.083620e+00 1.226809e+00 1.257403e+00 1.048419e+00 1.033800e+00 9.992489e-01 9.784342e-01 1.229993e+00 1.328094e+00 1.347070e+00 9.749124e-01 9.624135e-01 9.384742e-01 9.174336e-01 9.040381e-01 8.929419e-01 8.854686e-01 8.828491e-01 8.808394e-01 8.783907e-01 8.790991e-01 8.826760e-01 8.846827e-01 8.851049e-01 8.848211e-01 8.852004e-01 8.868878e-01 8.882732e-01 8.902674e-01 8.919103e-01 8.868517e-01 8.771207e-01 1.015068e+00 1.124282e+00 1.404412e+00 1.412204e+00 1.419675e+00 1.440114e+00 1.426019e+00 1.426162e+00 1.427774e+00 1.435120e+00 1.447635e+00 1.459103e+00
-9.999000e+03 -9.999000e+03 0.000000e+00 1.370107e+00 1.065929e+00 1.067084e+00 1.121637e+00 1.144595e+00 1.126046e+00 1.275612e+00 1.655393e+00 1.146005e+00 1.071731e+00 1.018818e+00 1.149425e+00 1.294445e+00 1.299218e+00 9.754107e-01 9.858942e-01 9.900387e-01 9.726473e-01 9.461307e-01 9.259228e-01 9.098643e-01 8.960370e-01 8.882146e-01 8.848323e-01 8.824979e-01 8.831646e-01 8.875665e-01 8.914670e-01 8.928086e-01 8.903149e-01 8.863962e-01 8.840487e-01 8.823598e-01 8.830760e-01 8.865420e-01 8.851110e-01 8.770254e-01 1.013771e+00 1.373273e+00 1.383733e+00 1.396644e+00 1.435693e+00 1.412914e+00 1.413070e+00 1.411269e+00 1.417362e+00 1.430944e+00 1.437879e+00 1.447481e+00
-9.999000e+03 -9.999000e+03 2.767649e+00 1.257241e+00 1.125321e+00 1.117357e+00 1.168778e+00 1.120022e+00 1.554525e+00 1.876899e+00 1.314009e+00 1.127059e+00 1.109675e+00 1.043053e+00 1.266343e+00 1.267009e+00 1.201102e+00 1.177268e+00 1.203610e+00 1.256875e+00 1.022405e+00 9.872229e-01 9.587036e-01 9.388533e-01 9.190301e-01 9.040071e-01 8.961270e-01 8.916702e-01 8.906703e-01 8.938506e-01 8.983425e-01 9.014289e-01 8.984427e-01 8.919911e-01 8.872721e-01 8.837200e-01 8.828588e-01 8.850775e-01 8.842565e-01 8.787131e-01 1.341169e+00 1.347865e+00 1.358606e+00 1.420707e+00 1.382542e+00 1.386066e+00 1.387082e+00 1.393106e+00 1.407633e+00 1.412190e+00 1.421016e+00 1.430629e+00
-9.999000e+03 0.000000e+00 2.140692e+00 1.067746e+00 1.081598e+00 1.214142e+00 1.234250e+00 1.346250e+00 -9.999000e+03 -9.999000e+03 -9.999000e+03 1.149373e+00 1.128907e+00 1.225307e+00 1.204049e+00 1.128039e+00 1.089060e+00 1.079239e+00 1.131264e+00 1.187719e+00 1.123140e+00 1.055833e+00 1.152561e+00 1.137066e+00 1.115245e+00 9.370970e-01 1.224310e+00 1.224095e+00 9.032745e-01 9.029691e-01 9.060505e-01 9.106239e-01 9.086791e-01 9.013814e-01 8.956258e-01 8.911588e-01 1.141563e+00 1.301847e+00 1.305485e+00 1.306549e+00 1.311164e+00 1.317329e+00 1.410954e+00 1.339241e+00 1.347236e+00 1.350746e+00 1.360837e+00 1.380143e+00 1.376569e+00 1.386623e+00 1.399485e+00 1.404616e+00
-9.999000e+03 0.000000e+00 1.110117e+00 1.082045e+00 1.131742e+00 1.125257e+00 -9.999000e+03 -9.999000e+03 -9.999000e+03 -9.999000e+03 -9.999000e+03 -9.999000e+03 1.111938e+00 1.077177e+00 1.061654e+00 1.053848e+00 1.040625e+00 1.024795e+00 1.042784e+00 1.123483e+00 1.153966e+00 1.147209e+00 1.092996e+00 1.041566e+00 1.160713e+00 1.222613e+00 1.206086e+00 1.135766e+00 1.145266e+00 1.175909e+00 1.215076e+00 9.220194e-01 9.192814e-01 9.101254e-01 9.028712e-01 1.043538e+00 1.250800e+00 1.257941e+00 1.263747e+00 1.266882e+00 1.268777e+00 1.420102e+00 1.286695e+00 1.298296e+00 1.307432e+00 1.320718e+00 1.349785e+00 1.337403e+00 1.343292e+00 1.361013e+00 1.372165e+00 1.360448e+00
0.000000e+00 1.227051e+00 1.078501e+00 1.128268e+00 1.227589e+00 1.197064e+00 -9.999000e+03 -9.999000e+03 -9.999000e+03 -9.999000e+03 -9.999000e+03 -9.999000e+03 -9.999000e+03 -9.999000e+03 -9.999000e+03 1.129300e+00 1.303135e+00 1.433853e+00 1.551681e+00 1.666130e+00 1.224904e+00 -9.999000e+03 -9.999000e+03 1.093139e+00 1.196328e+00 1.173412e+00 1.076894e+00 1.078812e+00 1.106821e+00 1.168319e+00 1.156115e+00 1.184447e+00 9.307525e-01 9.183110e-01 9.093371e-01 1.189524e+00 1.192163e+00 1.207026e+00 1.218453e+00 1.214297e+00 1.458253e+00 1.224352e+00 1.237187e+00 1.252372e+00 1.274137e+00 1.318260e+00 1.293656e+00 1.296390e+00 1.313202e+00 1.333841e+00 1.324295e+00 8.537729e-01
0.000000e+00 1.139707e+00 1.154704e+00 1.155592e+00 1.484161e+00 -9.999000e+03 -9.999000e+03 -9.999000e+03 -9.999000e+03 -9.999000e+03 -9.999000e+03 -9.999000e+03 -9.999000e+03 -9.999000e+03 -9.999000e+03 -9.999000e+03 -9.999000e+03 -9.999000e+03 -9.999000e+03 -9.999000e+03 -9.999000e+03 -9.999000e+03 -9.999000e+03 1.107583e+00 1.052500e+00 1.034283e+00 1.010442e+00 9.845215e-01 1.120226e+00 1.087001e+00 1.122248e+00 1.119380e+00 1.132735e+00 1.122325e+00 1.118855e+00 1.117148e+00 1.130155e+00 1.151639e+00 1.155281e+00 1.529044e+00 1.151710e+00 1.164528e+00 1.182830e+00 1.214039e+00 1.288092e+00 1.249023e+00 1.250195e+00 1.266143e+00 1.290381e+00 1.284355e+00 1.280914e+00 1.261637e+00
-9.999000e+03 1.064244e+00 1.077274e+00 1.206245e+00 -9.999000e+03 -9.999000e+03 -9.999000e+03 -9.999000e+03 -9.999000e+03 -9.999000e+03 -9.999000e+03 -9.999000e+03 -9.999000e+03 -9.999000e+03 -9.999000e+03 -9.999000e+03 -9.999000e+03 -9.999000e+03 -9.999000e+03 -9.999000e+03 -9.999000e+03 -9.999000e+03 -9.999000e+03 -9.999000e+03 -9.999000e+03 -9.999000e+03 1.101829e+00 1.235104e+00 9.957537e-01 1.023594e+00 1.027805e+00 1.064801e+00 1.051226e+00 1.030881e+00 1.022012e+00 1.041074e+00 1.061421e+00 1.068584e+00 1.606937e+00 1.072287e+00 1.079529e+00 1.098951e+00 1.133430e+00 1.249601e+00 1.190625e+00 1.194955e+00 1.214694e+00 1.247140e+00 1.231320e+00 1.238091e+00 1.227929e+00 1.201910e+00
-9.999000e+03 -9.999000e+03 -9.999000e+03 -9.999000e+03 -9.999000e+03 -9.999000e+03 -9.999000e+03 -9.999000e+03 -9.999000e+03 -9.999000e+03 -9.999000e+03 -9.999000e+03 -9.999000e+03 -9.999000e+03 -9.999000e+03 -9.999000e+03 -9.999000e+03 -9.999000e+03 -9.999000e+03 -9.999000e+03 -9.999000e+03 -9.999000e+03 -9.999000e+03 -9.999000e+03 -9.999000e+03 -9.999000e+03 -9.999000e+03 -9.999000e+03 1.272073e+00 1.122631e+00 1.068480e+00 1.031211e+00 9.953298e-01 9.566646e-01 9.458975e-01 9.537104e-01 9.469591e-01 1.663363e+00 9.746232e-01 9.831904e-01 1.000771e+00 1.036166e+00 1.214938e+00 1.106589e+00 1.113253e+00 1.137183e+00 1.189758e+00 1.166035e+00 1.172137e+00 1.170174e+00 1.154123e+00 1.132406e+00
-9.999000e+03 -9.999000e+03 -9.999000e+03 -9.999000e+03 -9.999000e+03 -9.999000e+03 -9.999000e+03 -9.999000e+03 -9.999000e+03 -9.999000e+03 -9.999000e+03 -9.999000e+03 -9.999000e+03 -9.999000e+03 -9.999000e+03 -9.999000e+03 -9.999000e+03 -9.999000e+03 -9.999000e+03 -9.999000e+03 -9.999000e+03 -9.999000e+03 -9.999000e+03 -9.999000e+03 -9.999000e+03 -9.999000e+03 -9.999000e+03 -9.999000e+03 -9.999000e+03 1.381509e+00 1.253509e+00 1.569342e+00 1.623722e+00 1.638986e+00 1.653643e+00 1.682431e+00 1.693551e+00 9.364846e-01 9.219904e-01 9.113734e-01 9.058126e-01 1.208312e+00 1.009658e+00 1.010189e+00 1.031867e+00 1.118658e+00 1.069413e+00 1.088275e+00 1.089425e+00 1.074835e+00 1.061834e+00 1.045704e+00
-9.999000e+03 -9.999000e+03 -9.999000e+03 -9.999000e+03 -9.999000e+03 -9.999000e+03 -9.999000e+03 -9.999000e+03 -9.999000e+03 -9.999000e+03 -9.999000e+03 -9.999000e+03 -9.999000e+03 -9.999000e+03 -9.999000e+03 -9.999000e+03 -9.999000e+03 -9.999000e+03 -9.999000e+03 -9.999000e+03 -9.999000e+03 -9.999000e+03 -9.999000e+03 -9.999000e+03 -9.999000e+03 -9.999000e+03 -9.999000e+03 -9.999000e+03 -9.999000e+03 -9.999000e+03 1.430824e+00 -9.999000e+03 -9.999000e+03 -9.999000e+03 -9.999000e+03 -9.999000e+03 -9.999000e+03 -9.999000e+03 1.036209e+00 1.177981e+00 1.287165e+00 9.188275e-01 9.118805e-01 8.983118e-01 1.099581e+00 9.451329e-01 9.645000e-01 9.841566e-01 9.762965e-01 9.572949e-01 9.452442e-01 9.593760e-01
-9.999000e+03 -9.999000e+03 -9.999000e+03 -9.999000e+03 -9.999000e+03 -9.999000e+03 -9.999000e+03 -9.999000e+03 -9.999000e+03 -9.999000e+03 -9.999000e+03 -9.999000e+03 -9.999000e+03 -9.999000e+03 -9.999000e+03 -9.999000e+03 -9.999000e+03 -9.999000e+03 -9.999000e+03 -9.999000e+03 -9.999000e+03 -9.999000e+03 -9.999000e+03 -9.999000e+03 -9.999000e+03 -9.999000e+03 -9.999000e+03 -9.999000e+03 -9.999000e+03 -9.999000e+03 -9.999000e+03 -9.999000e+03 -9.999000e+03 -9.999000e+03 -9.999000e+03 -9.999000e+03 -9.999000e+03 -9.999000e+03 -9.999000e+03 -9.999000e+03 -9.999000e+03 1.263247e+00 1.300777e+00 1.337052e+00 8.940413e-01 8.946298e-01 9.017009e-01 9.168421e-01 9.093675e-01 8.838825e-01 8.751000e-01 8.783027e-01
-9.999000e+03 -9.999000e+03 -9.999000e+03 -9.999000e+03 -9.999000e+03 -9.999000e+03 -9.999000e+03 -9.999000e+03 -9.999000e+03 -9.999000e+03 -9.999000e+03 -9.999000e+03 -9.999000e+03 -9.999000e+03 -9.999000e+03 -9.999000e+03 -9.999000e+03 -9.999000e+03 -9.999000e+03 -9.999000e+03 -9.999000e+03 -9.999000e+03 -9.999000e+03 -9.999000e+03 -9.999000e+03 -9.999000e+03 -9.999000e+03 -9.999000e+03 -9.999000e+03 -9.999000e+03 -9.999000e+03 -9.999000e+03 -9.999000e+03 -9.999000e+03 -9.999000e+03 -9.999000e+03 -9.999000e+03 -9.999000e+03 -9.999000e+03 -9.999000e+03 -9.999000e+03 -9.999000e+03 -9.999000e+03 -9.999000e+03 1.317571e+00 1.351292e+00 1.413699e+00 1.492685e+00 1.552666e+00 1.585005e+00 9.746162e-01 9.684473e-01
-9.999000e+03 -9.999000e+03 -9.999000e+03 -9.999000e+03 -9.999000e+03 -9.999000e+03 -9.999000e+03 -9.999000e+03 -9.999000e+03 -9.999000e+03 -9.999000e+03 -9.999000e+03 -9.999000e+03 -9.999000e+03 -9.999000e+03 -9.999000e+03 -9.999000e+03 -9.999000e+03 -9.999000e+03 -9.999000e+03 -9.999000e+03 -9.999000e+03 -9.999000e+03 -9.999000e+03 -9.999000e+03 -9.999000e+03 -9.999000e+03 -9.999000e+03 -9.999000e+03 -9.999000e+03 -9.999000e+03 -9.999000e+03 -9.999000e+03 -9.999000e+03 -9.999000e+03 -9.999000e+03 -9.999000e+03 -9.999000e+03 -9.999000e+03 -9.999000e+03 -9.999000e+03 -9.999000e+03 -9.999000e+03 -9.999000e+03 -9.999000e+03 -9.999000e+03 -9.999000e+03 -9.999000e+03 -9.999000e+03 -9.999000e+03 1.622796e+00 1.116927e+00
-9.999000e+03 -9.999000e+03 -9.999000e+03 -9.999000e+03 -9.999000e+03 -9.999000e+03 -9.999000e+03 -9.999000e+03 -9.999000e+03 -9.999000e+03 -9.999000e+03 -9.999000e+03 -9.999000e+03 -9.999000e+03 -9.999000e+03 -9.999000e+03 -9.999000e+03 -9.999000e+03 -9.999000e+03 -9.999000e+03 -9.999000e+03 -9.999000e+03 -9.999000e+03 -9.999000e+03 -9.999000e+03 -9.999000e+03 -9.999000e+03 -9.999000e+03 -9.999000e+03 -9.999000e+03 -9.999000e+03 -9.999000e+03 -9.999000e+03 -9.999000e+03 -9.999000e+03 -9.999000e+03 -9.999000e+03 -9.999000e+03 -9.999000e+03 -9.999000e+03 -9.999000e+03 -9.999000e+03 -9.999000e+03 -9.999000e+03 -9.999000e+03 -9.999000e+03 -9.999000e+03 -9.999000e+03 -9.999000e+03 -9.999000e+03 -9.999000e+03 1.688557e+00
-9.999000e+03 -9.999000e+03 -9.999000e+03 -9.999000e+03 -9.999000e+03 -9.999000e+03 -9.999000e+03 -9.999000e+03 -9.999000e+03 -9.999000e+03 -9.999000e+03 -9.999000e+03 -9.999000e+03 -9.999000e+03 -9.999000e+03 -9.999000e+03 -9.999000e+03 -9.999000e+03 -9.999000e+03 -9.999000e+03 -9.999000e+03 -9.999000e+03 -9.999000e+03 -9.999000e+03 -9.999000e+03 -9.999000e+03 -9.999000e+03 -9.999000e+03 -9.999000e+03 -9.999000e+03 -9.999000e+03 -9.999000e+03 -9.999000e+03 -9.999000e+03 -9.999000e+03 -9.999000e+03 -9.999000e+03 -9.999000e+03 -9.999000e+03 -9.999000e+03 -9.999000e+03 -9.999000e+03 -9.999000e+03 -9.999000e+03 -9.999000e+03 -9.999000e+03 -9.999000e+03 -9.999000e+03 -9.999000e+03 -9.999000e+03 -9.999000e+03 -9.999000e+03
-9.999000e+03 -9.999000e+03 -9.999000e+03 -9.999000e+03 -9.999000e+03 -9.999000e+03 -9.999000e+03 -9.999000e+03 -9.999000e+03 -9.999000e+03 -9.999000e+03 -9.999000e+03 -9.999000e+03 -9.999000e+03 -9.999000e+03 -9.999000e+03 -9.999000e+03 -9.999000e+03 -9.999000e+03 -9.999000e+03 -9.999000e+03 -9.999000e+03 -9.999000e+03 -9.999000e+03 -9.999000e+03 -9.999000e+03 -9.999000e+03 -9.999000e+03 -9.999000e+03 -9.999000e+03 -9.999000e+03 -9.999000e+03 -9.999000e+03 -9.999000e+03 -9.999000e+03 -9.999000e+03 -9.999000e+03 -9.999000e+03 -9.999000e+03 -9.999000e+03 -9.999000e+03 -9.999000e+03 -9.999000e+03 -9.999000e+03 -9.999000e+03 -9.999000e+03 -9.999000e+03 -9.999000e+03 -9.999000e+03 -9.999000e+03 -9.999000e+03 -9.999000e+03
