tests/data/reference/test_stream_rill_mfda/control/csheetvout_m3.asc
ncols	123
nrows	77
xllcorner	-713746.79929998
yllcorner	-1061022.36961616
cellsize	10.0
NODATA_value	-9999
[rows 46 to 68 of 77, columns 0 to 51 of 123]
-9.999000e+03 -9.999000e+03 -9.999000e+03 -9.999000e+03 -9.999000e+03 -9.999000e+03 1.746290e+00 1.975063e+00 4.718715e-01 4.787351e-01 4.802635e-01 4.947142e-01 5.045400e-01 5.050642e-01 5.040026e-01 5.017610e-01 5.040738e-01 5.083503e-01 5.191275e-01 5.389314e-01 1.497480e+00 1.572454e+00 1.419073e+00 1.562332e+00 1.592197e+00 1.633033e+00 1.668085e+00 1.675465e+00 1.664837e+00 1.661723e+00 1.672047e+00 1.681323e+00 1.683890e+00 1.694385e+00 1.008591e+00 1.026787e+00 5.971466e-01 6.060189e-01 6.123408e-01 6.175093e-01 1.099037e+00 1.755088e+00 1.975449e+00 1.996289e+00 2.161207e+00 2.271629e+00 2.339230e+00 1.080293e+00 1.067094e+00 5.864272e-01 5.803877e-01 5.833719e-01
-9.999000e+03 -9.999000e+03 -9.999000e+03 -9.999000e+03 -9.999000e+03 -9.999000e+03 2.370839e+00 3.370796e+00 4.870804e-01 4.980641e-01 5.004500e-01 5.086178e-01 5.168536e-01 5.198305e-01 5.197178e-01 5.131025e-01 5.036030e-01 4.984292e-01 5.075118e-01 1.419831e+00 1.501926e+00 1.206140e+00 1.420021e+00 1.452285e+00 1.483672e+00 1.517343e+00 1.535240e+00 1.529928e+00 1.523670e+00 1.530922e+00 1.539252e+00 1.539370e+00 1.541979e+00 5.776079e-01 5.851820e-01 5.920726e-01 5.995071e-01 6.072088e-01 6.127684e-01 6.178747e-01 1.462818e+00 1.751057e+00 1.771027e+00 1.993357e+00 2.154640e+00 2.263495e+00 6.161310e-01 6.120330e-01 6.070466e-01 5.981999e-01 5.891111e-01 5.850802e-01
-9.999000e+03 -9.999000e+03 -9.999000e+03 -9.999000e+03 -9.999000e+03 3.487341e+00 4.398174e+00 4.756875e-01 4.899649e-01 4.943537e-01 4.997821e-01 5.070365e-01 5.169811e-01 5.227964e-01 5.240730e-01 5.196948e-01 5.098875e-01 1.099709e+00 1.351296e+00 1.443314e+00 9.174288e-01 1.210042e+00 1.244513e+00 1.273243e+00 1.298247e+00 1.315838e+00 1.319478e+00 1.314697e+00 1.314537e+00 1.320322e+00 1.322259e+00 1.320221e+00 5.751012e-01 5.811981e-01 5.867679e-01 5.916154e-01 5.977433e-01 6.058861e-01 6.118139e-01 1.084303e+00 1.452412e+00 1.469708e+00 1.758692e+00 1.976672e+00 2.135117e+00 1.121722e+00 6.224309e-01 6.167912e-01 6.126632e-01 6.074478e-01 5.991996e-01 2.365318e+00
-9.999000e+03 -9.999000e+03 -9.999000e+03 -9.999000e+03 1.746238e+00 5.576799e+00 4.851787e-01 4.918651e-01 4.760725e-01 4.659840e-01 4.768165e-01 4.869370e-01 5.033392e-01 5.143643e-01 5.178862e-01 5.195479e-01 8.764281e-01 1.265898e+00 1.390245e+00 5.312974e-01 9.236567e-01 9.500582e-01 9.731647e-01 9.942697e-01 1.007998e+00 1.011057e+00 1.010344e+00 1.010520e+00 1.010527e+00 1.010234e+00 1.009257e+00 5.731846e-01 5.734221e-01 5.757512e-01 5.792390e-01 5.832842e-01 5.897083e-01 5.998263e-01 6.080534e-01 1.075862e+00 1.087835e+00 1.456931e+00 1.740606e+00 1.954052e+00 6.307563e-01 6.306312e-01 6.271807e-01 6.208150e-01 6.163658e-01 6.140790e-01 2.381150e+00 2.384048e+00
-9.999000e+03 -9.999000e+03 -9.999000e+03 -9.999000e+03 7.514544e+00 4.728572e-01 4.885255e-01 4.820825e-01 4.549836e-01 4.468539e-01 4.574378e-01 4.671699e-01 4.878848e-01 5.061352e-01 5.148112e-01 5.203240e-01 1.116156e+00 1.323117e+00 1.373940e+00 5.333662e-01 5.490300e-01 5.606699e-01 5.716218e-01 5.819069e-01 5.853370e-01 5.839616e-01 5.848579e-01 5.862201e-01 5.846003e-01 5.826927e-01 5.830415e-01 5.825203e-01 5.811309e-01 5.800856e-01 5.803184e-01 5.820086e-01 5.860950e-01 5.942980e-01 6.032885e-01 6.103862e-01 1.080862e+00 1.445079e+00 1.723718e+00 1.932597e+00 2.278197e+00 2.301391e+00 2.321766e+00 2.339279e+00 2.348231e+00 2.366638e+00 2.386121e+00 2.390512e+00
-9.999000e+03 -9.999000e+03 -9.999000e+03 1.745483e+00 4.034965e+00 4.539354e-01 4.587659e-01 4.446823e-01 4.332542e-01 4.380066e-01 4.474617e-01 4.560129e-01 4.727720e-01 4.973402e-01 5.122917e-01 8.674210e-01 1.212533e+00 1.300468e+00 5.149715e-01 5.334646e-01 5.554920e-01 5.720255e-01 5.829148e-01 5.925506e-01 5.971335e-01 5.970762e-01 5.984831e-01 6.007912e-01 5.997940e-01 5.968794e-01 5.962073e-01 5.960998e-01 5.951163e-01 5.928908e-01 5.901440e-01 5.884860e-01 5.882271e-01 5.911866e-01 5.988859e-01 6.076999e-01 1.076293e+00 1.437464e+00 1.711839e+00 2.217738e+00 2.242529e+00 2.267614e+00 2.297644e+00 2.309766e+00 2.332358e+00 2.360377e+00 2.382148e+00 2.381529e+00
-9.999000e+03 -9.999000e+03 -9.999000e+03 5.890808e+00 4.182479e-01 4.368230e-01 4.214433e-01 3.937905e-01 4.003801e-01 5.934874e-01 6.388421e-01 4.355815e-01 4.501999e-01 4.847511e-01 5.055658e-01 1.029529e+00 1.192881e+00 1.225477e+00 5.090876e-01 5.215865e-01 5.455258e-01 5.665664e-01 5.799619e-01 5.910581e-01 5.985314e-01 6.011509e-01 6.031606e-01 6.056093e-01 6.049009e-01 6.013240e-01 5.993173e-01 5.988951e-01 5.991789e-01 5.987996e-01 5.971122e-01 5.957268e-01 5.937326e-01 5.920897e-01 5.971483e-01 6.068793e-01 1.075907e+00 1.435234e+00 2.154391e+00 2.182004e+00 2.209848e+00 2.251924e+00 2.260257e+00 2.286801e+00 2.317669e+00 2.349272e+00 2.365431e+00 2.358663e+00
-9.999000e+03 -9.999000e+03 3.589785e+00 1.637934e-01 4.180707e-01 4.169160e-01 3.623634e-01 3.394050e-01 3.579535e-01 4.122460e-01 9.504986e-01 4.381726e-01 4.122687e-01 4.651819e-01 7.755220e-01 1.036975e+00 1.088547e+00 5.085893e-01 4.981058e-01 4.939613e-01 5.113527e-01 5.378693e-01 5.580772e-01 5.741357e-01 5.879630e-01 5.957854e-01 5.991677e-01 6.015021e-01 6.008354e-01 5.964335e-01 5.925330e-01 5.911914e-01 5.936851e-01 5.976038e-01 5.999513e-01 6.016402e-01 6.009240e-01 5.974580e-01 5.988890e-01 6.069746e-01 1.075516e+00 2.074802e+00 2.110208e+00 2.145523e+00 2.208037e+00 2.202276e+00 2.228962e+00 2.261443e+00 2.300392e+00 2.329066e+00 2.333767e+00 2.330912e+00
-9.999000e+03 -9.999000e+03 1.231449e+00 6.295219e-01 4.738020e-01 3.666430e-01 3.152216e-01 3.639781e-01 9.355754e-01 6.231478e-01 5.046535e-01 3.569407e-01 3.743251e-01 4.409474e-01 8.474202e-01 9.037652e-01 8.404021e-01 8.355850e-01 8.429696e-01 8.276367e-01 4.615949e-01 4.967771e-01 5.252964e-01 5.451467e-01 5.649699e-01 5.799929e-01 5.878730e-01 5.923298e-01 5.933297e-01 5.901494e-01 5.856575e-01 5.825711e-01 5.855573e-01 5.920089e-01 5.967279e-01 6.002800e-01 6.011412e-01 5.989225e-01 5.997435e-01 6.052869e-01 1.964075e+00 2.009941e+00 2.058167e+00 2.159730e+00 2.131190e+00 2.158032e+00 2.188712e+00 2.233754e+00 2.276010e+00 2.287646e+00 2.294393e+00 2.303472e+00
-9.999000e+03 1.737647e+00 7.850672e-01 4.155152e-01 4.042365e-01 2.698584e-01 5.043732e-01 6.491883e-01 -9.999000e+03 -9.999000e+03 -9.999000e+03 3.346625e-01 3.560498e-01 6.297628e-01 6.867739e-01 5.575041e-01 5.288531e-01 5.625796e-01 6.005115e-01 4.742907e-01 3.608595e-01 4.281665e-01 6.624966e-01 7.379375e-01 8.111889e-01 5.469030e-01 1.185167e+00 1.279908e+00 5.807255e-01 5.810309e-01 5.779495e-01 5.733761e-01 5.753209e-01 5.826186e-01 5.883742e-01 5.928412e-01 1.357562e+00 1.756600e+00 1.786115e+00 1.821244e+00 1.873806e+00 1.932773e+00 2.096438e+00 2.029733e+00 2.060098e+00 2.091794e+00 2.142860e+00 2.199643e+00 2.215836e+00 2.231408e+00 2.250102e+00 2.261848e+00
-9.999000e+03 1.871188e+00 3.738827e-01 4.019554e-01 3.522579e-01 3.587428e-01 -9.999000e+03 -9.999000e+03 -9.999000e+03 -9.999000e+03 -9.999000e+03 -9.999000e+03 3.720621e-01 4.068234e-01 4.223465e-01 4.301524e-01 4.433745e-01 4.592052e-01 4.412161e-01 3.605167e-01 3.300341e-01 3.367912e-01 3.910037e-01 4.424343e-01 7.141475e-01 9.254763e-01 1.020003e+00 9.855921e-01 1.071191e+00 1.184748e+00 1.257033e+00 5.619806e-01 5.647186e-01 5.738746e-01 5.811288e-01 1.015125e+00 1.574447e+00 1.607600e+00 1.643794e+00 1.700970e+00 1.766102e+00 2.023391e+00 1.884974e+00 1.923334e+00 1.958540e+00 2.019697e+00 2.095785e+00 2.108406e+00 2.134032e+00 2.165587e+00 2.182463e+00 2.179494e+00
1.745573e+00 1.294075e-01 4.054990e-01 3.557320e-01 2.564112e-01 5.439570e-01 -9.999000e+03 -9.999000e+03 -9.999000e+03 -9.999000e+03 -9.999000e+03 -9.999000e+03 -9.999000e+03 -9.999000e+03 -9.999000e+03 5.755040e-01 1.052609e+00 1.388312e+00 1.532060e+00 1.619011e+00 6.194710e-01 -9.999000e+03 -9.999000e+03 3.908608e-01 6.640890e-01 7.420885e-01 6.373579e-01 7.324574e-01 8.766574e-01 9.881091e-01 1.005585e+00 1.082375e+00 5.532475e-01 5.656890e-01 5.746629e-01 1.341247e+00 1.381540e+00 1.423540e+00 1.483853e+00 1.550879e+00 1.959493e+00 1.687668e+00 1.737630e+00 1.781972e+00 1.856415e+00 1.961571e+00 1.961808e+00 1.993323e+00 2.042599e+00 2.070629e+00 2.055942e+00 6.302271e-01
1.742593e+00 3.442928e-01 3.292965e-01 3.284081e-01 1.258167e+00 -9.999000e+03 -9.999000e+03 -9.999000e+03 -9.999000e+03 -9.999000e+03 -9.999000e+03 -9.999000e+03 -9.999000e+03 -9.999000e+03 -9.999000e+03 -9.999000e+03 -9.999000e+03 -9.999000e+03 -9.999000e+03 -9.999000e+03 -9.999000e+03 -9.999000e+03 -9.999000e+03 3.764171e-01 4.315005e-01 4.497173e-01 4.735581e-01 4.994785e-01 6.724285e-01 6.776994e-01 7.828226e-01 8.208151e-01 8.981268e-01 9.727004e-01 1.046771e+00 1.089703e+00 1.146567e+00 1.218305e+00 1.281176e+00 1.933746e+00 1.428020e+00 1.490816e+00 1.550344e+00 1.646551e+00 1.795831e+00 1.771464e+00 1.805714e+00 1.871801e+00 1.920470e+00 1.896238e+00 1.896533e+00 1.924093e+00
-9.999000e+03 4.227034e-01 4.067256e-01 7.143707e-01 -9.999000e+03 -9.999000e+03 -9.999000e+03 -9.999000e+03 -9.999000e+03 -9.999000e+03 -9.999000e+03 -9.999000e+03 -9.999000e+03 -9.999000e+03 -9.999000e+03 -9.999000e+03 -9.999000e+03 -9.999000e+03 -9.999000e+03 -9.999000e+03 -9.999000e+03 -9.999000e+03 -9.999000e+03 -9.999000e+03 -9.999000e+03 -9.999000e+03 6.016368e-01 9.968213e-01 4.882463e-01 4.604065e-01 4.561954e-01 5.468623e-01 6.110257e-01 6.816258e-01 7.228507e-01 7.927214e-01 8.859445e-01 9.524569e-01 1.978790e+00 1.095730e+00 1.171344e+00 1.249173e+00 1.376591e+00 1.599922e+00 1.536487e+00 1.571909e+00 1.653944e+00 1.726851e+00 1.696593e+00 1.693447e+00 1.701730e+00 1.752244e+00
-9.999000e+03 -9.999000e+03 -9.999000e+03 -9.999000e+03 -9.999000e+03 -9.999000e+03 -9.999000e+03 -9.999000e+03 -9.999000e+03 -9.999000e+03 -9.999000e+03 -9.999000e+03 -9.999000e+03 -9.999000e+03 -9.999000e+03 -9.999000e+03 -9.999000e+03 -9.999000e+03 -9.999000e+03 -9.999000e+03 -9.999000e+03 -9.999000e+03 -9.999000e+03 -9.999000e+03 -9.999000e+03 -9.999000e+03 -9.999000e+03 -9.999000e+03 9.000940e-01 5.689152e-01 4.548562e-01 4.527893e-01 4.886702e-01 5.273354e-01 5.381025e-01 5.302896e-01 5.370409e-01 2.101727e+00 6.840170e-01 7.668731e-01 8.641247e-01 1.026021e+00 1.365524e+00 1.243112e+00 1.282864e+00 1.384638e+00 1.489991e+00 1.443913e+00 1.447538e+00 1.445659e+00 1.470154e+00 1.536042e+00
-9.999000e+03 -9.999000e+03 -9.999000e+03 -9.999000e+03 -9.999000e+03 -9.999000e+03 -9.999000e+03 -9.999000e+03 -9.999000e+03 -9.999000e+03 -9.999000e+03 -9.999000e+03 -9.999000e+03 -9.999000e+03 -9.999000e+03 -9.999000e+03 -9.999000e+03 -9.999000e+03 -9.999000e+03 -9.999000e+03 -9.999000e+03 -9.999000e+03 -9.999000e+03 -9.999000e+03 -9.999000e+03 -9.999000e+03 -9.999000e+03 -9.999000e+03 -9.999000e+03 1.002585e+00 7.994061e-01 2.097018e+00 2.231833e+00 2.337010e+00 2.433839e+00 2.423716e+00 2.281090e+00 5.475154e-01 5.620096e-01 5.726266e-01 5.781874e-01 1.096461e+00 8.657010e-01 9.121169e-01 1.037821e+00 1.195749e+00 1.125948e+00 1.135675e+00 1.131833e+00 1.140277e+00 1.184448e+00 1.223854e+00
-9.999000e+03 -9.999000e+03 -9.999000e+03 -9.999000e+03 -9.999000e+03 -9.999000e+03 -9.999000e+03 -9.999000e+03 -9.999000e+03 -9.999000e+03 -9.999000e+03 -9.999000e+03 -9.999000e+03 -9.999000e+03 -9.999000e+03 -9.999000e+03 -9.999000e+03 -9.999000e+03 -9.999000e+03 -9.999000e+03 -9.999000e+03 -9.999000e+03 -9.999000e+03 -9.999000e+03 -9.999000e+03 -9.999000e+03 -9.999000e+03 -9.999000e+03 -9.999000e+03 -9.999000e+03 1.276384e+00 -9.999000e+03 -9.999000e+03 -9.999000e+03 -9.999000e+03 -9.999000e+03 -9.999000e+03 -9.999000e+03 8.206661e-01 1.422632e+00 1.811197e+00 5.651725e-01 5.721195e-01 5.856882e-01 8.304076e-01 7.113609e-01 7.399502e-01 7.372579e-01 7.311123e-01 7.622821e-01 7.855586e-01 8.668846e-01
-9.999000e+03 -9.999000e+03 -9.999000e+03 -9.999000e+03 -9.999000e+03 -9.999000e+03 -9.999000e+03 -9.999000e+03 -9.999000e+03 -9.999000e+03 -9.999000e+03 -9.999000e+03 -9.999000e+03 -9.999000e+03 -9.999000e+03 -9.999000e+03 -9.999000e+03 -9.999000e+03 -9.999000e+03 -9.999000e+03 -9.999000e+03 -9.999000e+03 -9.999000e+03 -9.999000e+03 -9.999000e+03 -9.999000e+03 -9.999000e+03 -9.999000e+03 -9.999000e+03 -9.999000e+03 -9.999000e+03 -9.999000e+03 -9.999000e+03 -9.999000e+03 -9.999000e+03 -9.999000e+03 -9.999000e+03 -9.999000e+03 -9.999000e+03 -9.999000e+03 -9.999000e+03 1.211176e+00 1.568212e+00 1.848973e+00 5.899587e-01 5.893702e-01 5.822991e-01 5.671579e-01 5.746325e-01 6.001175e-01 6.089000e-01 6.056973e-01
-9.999000e+03 -9.999000e+03 -9.999000e+03 -9.999000e+03 -9.999000e+03 -9.999000e+03 -9.999000e+03 -9.999000e+03 -9.999000e+03 -9.999000e+03 -9.999000e+03 -9.999000e+03 -9.999000e+03 -9.999000e+03 -9.999000e+03 -9.999000e+03 -9.999000e+03 -9.999000e+03 -9.999000e+03 -9.999000e+03 -9.999000e+03 -9.999000e+03 -9.999000e+03 -9.999000e+03 -9.999000e+03 -9.999000e+03 -9.999000e+03 -9.999000e+03 -9.999000e+03 -9.999000e+03 -9.999000e+03 -9.999000e+03 -9.999000e+03 -9.999000e+03 -9.999000e+03 -9.999000e+03 -9.999000e+03 -9.999000e+03 -9.999000e+03 -9.999000e+03 -9.999000e+03 -9.999000e+03 -9.999000e+03 -9.999000e+03 1.569413e+00 2.119586e+00 2.558807e+00 2.895007e+00 3.170090e+00 3.408140e+00 8.626986e-01 7.821923e-01
-9.999000e+03 -9.999000e+03 -9.999000e+03 -9.999000e+03 -9.999000e+03 -9.999000e+03 -9.999000e+03 -9.999000e+03 -9.999000e+03 -9.999000e+03 -9.999000e+03 -9.999000e+03 -9.999000e+03 -9.999000e+03 -9.999000e+03 -9.999000e+03 -9.999000e+03 -9.999000e+03 -9.999000e+03 -9.999000e+03 -9.999000e+03 -9.999000e+03 -9.999000e+03 -9.999000e+03 -9.999000e+03 -9.999000e+03 -9.999000e+03 -9.999000e+03 -9.999000e+03 -9.999000e+03 -9.999000e+03 -9.999000e+03 -9.999000e+03 -9.999000e+03 -9.999000e+03 -9.999000e+03 -9.999000e+03 -9.999000e+03 -9.999000e+03 -9.999000e+03 -9.999000e+03 -9.999000e+03 -9.999000e+03 -9.999000e+03 -9.999000e+03 -9.999000e+03 -9.999000e+03 -9.999000e+03 -9.999000e+03 -9.999000e+03 3.269344e+00 1.229771e+00
-9.999000e+03 -9.999000e+03 -9.999000e+03 -9.999000e+03 -9.999000e+03 -9.999000e+03 -9.999000e+03 -9.999000e+03 -9.999000e+03 -9.999000e+03 -9.999000e+03 -9.999000e+03 -9.999000e+03 -9.999000e+03 -9.999000e+03 -9.999000e+03 -9.999000e+03 -9.999000e+03 -9.999000e+03 -9.999000e+03 -9.999000e+03 -9.999000e+03 -9.999000e+03 -9.999000e+03 -9.999000e+03 -9.999000e+03 -9.999000e+03 -9.999000e+03 -9.999000e+03 -9.999000e+03 -9.999000e+03 -9.999000e+03 -9.999000e+03 -9.999000e+03 -9.999000e+03 -9.999000e+03 -9.999000e+03 -9.999000e+03 -9.999000e+03 -9.999000e+03 -9.999000e+03 -9.999000e+03 -9.999000e+03 -9.999000e+03 -9.999000e+03 -9.999000e+03 -9.999000e+03 -9.999000e+03 -9.999000e+03 -9.999000e+03 -9.999000e+03 3.064787e+00
-9.999000e+03 -9.999000e+03 -9.999000e+03 -9.999000e+03 -9.999000e+03 -9.999000e+03 -9.999000e+03 -9.999000e+03 -9.999000e+03 -9.999000e+03 -9.999000e+03 -9.999000e+03 -9.999000e+03 -9.999000e+03 -9.999000e+03 -9.999000e+03 -9.999000e+03 -9.999000e+03 -9.999000e+03 -9.999000e+03 -9.999000e+03 -9.999000e+03 -9.999000e+03 -9.999000e+03 -9.999000e+03 -9.999000e+03 -9.999000e+03 -9.999000e+03 -9.999000e+03 -9.999000e+03 -9.999000e+03 -9.999000e+03 -9.999000e+03 -9.999000e+03 -9.999000e+03 -9.999000e+03 -9.999000e+03 -9.999000e+03 -9.999000e+03 -9.999000e+03 -9.999000e+03 -9.999000e+03 -9.999000e+03 -9.999000e+03 -9.999000e+03 -9.999000e+03 -9.999000e+03 -9.999000e+03 -9.999000e+03 -9.999000e+03 -9.999000e+03 -9.999000e+03
-9.999000e+03 -9.999000e+03 -9.999000e+03 -9.999000e+03 -9.999000e+03 -9.999000e+03 -9.999000e+03 -9.999000e+03 -9.999000e+03 -9.999000e+03 -9.999000e+03 -9.999000e+03 -9.999000e+03 -9.999000e+03 -9.999000e+03 -9.999000e+03 -9.999000e+03 -9.999000e+03 -9.999000e+03 -9.999000e+03 -9.999000e+03 -9.999000e+03 -9.999000e+03 -9.999000e+03 -9.999000e+03 -9.999000e+03 -9.999000e+03 -9.999000e+03 -9.999000e+03 -9.999000e+03 -9.999000e+03 -9.999000e+03 -9.999000e+03 -9.999000e+03 -9.999000e+03 -9.999000e+03 -9.999000e+03 -9.999000e+03 -9.999000e+03 -9.999000e+03 -9.999000e+03 -9.999000e+03 -9.999000e+03 -9.999000e+03 -9.999000e+03 -9.999000e+03 -9.999000e+03 -9.999000e+03 -9.999000e+03 -9.999000e+03 -9.999000e+03 -9.999000e+03
