tests/data/reference/test_stream_rill_mfda/control/csheetvout_m3.asc
ncols	123
nrows	77
xllcorner	-713746.79929998
yllcorner	-1061022.36961616
cellsize	10.0
NODATA_value	-9999
[rows 46 to 68 of 77, columns 52 to 103 of 123]
1.022752e+00 2.258696e+00 2.213529e+00 2.167304e+00 2.138907e+00 2.131394e+00 2.130299e+00 2.125780e+00 2.120459e+00 2.116479e+00 2.112475e+00 2.128009e+00 2.159944e+00 2.204731e+00 2.246802e+00 2.266421e+00 2.281832e+00 2.301389e+00 2.337295e+00 2.386341e+00 2.437322e+00 2.489778e+00 2.543382e+00 2.591381e+00 2.635277e+00 0.000000e+00 2.005651e-01 8.372959e-01 1.357989e+00 2.138254e+00 2.437041e+00 0.000000e+00 0.000000e+00 0.000000e+00 6.813852e-01 6.223643e-01 6.295958e-01 6.410217e-01 6.474953e-01 6.485978e-01 6.476718e-01 6.450174e-01 6.408624e-01 6.343154e-01 6.283248e-01 6.229932e-01 6.173505e-01 6.113623e-01 6.064088e-01 6.078093e-01 6.149400e-01 6.206748e-01
2.318632e+00 2.277565e+00 2.222124e+00 2.176672e+00 2.154204e+00 2.143852e+00 2.132923e+00 2.120472e+00 2.107395e+00 2.083722e+00 2.088609e+00 2.108385e+00 2.150670e+00 2.198602e+00 2.218586e+00 2.239916e+00 2.252911e+00 2.273567e+00 2.312651e+00 2.356599e+00 2.401711e+00 2.455237e+00 2.516400e+00 2.575385e+00 2.154648e+00 0.000000e+00 2.004890e-01 8.155397e-01 1.744610e+00 2.117411e+00 2.503881e+00 7.642667e+00 6.591842e-01 0.000000e+00 0.000000e+00 5.993869e-01 6.154941e-01 6.337971e-01 1.160743e+00 6.479058e-01 6.469866e-01 6.435463e-01 6.406326e-01 6.371912e-01 6.343621e-01 6.313665e-01 6.270558e-01 6.220863e-01 6.167418e-01 6.153879e-01 6.193942e-01 6.231405e-01
2.347156e+00 2.301675e+00 2.244045e+00 2.204782e+00 2.185555e+00 2.169241e+00 2.148790e+00 2.125762e+00 2.077032e+00 2.081335e+00 2.083255e+00 2.115995e+00 2.167268e+00 2.179765e+00 2.220742e+00 2.243109e+00 2.247434e+00 2.269709e+00 2.303777e+00 2.340056e+00 2.384382e+00 2.443581e+00 2.510050e+00 1.920950e+00 1.881014e+00 0.000000e+00 1.575043e-01 1.254868e+00 1.692925e+00 2.153758e+00 2.557694e+00 1.663440e+00 7.671097e+00 6.138023e-01 0.000000e+00 6.375688e-01 6.029085e-01 6.249446e-01 1.154097e+00 6.461319e-01 6.464676e-01 6.425692e-01 6.404100e-01 6.391549e-01 6.388623e-01 6.379132e-01 6.346366e-01 6.308135e-01 6.266032e-01 6.238622e-01 6.240131e-01 6.242511e-01
2.366707e+00 2.321961e+00 2.271914e+00 2.241705e+00 2.223746e+00 2.202989e+00 2.174100e+00 2.085660e+00 2.104171e+00 2.088029e+00 2.102579e+00 2.146659e+00 2.131385e+00 2.199077e+00 2.251784e+00 2.253466e+00 2.259610e+00 2.278378e+00 2.305020e+00 2.340764e+00 2.392750e+00 2.456602e+00 1.665556e+00 1.530429e+00 5.311361e+00 0.000000e+00 6.537869e-01 1.174347e+00 1.713812e+00 2.187496e+00 2.517422e+00 7.183100e-01 2.013018e+00 7.583818e+00 0.000000e+00 0.000000e+00 5.950380e-01 1.528490e+00 1.143802e+00 6.423093e-01 6.451924e-01 6.424811e-01 6.409956e-01 6.408255e-01 6.423528e-01 6.431168e-01 6.404790e-01 6.376521e-01 6.358005e-01 6.327135e-01 6.284637e-01 6.238686e-01
2.370764e+00 2.333772e+00 2.300180e+00 2.280346e+00 2.264565e+00 2.239554e+00 2.100908e+00 2.155985e+00 2.121351e+00 2.115512e+00 2.142366e+00 2.061727e+00 2.161582e+00 2.261897e+00 2.269887e+00 2.271864e+00 2.276792e+00 2.289604e+00 2.316353e+00 2.362618e+00 2.424383e+00 1.436215e+00 1.109527e+00 5.589267e+00 2.521496e+00 0.000000e+00 6.554424e-01 1.182274e+00 1.733446e+00 2.118039e+00 2.078525e+00 1.676475e+00 1.306486e+00 2.294687e+00 6.431343e-01 0.000000e+00 6.469849e-01 6.094443e-01 1.132535e+00 6.378145e-01 6.425771e-01 6.417666e-01 6.413969e-01 6.415042e-01 6.434493e-01 6.460064e-01 6.453269e-01 6.432199e-01 6.418256e-01 6.388414e-01 6.337445e-01 6.274608e-01
2.361531e+00 2.339550e+00 2.325169e+00 2.317083e+00 2.300695e+00 2.095974e+00 2.224003e+00 2.178026e+00 2.151066e+00 2.157270e+00 1.966529e+00 2.100847e+00 2.271616e+00 2.287780e+00 2.291602e+00 2.290846e+00 2.290216e+00 2.302507e+00 2.339358e+00 2.398391e+00 2.463374e+00 6.162237e-01 5.841615e+00 2.505622e+00 2.490824e+00 0.000000e+00 6.546202e-01 1.187913e+00 1.632071e+00 1.590252e+00 1.079886e+00 2.494343e+00 2.061176e+00 1.775427e+00 2.495019e+00 0.000000e+00 0.000000e+00 6.669697e-01 6.225350e-01 6.341832e-01 6.396676e-01 6.404500e-01 6.415776e-01 6.416856e-01 6.424826e-01 6.461335e-01 6.488663e-01 6.482713e-01 6.455591e-01 6.426084e-01 6.398269e-01 6.349789e-01
2.346601e+00 2.340780e+00 2.346228e+00 2.343884e+00 2.048919e+00 2.284600e+00 2.240253e+00 2.201521e+00 2.184253e+00 1.831674e+00 2.009369e+00 2.279459e+00 2.304587e+00 2.313715e+00 2.313138e+00 2.306010e+00 2.303230e+00 2.323562e+00 2.371514e+00 2.436222e+00 2.496584e+00 6.059619e+00 2.515188e+00 2.494969e+00 1.838755e+00 0.000000e+00 6.557145e-01 1.192419e+00 1.009119e+00 9.078858e-01 7.494274e-01 1.644460e+00 2.837276e+00 2.390853e+00 2.135559e+00 6.377176e-01 0.000000e+00 6.720029e-01 6.225463e-01 6.308824e-01 6.350219e-01 6.359944e-01 6.388294e-01 6.410569e-01 6.427185e-01 6.464486e-01 6.506049e-01 6.518955e-01 6.497710e-01 6.466872e-01 6.443527e-01 6.415888e-01
2.327747e+00 2.341354e+00 2.356859e+00 1.947565e+00 2.328980e+00 2.290468e+00 2.250106e+00 2.217418e+00 1.640289e+00 1.866998e+00 2.278885e+00 2.313785e+00 2.331914e+00 2.336880e+00 2.331772e+00 2.321704e+00 2.323941e+00 2.353104e+00 2.404753e+00 2.467110e+00 2.519856e+00 2.535686e+00 2.520113e+00 1.636805e+00 1.006550e+00 0.000000e+00 6.580161e-01 8.418959e-01 6.732214e-01 6.808651e-01 1.050609e+00 1.377728e+00 2.121266e+00 3.115285e+00 2.662026e+00 6.665824e-01 0.000000e+00 0.000000e+00 6.925729e-01 6.291368e-01 6.289024e-01 6.279363e-01 6.323746e-01 6.385524e-01 6.436516e-01 6.479093e-01 6.513724e-01 6.538248e-01 6.540251e-01 6.512341e-01 6.475930e-01 6.469305e-01
2.307943e+00 2.329051e+00 1.769606e+00 2.348281e+00 2.322700e+00 2.283968e+00 2.242992e+00 1.385834e+00 1.666100e+00 2.259421e+00 2.301091e+00 2.332213e+00 2.348602e+00 2.352056e+00 2.345544e+00 2.339610e+00 2.349811e+00 2.383160e+00 2.432520e+00 2.489336e+00 2.536566e+00 2.546216e+00 1.464392e+00 7.652827e-01 6.400085e-01 0.000000e+00 6.613361e-01 6.690420e-01 9.728016e-01 9.734128e-01 1.239220e+00 1.521374e+00 1.907669e+00 2.527943e+00 3.332404e+00 6.853269e-01 6.835136e-01 0.000000e+00 7.021251e-01 6.989999e-01 6.308641e-01 6.294280e-01 6.340080e-01 6.408292e-01 6.466003e-01 6.503021e-01 6.522247e-01 6.541104e-01 6.555013e-01 6.543193e-01 6.512730e-01 6.505761e-01
2.268393e+00 1.491335e+00 2.320248e+00 2.323350e+00 2.294795e+00 2.248392e+00 1.047725e+00 1.406352e+00 2.233096e+00 2.265415e+00 2.302647e+00 2.330305e+00 2.348276e+00 2.352710e+00 2.349394e+00 2.351958e+00 2.369583e+00 2.404428e+00 2.451176e+00 2.505979e+00 2.549435e+00 2.563720e+00 6.052828e-01 6.313008e-01 0.000000e+00 0.000000e+00 6.674088e-01 1.006711e+00 1.221861e+00 1.466734e+00 1.473829e+00 1.692436e+00 1.908934e+00 2.364392e+00 2.866054e+00 3.481795e+00 6.882932e-01 0.000000e+00 7.115815e-01 7.074498e-01 6.398075e-01 6.408013e-01 6.443658e-01 6.486438e-01 6.520334e-01 6.535565e-01 6.531658e-01 6.531238e-01 6.544557e-01 6.556518e-01 6.551451e-01 6.531267e-01
1.115261e+00 2.233818e+00 2.268699e+00 2.266601e+00 2.222737e+00 5.974019e-01 1.061995e+00 2.203075e+00 2.221388e+00 2.253508e+00 2.282504e+00 2.306394e+00 2.325189e+00 2.333514e+00 2.337448e+00 2.348767e+00 2.372668e+00 2.410532e+00 2.461045e+00 2.512463e+00 2.557806e+00 2.592422e+00 1.362876e+00 9.436018e-01 0.000000e+00 1.657594e-01 6.713069e-01 1.215589e+00 1.491177e+00 1.675541e+00 1.470919e+00 1.826238e+00 1.942504e+00 1.661615e+00 2.746018e+00 3.124966e+00 6.822284e-01 0.000000e+00 0.000000e+00 7.237116e-01 7.231732e-01 6.526502e-01 6.534939e-01 6.546922e-01 6.554928e-01 6.557776e-01 6.546996e-01 6.530268e-01 6.525012e-01 6.533106e-01 6.535809e-01 6.508004e-01
2.102089e+00 2.151465e+00 2.178637e+00 2.151141e+00 6.067473e-01 6.045880e-01 2.152186e+00 2.162998e+00 2.191974e+00 2.218478e+00 2.238049e+00 2.256947e+00 2.278059e+00 2.293021e+00 2.303642e+00 2.321771e+00 2.354296e+00 2.403993e+00 2.452836e+00 2.503579e+00 2.560754e+00 2.602731e+00 7.662216e+00 1.600888e+00 0.000000e+00 1.667353e-01 7.761123e-01 1.215415e+00 1.717614e+00 1.618459e+00 2.502993e+00 2.671357e+00 2.813501e+00 2.933067e+00 2.664003e+00 3.620014e+00 6.888210e-01 6.864442e-01 0.000000e+00 7.460790e-01 7.436861e-01 6.645467e-01 6.613455e-01 6.590745e-01 6.570503e-01 6.566992e-01 6.564981e-01 6.540031e-01 6.500202e-01 6.474867e-01 6.464787e-01 6.432884e-01
1.981393e+00 2.027766e+00 2.017834e+00 1.987050e+00 2.002678e+00 2.077245e+00 2.078757e+00 2.105984e+00 2.134645e+00 2.151749e+00 2.161866e+00 2.180972e+00 2.207231e+00 2.225990e+00 2.241326e+00 2.270910e+00 2.324022e+00 2.373301e+00 2.421865e+00 2.486073e+00 2.534547e+00 2.586461e+00 2.640811e+00 6.328393e+00 0.000000e+00 1.672289e-01 1.490042e+00 2.580825e+00 2.007811e+00 2.276915e+00 2.487399e+00 2.662791e+00 2.812212e+00 2.941780e+00 2.686785e+00 2.653284e+00 4.121774e+00 6.709164e-01 0.000000e+00 0.000000e+00 7.459918e-01 7.409636e-01 6.641694e-01 6.602792e-01 6.571745e-01 6.559799e-01 6.555816e-01 6.533050e-01 6.485518e-01 6.447464e-01 6.436058e-01 6.404389e-01
1.819675e+00 1.828618e+00 1.811696e+00 1.851615e+00 1.975159e+00 1.970123e+00 1.992935e+00 2.021016e+00 2.037985e+00 2.042669e+00 2.054219e+00 2.080205e+00 2.106118e+00 2.125265e+00 2.155321e+00 2.215558e+00 2.267751e+00 2.314735e+00 2.383566e+00 2.427275e+00 2.479565e+00 2.536917e+00 2.584454e+00 2.659627e+00 0.000000e+00 6.704169e-01 1.216305e+00 1.653813e+00 1.997283e+00 2.263319e+00 2.476827e+00 2.659224e+00 2.823936e+00 2.496075e+00 2.223884e+00 2.362026e+00 2.519174e+00 5.059873e+00 6.585352e-01 0.000000e+00 0.000000e+00 7.365858e-01 7.339677e-01 6.582986e-01 6.557076e-01 6.538708e-01 6.521548e-01 6.504958e-01 6.474301e-01 6.449949e-01 6.452874e-01 6.431479e-01
1.573909e+00 1.586005e+00 1.654623e+00 1.841759e+00 1.830674e+00 1.850329e+00 1.876992e+00 1.889707e+00 1.887882e+00 1.894704e+00 1.918509e+00 1.943343e+00 1.963590e+00 1.999181e+00 2.073106e+00 2.132531e+00 2.178210e+00 2.253580e+00 2.287264e+00 2.333332e+00 2.392180e+00 2.442463e+00 2.533014e+00 2.601106e+00 0.000000e+00 6.725346e-01 1.214104e+00 1.644561e+00 1.983371e+00 2.252294e+00 2.474351e+00 2.678581e+00 2.276738e+00 1.878562e+00 2.033873e+00 2.049661e+00 2.370772e+00 2.525666e+00 5.633472e+00 6.352794e-01 0.000000e+00 0.000000e+00 7.190614e-01 6.501485e-01 6.513162e-01 6.516142e-01 6.504599e-01 6.497711e-01 6.479137e-01 6.445899e-01 6.423355e-01 2.588358e+00
1.282669e+00 1.408110e+00 1.677508e+00 1.655965e+00 1.666411e+00 1.693210e+00 1.703032e+00 1.692605e+00 1.692131e+00 1.713896e+00 1.737143e+00 1.753761e+00 1.792769e+00 1.885284e+00 1.958499e+00 2.005488e+00 2.091737e+00 2.112495e+00 2.146950e+00 2.204578e+00 2.259982e+00 2.371652e+00 2.452794e+00 2.469115e+00 0.000000e+00 6.698680e-01 1.206341e+00 1.632488e+00 1.973026e+00 2.252018e+00 2.505898e+00 2.038583e+00 1.471038e+00 1.645913e+00 1.852979e+00 2.037876e+00 2.061762e+00 2.232529e+00 2.519043e+00 7.536201e+00 2.845323e+00 0.000000e+00 6.797885e-01 6.981049e-01 6.428069e-01 6.485776e-01 6.500908e-01 6.508572e-01 6.503308e-01 6.444914e-01 2.615179e+00 2.653693e+00
1.072392e+00 1.475247e+00 1.448444e+00 1.436918e+00 1.457455e+00 1.461954e+00 1.447036e+00 1.443814e+00 1.461008e+00 1.477410e+00 1.489975e+00 1.534658e+00 1.647939e+00 1.737985e+00 1.786811e+00 1.889045e+00 1.894531e+00 1.914295e+00 1.966798e+00 2.024807e+00 2.167229e+00 2.272334e+00 2.278568e+00 2.385478e+00 0.000000e+00 6.659594e-01 1.198535e+00 1.626195e+00 1.975786e+00 2.295657e+00 1.785913e+00 9.939146e-01 1.192919e+00 1.442345e+00 1.644448e+00 1.860812e+00 1.870987e+00 2.063138e+00 2.428884e+00 2.662066e+00 2.642535e+00 0.000000e+00 0.000000e+00 6.781955e-01 6.340303e-01 6.436369e-01 6.463635e-01 6.463468e-01 6.459018e-01 6.388025e-01 2.665877e+00 2.720321e+00
1.185550e+00 1.193899e+00 1.157051e+00 1.165448e+00 1.155834e+00 1.129295e+00 1.132862e+00 1.157364e+00 1.163852e+00 1.164122e+00 1.217223e+00 1.360205e+00 1.473827e+00 1.520737e+00 1.641560e+00 1.627384e+00 1.624967e+00 1.670378e+00 1.727128e+00 1.899344e+00 2.041315e+00 2.046599e+00 2.171165e+00 2.284046e+00 0.000000e+00 6.625243e-01 1.194687e+00 1.629982e+00 2.030096e+00 2.322829e+00 6.571132e-01 6.562674e-01 9.671852e-01 1.190177e+00 1.452468e+00 1.443060e+00 1.664128e+00 2.126593e+00 2.267979e+00 2.317937e+00 2.543957e+00 7.484248e+00 0.000000e+00 0.000000e+00 6.912698e-01 6.371066e-01 6.396717e-01 6.362788e-01 6.346857e-01 2.665317e+00 2.734234e+00 2.767311e+00
8.475481e-01 7.966341e-01 7.993083e-01 7.745430e-01 7.261396e-01 7.292699e-01 7.749403e-01 7.853340e-01 7.698176e-01 8.283500e-01 1.009028e+00 1.161646e+00 1.206334e+00 1.346846e+00 1.307479e+00 1.273789e+00 1.306369e+00 1.359256e+00 1.561064e+00 1.741781e+00 1.751176e+00 1.908539e+00 2.051233e+00 2.140786e+00 0.000000e+00 6.609250e-01 1.196757e+00 1.693546e+00 2.056542e+00 2.536821e+00 7.113182e+00 8.257333e-01 6.547692e-01 9.864744e-01 9.489988e-01 1.199684e+00 1.763578e+00 1.949342e+00 2.005032e+00 2.141473e+00 2.166002e+00 2.344661e+00 6.705371e-01 0.000000e+00 6.748708e-01 6.926309e-01 6.358441e-01 6.311069e-01 2.654493e+00 2.734367e+00 2.798043e+00 2.774266e+00
5.663085e-01 5.728275e-01 5.771025e-01 5.788154e-01 5.790191e-01 5.774572e-01 5.745794e-01 5.705425e-01 5.685434e-01 5.690005e-01 7.835499e-01 8.290153e-01 9.969117e-01 9.306442e-01 8.510392e-01 8.663773e-01 9.112037e-01 1.143497e+00 1.370258e+00 1.376723e+00 1.575158e+00 1.765813e+00 1.873298e+00 2.014710e+00 0.000000e+00 6.614294e-01 1.272746e+00 1.716407e+00 2.313459e+00 3.811236e+00 2.546984e+00 6.987999e+00 9.614237e-01 6.520837e-01 6.553062e-01 1.345279e+00 1.585795e+00 1.619469e+00 1.790443e+00 1.824200e+00 1.919338e+00 2.175686e+00 1.118753e+01 0.000000e+00 0.000000e+00 6.752795e-01 6.333927e-01 2.641960e+00 2.721235e+00 2.813382e+00 2.817018e+00 2.754629e+00
3.672010e+00 3.620179e+00 3.564070e+00 3.549918e+00 3.611416e+00 3.674996e+00 3.672158e+00 7.630369e-01 7.696956e-01 7.081765e-01 5.560699e-01 5.629766e-01 6.893594e-01 5.853972e-01 6.009663e-01 6.185362e-01 6.323503e-01 9.190357e-01 9.166669e-01 1.158685e+00 1.412542e+00 1.542981e+00 1.727023e+00 0.000000e+00 0.000000e+00 7.640225e-01 1.299675e+00 2.023519e+00 3.754772e+00 2.314025e+00 2.051808e+00 2.720635e+00 6.790683e+00 1.026192e+00 8.589159e-01 1.181291e+00 1.169161e+00 1.379904e+00 1.397924e+00 1.512627e+00 1.679687e+00 7.429286e+00 2.185631e+00 6.798800e+00 0.000000e+00 0.000000e+00 6.871644e-01 2.706682e+00 2.817747e+00 2.847865e+00 2.801708e+00 2.735478e+00
-9.999000e+03 -9.999000e+03 -9.999000e+03 -9.999000e+03 -9.999000e+03 -9.999000e+03 -9.999000e+03 3.373884e+00 3.832613e+00 4.271522e+00 8.110132e-01 6.867916e-01 5.709321e-01 7.248695e-01 7.742901e-01 8.072547e-01 8.087115e-01 6.402930e-01 6.442632e-01 9.813191e-01 1.138791e+00 1.382894e+00 1.515523e+00 0.000000e+00 1.621241e-01 8.131511e-01 1.669209e+00 3.624949e+00 2.009277e+00 1.686549e+00 1.692071e+00 1.873771e+00 2.842132e+00 6.525430e+00 1.449791e+00 6.413540e-01 9.121160e-01 8.987614e-01 1.025114e+00 1.215782e+00 7.806337e+00 1.689623e+00 1.239161e+00 1.310242e+00 1.086578e+01 0.000000e+00 0.000000e+00 3.010564e+00 2.873675e+00 2.846611e+00 1.110351e+01 1.375955e+01
-9.999000e+03 -9.999000e+03 -9.999000e+03 -9.999000e+03 -9.999000e+03 -9.999000e+03 -9.999000e+03 -9.999000e+03 -9.999000e+03 -9.999000e+03 3.915831e+00 4.349106e+00 9.283862e-01 1.023570e+00 1.153849e+00 1.205163e+00 1.245453e+00 9.476042e-01 8.515802e-01 6.353150e-01 9.709707e-01 1.116575e+00 1.012547e+00 0.000000e+00 2.894772e-01 1.251216e+00 3.422981e+00 1.632216e+00 1.228277e+00 1.238876e+00 1.240232e+00 1.229179e+00 2.114522e+00 2.914926e+00 6.194399e+00 1.141339e+00 6.405034e-01 6.509056e-01 6.626463e-01 8.121084e+00 1.224354e+00 6.851802e-01 6.821097e-01 6.714835e-01 7.182128e-01 1.156022e+01 0.000000e+00 0.000000e+00 2.888557e+00 1.065518e+01 -9.999000e+03 -9.999000e+03
