tests/data/reference/test_stream_rill_mfda/control/csheetvout_m3.asc
ncols	123
nrows	77
xllcorner	-713746.79929998
yllcorner	-1061022.36961616
cellsize	10.0
NODATA_value	-9999
[rows 23 to 45 of 77, columns 52 to 103 of 123]
6.499290e-01 6.536336e-01 6.531351e-01 6.498830e-01 6.482126e-01 2.642757e+00 2.673928e+00 2.671894e+00 2.664035e+00 2.653394e+00 2.639154e+00 6.378336e-01 2.614913e+00 2.792487e+00 2.559636e+00 6.091422e-01 5.964073e-01 5.906303e-01 5.959567e-01 6.021697e-01 6.071075e-01 6.112925e-01 6.125394e-01 6.081700e-01 5.999960e-01 5.930111e-01 5.843089e-01 5.744199e-01 5.663385e-01 5.758041e-01 7.205741e-01 6.662148e-01 1.129060e+00 5.572837e-01 -9.999000e+03 -9.999000e+03 -9.999000e+03 -9.999000e+03 -9.999000e+03 -9.999000e+03 -9.999000e+03 -9.999000e+03 -9.999000e+03 -9.999000e+03 -9.999000e+03 -9.999000e+03 -9.999000e+03 -9.999000e+03 -9.999000e+03 -9.999000e+03 -9.999000e+03 -9.999000e+03
6.544529e-01 6.556685e-01 6.534976e-01 6.502247e-01 6.482174e-01 6.470609e-01 2.698934e+00 2.715340e+00 2.710391e+00 2.700178e+00 2.687213e+00 2.671534e+00 1.138921e+00 6.290060e-01 6.193824e-01 6.087362e-01 5.990709e-01 5.959153e-01 6.024049e-01 6.105379e-01 6.171650e-01 6.216995e-01 6.226851e-01 6.203611e-01 6.149197e-01 6.039742e-01 5.874475e-01 5.718675e-01 5.608344e-01 5.647360e-01 5.846740e-01 7.890363e-01 8.372457e-01 1.051138e+00 7.557093e-01 -9.999000e+03 -9.999000e+03 -9.999000e+03 -9.999000e+03 -9.999000e+03 -9.999000e+03 -9.999000e+03 -9.999000e+03 -9.999000e+03 -9.999000e+03 -9.999000e+03 -9.999000e+03 -9.999000e+03 -9.999000e+03 -9.999000e+03 -9.999000e+03 -9.999000e+03
6.575087e-01 6.570260e-01 6.551091e-01 6.515996e-01 6.474730e-01 6.437280e-01 6.405075e-01 6.390983e-01 6.404159e-01 2.732351e+00 2.720331e+00 2.704664e+00 2.683761e+00 6.252928e-01 6.181409e-01 6.134611e-01 6.102845e-01 6.092786e-01 6.125208e-01 6.181147e-01 6.239781e-01 6.280931e-01 6.287527e-01 6.268475e-01 6.234003e-01 6.178142e-01 6.105497e-01 6.030287e-01 1.020883e+00 5.829602e-01 5.723400e-01 5.770390e-01 5.932531e-01 7.591399e-01 6.420931e-01 8.640287e-01 5.540416e-01 5.518702e-01 -9.999000e+03 -9.999000e+03 -9.999000e+03 -9.999000e+03 -9.999000e+03 -9.999000e+03 -9.999000e+03 -9.999000e+03 -9.999000e+03 -9.999000e+03 -9.999000e+03 -9.999000e+03 -9.999000e+03 -9.999000e+03
6.596928e-01 6.579683e-01 6.549684e-01 6.499358e-01 6.444394e-01 6.402693e-01 6.384418e-01 6.401739e-01 6.427578e-01 6.440306e-01 2.742936e+00 2.726609e+00 2.704585e+00 6.260184e-01 6.213765e-01 6.181507e-01 6.148376e-01 6.126115e-01 6.147137e-01 6.193579e-01 6.241352e-01 6.275154e-01 6.282538e-01 6.276994e-01 6.271594e-01 6.264475e-01 6.252496e-01 6.221124e-01 6.144437e-01 5.991064e-01 5.808813e-01 5.778895e-01 5.908280e-01 6.031295e-01 7.353472e-01 9.226919e-01 9.148983e-01 7.250675e-01 9.591205e-01 5.491690e-01 -9.999000e+03 -9.999000e+03 -9.999000e+03 -9.999000e+03 -9.999000e+03 -9.999000e+03 -9.999000e+03 -9.999000e+03 -9.999000e+03 -9.999000e+03 -9.999000e+03 -9.999000e+03
6.613857e-01 6.577253e-01 6.520037e-01 6.452180e-01 6.402526e-01 6.388945e-01 6.402930e-01 6.434420e-01 6.449014e-01 6.443110e-01 6.421879e-01 6.382773e-01 2.720688e+00 6.309642e-01 6.266365e-01 6.199327e-01 6.119834e-01 6.073038e-01 6.098217e-01 6.143901e-01 6.175245e-01 6.199007e-01 6.212120e-01 6.230724e-01 6.264686e-01 6.299693e-01 6.323664e-01 6.319362e-01 6.275643e-01 6.195770e-01 6.087809e-01 5.982816e-01 5.906825e-01 5.893490e-01 5.921020e-01 5.909434e-01 6.588645e-01 5.678460e-01 9.845461e-01 1.250881e+00 9.444777e-01 1.747950e+00 -9.999000e+03 -9.999000e+03 -9.999000e+03 -9.999000e+03 -9.999000e+03 -9.999000e+03 -9.999000e+03 -9.999000e+03 -9.999000e+03 -9.999000e+03
6.602622e-01 6.550408e-01 6.484374e-01 6.423684e-01 6.391704e-01 6.395471e-01 6.416694e-01 6.447570e-01 6.461004e-01 6.453603e-01 6.431703e-01 6.395322e-01 6.359650e-01 6.320761e-01 6.256904e-01 6.166067e-01 6.092218e-01 6.076351e-01 6.120474e-01 6.170353e-01 6.198161e-01 6.214379e-01 6.220014e-01 6.234777e-01 6.274350e-01 6.326676e-01 6.368520e-01 6.374464e-01 6.342615e-01 6.295184e-01 6.220966e-01 6.096222e-01 5.951907e-01 5.860184e-01 5.843006e-01 5.854913e-01 5.817064e-01 5.735711e-01 5.669478e-01 5.629790e-01 0.000000e+00 2.692026e+00 3.492634e+00 1.745849e+00 -9.999000e+03 -9.999000e+03 -9.999000e+03 -9.999000e+03 -9.999000e+03 -9.999000e+03 -9.999000e+03 -9.999000e+03
6.561113e-01 6.502870e-01 6.450998e-01 6.420443e-01 6.410935e-01 6.407540e-01 6.412274e-01 6.450056e-01 6.480070e-01 6.479714e-01 6.457134e-01 6.413386e-01 6.356525e-01 6.278478e-01 6.181889e-01 6.102001e-01 6.091525e-01 6.141358e-01 6.210412e-01 6.269543e-01 6.305331e-01 6.314361e-01 6.299813e-01 6.286525e-01 6.300249e-01 6.347276e-01 6.390770e-01 6.391711e-01 6.355048e-01 6.313281e-01 6.256756e-01 6.160583e-01 6.050969e-01 5.947661e-01 5.855224e-01 5.804417e-01 5.774007e-01 5.757710e-01 5.742655e-01 0.000000e+00 0.000000e+00 5.175202e-01 2.708701e+00 3.687470e+00 3.220330e+00 -9.999000e+03 -9.999000e+03 -9.999000e+03 -9.999000e+03 -9.999000e+03 -9.999000e+03 -9.999000e+03
6.470279e-01 6.423737e-01 6.403059e-01 6.407209e-01 6.418049e-01 6.417755e-01 6.424354e-01 6.466591e-01 6.486576e-01 6.465443e-01 6.425403e-01 6.365538e-01 6.292715e-01 6.204922e-01 6.135448e-01 6.124271e-01 6.173370e-01 6.252096e-01 6.319222e-01 6.361918e-01 6.379619e-01 6.369059e-01 6.340153e-01 6.318637e-01 6.326146e-01 6.368905e-01 6.399363e-01 6.392279e-01 6.366832e-01 6.345124e-01 6.313422e-01 6.244333e-01 6.158486e-01 6.065224e-01 5.946279e-01 5.851545e-01 5.831985e-01 5.843388e-01 0.000000e+00 0.000000e+00 5.443340e-01 5.208093e-01 5.074749e-01 1.205693e+00 7.228408e-01 3.567919e+00 -9.999000e+03 -9.999000e+03 -9.999000e+03 -9.999000e+03 -9.999000e+03 -9.999000e+03
6.315490e-01 6.306164e-01 6.338952e-01 6.381303e-01 6.413117e-01 6.437640e-01 6.463641e-01 6.482160e-01 6.454274e-01 6.391819e-01 6.322998e-01 6.242518e-01 6.172108e-01 6.132213e-01 6.155887e-01 6.229113e-01 6.310324e-01 6.387160e-01 6.433434e-01 6.441434e-01 6.423431e-01 6.386224e-01 6.348568e-01 6.334944e-01 6.352530e-01 6.387601e-01 6.392093e-01 6.376268e-01 6.374914e-01 6.384125e-01 6.382732e-01 6.339203e-01 6.268984e-01 6.195523e-01 6.081092e-01 5.977388e-01 5.981288e-01 0.000000e+00 0.000000e+00 5.772210e-01 5.601941e-01 5.351262e-01 5.053903e-01 4.909731e-01 1.745930e+00 1.300808e+00 9.127103e-01 -9.999000e+03 -9.999000e+03 -9.999000e+03 -9.999000e+03 -9.999000e+03
6.072506e-01 6.126982e-01 6.206254e-01 6.275031e-01 6.330741e-01 6.383179e-01 6.425765e-01 6.433808e-01 6.396226e-01 6.342656e-01 6.287652e-01 6.228247e-01 6.197639e-01 6.210048e-01 6.264019e-01 6.336787e-01 6.396637e-01 6.441811e-01 6.452240e-01 6.429607e-01 6.399857e-01 6.367390e-01 6.346562e-01 6.351537e-01 6.376368e-01 6.396842e-01 6.374828e-01 6.342341e-01 6.341890e-01 6.359077e-01 6.374407e-01 6.354561e-01 6.307016e-01 6.266499e-01 6.180587e-01 6.088245e-01 0.000000e+00 0.000000e+00 5.977290e-01 5.873725e-01 5.759951e-01 5.584884e-01 5.327897e-01 5.124252e-01 5.154132e-01 6.116984e-01 6.348393e-01 8.340293e-01 1.744111e+00 -9.999000e+03 -9.999000e+03 -9.999000e+03
5.706188e-01 5.870237e-01 5.986174e-01 6.075068e-01 6.163115e-01 6.246028e-01 6.306905e-01 6.338576e-01 6.351456e-01 6.357757e-01 6.355045e-01 6.350824e-01 6.363389e-01 6.382375e-01 6.401218e-01 6.420917e-01 6.426688e-01 6.416759e-01 6.378382e-01 6.329688e-01 6.311157e-01 6.314095e-01 6.335513e-01 6.369012e-01 6.397142e-01 6.396888e-01 6.346598e-01 6.288879e-01 6.266790e-01 6.269285e-01 6.290486e-01 6.298971e-01 6.276851e-01 6.266315e-01 0.000000e+00 0.000000e+00 0.000000e+00 6.132326e-01 6.060005e-01 5.977756e-01 5.894797e-01 5.813331e-01 5.687154e-01 5.510740e-01 5.367858e-01 5.234164e-01 5.128971e-01 1.761851e+00 5.567506e-01 1.791816e+00 -9.999000e+03 -9.999000e+03
7.455221e+00 6.213612e-01 6.406011e-01 6.542112e-01 6.068835e-01 6.179582e-01 6.264335e-01 6.321424e-01 6.369953e-01 6.408259e-01 6.433593e-01 6.457678e-01 6.482561e-01 6.493393e-01 6.489047e-01 6.471752e-01 6.433678e-01 6.379138e-01 6.306522e-01 6.875714e-01 6.208314e-01 6.221156e-01 6.268811e-01 6.322518e-01 6.350440e-01 6.331733e-01 6.263396e-01 6.205408e-01 6.191010e-01 6.196084e-01 6.231835e-01 6.282378e-01 6.279460e-01 0.000000e+00 0.000000e+00 6.236039e-01 6.214693e-01 6.180497e-01 6.130986e-01 6.069659e-01 6.000351e-01 5.938467e-01 5.856852e-01 5.714975e-01 5.553741e-01 5.403725e-01 5.303274e-01 5.319216e-01 9.312055e-01 6.711862e-01 1.266868e+00 1.746381e+00
2.523088e+00 1.210311e+01 1.129884e+00 6.555011e-01 6.668731e-01 6.843918e-01 6.971103e-01 7.048549e-01 7.114548e-01 7.164334e-01 7.201771e-01 7.238572e-01 7.264157e-01 7.268218e-01 7.249978e-01 7.195888e-01 7.104663e-01 6.997291e-01 6.877916e-01 6.758330e-01 6.681618e-01 6.682316e-01 6.755427e-01 6.835264e-01 6.224854e-01 6.187023e-01 6.112039e-01 6.080362e-01 6.106869e-01 6.140191e-01 6.198941e-01 6.290557e-01 0.000000e+00 0.000000e+00 6.244686e-01 6.227386e-01 6.219152e-01 6.210725e-01 6.188438e-01 6.149821e-01 6.086691e-01 6.010101e-01 5.927433e-01 5.815367e-01 5.710916e-01 5.652878e-01 5.633139e-01 5.619625e-01 5.575101e-01 8.088474e-01 1.018674e+00 1.023118e+00
2.341089e+00 2.519033e+00 1.183604e+01 1.552143e+00 1.188614e+00 1.222545e+00 1.252083e+00 6.986466e-01 7.001846e-01 7.015696e-01 7.033712e-01 7.059074e-01 7.061323e-01 7.039309e-01 7.002523e-01 6.936578e-01 6.856315e-01 6.782209e-01 6.702872e-01 6.623105e-01 6.590634e-01 6.638658e-01 6.717865e-01 6.760439e-01 6.730812e-01 6.648619e-01 5.987902e-01 5.995198e-01 6.064221e-01 6.128909e-01 6.199025e-01 0.000000e+00 0.000000e+00 6.289694e-01 6.260716e-01 6.237796e-01 6.226593e-01 6.224017e-01 6.214792e-01 6.196169e-01 6.146513e-01 6.067544e-01 5.987406e-01 5.891363e-01 5.798863e-01 5.743018e-01 5.731180e-01 5.726144e-01 5.695268e-01 5.651806e-01 8.393861e-01 5.514235e-01
2.258741e+00 1.498889e+01 1.962672e+01 1.150295e+01 1.903280e+00 1.641784e+00 1.684843e+00 2.252673e+01 2.334888e+01 2.404564e+01 2.463604e+01 2.513290e+01 2.554063e+01 2.590704e+01 1.605926e+00 1.571987e+00 6.263096e-01 6.369652e-01 6.454717e-01 6.521946e-01 6.618324e-01 6.739924e-01 6.797896e-01 6.749690e-01 6.622391e-01 6.501504e-01 6.471628e-01 5.964105e-01 6.076378e-01 6.167424e-01 0.000000e+00 0.000000e+00 6.350271e-01 6.313898e-01 6.293454e-01 6.267956e-01 6.239801e-01 6.225706e-01 6.216304e-01 6.211299e-01 6.178552e-01 6.108504e-01 6.037684e-01 5.951789e-01 5.845983e-01 5.739227e-01 5.675223e-01 5.673495e-01 5.704185e-01 5.748634e-01 5.770615e-01 5.726706e-01
1.533575e+01 2.566481e+00 2.563983e+00 2.395454e+01 2.547374e+01 2.090878e+01 2.006379e+01 1.229055e+00 1.222356e+00 1.214058e+00 1.205799e+00 1.198687e+00 1.240399e+00 1.224074e+00 1.202798e+00 1.177468e+00 2.180129e+00 3.597102e+00 6.255135e-01 6.295117e-01 6.429456e-01 6.620242e-01 6.676163e-01 6.591699e-01 6.475584e-01 6.398549e-01 6.417785e-01 6.549036e-01 6.104589e-01 0.000000e+00 0.000000e+00 6.346394e-01 6.364688e-01 6.328861e-01 6.316431e-01 6.294814e-01 6.263142e-01 6.251010e-01 6.247010e-01 6.247861e-01 6.222537e-01 6.155158e-01 6.082757e-01 6.006535e-01 5.915595e-01 5.803665e-01 5.701742e-01 5.661182e-01 5.688769e-01 5.748219e-01 5.794607e-01 5.778348e-01
2.325550e+00 2.324296e+00 2.304372e+00 2.342422e+00 6.382516e-01 6.478003e-01 6.520431e-01 6.517747e-01 6.505120e-01 6.481432e-01 6.449366e-01 7.083049e-01 7.019928e-01 6.935275e-01 6.836069e-01 6.736629e-01 1.234898e+00 1.212469e+00 6.110371e+00 7.260330e+00 8.322509e+00 6.444163e-01 6.435125e-01 6.268259e-01 6.293404e-01 6.350681e-01 6.427362e-01 6.611306e-01 0.000000e+00 0.000000e+00 6.296609e-01 6.361077e-01 6.372789e-01 6.335249e-01 6.329859e-01 6.317629e-01 6.294251e-01 6.293401e-01 6.299074e-01 6.303139e-01 6.281896e-01 6.215735e-01 6.128945e-01 6.047890e-01 5.988629e-01 5.914630e-01 5.804115e-01 5.706551e-01 5.671727e-01 5.669373e-01 5.676799e-01 5.689376e-01
2.279627e+00 2.208093e+00 2.244545e+00 1.137512e+00 6.482418e-01 6.580120e-01 6.632089e-01 6.647982e-01 6.655235e-01 6.648918e-01 6.627421e-01 6.594811e-01 6.553684e-01 6.502771e-01 6.441364e-01 7.046259e-01 6.964935e-01 1.228247e+00 1.205891e+00 1.220136e+00 1.194344e+00 6.611316e+00 7.124389e+00 5.908120e-01 5.810473e-01 6.077139e-01 6.338875e-01 6.621685e-01 0.000000e+00 6.811375e-01 6.268500e-01 6.360363e-01 6.393582e-01 6.364989e-01 6.350094e-01 6.333144e-01 6.316672e-01 6.326018e-01 6.339187e-01 6.342426e-01 6.319143e-01 6.260647e-01 6.172406e-01 6.074926e-01 6.025054e-01 5.989217e-01 5.904330e-01 5.798885e-01 5.736193e-01 5.695827e-01 5.667967e-01 5.671341e-01
2.104416e+00 2.127490e+00 6.319079e-01 6.346411e-01 6.402961e-01 6.496177e-01 6.561223e-01 6.598625e-01 6.635339e-01 6.657344e-01 6.653520e-01 6.638412e-01 6.626877e-01 6.615230e-01 6.592255e-01 6.561985e-01 6.530004e-01 6.485991e-01 7.064220e-01 6.872722e-01 6.772196e-01 0.000000e+00 0.000000e+00 0.000000e+00 5.582496e-01 5.677194e-01 6.221539e-01 0.000000e+00 0.000000e+00 6.612761e-01 6.791935e-01 6.330042e-01 6.420565e-01 6.418924e-01 6.381159e-01 6.342949e-01 6.329454e-01 6.348525e-01 6.370811e-01 6.376483e-01 6.343573e-01 6.283310e-01 6.202618e-01 6.096906e-01 6.037657e-01 6.024843e-01 5.986272e-01 5.917936e-01 5.862119e-01 5.815048e-01 5.771170e-01 5.737175e-01
1.994886e+00 6.236560e-01 6.273043e-01 6.280122e-01 6.311119e-01 6.386545e-01 6.448382e-01 6.490794e-01 6.547766e-01 6.602974e-01 6.624805e-01 6.626475e-01 6.635254e-01 6.649238e-01 6.651971e-01 6.645564e-01 6.644304e-01 6.637954e-01 6.592112e-01 6.496558e-01 7.089877e-01 7.070805e-01 1.303443e+00 0.000000e+00 0.000000e+00 0.000000e+00 1.461896e-01 0.000000e+00 6.319329e-01 6.314351e-01 6.580180e-01 6.849439e-01 6.345366e-01 6.383391e-01 6.376044e-01 6.356495e-01 6.353408e-01 6.370553e-01 6.390677e-01 6.408592e-01 6.381889e-01 6.313666e-01 6.228678e-01 6.119104e-01 6.049888e-01 6.034682e-01 6.016269e-01 5.976759e-01 5.935144e-01 5.889725e-01 5.841750e-01 5.814209e-01
6.119410e-01 6.158454e-01 6.184776e-01 6.187543e-01 6.201283e-01 6.250586e-01 6.291191e-01 6.316297e-01 6.378907e-01 6.469623e-01 6.529371e-01 6.558060e-01 6.585701e-01 6.617896e-01 6.640247e-01 6.653440e-01 6.679155e-01 6.708339e-01 6.707850e-01 6.676562e-01 6.637397e-01 7.305893e-01 7.192931e-01 3.039479e+00 6.861900e-01 0.000000e+00 0.000000e+00 0.000000e+00 1.450001e-01 6.091593e-01 6.308203e-01 6.589135e-01 6.143291e-01 6.230153e-01 6.315397e-01 6.366240e-01 6.388734e-01 6.401361e-01 6.407489e-01 6.428519e-01 6.417556e-01 6.354639e-01 6.261138e-01 6.140741e-01 6.060756e-01 6.030609e-01 6.009355e-01 5.985143e-01 5.963886e-01 5.929763e-01 5.883442e-01 5.891822e-01
6.056120e-01 6.074528e-01 6.104940e-01 6.124798e-01 6.133943e-01 6.157625e-01 2.166333e+00 2.178744e+00 6.221262e-01 6.314521e-01 2.218886e+00 2.239671e+00 2.263918e+00 2.298458e+00 6.564508e-01 6.590273e-01 6.635473e-01 6.689392e-01 6.713073e-01 6.711894e-01 6.708477e-01 6.696551e-01 2.823708e+00 2.850136e+00 3.017325e+00 1.943586e-01 0.000000e+00 0.000000e+00 0.000000e+00 0.000000e+00 6.185332e-01 6.279597e-01 6.605608e-01 6.172411e-01 6.284734e-01 6.353631e-01 6.393995e-01 6.426214e-01 1.153525e+00 6.450849e-01 6.444948e-01 6.399525e-01 6.316370e-01 6.198948e-01 6.113727e-01 6.067610e-01 6.032984e-01 6.002566e-01 5.985209e-01 5.978110e-01 5.966024e-01 6.000141e-01
1.032726e+00 1.365116e+00 2.215166e+00 6.085139e-01 6.106397e-01 2.135870e+00 2.141275e+00 2.145011e+00 2.145463e+00 2.150606e+00 2.159791e+00 2.172392e+00 2.198535e+00 2.237802e+00 2.282174e+00 2.318293e+00 6.510257e-01 6.589760e-01 6.626498e-01 2.431509e+00 2.485660e+00 2.539412e+00 2.587666e+00 2.807671e+00 2.838187e+00 0.000000e+00 0.000000e+00 8.285999e-01 1.355742e+00 0.000000e+00 0.000000e+00 0.000000e+00 6.625403e-01 6.900580e-01 6.311356e-01 6.327155e-01 6.368943e-01 6.435877e-01 1.159610e+00 6.476711e-01 6.469265e-01 6.439407e-01 6.379645e-01 6.285181e-01 6.205079e-01 6.145258e-01 6.090445e-01 6.035656e-01 6.000765e-01 6.022805e-01 6.077426e-01 6.133636e-01
