tests/data/reference/test_stream_rill_mfda/control/csheetvout_m3.asc
ncols	123
nrows	77
xllcorner	-713746.79929998
yllcorner	-1061022.36961616
cellsize	10.0
NODATA_value	-9999
[rows 23 to 45 of 77, columns 0 to 51 of 123]
-9.999000e+03 -9.999000e+03 -9.999000e+03 -9.999000e+03 -9.999000e+03 -9.999000e+03 -9.999000e+03 -9.999000e+03 -9.999000e+03 -9.999000e+03 -9.999000e+03 -9.999000e+03 -9.999000e+03 -9.999000e+03 4.591700e-01 4.765545e-01 1.204385e+00 1.300442e+00 4.888705e-01 2.924190e-01 1.297657e-01 1.748736e+00 1.584589e-01 6.184620e-01 6.126877e-01 6.225748e-01 6.353191e-01 6.457539e-01 5.959009e-01 6.023933e-01 6.085815e-01 6.143661e-01 6.170860e-01 6.170851e-01 6.163973e-01 6.155459e-01 6.181917e-01 6.251833e-01 6.295282e-01 6.299742e-01 6.301018e-01 6.316517e-01 6.346570e-01 6.366878e-01 6.370718e-01 6.366659e-01 6.363826e-01 6.376448e-01 6.401762e-01 6.423134e-01 6.437243e-01 6.459091e-01
-9.999000e+03 -9.999000e+03 -9.999000e+03 -9.999000e+03 -9.999000e+03 -9.999000e+03 -9.999000e+03 -9.999000e+03 -9.999000e+03 -9.999000e+03 -9.999000e+03 -9.999000e+03 -9.999000e+03 -9.999000e+03 3.236328e-01 3.486448e+00 2.392142e+00 1.256704e+00 4.803236e-01 5.602477e-01 1.748691e+00 1.748755e+00 2.184573e+00 6.187437e-01 6.278400e-01 6.434462e-01 6.534239e-01 6.575380e-01 6.598312e-01 6.640589e-01 6.087716e-01 6.134945e-01 6.150822e-01 6.134202e-01 6.120130e-01 6.133173e-01 6.196924e-01 6.277757e-01 6.305258e-01 6.293550e-01 6.290803e-01 6.301999e-01 6.322560e-01 6.340259e-01 6.351600e-01 6.359378e-01 6.368239e-01 6.388713e-01 6.417217e-01 6.442277e-01 6.468221e-01 6.506249e-01
-9.999000e+03 -9.999000e+03 -9.999000e+03 -9.999000e+03 -9.999000e+03 -9.999000e+03 -9.999000e+03 -9.999000e+03 -9.999000e+03 -9.999000e+03 -9.999000e+03 -9.999000e+03 -9.999000e+03 -9.999000e+03 4.966337e+00 7.631426e-01 5.143222e-01 5.133994e-01 5.073159e-01 1.598514e-01 1.748833e+00 6.270919e-01 6.194035e-01 6.319098e-01 6.464501e-01 6.584807e-01 6.649447e-01 6.667980e-01 6.677532e-01 6.688612e-01 6.698149e-01 6.722679e-01 6.717382e-01 6.063481e-01 6.046028e-01 6.093273e-01 6.189149e-01 6.266040e-01 6.279018e-01 6.271727e-01 6.285667e-01 6.305396e-01 6.321841e-01 6.335467e-01 6.349878e-01 6.366891e-01 6.388625e-01 6.419670e-01 6.456092e-01 6.494153e-01 6.532084e-01 6.562316e-01
-9.999000e+03 -9.999000e+03 -9.999000e+03 -9.999000e+03 -9.999000e+03 -9.999000e+03 -9.999000e+03 -9.999000e+03 -9.999000e+03 -9.999000e+03 -9.999000e+03 -9.999000e+03 5.507982e-01 8.652643e-01 1.852435e+00 7.189041e-01 5.184443e-01 3.492380e-01 1.301375e-01 1.748685e+00 2.127443e-01 2.158751e+00 6.083936e-01 6.225799e-01 6.345605e-01 6.444856e-01 6.505751e-01 6.535441e-01 6.576531e-01 6.615930e-01 6.639533e-01 6.660945e-01 6.633561e-01 6.558188e-01 6.559964e-01 6.076726e-01 6.188090e-01 6.248404e-01 6.260256e-01 6.267239e-01 6.283366e-01 6.294985e-01 6.304505e-01 6.320042e-01 6.348053e-01 6.386224e-01 6.429170e-01 6.468842e-01 6.503564e-01 6.543613e-01 6.581818e-01 6.600519e-01
-9.999000e+03 -9.999000e+03 -9.999000e+03 -9.999000e+03 -9.999000e+03 -9.999000e+03 -9.999000e+03 -9.999000e+03 -9.999000e+03 -9.999000e+03 -9.999000e+03 -9.999000e+03 -9.999000e+03 5.432572e-01 7.954777e-01 5.053431e-01 4.047668e-01 1.127496e-01 1.748354e+00 1.414886e-01 2.143782e+00 7.201343e-01 5.952614e-01 2.435818e+01 2.517369e+01 6.084359e-01 6.126665e-01 6.158768e-01 6.286630e-01 6.440710e-01 6.542441e-01 6.568152e-01 6.510588e-01 6.430981e-01 6.489325e-01 6.689716e-01 6.825403e-01 6.873593e-01 6.257666e-01 6.275872e-01 6.277969e-01 6.268490e-01 6.270046e-01 6.294902e-01 6.347972e-01 6.419207e-01 6.488764e-01 6.532365e-01 6.555670e-01 6.587492e-01 6.617670e-01 6.626799e-01
-9.999000e+03 -9.999000e+03 -9.999000e+03 -9.999000e+03 -9.999000e+03 -9.999000e+03 -9.999000e+03 -9.999000e+03 -9.999000e+03 -9.999000e+03 -9.999000e+03 -9.999000e+03 -9.999000e+03 -9.999000e+03 -9.999000e+03 4.626631e-01 6.189958e-02 1.812617e+00 1.748294e+00 2.116093e+00 6.729200e-01 2.385117e+00 2.468464e+01 1.790053e+00 1.846555e+00 2.778481e+01 6.115347e-01 6.014854e-01 6.071453e-01 6.241540e-01 6.347721e-01 6.358679e-01 6.323105e-01 6.297035e-01 6.411384e-01 6.651083e-01 6.757388e-01 6.756772e-01 6.789783e-01 6.848648e-01 6.246349e-01 6.264559e-01 6.294451e-01 6.338931e-01 6.400687e-01 6.474817e-01 6.539373e-01 6.571796e-01 6.586011e-01 6.613749e-01 6.635110e-01 6.629974e-01
-9.999000e+03 -9.999000e+03 -9.999000e+03 -9.999000e+03 -9.999000e+03 -9.999000e+03 -9.999000e+03 -9.999000e+03 -9.999000e+03 -9.999000e+03 -9.999000e+03 -9.999000e+03 -9.999000e+03 -9.999000e+03 -9.999000e+03 -9.999000e+03 1.064808e-01 1.747904e+00 2.138542e+00 2.100416e+00 2.087039e+01 2.244866e+01 1.665954e+00 1.715977e+00 1.782181e+00 2.042266e+00 3.088676e+01 3.254962e+01 3.416019e+01 3.515135e+01 6.161420e-01 6.110969e-01 6.137821e-01 6.177082e-01 6.298689e-01 6.513143e-01 6.585828e-01 6.560858e-01 6.617387e-01 6.752757e-01 6.867691e-01 6.955886e-01 6.379957e-01 6.442623e-01 6.495018e-01 6.544721e-01 6.578864e-01 6.589980e-01 6.598057e-01 6.623759e-01 6.633615e-01 6.607351e-01
-9.999000e+03 -9.999000e+03 -9.999000e+03 -9.999000e+03 -9.999000e+03 -9.999000e+03 -9.999000e+03 -9.999000e+03 -9.999000e+03 -9.999000e+03 -9.999000e+03 -9.999000e+03 -9.999000e+03 -9.999000e+03 -9.999000e+03 -9.999000e+03 3.494291e+00 1.010775e+01 1.446907e+01 1.738600e+01 1.715116e+00 1.500527e+00 1.545489e+00 1.592606e+00 1.919778e+00 2.118104e+00 2.169126e+00 2.183488e+00 2.210208e+00 2.196367e+00 3.821877e+01 1.085967e+00 6.082360e-01 5.987630e-01 6.050874e-01 1.110539e+00 4.557769e+01 4.569670e+01 4.583686e+01 4.535210e+01 6.737871e-01 6.716943e-01 6.784864e-01 6.886505e-01 6.998403e-01 6.424438e-01 6.479538e-01 6.514740e-01 6.552076e-01 6.586606e-01 6.579075e-01 6.527920e-01
-9.999000e+03 -9.999000e+03 -9.999000e+03 -9.999000e+03 -9.999000e+03 -9.999000e+03 -9.999000e+03 -9.999000e+03 -9.999000e+03 -9.999000e+03 -9.999000e+03 -9.999000e+03 -9.999000e+03 -9.999000e+03 -9.999000e+03 1.748099e+00 7.626051e+00 3.221196e+00 1.441472e+00 1.574423e+00 1.261737e+00 1.315602e+00 1.342965e+00 1.758849e+00 2.019808e+00 2.072798e+00 2.097619e+00 2.123434e+00 2.058743e+00 2.127116e+00 2.307855e+00 4.143075e+01 4.337427e+01 4.473041e+01 4.536300e+01 4.541032e+01 1.084189e+00 1.130645e+00 1.176254e+00 1.607380e+00 4.646331e+01 4.631156e+01 4.609043e+01 4.586294e+01 6.459781e-01 6.693731e-01 6.861258e-01 6.342391e-01 6.449704e-01 6.495926e-01 6.456966e-01 6.374852e-01
-9.999000e+03 -9.999000e+03 -9.999000e+03 -9.999000e+03 -9.999000e+03 -9.999000e+03 -9.999000e+03 -9.999000e+03 -9.999000e+03 -9.999000e+03 -9.999000e+03 -9.999000e+03 -9.999000e+03 -9.999000e+03 1.747741e+00 8.724364e+00 3.863910e+00 1.350191e+00 1.354788e+00 9.064734e-01 9.858716e-01 1.002462e+00 1.532577e+00 1.885572e+00 1.939196e+00 1.960983e+00 1.984361e+00 1.862446e+00 1.919678e+00 2.149625e+00 2.204877e+00 2.227588e+00 2.217788e+00 2.189010e+00 1.041341e+00 6.077694e-01 6.271525e-01 6.499659e-01 1.153867e+00 1.184002e+00 1.596675e+00 1.614244e+00 1.689870e+00 1.684463e+00 2.707995e+00 3.615530e+00 4.423537e+00 6.623810e-01 6.757007e-01 6.810910e-01 6.149390e-01 6.087625e-01
-9.999000e+03 -9.999000e+03 -9.999000e+03 -9.999000e+03 -9.999000e+03 -9.999000e+03 -9.999000e+03 -9.999000e+03 -9.999000e+03 -9.999000e+03 -9.999000e+03 -9.999000e+03 -9.999000e+03 -9.999000e+03 5.236472e+00 4.531791e+00 1.180523e+00 1.191989e+00 5.358399e-01 5.346658e-01 5.376000e-01 1.215568e+00 1.692926e+00 1.750726e+00 1.774560e+00 1.790235e+00 1.814925e+00 1.862534e+00 1.925913e+00 1.988957e+00 2.034529e+00 2.051687e+00 2.049377e+00 5.761554e-01 5.813133e-01 5.878332e-01 5.929398e-01 6.006973e-01 6.102565e-01 1.097068e+00 1.115293e+00 1.221934e+00 1.234563e+00 7.066816e-01 7.031294e-01 6.966362e-01 6.878405e-01 1.233751e+00 3.884872e+00 6.388565e+00 2.750501e+00 6.096644e-01
-9.999000e+03 -9.999000e+03 -9.999000e+03 -9.999000e+03 -9.999000e+03 -9.999000e+03 -9.999000e+03 -9.999000e+03 -9.999000e+03 -9.999000e+03 -9.999000e+03 -9.999000e+03 -9.999000e+03 3.493133e+00 5.819746e+00 9.120695e-01 9.218986e-01 5.464714e-01 5.462878e-01 5.433616e-01 9.364272e-01 1.429413e+00 1.717789e+00 1.739149e+00 1.755430e+00 1.773085e+00 1.804138e+00 1.855264e+00 1.915965e+00 1.971142e+00 2.006814e+00 2.016383e+00 5.923518e-01 5.940468e-01 5.981360e-01 6.029159e-01 6.054537e-01 6.089966e-01 6.147381e-01 6.222092e-01 6.302789e-01 6.377041e-01 6.440940e-01 7.175093e-01 7.203365e-01 7.203830e-01 2.410473e+00 2.433595e+00 2.460237e+00 2.623635e+00 2.643711e+00 5.077749e+00
-9.999000e+03 -9.999000e+03 -9.999000e+03 -9.999000e+03 -9.999000e+03 -9.999000e+03 -9.999000e+03 -9.999000e+03 -9.999000e+03 -9.999000e+03 -9.999000e+03 -9.999000e+03 1.747651e+00 6.970848e+00 5.351565e-01 5.363092e-01 5.411660e-01 5.476091e-01 5.495698e-01 5.489961e-01 1.238483e+00 1.685566e+00 1.708422e+00 1.720359e+00 1.734908e+00 1.756971e+00 1.789807e+00 1.839196e+00 1.893696e+00 1.937494e+00 1.955004e+00 6.028780e-01 6.054178e-01 6.045608e-01 6.016484e-01 6.034328e-01 6.069977e-01 6.116862e-01 6.187728e-01 6.265743e-01 6.341740e-01 6.394506e-01 6.417003e-01 6.431541e-01 1.871843e+00 2.041282e+00 2.070621e+00 2.115990e+00 2.353260e+00 2.440833e+00 2.427175e+00 2.522418e+00
-9.999000e+03 -9.999000e+03 -9.999000e+03 -9.999000e+03 -9.999000e+03 -9.999000e+03 -9.999000e+03 -9.999000e+03 -9.999000e+03 -9.999000e+03 -9.999000e+03 -9.999000e+03 5.231882e+00 3.659184e+00 5.364536e-01 5.403210e-01 5.434219e-01 5.495160e-01 5.529004e-01 9.570998e-01 1.634107e+00 1.674478e+00 1.689856e+00 1.700725e+00 1.717315e+00 1.737775e+00 1.771469e+00 1.817838e+00 1.864566e+00 1.884217e+00 1.877278e+00 6.013059e-01 6.049407e-01 6.041174e-01 5.991047e-01 5.983498e-01 6.010168e-01 6.048597e-01 6.117978e-01 6.197667e-01 6.284355e-01 6.356533e-01 6.373775e-01 1.559625e+00 1.599343e+00 1.629491e+00 1.678187e+00 1.972158e+00 2.103651e+00 2.119909e+00 2.285759e+00 2.329035e+00
-9.999000e+03 -9.999000e+03 -9.999000e+03 -9.999000e+03 -9.999000e+03 -9.999000e+03 -9.999000e+03 -9.999000e+03 -9.999000e+03 -9.999000e+03 -9.999000e+03 3.490367e+00 4.085609e+00 8.409296e-01 5.292496e-01 5.406745e-01 5.453067e-01 5.515632e-01 5.555377e-01 1.543420e+00 1.615570e+00 1.645514e+00 1.661706e+00 1.678527e+00 1.691657e+00 1.718042e+00 1.753941e+00 1.803120e+00 1.826724e+00 1.817138e+00 1.789237e+00 5.854133e-01 5.892996e-01 5.928694e-01 5.904551e-01 1.497277e+00 1.462915e+00 1.310200e+00 1.200574e+00 5.991591e-01 6.105548e-01 6.252437e-01 1.179649e+00 1.226796e+00 1.259428e+00 1.313575e+00 1.511262e+00 1.676839e+00 1.708739e+00 1.935488e+00 2.015845e+00 2.149234e+00
-9.999000e+03 -9.999000e+03 -9.999000e+03 -9.999000e+03 -9.999000e+03 -9.999000e+03 -9.999000e+03 -9.999000e+03 -9.999000e+03 -9.999000e+03 1.746642e+00 5.226996e+00 4.881397e-01 4.955569e-01 5.133652e-01 5.295478e-01 5.396558e-01 5.492753e-01 1.412982e+00 1.525251e+00 1.575602e+00 1.601864e+00 1.626891e+00 1.636518e+00 1.663559e+00 1.697691e+00 1.754994e+00 1.786899e+00 1.784254e+00 1.750564e+00 1.711794e+00 5.649358e-01 5.689423e-01 5.816529e-01 1.231445e+00 1.184460e+00 9.879530e-01 8.268206e-01 7.987193e-01 7.328866e-01 6.741332e-01 7.122504e-01 7.704831e-01 8.106420e-01 8.731592e-01 1.111154e+00 1.326114e+00 1.363308e+00 1.498798e+00 1.610636e+00 1.779237e+00 1.682850e+01
-9.999000e+03 -9.999000e+03 -9.999000e+03 -9.999000e+03 -9.999000e+03 -9.999000e+03 -9.999000e+03 -9.999000e+03 -9.999000e+03 -9.999000e+03 3.488123e+00 3.424765e+00 1.601592e+00 4.864353e-01 4.878486e-01 5.042661e-01 5.237363e-01 1.246712e+00 1.415024e+00 1.487161e+00 1.523015e+00 1.558418e+00 1.560656e+00 1.594054e+00 1.628257e+00 1.706535e+00 1.754315e+00 1.768112e+00 1.740733e+00 1.700262e+00 1.654439e+00 5.416810e-01 5.489506e-01 8.892815e-01 8.293346e-01 7.695119e-01 5.543785e-01 5.495790e-01 5.524738e-01 5.625030e-01 5.854556e-01 6.126161e-01 6.219510e-01 6.190529e-01 6.187670e-01 9.034152e-01 9.387075e-01 1.106775e+00 1.266548e+00 1.483414e+00 1.785988e+01 2.339241e+00
-9.999000e+03 -9.999000e+03 -9.999000e+03 -9.999000e+03 -9.999000e+03 -9.999000e+03 -9.999000e+03 -9.999000e+03 -9.999000e+03 1.746075e+00 3.987157e+00 1.897928e+00 4.697380e-01 4.789986e-01 4.766286e-01 4.893408e-01 1.047949e+00 1.294646e+00 1.396059e+00 1.431825e+00 1.474370e+00 1.454219e+00 1.496191e+00 1.534137e+00 1.642762e+00 1.715621e+00 1.758366e+00 1.741893e+00 1.713839e+00 1.678718e+00 1.632905e+00 1.251861e+00 7.149566e-01 5.717769e-01 5.781514e-01 5.706049e-01 6.732729e-01 6.817196e-01 7.123220e-01 8.028170e-01 9.162550e-01 9.445062e-01 9.248023e-01 8.844180e-01 8.165962e-01 6.106358e-01 6.155177e-01 8.295726e-01 1.104474e+00 1.853039e+01 2.310888e+00 2.288652e+00
-9.999000e+03 -9.999000e+03 -9.999000e+03 -9.999000e+03 -9.999000e+03 -9.999000e+03 -9.999000e+03 -9.999000e+03 -9.999000e+03 5.231011e+00 2.233628e+00 4.677640e-01 4.672013e-01 4.725283e-01 4.803426e-01 8.098211e-01 1.170402e+00 1.316607e+00 1.342239e+00 1.379542e+00 1.304973e+00 1.354084e+00 1.393958e+00 1.549286e+00 1.658646e+00 1.748519e+00 1.745574e+00 1.728033e+00 1.720281e+00 1.692950e+00 1.666398e+00 5.383955e-01 5.596446e-01 7.372434e-01 7.320671e-01 7.804644e-01 1.000596e+00 1.062758e+00 1.077763e+00 1.121843e+00 1.208304e+00 1.309434e+00 1.338126e+00 1.316783e+00 1.279374e+00 9.021302e-01 7.454075e-01 6.162903e-01 1.907884e+01 2.300289e+00 2.279214e+00 2.265845e+00
-9.999000e+03 -9.999000e+03 -9.999000e+03 -9.999000e+03 -9.999000e+03 -9.999000e+03 -9.999000e+03 -9.999000e+03 3.490750e+00 2.539572e+00 4.919083e-01 4.824039e-01 4.669966e-01 4.736016e-01 4.859728e-01 1.027193e+00 1.254156e+00 1.261991e+00 1.282592e+00 1.103715e+00 1.153938e+00 1.194080e+00 1.407254e+00 1.564576e+00 1.729750e+00 1.744769e+00 1.730649e+00 1.745168e+00 1.752896e+00 1.740821e+00 9.132991e-01 7.428378e-01 7.665045e-01 9.937316e-01 1.128706e+00 1.131266e+00 1.163278e+00 1.323054e+00 1.369102e+00 1.401626e+00 1.452434e+00 1.525504e+00 1.604978e+00 1.623515e+00 1.604951e+00 1.581538e+00 1.288567e+00 2.442418e+01 2.300771e+00 2.287742e+00 2.276988e+00 1.986645e+00
-9.999000e+03 -9.999000e+03 -9.999000e+03 -9.999000e+03 -9.999000e+03 -9.999000e+03 -9.999000e+03 1.746571e+00 3.489110e+00 1.091096e+00 4.989143e-01 4.910735e-01 4.733916e-01 4.791671e-01 8.137889e-01 1.179298e+00 1.181700e+00 1.183775e+00 8.394461e-01 8.781452e-01 9.149737e-01 1.207106e+00 1.420453e+00 1.689172e+00 1.726667e+00 1.711676e+00 1.744068e+00 1.768617e+00 1.789647e+00 1.778912e+00 5.357851e-01 1.150334e+00 1.087362e+00 1.145677e+00 1.328664e+00 1.428031e+00 1.429406e+00 1.444752e+00 1.564115e+00 1.611231e+00 2.570657e+01 2.721044e+01 2.909961e+01 3.130124e+01 3.385006e+01 1.819294e+00 2.713465e+01 2.310107e+00 2.311202e+00 2.304465e+00 1.841169e+00 1.836838e+00
-9.999000e+03 -9.999000e+03 -9.999000e+03 -9.999000e+03 -9.999000e+03 -9.999000e+03 -9.999000e+03 1.745766e+00 1.015773e+00 4.855491e-01 4.946146e-01 4.942334e-01 4.870811e-01 4.874712e-01 1.049280e+00 1.050810e+00 1.054231e+00 4.954442e-01 5.076760e-01 5.310376e-01 9.290376e-01 1.220697e+00 1.636123e+00 1.684779e+00 1.653607e+00 1.714796e+00 1.745998e+00 1.782705e+00 1.797446e+00 1.778242e+00 1.140455e+00 9.509953e-01 1.382282e+00 1.178925e+01 1.416894e+01 1.666912e+01 1.872379e+01 2.073350e+01 2.238072e+01 2.364539e+01 1.060467e+00 1.430119e+00 1.719012e+00 2.098542e+00 2.222478e+00 2.981214e+01 2.306518e+00 2.335415e+00 2.340527e+00 1.654925e+00 1.639917e+00 6.028196e-01
-9.999000e+03 -9.999000e+03 -9.999000e+03 -9.999000e+03 -9.999000e+03 -9.999000e+03 -9.999000e+03 1.024772e+00 1.654226e+00 4.731687e-01 4.774052e-01 4.898202e-01 4.963091e-01 8.370338e-01 8.369733e-01 8.369609e-01 5.021610e-01 5.081577e-01 5.198054e-01 5.402823e-01 9.379891e-01 1.574880e+00 1.636348e+00 1.558749e+00 1.653009e+00 1.687729e+00 1.730322e+00 1.758129e+00 1.755875e+00 1.738727e+00 5.016252e+00 7.543908e+00 9.789135e+00 1.784362e+00 1.801846e+00 1.333606e+00 1.360874e+00 1.048255e+00 6.008583e-01 6.067337e-01 1.085956e+00 1.460420e+00 1.963105e+00 2.130890e+00 2.149327e+00 2.262656e+00 2.330242e+00 2.362559e+00 1.414939e+00 1.391617e+00 5.821684e-01 5.901297e-01
