tests/data/reference/test_stream_rill_mfda/control/csheetvout_m3.asc
ncols	123
nrows	77
xllcorner	-713746.79929998
yllcorner	-1061022.36961616
cellsize	10.0
NODATA_value	-9999
[rows 23 to 45 of 77, columns 52 to 103 of 123]
6.499290e-01 6.536336e-01 6.531351e-01 6.498830e-01 6.482125e-01 2.642606e+00 2.673772e+00 2.671771e+00 2.663899e+00 2.653221e+00 2.638970e+00 6.378335e-01 2.614748e+00 2.792312e+00 2.559479e+00 6.091417e-01 5.964064e-01 5.906291e-01 5.959557e-01 6.021689e-01 6.071069e-01 6.112921e-01 6.125390e-01 6.081695e-01 5.999952e-01 5.930100e-01 5.843074e-01 5.744179e-01 5.663362e-01 5.758021e-01 7.201291e-01 6.658505e-01 1.129317e+00 5.572810e-01 -9.999000e+03 -9.999000e+03 -9.999000e+03 -9.999000e+03 -9.999000e+03 -9.999000e+03 -9.999000e+03 -9.999000e+03 -9.999000e+03 -9.999000e+03 -9.999000e+03 -9.999000e+03 -9.999000e+03 -9.999000e+03 -9.999000e+03 -9.999000e+03 -9.999000e+03 -9.999000e+03
6.544529e-01 6.556685e-01 6.534976e-01 6.502247e-01 6.482174e-01 6.470609e-01 2.698775e+00 2.715176e+00 2.710243e+00 2.700024e+00 2.687037e+00 2.671353e+00 6.358811e-01 6.290059e-01 6.193822e-01 6.087357e-01 5.990700e-01 5.959143e-01 6.024042e-01 6.105375e-01 6.171648e-01 6.216994e-01 6.226850e-01 6.203609e-01 6.149194e-01 6.039735e-01 5.874461e-01 5.718653e-01 5.608318e-01 5.647336e-01 5.846725e-01 7.893049e-01 8.381042e-01 1.049624e+00 7.560581e-01 -9.999000e+03 -9.999000e+03 -9.999000e+03 -9.999000e+03 -9.999000e+03 -9.999000e+03 -9.999000e+03 -9.999000e+03 -9.999000e+03 -9.999000e+03 -9.999000e+03 -9.999000e+03 -9.999000e+03 -9.999000e+03 -9.999000e+03 -9.999000e+03 -9.999000e+03
6.575087e-01 6.570260e-01 6.551090e-01 6.515995e-01 6.474730e-01 6.437280e-01 6.405074e-01 6.390982e-01 6.404159e-01 2.732189e+00 2.720167e+00 2.704488e+00 2.683582e+00 6.252927e-01 6.181407e-01 6.134608e-01 6.102841e-01 6.092781e-01 6.125204e-01 6.181144e-01 6.239780e-01 6.280931e-01 6.287527e-01 6.268474e-01 6.234002e-01 6.178140e-01 6.105493e-01 6.030280e-01 1.020868e+00 5.829586e-01 5.723378e-01 5.770371e-01 5.932520e-01 7.587950e-01 6.429378e-01 8.635763e-01 5.540388e-01 5.518672e-01 -9.999000e+03 -9.999000e+03 -9.999000e+03 -9.999000e+03 -9.999000e+03 -9.999000e+03 -9.999000e+03 -9.999000e+03 -9.999000e+03 -9.999000e+03 -9.999000e+03 -9.999000e+03 -9.999000e+03 -9.999000e+03
6.596927e-01 6.579682e-01 6.549684e-01 6.499357e-01 6.444394e-01 6.402693e-01 6.384417e-01 6.401739e-01 6.427577e-01 6.440306e-01 2.742767e+00 2.726439e+00 2.704410e+00 6.260183e-01 6.213764e-01 6.181505e-01 6.148373e-01 6.126111e-01 6.147134e-01 6.193577e-01 6.241350e-01 6.275154e-01 6.282537e-01 6.276993e-01 6.271593e-01 6.264474e-01 6.252496e-01 6.221122e-01 6.144433e-01 5.991055e-01 5.808796e-01 5.778877e-01 5.908267e-01 6.031289e-01 7.353583e-01 9.232387e-01 9.140731e-01 7.250001e-01 9.591018e-01 5.491659e-01 -9.999000e+03 -9.999000e+03 -9.999000e+03 -9.999000e+03 -9.999000e+03 -9.999000e+03 -9.999000e+03 -9.999000e+03 -9.999000e+03 -9.999000e+03 -9.999000e+03 -9.999000e+03
6.613856e-01 6.577253e-01 6.520037e-01 6.452179e-01 6.402526e-01 6.388945e-01 6.402930e-01 6.434420e-01 6.449014e-01 6.443110e-01 6.421879e-01 6.382773e-01 2.720516e+00 6.309642e-01 6.266364e-01 6.199325e-01 6.119830e-01 6.073032e-01 6.098212e-01 6.143898e-01 6.175243e-01 6.199005e-01 6.212118e-01 6.230723e-01 6.264686e-01 6.299693e-01 6.323663e-01 6.319362e-01 6.275642e-01 6.195768e-01 6.087803e-01 5.982807e-01 5.906812e-01 5.893477e-01 5.921008e-01 5.909422e-01 6.588881e-01 5.678437e-01 9.844496e-01 1.250840e+00 9.444582e-01 1.747950e+00 -9.999000e+03 -9.999000e+03 -9.999000e+03 -9.999000e+03 -9.999000e+03 -9.999000e+03 -9.999000e+03 -9.999000e+03 -9.999000e+03 -9.999000e+03
6.602622e-01 6.550407e-01 6.484373e-01 6.423683e-01 6.391704e-01 6.395471e-01 6.416693e-01 6.447570e-01 6.461004e-01 6.453603e-01 6.431702e-01 6.395322e-01 6.359649e-01 6.320761e-01 6.256903e-01 6.166064e-01 6.092212e-01 6.076346e-01 6.120470e-01 6.170350e-01 6.198159e-01 6.214377e-01 6.220013e-01 6.234776e-01 6.274349e-01 6.326675e-01 6.368520e-01 6.374464e-01 6.342614e-01 6.295184e-01 6.220965e-01 6.096217e-01 5.951897e-01 5.860169e-01 5.842991e-01 5.854899e-01 5.817047e-01 5.735691e-01 5.669454e-01 5.629765e-01 0.000000e+00 2.692006e+00 3.492633e+00 1.745849e+00 -9.999000e+03 -9.999000e+03 -9.999000e+03 -9.999000e+03 -9.999000e+03 -9.999000e+03 -9.999000e+03 -9.999000e+03
6.561113e-01 6.502870e-01 6.450998e-01 6.420442e-01 6.410935e-01 6.407540e-01 6.412274e-01 6.450056e-01 6.480069e-01 6.479714e-01 6.457134e-01 6.413386e-01 6.356524e-01 6.278477e-01 6.181887e-01 6.101997e-01 6.091520e-01 6.141355e-01 6.210410e-01 6.269543e-01 6.305331e-01 6.314361e-01 6.299813e-01 6.286524e-01 6.300249e-01 6.347275e-01 6.390770e-01 6.391711e-01 6.355047e-01 6.313281e-01 6.256755e-01 6.160580e-01 6.050962e-01 5.947650e-01 5.855209e-01 5.804400e-01 5.773988e-01 5.757690e-01 5.742634e-01 0.000000e+00 0.000000e+00 5.175156e-01 2.708622e+00 3.675796e+00 3.232650e+00 -9.999000e+03 -9.999000e+03 -9.999000e+03 -9.999000e+03 -9.999000e+03 -9.999000e+03 -9.999000e+03
6.470279e-01 6.423737e-01 6.403058e-01 6.407209e-01 6.418049e-01 6.417755e-01 6.424354e-01 6.466590e-01 6.486576e-01 6.465443e-01 6.425403e-01 6.365538e-01 6.292714e-01 6.204920e-01 6.135445e-01 6.124267e-01 6.173368e-01 6.252095e-01 6.319221e-01 6.361918e-01 6.379618e-01 6.369058e-01 6.340153e-01 6.318637e-01 6.326145e-01 6.368905e-01 6.399363e-01 6.392279e-01 6.366832e-01 6.345123e-01 6.313422e-01 6.244332e-01 6.158483e-01 6.065218e-01 5.946268e-01 5.851530e-01 5.831969e-01 5.843373e-01 0.000000e+00 0.000000e+00 5.443307e-01 5.208048e-01 5.074698e-01 1.209780e+00 7.202359e-01 3.578667e+00 -9.999000e+03 -9.999000e+03 -9.999000e+03 -9.999000e+03 -9.999000e+03 -9.999000e+03
6.315489e-01 6.306164e-01 6.338952e-01 6.381303e-01 6.413117e-01 6.437640e-01 6.463640e-01 6.482160e-01 6.454273e-01 6.391819e-01 6.322998e-01 6.242517e-01 6.172105e-01 6.132209e-01 6.155884e-01 6.229112e-01 6.310324e-01 6.387159e-01 6.433433e-01 6.441434e-01 6.423430e-01 6.386224e-01 6.348568e-01 6.334944e-01 6.352529e-01 6.387601e-01 6.392093e-01 6.376267e-01 6.374914e-01 6.384125e-01 6.382731e-01 6.339203e-01 6.268984e-01 6.195521e-01 6.081086e-01 5.977378e-01 5.981279e-01 0.000000e+00 0.000000e+00 5.772192e-01 5.601915e-01 5.351225e-01 5.053851e-01 4.909673e-01 1.749893e+00 1.310737e+00 9.074523e-01 -9.999000e+03 -9.999000e+03 -9.999000e+03 -9.999000e+03 -9.999000e+03
6.072501e-01 6.126978e-01 6.206252e-01 6.275030e-01 6.330741e-01 6.383179e-01 6.425765e-01 6.433808e-01 6.396226e-01 6.342656e-01 6.287651e-01 6.228246e-01 6.197637e-01 6.210047e-01 6.264018e-01 6.336787e-01 6.396637e-01 6.441811e-01 6.452240e-01 6.429607e-01 6.399857e-01 6.367389e-01 6.346562e-01 6.351537e-01 6.376367e-01 6.396842e-01 6.374828e-01 6.342341e-01 6.341889e-01 6.359077e-01 6.374407e-01 6.354560e-01 6.307016e-01 6.266498e-01 6.180584e-01 6.088240e-01 0.000000e+00 0.000000e+00 5.977281e-01 5.873711e-01 5.759931e-01 5.584857e-01 5.327858e-01 5.124203e-01 5.154085e-01 6.109336e-01 6.353847e-01 8.310396e-01 1.744110e+00 -9.999000e+03 -9.999000e+03 -9.999000e+03
5.706166e-01 5.870222e-01 5.986165e-01 6.075063e-01 6.163112e-01 6.246027e-01 6.306905e-01 6.338576e-01 6.351456e-01 6.357757e-01 6.355044e-01 6.350823e-01 6.363388e-01 6.382375e-01 6.401218e-01 6.420917e-01 6.426688e-01 6.416759e-01 6.378381e-01 6.329687e-01 6.311156e-01 6.314095e-01 6.335512e-01 6.369011e-01 6.397141e-01 6.396887e-01 6.346597e-01 6.288879e-01 6.266790e-01 6.269285e-01 6.290485e-01 6.298971e-01 6.276851e-01 6.266315e-01 0.000000e+00 0.000000e+00 0.000000e+00 6.132322e-01 6.059999e-01 5.977747e-01 5.894784e-01 5.813314e-01 5.687131e-01 5.510710e-01 5.367821e-01 5.234121e-01 5.128922e-01 1.755202e+00 5.594935e-01 1.795142e+00 -9.999000e+03 -9.999000e+03
7.454793e+00 6.213535e-01 6.405946e-01 6.542055e-01 6.068829e-01 6.179579e-01 6.264334e-01 6.321423e-01 6.369952e-01 6.408259e-01 6.433593e-01 6.457678e-01 6.482561e-01 6.493393e-01 6.489047e-01 6.471751e-01 6.433677e-01 6.379138e-01 6.306522e-01 6.875678e-01 6.208313e-01 6.221155e-01 6.268811e-01 6.322518e-01 6.350440e-01 6.331733e-01 6.263395e-01 6.205406e-01 6.191008e-01 6.196082e-01 6.231834e-01 6.282378e-01 6.279459e-01 0.000000e+00 0.000000e+00 6.236038e-01 6.214691e-01 6.180495e-01 6.130982e-01 6.069653e-01 6.000343e-01 5.938456e-01 5.856838e-01 5.714953e-01 5.553713e-01 5.403690e-01 5.303234e-01 5.319177e-01 9.382235e-01 6.696893e-01 1.263450e+00 1.746380e+00
2.522852e+00 1.218453e+01 1.129857e+00 6.554954e-01 6.668681e-01 6.843881e-01 6.971074e-01 7.048524e-01 7.114527e-01 7.164316e-01 7.201755e-01 7.238558e-01 7.264145e-01 7.268206e-01 7.249965e-01 7.195872e-01 7.104641e-01 6.997263e-01 6.877881e-01 6.758287e-01 6.681570e-01 6.682268e-01 6.755384e-01 6.835225e-01 6.224853e-01 6.187021e-01 6.112035e-01 6.080357e-01 6.106865e-01 6.140187e-01 6.198939e-01 6.290556e-01 0.000000e+00 0.000000e+00 6.244685e-01 6.227385e-01 6.219151e-01 6.210724e-01 6.188436e-01 6.149818e-01 6.086685e-01 6.010093e-01 5.927422e-01 5.815350e-01 5.710894e-01 5.652854e-01 5.633115e-01 5.619600e-01 5.575074e-01 8.067257e-01 1.018861e+00 1.021923e+00
2.423870e+00 1.589069e+01 1.191628e+01 1.552092e+00 1.188589e+00 1.222523e+00 1.252062e+00 6.986438e-01 7.001818e-01 7.015669e-01 7.033686e-01 7.059050e-01 7.061298e-01 7.039284e-01 7.002495e-01 6.936547e-01 6.856278e-01 6.782167e-01 6.702825e-01 6.623053e-01 6.590580e-01 6.638606e-01 6.717818e-01 6.760396e-01 6.730767e-01 6.648568e-01 5.987893e-01 5.995190e-01 6.064215e-01 6.128905e-01 6.199022e-01 0.000000e+00 0.000000e+00 6.289694e-01 6.260715e-01 6.237794e-01 6.226592e-01 6.224016e-01 6.214791e-01 6.196167e-01 6.146510e-01 6.067538e-01 5.987397e-01 5.891350e-01 5.798846e-01 5.742997e-01 5.731159e-01 5.726123e-01 5.695245e-01 5.651782e-01 8.408346e-01 5.514205e-01
1.641113e+01 2.762500e+00 2.063321e+01 1.158160e+01 1.903201e+00 1.641734e+00 1.684795e+00 2.197698e+01 2.277228e+01 2.344574e+01 2.401598e+01 2.449578e+01 2.488971e+01 2.524573e+01 1.605869e+00 1.571929e+00 6.263022e-01 6.369585e-01 6.454655e-01 6.521887e-01 6.618271e-01 6.739879e-01 6.797856e-01 6.749646e-01 6.622338e-01 6.501444e-01 6.471566e-01 5.964095e-01 6.076373e-01 6.167421e-01 0.000000e+00 0.000000e+00 6.350271e-01 6.313898e-01 6.293454e-01 6.267956e-01 6.239800e-01 6.225705e-01 6.216303e-01 6.211297e-01 6.178550e-01 6.108499e-01 6.037677e-01 5.951779e-01 5.845968e-01 5.739206e-01 5.675200e-01 5.673472e-01 5.704162e-01 5.748613e-01 5.770596e-01 5.726685e-01
2.569887e+00 2.566340e+00 2.563843e+00 2.483882e+01 2.548997e+01 2.049884e+01 1.951448e+01 1.229038e+00 1.222338e+00 1.214039e+00 1.205780e+00 1.198667e+00 1.240376e+00 1.224049e+00 1.202772e+00 1.177440e+00 2.180056e+00 3.596947e+00 6.255060e-01 6.295045e-01 6.429393e-01 6.620189e-01 6.676115e-01 6.591644e-01 6.475522e-01 6.398484e-01 6.417720e-01 6.548979e-01 6.104584e-01 0.000000e+00 0.000000e+00 6.346394e-01 6.364688e-01 6.328861e-01 6.316431e-01 6.294814e-01 6.263141e-01 6.251009e-01 6.247009e-01 6.247860e-01 6.222536e-01 6.155155e-01 6.082752e-01 6.006527e-01 5.915584e-01 5.803647e-01 5.701719e-01 5.661158e-01 5.688746e-01 5.748199e-01 5.794589e-01 5.778330e-01
2.325419e+00 2.324167e+00 2.304244e+00 2.342293e+00 6.382515e-01 6.478003e-01 6.520431e-01 6.517747e-01 6.505120e-01 6.481431e-01 6.449366e-01 7.083025e-01 7.019901e-01 6.935243e-01 6.836031e-01 6.736585e-01 1.234874e+00 1.212444e+00 6.110105e+00 7.259965e+00 8.322042e+00 6.444100e-01 6.435062e-01 6.268185e-01 6.293331e-01 6.350612e-01 6.427298e-01 6.611252e-01 0.000000e+00 0.000000e+00 6.296609e-01 6.361077e-01 6.372789e-01 6.335249e-01 6.329859e-01 6.317629e-01 6.294251e-01 6.293401e-01 6.299073e-01 6.303139e-01 6.281896e-01 6.215734e-01 6.128941e-01 6.047884e-01 5.988621e-01 5.914618e-01 5.804098e-01 5.706529e-01 5.671704e-01 5.669350e-01 5.676776e-01 5.689354e-01
2.279493e+00 2.207970e+00 2.244423e+00 1.137502e+00 6.482418e-01 6.580120e-01 6.632088e-01 6.647982e-01 6.655235e-01 6.648918e-01 6.627421e-01 6.594810e-01 6.553683e-01 6.502771e-01 6.441363e-01 7.046234e-01 6.964905e-01 1.228229e+00 1.205872e+00 1.220111e+00 1.194317e+00 6.610665e+00 7.123672e+00 5.908026e-01 5.810374e-01 6.077054e-01 6.338805e-01 6.621632e-01 0.000000e+00 6.811336e-01 6.268500e-01 6.360363e-01 6.393581e-01 6.364989e-01 6.350093e-01 6.333144e-01 6.316672e-01 6.326017e-01 6.339186e-01 6.342426e-01 6.319143e-01 6.260646e-01 6.172403e-01 6.074921e-01 6.025046e-01 5.989208e-01 5.904318e-01 5.798868e-01 5.736172e-01 5.695805e-01 5.667943e-01 5.671318e-01
2.104300e+00 2.127377e+00 6.319078e-01 6.346411e-01 6.402961e-01 6.496177e-01 6.561222e-01 6.598625e-01 6.635339e-01 6.657344e-01 6.653519e-01 6.638412e-01 6.626877e-01 6.615230e-01 6.592255e-01 6.561985e-01 6.530004e-01 6.485991e-01 7.064196e-01 6.872686e-01 6.772154e-01 0.000000e+00 0.000000e+00 0.000000e+00 5.582387e-01 5.677089e-01 6.221463e-01 0.000000e+00 0.000000e+00 6.612707e-01 6.791894e-01 6.330042e-01 6.420565e-01 6.418924e-01 6.381159e-01 6.342949e-01 6.329453e-01 6.348525e-01 6.370811e-01 6.376482e-01 6.343573e-01 6.283309e-01 6.202616e-01 6.096902e-01 6.037650e-01 6.024835e-01 5.986263e-01 5.917924e-01 5.862105e-01 5.815031e-01 5.771151e-01 5.737154e-01
1.994785e+00 6.236559e-01 6.273043e-01 6.280121e-01 6.311119e-01 6.386545e-01 6.448382e-01 6.490794e-01 6.547766e-01 6.602974e-01 6.624805e-01 6.626474e-01 6.635253e-01 6.649238e-01 6.651971e-01 6.645564e-01 6.644304e-01 6.637954e-01 6.592111e-01 6.496558e-01 7.089853e-01 7.070781e-01 1.303423e+00 0.000000e+00 0.000000e+00 0.000000e+00 1.461852e-01 0.000000e+00 6.319259e-01 6.314280e-01 6.580124e-01 6.849403e-01 6.345365e-01 6.383391e-01 6.376044e-01 6.356495e-01 6.353407e-01 6.370553e-01 6.390677e-01 6.408592e-01 6.381889e-01 6.313665e-01 6.228677e-01 6.119100e-01 6.049881e-01 6.034675e-01 6.016261e-01 5.976750e-01 5.935133e-01 5.889713e-01 5.841735e-01 5.814192e-01
6.119406e-01 6.158451e-01 6.184774e-01 6.187541e-01 6.201281e-01 6.250585e-01 6.291191e-01 6.316297e-01 6.378906e-01 6.469623e-01 6.529371e-01 6.558060e-01 6.585701e-01 6.617896e-01 6.640247e-01 6.653439e-01 6.679155e-01 6.708339e-01 6.707850e-01 6.676562e-01 6.637396e-01 7.305883e-01 7.192914e-01 3.039313e+00 6.861863e-01 0.000000e+00 0.000000e+00 0.000000e+00 1.449956e-01 6.091508e-01 6.308132e-01 6.589080e-01 6.143288e-01 6.230152e-01 6.315397e-01 6.366240e-01 6.388733e-01 6.401361e-01 6.407488e-01 6.428519e-01 6.417556e-01 6.354639e-01 6.261138e-01 6.140738e-01 6.060750e-01 6.030602e-01 6.009346e-01 5.985134e-01 5.963876e-01 5.929752e-01 5.883429e-01 5.891809e-01
6.056113e-01 6.074522e-01 6.104936e-01 6.124794e-01 6.133939e-01 6.157622e-01 2.166212e+00 2.178622e+00 6.221261e-01 6.314521e-01 2.218767e+00 2.239553e+00 2.263799e+00 2.298340e+00 6.564507e-01 6.590273e-01 6.635473e-01 6.689392e-01 6.713072e-01 6.711894e-01 6.708476e-01 6.696551e-01 2.823563e+00 2.849984e+00 3.017155e+00 1.943544e-01 0.000000e+00 0.000000e+00 0.000000e+00 0.000000e+00 6.185252e-01 6.279524e-01 6.605554e-01 6.172408e-01 6.284733e-01 6.353631e-01 6.393995e-01 6.426213e-01 1.153515e+00 6.450849e-01 6.444947e-01 6.399525e-01 6.316370e-01 6.198946e-01 6.113723e-01 6.067605e-01 6.032977e-01 6.002558e-01 5.985200e-01 5.978101e-01 5.966015e-01 6.000133e-01
1.032711e+00 1.365079e+00 2.215016e+00 6.085133e-01 6.106393e-01 2.135742e+00 2.141150e+00 2.144886e+00 2.145342e+00 2.150484e+00 2.159671e+00 2.172272e+00 2.198417e+00 2.237682e+00 2.282050e+00 2.318165e+00 6.510257e-01 6.589760e-01 6.626498e-01 2.431384e+00 2.485532e+00 2.539282e+00 2.587532e+00 2.807521e+00 2.838030e+00 0.000000e+00 0.000000e+00 8.285898e-01 1.355712e+00 0.000000e+00 0.000000e+00 0.000000e+00 6.625350e-01 6.900546e-01 6.311356e-01 6.327155e-01 6.368943e-01 6.435876e-01 1.159601e+00 6.476711e-01 6.469265e-01 6.439407e-01 6.379645e-01 6.285180e-01 6.205077e-01 6.145255e-01 6.090440e-01 6.035649e-01 6.000757e-01 6.022798e-01 6.077420e-01 6.133633e-01
