tests/data/reference/test_stream_rill_mfda/control/csheetvout_m3.asc
ncols	123
nrows	77
xllcorner	-713746.79929998
yllcorner	-1061022.36961616
cellsize	10.0
NODATA_value	-9999
[rows 23 to 45 of 77, columns 0 to 51 of 123]
-9.999000e+03 -9.999000e+03 -9.999000e+03 -9.999000e+03 -9.999000e+03 -9.999000e+03 -9.999000e+03 -9.999000e+03 -9.999000e+03 -9.999000e+03 -9.999000e+03 -9.999000e+03 -9.999000e+03 -9.999000e+03 4.667149e-01 4.805844e-01 1.206464e+00 1.300609e+00 4.888839e-01 2.924324e-01 1.297700e-01 1.748736e+00 1.584634e-01 6.184699e-01 6.126960e-01 6.225824e-01 6.353260e-01 6.457602e-01 5.959019e-01 6.023940e-01 6.085820e-01 6.143664e-01 6.170863e-01 6.170853e-01 6.163976e-01 6.155462e-01 6.181920e-01 6.251834e-01 6.295283e-01 6.299742e-01 6.301019e-01 6.316517e-01 6.346570e-01 6.366878e-01 6.370719e-01 6.366659e-01 6.363827e-01 6.376448e-01 6.401762e-01 6.423134e-01 6.437243e-01 6.459091e-01
-9.999000e+03 -9.999000e+03 -9.999000e+03 -9.999000e+03 -9.999000e+03 -9.999000e+03 -9.999000e+03 -9.999000e+03 -9.999000e+03 -9.999000e+03 -9.999000e+03 -9.999000e+03 -9.999000e+03 -9.999000e+03 3.616903e+00 3.576715e+00 2.400184e+00 1.256729e+00 4.803371e-01 5.602585e-01 1.748691e+00 1.748755e+00 2.184606e+00 6.187516e-01 6.278474e-01 6.434526e-01 6.534297e-01 6.575436e-01 6.598366e-01 6.640641e-01 6.087721e-01 6.134949e-01 6.150825e-01 6.134206e-01 6.120134e-01 6.133176e-01 6.196926e-01 6.277758e-01 6.305258e-01 6.293551e-01 6.290804e-01 6.302000e-01 6.322560e-01 6.340260e-01 6.351600e-01 6.359379e-01 6.368239e-01 6.388713e-01 6.417217e-01 6.442278e-01 6.468221e-01 6.506250e-01
-9.999000e+03 -9.999000e+03 -9.999000e+03 -9.999000e+03 -9.999000e+03 -9.999000e+03 -9.999000e+03 -9.999000e+03 -9.999000e+03 -9.999000e+03 -9.999000e+03 -9.999000e+03 -9.999000e+03 -9.999000e+03 2.725071e-01 7.842155e-01 5.168487e-01 5.134662e-01 5.073288e-01 1.599002e-01 1.748833e+00 6.270993e-01 6.194114e-01 6.319169e-01 6.464563e-01 6.584862e-01 6.649498e-01 6.668029e-01 6.677580e-01 6.688660e-01 6.698196e-01 6.722725e-01 6.717428e-01 6.063487e-01 6.046035e-01 6.093278e-01 6.189151e-01 6.266041e-01 6.279018e-01 6.271728e-01 6.285667e-01 6.305397e-01 6.321841e-01 6.335467e-01 6.349878e-01 6.366892e-01 6.388626e-01 6.419670e-01 6.456092e-01 6.494153e-01 6.532085e-01 6.562317e-01
-9.999000e+03 -9.999000e+03 -9.999000e+03 -9.999000e+03 -9.999000e+03 -9.999000e+03 -9.999000e+03 -9.999000e+03 -9.999000e+03 -9.999000e+03 -9.999000e+03 -9.999000e+03 5.522505e-01 8.802831e-01 1.909906e+00 7.286622e-01 5.197439e-01 3.492524e-01 1.301419e-01 1.748685e+00 2.127678e-01 2.158786e+00 6.084021e-01 6.225875e-01 6.345674e-01 6.444919e-01 6.505810e-01 6.535499e-01 6.576586e-01 6.615983e-01 6.639585e-01 6.660995e-01 6.633613e-01 6.558244e-01 6.560020e-01 6.076731e-01 6.188092e-01 6.248405e-01 6.260257e-01 6.267240e-01 6.283367e-01 6.294985e-01 6.304505e-01 6.320042e-01 6.348054e-01 6.386225e-01 6.429171e-01 6.468842e-01 6.503564e-01 6.543614e-01 6.581818e-01 6.600519e-01
-9.999000e+03 -9.999000e+03 -9.999000e+03 -9.999000e+03 -9.999000e+03 -9.999000e+03 -9.999000e+03 -9.999000e+03 -9.999000e+03 -9.999000e+03 -9.999000e+03 -9.999000e+03 -9.999000e+03 5.447896e-01 7.992622e-01 5.074323e-01 4.047814e-01 1.127537e-01 1.748355e+00 1.414931e-01 2.143819e+00 7.201581e-01 5.952706e-01 2.606819e+01 2.694808e+01 6.084444e-01 6.126748e-01 6.158849e-01 6.286703e-01 6.440773e-01 6.542498e-01 6.568208e-01 6.510647e-01 6.431045e-01 6.489386e-01 6.689765e-01 6.825441e-01 6.873628e-01 6.257667e-01 6.275873e-01 6.277970e-01 6.268490e-01 6.270047e-01 6.294902e-01 6.347973e-01 6.419208e-01 6.488764e-01 6.532365e-01 6.555671e-01 6.587492e-01 6.617670e-01 6.626799e-01
-9.999000e+03 -9.999000e+03 -9.999000e+03 -9.999000e+03 -9.999000e+03 -9.999000e+03 -9.999000e+03 -9.999000e+03 -9.999000e+03 -9.999000e+03 -9.999000e+03 -9.999000e+03 -9.999000e+03 -9.999000e+03 -9.999000e+03 4.626770e-01 6.190240e-02 1.811943e+00 1.748295e+00 2.116132e+00 6.729357e-01 2.385201e+00 2.632509e+01 1.790166e+00 1.846670e+00 2.961855e+01 6.115431e-01 6.014942e-01 6.071539e-01 6.241616e-01 6.347790e-01 6.358747e-01 6.323176e-01 6.297107e-01 6.411449e-01 6.651133e-01 6.757432e-01 6.756815e-01 6.789824e-01 6.848685e-01 6.246350e-01 6.264560e-01 6.294452e-01 6.338931e-01 6.400688e-01 6.474817e-01 6.539374e-01 6.571796e-01 6.586011e-01 6.613749e-01 6.635110e-01 6.629974e-01
-9.999000e+03 -9.999000e+03 -9.999000e+03 -9.999000e+03 -9.999000e+03 -9.999000e+03 -9.999000e+03 -9.999000e+03 -9.999000e+03 -9.999000e+03 -9.999000e+03 -9.999000e+03 -9.999000e+03 -9.999000e+03 -9.999000e+03 -9.999000e+03 1.064848e-01 1.747904e+00 2.138104e+00 2.100456e+00 2.341601e+00 2.401422e+01 1.666054e+00 1.716079e+00 1.782284e+00 2.042396e+00 3.277478e+01 3.448639e+01 3.614088e+01 3.717258e+01 6.161501e-01 6.111052e-01 6.137903e-01 6.177162e-01 6.298761e-01 6.513202e-01 6.585883e-01 6.560914e-01 6.617440e-01 6.752801e-01 6.867727e-01 6.955917e-01 6.379957e-01 6.442623e-01 6.495018e-01 6.544721e-01 6.578864e-01 6.589980e-01 6.598058e-01 6.623760e-01 6.633615e-01 6.607351e-01
-9.999000e+03 -9.999000e+03 -9.999000e+03 -9.999000e+03 -9.999000e+03 -9.999000e+03 -9.999000e+03 -9.999000e+03 -9.999000e+03 -9.999000e+03 -9.999000e+03 -9.999000e+03 -9.999000e+03 -9.999000e+03 -9.999000e+03 -9.999000e+03 3.494291e+00 1.546687e-01 1.568094e+01 1.870087e+01 2.172925e+01 1.500605e+00 1.545571e+00 1.592688e+00 1.919896e+00 2.118242e+00 2.169266e+00 2.183630e+00 2.210352e+00 2.196505e+00 4.027663e+01 1.085997e+00 6.082445e-01 5.987720e-01 6.050961e-01 1.110568e+00 4.776163e+01 4.788328e+01 4.802153e+01 4.753065e+01 6.737915e-01 6.716989e-01 6.784906e-01 6.886539e-01 6.998431e-01 6.424438e-01 6.479538e-01 6.514740e-01 6.552077e-01 6.586607e-01 6.579076e-01 6.527920e-01
-9.999000e+03 -9.999000e+03 -9.999000e+03 -9.999000e+03 -9.999000e+03 -9.999000e+03 -9.999000e+03 -9.999000e+03 -9.999000e+03 -9.999000e+03 -9.999000e+03 -9.999000e+03 -9.999000e+03 -9.999000e+03 -9.999000e+03 1.748099e+00 7.626184e+00 1.424414e+01 1.441554e+00 1.574514e+00 1.261788e+00 1.315658e+00 1.343020e+00 1.758947e+00 2.019937e+00 2.072928e+00 2.097751e+00 2.123566e+00 2.058866e+00 2.127241e+00 2.307995e+00 4.352128e+01 4.549374e+01 4.687481e+01 4.752670e+01 4.758698e+01 1.084219e+00 1.130673e+00 1.176279e+00 1.607427e+00 4.863168e+01 4.846454e+01 4.822195e+01 4.796672e+01 6.459843e-01 6.693779e-01 6.861294e-01 6.342392e-01 6.449704e-01 6.495926e-01 6.456966e-01 6.374853e-01
-9.999000e+03 -9.999000e+03 -9.999000e+03 -9.999000e+03 -9.999000e+03 -9.999000e+03 -9.999000e+03 -9.999000e+03 -9.999000e+03 -9.999000e+03 -9.999000e+03 -9.999000e+03 -9.999000e+03 -9.999000e+03 1.747741e+00 8.724367e+00 3.864208e+00 1.350255e+00 1.354853e+00 9.064944e-01 9.858996e-01 1.002489e+00 1.532648e+00 1.885685e+00 1.939315e+00 1.961103e+00 1.984481e+00 1.862553e+00 1.919787e+00 2.149748e+00 2.205005e+00 2.227723e+00 2.217928e+00 2.189153e+00 1.041368e+00 6.077780e-01 6.271599e-01 6.499719e-01 1.153887e+00 1.184020e+00 1.596713e+00 1.614282e+00 1.689914e+00 1.684509e+00 2.708088e+00 3.615678e+00 4.423744e+00 6.623862e-01 6.757050e-01 6.810950e-01 6.149393e-01 6.087630e-01
-9.999000e+03 -9.999000e+03 -9.999000e+03 -9.999000e+03 -9.999000e+03 -9.999000e+03 -9.999000e+03 -9.999000e+03 -9.999000e+03 -9.999000e+03 -9.999000e+03 -9.999000e+03 -9.999000e+03 -9.999000e+03 5.236474e+00 4.532012e+00 1.180565e+00 1.192031e+00 5.358437e-01 5.346696e-01 5.376036e-01 1.215610e+00 1.693017e+00 1.750832e+00 1.774666e+00 1.790341e+00 1.815031e+00 1.862640e+00 1.926020e+00 1.989067e+00 2.034643e+00 2.051806e+00 2.049498e+00 5.761574e-01 5.813149e-01 5.878345e-01 5.929410e-01 6.006982e-01 6.102569e-01 1.097081e+00 1.115304e+00 1.221951e+00 1.234579e+00 7.066840e-01 7.031320e-01 6.966391e-01 6.878440e-01 1.233774e+00 3.884981e+00 6.388710e+00 2.750669e+00 6.096729e-01
-9.999000e+03 -9.999000e+03 -9.999000e+03 -9.999000e+03 -9.999000e+03 -9.999000e+03 -9.999000e+03 -9.999000e+03 -9.999000e+03 -9.999000e+03 -9.999000e+03 -9.999000e+03 -9.999000e+03 3.493134e+00 5.819874e+00 9.120902e-01 9.219188e-01 5.464746e-01 5.462910e-01 5.433650e-01 9.364473e-01 1.429477e+00 1.717895e+00 1.739255e+00 1.755536e+00 1.773190e+00 1.804243e+00 1.855369e+00 1.916070e+00 1.971250e+00 2.006925e+00 2.016496e+00 5.923530e-01 5.940479e-01 5.981369e-01 6.029166e-01 6.054544e-01 6.089971e-01 6.147384e-01 6.222093e-01 6.302790e-01 6.377042e-01 6.440941e-01 7.175111e-01 7.203381e-01 7.203846e-01 2.410621e+00 2.433618e+00 2.460186e+00 2.623763e+00 2.643532e+00 5.077956e+00
-9.999000e+03 -9.999000e+03 -9.999000e+03 -9.999000e+03 -9.999000e+03 -9.999000e+03 -9.999000e+03 -9.999000e+03 -9.999000e+03 -9.999000e+03 -9.999000e+03 -9.999000e+03 1.747651e+00 6.970851e+00 5.351603e-01 5.363129e-01 5.411695e-01 5.476123e-01 5.495728e-01 5.489992e-01 1.238524e+00 1.685667e+00 1.708526e+00 1.720464e+00 1.735013e+00 1.757076e+00 1.789912e+00 1.839300e+00 1.893801e+00 1.937601e+00 1.955112e+00 6.028787e-01 6.054184e-01 6.045615e-01 6.016492e-01 6.034335e-01 6.069982e-01 6.116866e-01 6.187730e-01 6.265743e-01 6.341740e-01 6.394506e-01 6.417003e-01 6.431541e-01 1.871880e+00 2.041412e+00 2.070593e+00 2.115869e+00 2.353351e+00 2.440532e+00 2.427471e+00 2.522551e+00
-9.999000e+03 -9.999000e+03 -9.999000e+03 -9.999000e+03 -9.999000e+03 -9.999000e+03 -9.999000e+03 -9.999000e+03 -9.999000e+03 -9.999000e+03 -9.999000e+03 -9.999000e+03 5.231884e+00 3.659375e+00 5.364573e-01 5.403245e-01 5.434253e-01 5.495190e-01 5.529033e-01 9.571189e-01 1.634199e+00 1.674575e+00 1.689956e+00 1.700827e+00 1.717418e+00 1.737878e+00 1.771573e+00 1.817943e+00 1.864673e+00 1.884324e+00 1.877383e+00 6.013067e-01 6.049414e-01 6.041181e-01 5.991055e-01 5.983507e-01 6.010177e-01 6.048604e-01 6.117982e-01 6.197669e-01 6.284355e-01 6.356534e-01 6.373775e-01 1.559632e+00 1.599459e+00 1.629411e+00 1.677992e+00 1.972217e+00 2.103214e+00 2.120213e+00 2.285855e+00 2.329259e+00
-9.999000e+03 -9.999000e+03 -9.999000e+03 -9.999000e+03 -9.999000e+03 -9.999000e+03 -9.999000e+03 -9.999000e+03 -9.999000e+03 -9.999000e+03 -9.999000e+03 3.490368e+00 4.085721e+00 8.409516e-01 5.292536e-01 5.406780e-01 5.453099e-01 5.515661e-01 5.555405e-01 1.543500e+00 1.615658e+00 1.645607e+00 1.661802e+00 1.678626e+00 1.691757e+00 1.718144e+00 1.754045e+00 1.803227e+00 1.826832e+00 1.817245e+00 1.789340e+00 5.854148e-01 5.893009e-01 5.928706e-01 5.904564e-01 1.496723e+00 1.463477e+00 1.310434e+00 1.200682e+00 5.991600e-01 6.105552e-01 6.252438e-01 1.179627e+00 1.226917e+00 1.259291e+00 1.313291e+00 1.511292e+00 1.676247e+00 1.709063e+00 1.935550e+00 2.016066e+00 2.046452e+00
-9.999000e+03 -9.999000e+03 -9.999000e+03 -9.999000e+03 -9.999000e+03 -9.999000e+03 -9.999000e+03 -9.999000e+03 -9.999000e+03 -9.999000e+03 1.746642e+00 5.226999e+00 4.881456e-01 4.955625e-01 5.133701e-01 5.295518e-01 5.396593e-01 5.492784e-01 1.413050e+00 1.525332e+00 1.575687e+00 1.601953e+00 1.626983e+00 1.636612e+00 1.663656e+00 1.697791e+00 1.755099e+00 1.787007e+00 1.784363e+00 1.750670e+00 1.711898e+00 5.649382e-01 5.689445e-01 5.816546e-01 1.230594e+00 1.185191e+00 9.882090e-01 8.269396e-01 7.975161e-01 7.337250e-01 6.736240e-01 7.122029e-01 7.706216e-01 8.104451e-01 8.727769e-01 1.111166e+00 1.325306e+00 1.363687e+00 1.498830e+00 1.610860e+00 1.653613e+00 1.915277e+00
-9.999000e+03 -9.999000e+03 -9.999000e+03 -9.999000e+03 -9.999000e+03 -9.999000e+03 -9.999000e+03 -9.999000e+03 -9.999000e+03 -9.999000e+03 3.488124e+00 3.424951e+00 1.601735e+00 4.864413e-01 4.878545e-01 5.042714e-01 8.570306e-01 1.246769e+00 1.415099e+00 1.487241e+00 1.523097e+00 1.558504e+00 1.560742e+00 1.594143e+00 1.628349e+00 1.706636e+00 1.754423e+00 1.768221e+00 1.740842e+00 1.700371e+00 1.654546e+00 5.416845e-01 5.489537e-01 8.880260e-01 8.302794e-01 7.690584e-01 5.543814e-01 5.495820e-01 5.524767e-01 5.625055e-01 5.854571e-01 6.126165e-01 6.219511e-01 6.190531e-01 6.187672e-01 9.023484e-01 9.391622e-01 1.106786e+00 1.266803e+00 1.324396e+00 1.483909e+00 1.717696e+01
-9.999000e+03 -9.999000e+03 -9.999000e+03 -9.999000e+03 -9.999000e+03 -9.999000e+03 -9.999000e+03 -9.999000e+03 -9.999000e+03 1.746075e+00 3.987264e+00 1.898085e+00 4.697446e-01 4.790049e-01 4.766350e-01 4.893466e-01 1.047991e+00 1.294715e+00 1.396137e+00 1.431903e+00 1.474450e+00 1.454292e+00 1.496268e+00 1.534216e+00 1.642855e+00 1.715724e+00 1.758476e+00 1.742004e+00 1.713950e+00 1.678830e+00 1.633018e+00 1.252659e+00 7.135244e-01 5.717791e-01 5.781532e-01 5.706071e-01 6.728195e-01 6.816290e-01 7.134852e-01 8.019646e-01 9.168522e-01 9.445724e-01 9.246650e-01 8.846330e-01 8.169813e-01 6.106363e-01 6.155179e-01 8.298772e-01 9.075879e-01 1.105849e+00 1.782390e+01 2.288790e+00
-9.999000e+03 -9.999000e+03 -9.999000e+03 -9.999000e+03 -9.999000e+03 -9.999000e+03 -9.999000e+03 -9.999000e+03 -9.999000e+03 5.231013e+00 2.233762e+00 4.677707e-01 4.672081e-01 4.725348e-01 4.803488e-01 8.098446e-01 1.170462e+00 1.316685e+00 1.342316e+00 1.379618e+00 1.305032e+00 1.354145e+00 1.394020e+00 1.549366e+00 1.658740e+00 1.748627e+00 1.745685e+00 1.728145e+00 1.720394e+00 1.693068e+00 1.666517e+00 5.383990e-01 5.596472e-01 7.375886e-01 7.311886e-01 7.809379e-01 1.000613e+00 1.062468e+00 1.077717e+00 1.122694e+00 1.207689e+00 1.309915e+00 1.338199e+00 1.316696e+00 1.279563e+00 9.034749e-01 7.450008e-01 6.162906e-01 6.196888e-01 1.835832e+01 2.279361e+00 2.265989e+00
-9.999000e+03 -9.999000e+03 -9.999000e+03 -9.999000e+03 -9.999000e+03 -9.999000e+03 -9.999000e+03 -9.999000e+03 3.490751e+00 2.539659e+00 4.919140e-01 4.824100e-01 4.670033e-01 4.736081e-01 4.859788e-01 1.027236e+00 1.254229e+00 1.262064e+00 1.282664e+00 1.103756e+00 1.153978e+00 1.194121e+00 1.407316e+00 1.564656e+00 1.729853e+00 1.744876e+00 1.730758e+00 1.745280e+00 1.753011e+00 1.740942e+00 9.108723e-01 7.423622e-01 7.679985e-01 9.937482e-01 1.128990e+00 1.130641e+00 1.163650e+00 1.323092e+00 1.368932e+00 1.401620e+00 1.453067e+00 1.525080e+00 1.605373e+00 1.623603e+00 1.604915e+00 1.581713e+00 1.289603e+00 2.442655e+01 2.422701e+01 2.287899e+00 2.277142e+00 1.986749e+00
-9.999000e+03 -9.999000e+03 -9.999000e+03 -9.999000e+03 -9.999000e+03 -9.999000e+03 -9.999000e+03 1.746571e+00 3.489111e+00 1.091154e+00 4.989198e-01 4.910792e-01 4.733981e-01 4.791733e-01 8.138124e-01 1.179359e+00 1.181762e+00 1.183836e+00 8.394686e-01 8.781662e-01 9.149940e-01 1.207148e+00 1.420516e+00 1.689270e+00 1.726770e+00 1.711779e+00 1.744176e+00 1.768728e+00 1.789762e+00 1.779032e+00 5.357889e-01 1.148945e+00 1.087113e+00 1.146781e+00 1.328701e+00 1.428270e+00 1.428983e+00 1.445053e+00 1.564177e+00 1.611152e+00 2.571026e+01 2.721477e+01 2.910356e+01 3.130564e+01 3.385466e+01 1.819305e+00 2.713861e+01 2.310262e+00 2.311362e+00 2.304626e+00 1.841255e+00 1.836922e+00
-9.999000e+03 -9.999000e+03 -9.999000e+03 -9.999000e+03 -9.999000e+03 -9.999000e+03 -9.999000e+03 1.745766e+00 1.015830e+00 4.855551e-01 4.946202e-01 4.942391e-01 4.870870e-01 4.874771e-01 1.049324e+00 1.050854e+00 1.054275e+00 4.954497e-01 5.076811e-01 5.310416e-01 9.290576e-01 1.220738e+00 1.636216e+00 1.684877e+00 1.653700e+00 1.714899e+00 1.746103e+00 1.782813e+00 1.797558e+00 1.778356e+00 1.143283e+00 9.510134e-01 1.381507e+00 1.179150e+01 1.417236e+01 1.667266e+01 1.872758e+01 2.073690e+01 2.238443e+01 2.364916e+01 1.060482e+00 1.430156e+00 1.719074e+00 2.098651e+00 2.222606e+00 2.981611e+01 2.306662e+00 2.335570e+00 2.340687e+00 1.654989e+00 1.639980e+00 6.028203e-01
-9.999000e+03 -9.999000e+03 -9.999000e+03 -9.999000e+03 -9.999000e+03 -9.999000e+03 -9.999000e+03 1.024821e+00 1.654362e+00 4.731752e-01 4.774115e-01 4.898260e-01 4.963146e-01 8.370571e-01 8.369966e-01 8.369841e-01 5.021664e-01 5.081628e-01 5.198099e-01 5.402858e-01 9.380084e-01 1.574968e+00 1.636440e+00 1.558829e+00 1.653104e+00 1.687825e+00 1.730420e+00 1.758230e+00 1.755978e+00 1.738830e+00 5.016600e+00 7.547149e+00 9.792444e+00 1.784463e+00 1.801947e+00 1.333644e+00 1.360911e+00 1.048270e+00 6.008591e-01 6.067342e-01 1.085970e+00 1.460455e+00 1.963189e+00 2.130997e+00 2.149434e+00 2.262783e+00 2.330384e+00 2.362710e+00 1.414977e+00 1.391656e+00 5.821700e-01 5.901310e-01
