tests/data/reference/test_stream_rill_mfda/control/csheetvout_m3.asc
ncols	123
nrows	77
xllcorner	-713746.79929998
yllcorner	-1061022.36961616
cellsize	10.0
NODATA_value	-9999
[rows 46 to 68 of 77, columns 52 to 103 of 123]
1.022736e+00 2.258539e+00 2.213374e+00 2.167155e+00 2.138767e+00 2.131259e+00 2.130167e+00 2.125660e+00 2.120336e+00 2.116355e+00 2.112352e+00 2.127890e+00 2.159824e+00 2.204608e+00 2.246674e+00 2.266286e+00 2.281698e+00 2.301258e+00 2.337167e+00 2.386213e+00 2.437193e+00 2.489646e+00 2.543247e+00 2.591239e+00 2.635129e+00 0.000000e+00 2.005610e-01 8.372865e-01 1.357963e+00 2.138179e+00 2.436936e+00 0.000000e+00 0.000000e+00 0.000000e+00 6.813812e-01 6.223642e-01 6.295957e-01 6.410217e-01 6.474953e-01 6.485978e-01 6.476717e-01 6.450173e-01 6.408624e-01 6.343154e-01 6.283248e-01 6.229931e-01 6.173503e-01 6.113619e-01 6.064082e-01 6.078088e-01 6.149397e-01 6.206746e-01
2.318474e+00 2.277406e+00 2.221965e+00 2.176519e+00 2.154059e+00 2.143711e+00 2.132819e+00 2.120348e+00 2.107264e+00 2.083594e+00 2.088486e+00 2.108263e+00 2.150548e+00 2.198474e+00 2.218452e+00 2.239778e+00 2.252774e+00 2.273433e+00 2.312519e+00 2.356468e+00 2.401579e+00 2.455103e+00 2.516261e+00 2.575240e+00 2.155677e+00 0.000000e+00 2.004849e-01 8.155326e-01 1.744568e+00 2.117343e+00 2.503780e+00 7.642293e+00 6.591787e-01 0.000000e+00 0.000000e+00 5.993861e-01 6.154939e-01 6.337971e-01 1.160734e+00 6.479058e-01 6.469866e-01 6.435463e-01 6.406326e-01 6.371912e-01 6.343621e-01 6.313664e-01 6.270558e-01 6.220862e-01 6.167415e-01 6.153876e-01 6.193940e-01 6.231404e-01
2.347001e+00 2.301515e+00 2.243886e+00 2.204628e+00 2.185405e+00 2.169201e+00 2.148684e+00 2.125619e+00 2.076896e+00 2.081206e+00 2.083129e+00 2.115871e+00 2.167141e+00 2.179632e+00 2.220602e+00 2.242968e+00 2.247294e+00 2.269572e+00 2.303643e+00 2.339922e+00 2.384247e+00 2.443443e+00 2.509906e+00 1.922502e+00 1.880965e+00 0.000000e+00 1.575035e-01 1.254853e+00 1.692890e+00 2.153693e+00 2.557596e+00 1.661932e+00 7.670648e+00 6.137941e-01 0.000000e+00 6.375621e-01 6.029078e-01 6.249445e-01 1.154087e+00 6.461319e-01 6.464675e-01 6.425691e-01 6.404099e-01 6.391549e-01 6.388623e-01 6.379131e-01 6.346366e-01 6.308135e-01 6.266031e-01 6.238621e-01 6.240130e-01 6.242510e-01
2.366552e+00 2.321803e+00 2.271757e+00 2.241550e+00 2.223876e+00 2.202948e+00 2.173943e+00 2.085518e+00 2.104032e+00 2.087896e+00 2.102450e+00 2.146530e+00 2.131259e+00 2.198940e+00 2.251641e+00 2.253321e+00 2.259468e+00 2.278238e+00 2.304884e+00 2.340629e+00 2.392612e+00 2.456458e+00 1.667836e+00 1.530401e+00 5.307488e+00 0.000000e+00 6.537868e-01 1.174338e+00 1.713779e+00 2.187433e+00 2.517332e+00 7.183083e-01 2.011709e+00 7.583291e+00 0.000000e+00 0.000000e+00 5.950370e-01 1.528457e+00 1.143792e+00 6.423093e-01 6.451924e-01 6.424811e-01 6.409956e-01 6.408255e-01 6.423528e-01 6.431168e-01 6.404790e-01 6.376521e-01 6.358004e-01 6.327135e-01 6.284636e-01 6.238685e-01
2.370610e+00 2.333618e+00 2.300025e+00 2.280861e+00 2.264695e+00 2.239381e+00 2.100766e+00 2.155837e+00 2.121210e+00 2.115376e+00 2.142233e+00 2.061609e+00 2.161451e+00 2.261753e+00 2.269740e+00 2.271717e+00 2.276646e+00 2.289462e+00 2.316215e+00 2.362480e+00 2.424242e+00 1.439367e+00 1.109516e+00 5.585245e+00 2.521340e+00 0.000000e+00 6.554423e-01 1.182266e+00 1.733415e+00 2.117984e+00 2.078809e+00 1.677858e+00 1.306467e+00 2.293575e+00 6.431279e-01 0.000000e+00 6.469787e-01 6.094439e-01 1.132524e+00 6.378144e-01 6.425771e-01 6.417666e-01 6.413969e-01 6.415042e-01 6.434492e-01 6.460064e-01 6.453269e-01 6.432199e-01 6.418256e-01 6.388414e-01 6.337445e-01 6.274608e-01
2.361379e+00 2.339398e+00 2.326461e+00 2.317591e+00 2.300498e+00 2.095841e+00 2.223850e+00 2.177877e+00 2.150922e+00 2.157132e+00 1.966426e+00 2.100726e+00 2.271472e+00 2.287631e+00 2.291452e+00 2.290694e+00 2.290067e+00 2.302363e+00 2.339217e+00 2.398250e+00 2.463229e+00 6.162234e-01 5.837474e+00 2.505459e+00 2.490663e+00 0.000000e+00 6.546201e-01 1.187906e+00 1.632046e+00 1.590623e+00 1.079642e+00 2.494542e+00 2.062319e+00 1.775381e+00 2.494080e+00 0.000000e+00 0.000000e+00 6.669647e-01 6.225348e-01 6.341832e-01 6.396675e-01 6.404500e-01 6.415776e-01 6.416855e-01 6.424825e-01 6.461335e-01 6.488663e-01 6.482713e-01 6.455591e-01 6.426084e-01 6.398268e-01 6.349789e-01
2.346451e+00 2.343542e+00 2.347500e+00 2.343646e+00 2.048804e+00 2.284449e+00 2.240102e+00 2.201372e+00 2.184111e+00 1.831590e+00 2.009265e+00 2.279315e+00 2.304440e+00 2.313563e+00 2.312982e+00 2.305857e+00 2.303078e+00 2.323414e+00 2.371370e+00 2.436076e+00 2.496434e+00 6.055388e+00 2.515024e+00 2.494800e+00 1.839405e+00 0.000000e+00 6.557145e-01 1.192412e+00 1.009579e+00 9.078131e-01 7.494272e-01 1.644233e+00 2.837393e+00 2.391756e+00 2.135477e+00 6.377109e-01 0.000000e+00 6.719983e-01 6.225462e-01 6.308824e-01 6.350219e-01 6.359944e-01 6.388293e-01 6.410569e-01 6.427185e-01 6.464486e-01 6.506049e-01 6.518955e-01 6.497710e-01 6.466871e-01 6.443526e-01 6.415887e-01
2.333092e+00 2.344103e+00 2.356539e+00 1.947475e+00 2.328841e+00 2.290322e+00 2.249956e+00 2.217277e+00 1.640228e+00 1.866914e+00 2.278742e+00 2.313642e+00 2.331766e+00 2.336724e+00 2.331620e+00 2.321552e+00 2.323788e+00 2.352954e+00 2.404601e+00 2.466957e+00 2.519701e+00 2.535526e+00 2.519941e+00 1.637816e+00 1.006431e+00 0.000000e+00 6.580160e-01 8.419038e-01 6.732214e-01 6.808650e-01 1.050782e+00 1.377715e+00 2.121042e+00 3.115328e+00 2.662709e+00 6.665774e-01 0.000000e+00 0.000000e+00 6.925697e-01 6.291368e-01 6.289023e-01 6.279363e-01 6.323746e-01 6.385523e-01 6.436516e-01 6.479093e-01 6.513723e-01 6.538247e-01 6.540251e-01 6.512341e-01 6.475930e-01 6.469305e-01
2.313365e+00 2.328574e+00 1.769546e+00 2.348169e+00 2.322572e+00 2.283826e+00 2.242861e+00 1.385797e+00 1.666039e+00 2.259276e+00 2.300952e+00 2.332071e+00 2.348446e+00 2.351911e+00 2.345398e+00 2.339459e+00 2.349659e+00 2.383003e+00 2.432361e+00 2.489180e+00 2.536410e+00 2.546045e+00 1.465809e+00 7.659534e-01 6.400085e-01 0.000000e+00 6.613360e-01 6.690420e-01 9.723467e-01 9.734851e-01 1.239215e+00 1.521502e+00 1.907631e+00 2.527715e+00 3.332376e+00 6.853232e-01 6.835098e-01 0.000000e+00 7.021224e-01 6.989971e-01 6.308640e-01 6.294280e-01 6.340079e-01 6.408292e-01 6.466002e-01 6.503021e-01 6.522246e-01 6.541104e-01 6.555013e-01 6.543193e-01 6.512729e-01 6.505760e-01
2.267635e+00 1.491302e+00 2.320175e+00 2.323253e+00 2.294671e+00 2.248280e+00 1.047709e+00 1.406315e+00 2.232947e+00 2.265280e+00 2.302510e+00 2.330144e+00 2.348144e+00 2.352579e+00 2.349252e+00 2.351813e+00 2.369422e+00 2.404261e+00 2.451018e+00 2.505826e+00 2.549264e+00 2.563561e+00 6.052821e-01 6.313008e-01 0.000000e+00 0.000000e+00 6.674087e-01 1.006699e+00 1.221856e+00 1.466353e+00 1.473876e+00 1.692413e+00 1.909014e+00 2.364324e+00 2.865814e+00 3.481705e+00 6.882898e-01 0.000000e+00 7.115794e-01 7.074474e-01 6.398075e-01 6.408013e-01 6.443657e-01 6.486438e-01 6.520334e-01 6.535564e-01 6.531657e-01 6.531238e-01 6.544557e-01 6.556518e-01 6.551450e-01 6.531267e-01
1.115249e+00 2.233798e+00 2.268646e+00 2.266507e+00 2.222658e+00 5.974009e-01 1.061980e+00 2.202921e+00 2.221260e+00 2.253378e+00 2.282328e+00 2.306277e+00 2.325080e+00 2.333388e+00 2.337316e+00 2.348604e+00 2.372493e+00 2.410372e+00 2.460897e+00 2.512284e+00 2.557661e+00 2.592262e+00 1.361359e+00 9.428670e-01 0.000000e+00 1.657587e-01 6.713069e-01 1.215583e+00 1.491153e+00 1.675518e+00 1.470863e+00 1.826199e+00 1.942549e+00 1.661694e+00 2.745916e+00 3.124710e+00 6.822245e-01 0.000000e+00 0.000000e+00 7.237102e-01 7.231718e-01 6.526501e-01 6.534938e-01 6.546922e-01 6.554928e-01 6.557775e-01 6.546996e-01 6.530268e-01 6.525011e-01 6.533106e-01 6.535809e-01 6.508004e-01
2.102142e+00 2.151469e+00 2.178582e+00 2.151106e+00 6.067467e-01 6.045874e-01 2.152018e+00 2.162881e+00 2.191854e+00 2.218275e+00 2.237955e+00 2.256868e+00 2.277954e+00 2.292909e+00 2.303476e+00 2.321585e+00 2.354136e+00 2.403853e+00 2.452641e+00 2.503450e+00 2.560604e+00 2.602603e+00 7.661668e+00 1.599818e+00 0.000000e+00 1.667347e-01 7.761117e-01 1.215408e+00 1.717614e+00 1.618458e+00 2.502887e+00 2.671229e+00 2.813354e+00 2.932905e+00 2.664021e+00 3.620042e+00 6.888176e-01 6.864406e-01 0.000000e+00 7.460788e-01 7.436857e-01 6.645467e-01 6.613455e-01 6.590745e-01 6.570503e-01 6.566991e-01 6.564981e-01 6.540031e-01 6.500202e-01 6.474867e-01 6.464787e-01 6.432883e-01
1.981470e+00 2.027757e+00 2.017855e+00 1.987184e+00 6.119878e-01 2.077053e+00 2.078656e+00 2.105878e+00 2.134398e+00 2.151689e+00 2.161831e+00 2.180894e+00 2.207144e+00 2.225818e+00 2.241121e+00 2.270749e+00 2.323893e+00 2.373077e+00 2.421759e+00 2.485934e+00 2.534450e+00 2.586241e+00 2.640621e+00 6.327988e+00 0.000000e+00 1.672282e-01 1.490027e+00 2.580825e+00 2.007761e+00 2.276837e+00 2.487294e+00 2.662663e+00 2.812065e+00 2.941616e+00 2.687170e+00 2.653218e+00 4.121793e+00 6.709117e-01 0.000000e+00 0.000000e+00 7.459915e-01 7.409631e-01 6.641694e-01 6.602792e-01 6.571744e-01 6.559799e-01 6.555816e-01 6.533050e-01 6.485517e-01 6.447464e-01 6.436058e-01 6.404389e-01
1.819722e+00 1.828706e+00 1.811942e+00 1.851530e+00 1.974929e+00 1.970041e+00 1.992848e+00 2.020699e+00 2.037973e+00 2.042697e+00 2.054178e+00 2.080151e+00 2.105932e+00 2.125030e+00 2.155156e+00 2.215444e+00 2.267481e+00 2.314660e+00 2.383440e+00 2.427217e+00 2.479323e+00 2.536723e+00 2.584302e+00 2.659481e+00 0.000000e+00 6.704169e-01 1.216299e+00 1.653789e+00 1.997233e+00 2.263241e+00 2.476723e+00 2.659096e+00 2.823786e+00 2.496650e+00 2.223856e+00 2.361957e+00 2.519262e+00 5.059907e+00 6.585296e-01 0.000000e+00 0.000000e+00 7.365851e-01 7.339669e-01 6.582986e-01 6.557076e-01 6.538707e-01 6.521548e-01 6.504958e-01 6.474301e-01 6.449948e-01 6.452873e-01 6.431479e-01
1.574077e+00 1.586384e+00 1.654560e+00 1.841475e+00 1.830617e+00 1.850265e+00 1.876574e+00 1.889761e+00 1.887996e+00 1.894713e+00 1.918499e+00 1.943134e+00 1.963310e+00 1.999007e+00 2.073010e+00 2.132190e+00 2.178177e+00 2.253468e+00 2.287259e+00 2.333057e+00 2.391981e+00 2.442326e+00 2.532886e+00 2.601123e+00 0.000000e+00 6.725345e-01 1.214098e+00 1.644536e+00 1.983320e+00 2.252215e+00 2.474246e+00 2.678449e+00 2.277531e+00 1.878565e+00 2.033829e+00 2.049815e+00 2.370705e+00 2.525529e+00 5.633494e+00 6.352725e-01 0.000000e+00 0.000000e+00 7.190597e-01 6.501484e-01 6.513162e-01 6.516141e-01 6.504599e-01 6.497711e-01 6.479137e-01 6.445899e-01 6.423355e-01 2.588202e+00
1.283202e+00 1.408073e+00 1.677154e+00 1.655942e+00 1.666377e+00 1.692651e+00 1.703172e+00 1.692832e+00 1.692203e+00 1.713941e+00 1.736898e+00 1.753414e+00 1.792579e+00 1.885207e+00 1.958050e+00 2.005508e+00 2.091643e+00 2.112559e+00 2.146627e+00 2.204368e+00 2.259861e+00 2.371547e+00 2.452894e+00 2.543153e+00 0.000000e+00 6.698680e-01 1.206335e+00 1.632462e+00 1.972975e+00 2.251939e+00 2.505788e+00 2.039608e+00 1.471069e+00 1.645889e+00 1.853268e+00 2.037832e+00 2.061642e+00 2.232466e+00 2.518968e+00 7.536227e+00 2.845350e+00 0.000000e+00 6.797845e-01 6.981020e-01 6.428068e-01 6.485776e-01 6.500907e-01 6.508572e-01 6.503308e-01 6.444914e-01 2.615020e+00 2.653531e+00
1.072379e+00 1.474811e+00 1.448463e+00 1.436918e+00 1.456707e+00 1.462203e+00 1.447406e+00 1.443965e+00 1.461119e+00 1.477109e+00 1.489533e+00 1.534441e+00 1.647883e+00 1.737378e+00 1.786898e+00 1.888970e+00 1.894681e+00 1.913907e+00 1.966570e+00 2.024703e+00 2.167151e+00 2.272535e+00 2.377036e+00 2.450744e+00 0.000000e+00 6.659594e-01 1.198528e+00 1.626169e+00 1.975735e+00 2.295574e+00 1.787160e+00 9.939690e-01 1.192912e+00 1.442733e+00 1.644425e+00 1.860655e+00 1.870945e+00 2.063096e+00 2.428812e+00 2.662180e+00 2.642421e+00 0.000000e+00 0.000000e+00 6.781913e-01 6.340303e-01 6.436369e-01 6.463635e-01 6.463468e-01 6.459018e-01 6.388025e-01 2.665711e+00 2.720157e+00
1.185004e+00 1.193967e+00 1.157093e+00 1.164454e+00 1.156216e+00 1.129845e+00 1.133108e+00 1.157555e+00 1.163474e+00 1.163550e+00 1.216965e+00 1.360169e+00 1.472997e+00 1.520907e+00 1.641504e+00 1.627639e+00 1.624490e+00 1.670121e+00 1.727037e+00 1.899292e+00 2.041637e+00 2.173382e+00 2.260742e+00 2.262134e+00 0.000000e+00 6.625243e-01 1.194679e+00 1.629956e+00 2.030041e+00 2.322754e+00 6.571132e-01 6.562673e-01 9.676853e-01 1.190170e+00 1.452286e+00 1.443033e+00 1.664106e+00 2.126547e+00 2.268176e+00 2.317867e+00 2.543783e+00 7.484128e+00 0.000000e+00 0.000000e+00 6.912665e-01 6.371066e-01 6.396716e-01 6.362787e-01 6.346856e-01 2.665147e+00 2.734063e+00 2.767146e+00
8.476674e-01 7.967194e-01 7.979989e-01 7.750862e-01 7.269156e-01 7.296301e-01 7.752245e-01 7.848501e-01 7.690658e-01 8.280325e-01 1.009012e+00 1.160514e+00 1.206603e+00 1.346811e+00 1.307865e+00 1.273192e+00 1.306069e+00 1.359172e+00 1.561036e+00 1.742246e+00 1.910496e+00 2.028546e+00 2.020710e+00 2.140708e+00 0.000000e+00 6.609250e-01 1.196750e+00 1.693516e+00 2.056500e+00 2.536715e+00 7.112329e+00 8.256772e-01 6.547692e-01 9.862465e-01 9.489805e-01 1.199678e+00 1.763555e+00 1.949639e+00 2.004988e+00 2.141313e+00 2.166246e+00 2.344671e+00 6.705324e-01 0.000000e+00 6.748664e-01 6.926276e-01 6.358441e-01 6.311069e-01 2.654322e+00 2.734192e+00 2.797872e+00 2.774103e+00
5.663061e-01 5.728254e-01 5.771006e-01 5.788136e-01 5.790173e-01 5.774553e-01 5.745774e-01 5.705402e-01 5.685411e-01 5.689982e-01 7.820049e-01 8.294024e-01 9.968951e-01 9.311878e-01 8.502825e-01 8.660119e-01 9.111191e-01 1.143488e+00 1.370888e+00 1.573247e+00 1.733857e+00 1.723926e+00 1.873244e+00 2.009292e+00 0.000000e+00 6.614294e-01 1.272735e+00 1.716397e+00 2.313382e+00 3.812177e+00 2.546882e+00 6.986975e+00 9.608758e-01 6.520837e-01 6.553062e-01 1.345276e+00 1.586206e+00 1.619445e+00 1.790266e+00 1.824546e+00 1.919398e+00 2.175634e+00 1.118628e+01 0.000000e+00 0.000000e+00 6.752751e-01 6.333927e-01 2.641790e+00 2.721058e+00 2.813207e+00 2.816850e+00 2.754467e+00
3.612173e+00 3.581023e+00 3.541735e+00 3.537046e+00 3.603792e+00 3.670405e+00 3.668962e+00 7.634971e-01 7.704298e-01 7.084569e-01 5.560672e-01 5.629741e-01 6.895336e-01 5.853958e-01 6.009655e-01 6.185360e-01 6.323503e-01 9.198656e-01 1.155384e+00 1.367994e+00 1.355253e+00 1.542951e+00 1.718877e+00 0.000000e+00 0.000000e+00 7.640215e-01 1.299698e+00 2.023467e+00 3.755960e+00 2.313952e+00 2.051761e+00 2.720505e+00 6.789510e+00 1.026028e+00 8.589282e-01 1.181826e+00 1.169153e+00 1.379689e+00 1.398380e+00 1.512729e+00 1.679665e+00 7.428096e+00 2.185579e+00 6.798037e+00 0.000000e+00 0.000000e+00 6.871608e-01 2.706506e+00 2.817569e+00 2.847692e+00 2.801543e+00 2.735315e+00
-9.999000e+03 -9.999000e+03 -9.999000e+03 -9.999000e+03 -9.999000e+03 -9.999000e+03 -9.999000e+03 3.371541e+00 3.831154e+00 4.271055e+00 8.127436e-01 6.864155e-01 5.709299e-01 7.244706e-01 7.750048e-01 8.075995e-01 8.087836e-01 6.402930e-01 9.240252e-01 9.020409e-01 1.138781e+00 1.370564e+00 1.515493e+00 0.000000e+00 1.621234e-01 8.132225e-01 1.669179e+00 3.626396e+00 2.009231e+00 1.686527e+00 1.692049e+00 1.873771e+00 2.841975e+00 6.524127e+00 1.449655e+00 6.413539e-01 9.118256e-01 8.993444e-01 1.025252e+00 1.215777e+00 7.805262e+00 1.689602e+00 1.239156e+00 1.310229e+00 1.086454e+01 0.000000e+00 0.000000e+00 3.010372e+00 2.873500e+00 2.846444e+00 1.108763e+01 1.372649e+01
-9.999000e+03 -9.999000e+03 -9.999000e+03 -9.999000e+03 -9.999000e+03 -9.999000e+03 -9.999000e+03 -9.999000e+03 -9.999000e+03 -9.999000e+03 3.915553e+00 4.350690e+00 9.279216e-01 1.023555e+00 1.153544e+00 1.205684e+00 1.245701e+00 9.468007e-01 6.394328e-01 6.353150e-01 9.517923e-01 1.116563e+00 1.011279e+00 0.000000e+00 2.896948e-01 1.251203e+00 3.424702e+00 1.632192e+00 1.228272e+00 1.238871e+00 1.240226e+00 1.229173e+00 2.114521e+00 2.914749e+00 6.192987e+00 1.140707e+00 6.405033e-01 6.509056e-01 6.626463e-01 8.120230e+00 1.224348e+00 6.851802e-01 6.821097e-01 6.714834e-01 7.182110e-01 1.155895e+01 0.000000e+00 0.000000e+00 2.888387e+00 1.064174e+01 -9.999000e+03 -9.999000e+03
