tests/data/reference/test_stream_rill_mfda/control/csheetvout_m3.asc
ncols	123
nrows	77
xllcorner	-713746.79929998
yllcorner	-1061022.36961616
cellsize	10.0
NODATA_value	-9999
[rows 46 to 68 of 77, columns 0 to 51 of 123]
-9.999000e+03 -9.999000e+03 -9.999000e+03 -9.999000e+03 -9.999000e+03 -9.999000e+03 1.746291e+00 1.975193e+00 4.718780e-01 4.787414e-01 4.802697e-01 4.947198e-01 5.045453e-01 5.050694e-01 5.040078e-01 5.017663e-01 5.040791e-01 5.083554e-01 5.191321e-01 5.389350e-01 1.497565e+00 1.572542e+00 1.419134e+00 1.562412e+00 1.592279e+00 1.633116e+00 1.668169e+00 1.675551e+00 1.664923e+00 1.661809e+00 1.672133e+00 1.681409e+00 1.683976e+00 1.694470e+00 1.008608e+00 1.026803e+00 5.971476e-01 6.060195e-01 6.123412e-01 6.175096e-01 1.099049e+00 1.755146e+00 1.975531e+00 1.996371e+00 2.161312e+00 2.271753e+00 2.339367e+00 1.080307e+00 1.067108e+00 5.864286e-01 5.803894e-01 5.833735e-01
-9.999000e+03 -9.999000e+03 -9.999000e+03 -9.999000e+03 -9.999000e+03 -9.999000e+03 2.370924e+00 3.370182e+00 4.870863e-01 4.980696e-01 5.004554e-01 5.086228e-01 5.168583e-01 5.198350e-01 5.197223e-01 5.131073e-01 5.036083e-01 4.984347e-01 5.075169e-01 1.419915e+00 1.502013e+00 1.206180e+00 1.420083e+00 1.452348e+00 1.483736e+00 1.517407e+00 1.535304e+00 1.529993e+00 1.523735e+00 1.530986e+00 1.539316e+00 1.539434e+00 1.542043e+00 5.776098e-01 5.851835e-01 5.920737e-01 5.995080e-01 6.072093e-01 6.127688e-01 6.178749e-01 1.462851e+00 1.751113e+00 1.771084e+00 1.993438e+00 2.154743e+00 2.263616e+00 6.161313e-01 6.120334e-01 6.070471e-01 5.982008e-01 5.891124e-01 5.850816e-01
-9.999000e+03 -9.999000e+03 -9.999000e+03 -9.999000e+03 -9.999000e+03 3.487342e+00 4.397733e+00 4.756939e-01 4.899707e-01 4.943593e-01 4.997875e-01 5.070416e-01 5.169858e-01 5.228008e-01 5.240773e-01 5.196994e-01 5.098925e-01 1.099753e+00 1.351373e+00 1.443400e+00 9.174490e-01 1.210083e+00 1.244553e+00 1.273283e+00 1.298288e+00 1.315878e+00 1.319518e+00 1.314737e+00 1.314578e+00 1.320362e+00 1.322299e+00 1.320260e+00 5.751032e-01 5.811998e-01 5.867693e-01 5.916166e-01 5.977443e-01 6.058867e-01 6.118143e-01 1.084316e+00 1.452445e+00 1.469741e+00 1.758748e+00 1.976753e+00 2.135219e+00 1.121733e+00 6.224310e-01 6.167915e-01 6.126637e-01 6.074483e-01 5.992005e-01 2.365472e+00
-9.999000e+03 -9.999000e+03 -9.999000e+03 -9.999000e+03 1.746239e+00 5.576074e+00 4.851847e-01 4.918708e-01 4.760789e-01 4.659908e-01 4.768228e-01 4.869430e-01 5.033444e-01 5.143691e-01 5.178909e-01 5.195524e-01 8.764501e-01 1.265961e+00 1.390327e+00 5.313013e-01 9.236766e-01 9.500774e-01 9.731829e-01 9.942872e-01 1.008015e+00 1.011074e+00 1.010361e+00 1.010537e+00 1.010544e+00 1.010251e+00 1.009274e+00 5.731867e-01 5.734242e-01 5.757532e-01 5.792408e-01 5.832858e-01 5.897096e-01 5.998271e-01 6.080539e-01 1.075876e+00 1.087848e+00 1.456964e+00 1.740663e+00 1.954133e+00 6.307564e-01 6.306312e-01 6.271808e-01 6.208152e-01 6.163661e-01 6.140793e-01 2.381300e+00 2.384196e+00
-9.999000e+03 -9.999000e+03 -9.999000e+03 -9.999000e+03 7.512576e+00 4.728637e-01 4.885314e-01 4.820886e-01 4.549908e-01 4.468615e-01 4.574449e-01 4.671766e-01 4.878907e-01 5.061404e-01 5.148160e-01 5.203285e-01 1.116198e+00 1.323189e+00 1.374043e+00 5.333700e-01 5.490331e-01 5.606725e-01 5.716240e-01 5.819085e-01 5.853385e-01 5.839632e-01 5.848594e-01 5.862215e-01 5.846018e-01 5.826943e-01 5.830431e-01 5.825219e-01 5.811325e-01 5.800873e-01 5.803201e-01 5.820103e-01 5.860965e-01 5.942990e-01 6.032891e-01 6.103867e-01 1.080875e+00 1.445113e+00 1.723777e+00 1.932680e+00 2.278334e+00 2.301532e+00 2.321904e+00 2.339416e+00 2.348365e+00 2.366788e+00 2.386262e+00 2.390662e+00
-9.999000e+03 -9.999000e+03 -9.999000e+03 1.745484e+00 4.032933e+00 4.539427e-01 4.587730e-01 4.446899e-01 4.332622e-01 4.380144e-01 4.474692e-01 4.560201e-01 4.727786e-01 4.973457e-01 5.122966e-01 8.674426e-01 1.212589e+00 1.300590e+00 5.149763e-01 5.334684e-01 5.554948e-01 5.720277e-01 5.829164e-01 5.925517e-01 5.971345e-01 5.970771e-01 5.984840e-01 6.007920e-01 5.997948e-01 5.968803e-01 5.962083e-01 5.961008e-01 5.951173e-01 5.928919e-01 5.901453e-01 5.884873e-01 5.882284e-01 5.911878e-01 5.988867e-01 6.077004e-01 1.076306e+00 1.437498e+00 1.711899e+00 2.217876e+00 2.242674e+00 2.267750e+00 2.297778e+00 2.309890e+00 2.332512e+00 2.360509e+00 2.382294e+00 2.381678e+00
-9.999000e+03 -9.999000e+03 -9.999000e+03 5.884276e+00 4.182563e-01 4.368308e-01 4.214515e-01 3.937995e-01 4.003890e-01 5.938830e-01 6.406159e-01 4.355893e-01 4.502073e-01 4.847571e-01 5.055710e-01 1.029569e+00 1.193044e+00 1.225539e+00 5.090926e-01 5.215909e-01 5.455291e-01 5.665687e-01 5.799637e-01 5.910593e-01 5.985323e-01 6.011517e-01 6.031613e-01 6.056099e-01 6.049015e-01 6.013248e-01 5.993181e-01 5.988960e-01 5.991797e-01 5.988005e-01 5.971132e-01 5.957278e-01 5.937337e-01 5.920908e-01 5.971493e-01 6.068798e-01 1.075920e+00 1.435269e+00 2.154527e+00 2.182153e+00 2.209980e+00 2.252053e+00 2.260365e+00 2.286965e+00 2.317788e+00 2.349414e+00 2.365576e+00 2.358813e+00
-9.999000e+03 -9.999000e+03 3.582743e+00 1.641971e-01 4.180790e-01 4.169244e-01 3.623729e-01 3.394148e-01 3.579631e-01 4.163124e-01 9.524790e-01 4.326787e-01 4.122772e-01 4.651888e-01 7.755444e-01 1.037225e+00 1.088597e+00 5.085944e-01 4.981113e-01 4.939669e-01 5.113577e-01 5.378729e-01 5.580799e-01 5.741377e-01 5.879643e-01 5.957864e-01 5.991685e-01 6.015029e-01 6.008362e-01 5.964344e-01 5.925341e-01 5.911926e-01 5.936862e-01 5.976047e-01 5.999521e-01 6.016410e-01 6.009248e-01 5.974589e-01 5.988899e-01 6.069751e-01 1.075529e+00 2.074939e+00 2.110363e+00 2.145646e+00 2.208156e+00 2.202356e+00 2.229144e+00 2.261540e+00 2.300528e+00 2.329206e+00 2.333912e+00 2.331058e+00
-9.999000e+03 -9.999000e+03 1.222769e+00 6.310734e-01 4.758049e-01 3.666524e-01 3.152315e-01 3.639876e-01 9.351716e-01 6.228533e-01 5.046703e-01 3.569503e-01 3.743345e-01 4.409551e-01 8.478291e-01 9.038037e-01 8.398240e-01 8.350193e-01 8.441444e-01 8.844064e-01 4.616019e-01 6.621435e-01 5.253006e-01 5.451499e-01 5.649723e-01 5.799946e-01 5.878743e-01 5.923310e-01 5.933308e-01 5.901507e-01 5.856590e-01 5.825728e-01 5.855587e-01 5.920101e-01 5.967288e-01 6.002808e-01 6.011420e-01 5.989233e-01 5.997443e-01 6.052876e-01 1.964215e+00 2.010108e+00 2.058277e+00 2.159828e+00 2.131225e+00 2.158237e+00 2.188775e+00 2.233882e+00 2.276142e+00 2.287785e+00 2.294531e+00 2.293977e+00
-9.999000e+03 1.737825e+00 7.623478e-01 4.162626e-01 4.043477e-01 2.698683e-01 5.019943e-01 6.477219e-01 -9.999000e+03 -9.999000e+03 -9.999000e+03 3.346571e-01 3.556308e-01 6.304249e-01 6.867980e-01 5.564940e-01 5.278694e-01 5.644636e-01 6.001717e-01 4.744790e-01 3.608691e-01 4.281746e-01 6.622409e-01 7.379581e-01 8.112093e-01 5.469062e-01 1.185212e+00 1.279957e+00 5.807272e-01 5.810326e-01 5.779514e-01 5.733781e-01 5.753229e-01 5.826203e-01 5.883755e-01 5.928423e-01 1.357599e+00 1.756836e+00 1.785902e+00 1.821393e+00 1.873995e+00 1.932868e+00 2.096504e+00 2.029701e+00 2.060336e+00 2.091808e+00 2.142976e+00 2.199767e+00 2.215967e+00 2.231535e+00 2.234398e+00 2.251938e+00
-9.999000e+03 1.809091e+00 3.738920e-01 4.019642e-01 3.522676e-01 3.587524e-01 -9.999000e+03 -9.999000e+03 -9.999000e+03 -9.999000e+03 -9.999000e+03 -9.999000e+03 3.720715e-01 4.068321e-01 4.223547e-01 4.301604e-01 4.433821e-01 4.592122e-01 4.412237e-01 3.605262e-01 3.300440e-01 3.368010e-01 3.910128e-01 4.424420e-01 7.141693e-01 9.255113e-01 1.020040e+00 9.871546e-01 1.071986e+00 1.184786e+00 1.257493e+00 5.619832e-01 5.647210e-01 5.738767e-01 5.811305e-01 1.015141e+00 1.574751e+00 1.607208e+00 1.643958e+00 1.701193e+00 1.766178e+00 2.023405e+00 1.884851e+00 1.923618e+00 1.958489e+00 2.019797e+00 2.095899e+00 2.108526e+00 2.134144e+00 2.141132e+00 2.165397e+00 2.180719e+00
1.745573e+00 6.700979e-02 4.055077e-01 3.557416e-01 2.564210e-01 5.441250e-01 -9.999000e+03 -9.999000e+03 -9.999000e+03 -9.999000e+03 -9.999000e+03 -9.999000e+03 -9.999000e+03 -9.999000e+03 -9.999000e+03 5.765636e-01 1.054723e+00 1.387189e+00 1.531525e+00 1.618035e+00 6.199806e-01 -9.999000e+03 -9.999000e+03 3.908699e-01 6.641119e-01 7.421118e-01 6.397429e-01 7.335888e-01 8.766780e-01 9.888019e-01 1.004053e+00 1.082991e+00 5.532504e-01 5.656914e-01 5.746650e-01 1.341657e+00 1.380908e+00 1.423728e+00 1.484123e+00 1.550936e+00 1.959414e+00 1.687427e+00 1.737978e+00 1.781838e+00 1.856496e+00 1.961675e+00 1.961918e+00 1.993419e+00 2.006441e+00 2.042655e+00 2.057911e+00 6.302272e-01
1.742594e+00 3.443026e-01 3.293064e-01 3.284180e-01 1.409221e+00 -9.999000e+03 -9.999000e+03 -9.999000e+03 -9.999000e+03 -9.999000e+03 -9.999000e+03 -9.999000e+03 -9.999000e+03 -9.999000e+03 -9.999000e+03 -9.999000e+03 -9.999000e+03 -9.999000e+03 -9.999000e+03 -9.999000e+03 -9.999000e+03 -9.999000e+03 -9.999000e+03 3.764264e-01 4.315085e-01 4.497248e-01 4.735645e-01 4.994839e-01 6.734758e-01 6.753713e-01 7.836845e-01 8.208360e-01 8.986182e-01 9.735716e-01 1.047338e+00 1.088752e+00 1.146791e+00 1.218639e+00 1.281213e+00 1.933482e+00 1.427626e+00 1.491254e+00 1.550109e+00 1.646610e+00 1.795925e+00 1.771564e+00 1.805791e+00 1.820680e+00 1.876394e+00 1.899333e+00 1.896880e+00 1.923942e+00
-9.999000e+03 4.258770e-01 4.067343e-01 9.190275e-01 -9.999000e+03 -9.999000e+03 -9.999000e+03 -9.999000e+03 -9.999000e+03 -9.999000e+03 -9.999000e+03 -9.999000e+03 -9.999000e+03 -9.999000e+03 -9.999000e+03 -9.999000e+03 -9.999000e+03 -9.999000e+03 -9.999000e+03 -9.999000e+03 -9.999000e+03 -9.999000e+03 -9.999000e+03 -9.999000e+03 -9.999000e+03 -9.999000e+03 5.993413e-01 9.940606e-01 4.882522e-01 4.604135e-01 4.562026e-01 5.476270e-01 6.123472e-01 6.824278e-01 7.214783e-01 7.930026e-01 8.863611e-01 9.524749e-01 1.978162e+00 1.095139e+00 1.171907e+00 1.248821e+00 1.376627e+00 1.600009e+00 1.536576e+00 1.571966e+00 1.584601e+00 1.659426e+00 1.701336e+00 1.693897e+00 1.701450e+00 1.752075e+00
-9.999000e+03 -9.999000e+03 -9.999000e+03 -9.999000e+03 -9.999000e+03 -9.999000e+03 -9.999000e+03 -9.999000e+03 -9.999000e+03 -9.999000e+03 -9.999000e+03 -9.999000e+03 -9.999000e+03 -9.999000e+03 -9.999000e+03 -9.999000e+03 -9.999000e+03 -9.999000e+03 -9.999000e+03 -9.999000e+03 -9.999000e+03 -9.999000e+03 -9.999000e+03 -9.999000e+03 -9.999000e+03 -9.999000e+03 -9.999000e+03 -9.999000e+03 8.973097e-01 5.710960e-01 4.542326e-01 4.527966e-01 4.886760e-01 5.273395e-01 5.381061e-01 5.302936e-01 5.370446e-01 2.100490e+00 6.831616e-01 7.676124e-01 8.636356e-01 1.026036e+00 1.365610e+00 1.243191e+00 1.282901e+00 1.293990e+00 1.388928e+00 1.451045e+00 1.448123e+00 1.445213e+00 1.469870e+00 1.535931e+00
-9.999000e+03 -9.999000e+03 -9.999000e+03 -9.999000e+03 -9.999000e+03 -9.999000e+03 -9.999000e+03 -9.999000e+03 -9.999000e+03 -9.999000e+03 -9.999000e+03 -9.999000e+03 -9.999000e+03 -9.999000e+03 -9.999000e+03 -9.999000e+03 -9.999000e+03 -9.999000e+03 -9.999000e+03 -9.999000e+03 -9.999000e+03 -9.999000e+03 -9.999000e+03 -9.999000e+03 -9.999000e+03 -9.999000e+03 -9.999000e+03 -9.999000e+03 -9.999000e+03 1.000929e+00 8.007466e-01 2.093616e+00 2.226408e+00 2.330889e+00 2.430509e+00 2.421095e+00 2.278994e+00 5.475186e-01 5.620122e-01 5.726287e-01 5.781893e-01 1.096560e+00 8.657795e-01 9.121369e-01 9.228897e-01 1.044134e+00 1.136594e+00 1.136441e+00 1.131177e+00 1.139848e+00 1.184263e+00 1.223597e+00
-9.999000e+03 -9.999000e+03 -9.999000e+03 -9.999000e+03 -9.999000e+03 -9.999000e+03 -9.999000e+03 -9.999000e+03 -9.999000e+03 -9.999000e+03 -9.999000e+03 -9.999000e+03 -9.999000e+03 -9.999000e+03 -9.999000e+03 -9.999000e+03 -9.999000e+03 -9.999000e+03 -9.999000e+03 -9.999000e+03 -9.999000e+03 -9.999000e+03 -9.999000e+03 -9.999000e+03 -9.999000e+03 -9.999000e+03 -9.999000e+03 -9.999000e+03 -9.999000e+03 -9.999000e+03 1.283367e+00 -9.999000e+03 -9.999000e+03 -9.999000e+03 -9.999000e+03 -9.999000e+03 -9.999000e+03 -9.999000e+03 8.216171e-01 1.422518e+00 1.811684e+00 5.651749e-01 5.721217e-01 5.856897e-01 5.919498e-01 7.276637e-01 7.409609e-01 7.363374e-01 7.304997e-01 7.620115e-01 7.851982e-01 8.661754e-01
-9.999000e+03 -9.999000e+03 -9.999000e+03 -9.999000e+03 -9.999000e+03 -9.999000e+03 -9.999000e+03 -9.999000e+03 -9.999000e+03 -9.999000e+03 -9.999000e+03 -9.999000e+03 -9.999000e+03 -9.999000e+03 -9.999000e+03 -9.999000e+03 -9.999000e+03 -9.999000e+03 -9.999000e+03 -9.999000e+03 -9.999000e+03 -9.999000e+03 -9.999000e+03 -9.999000e+03 -9.999000e+03 -9.999000e+03 -9.999000e+03 -9.999000e+03 -9.999000e+03 -9.999000e+03 -9.999000e+03 -9.999000e+03 -9.999000e+03 -9.999000e+03 -9.999000e+03 -9.999000e+03 -9.999000e+03 -9.999000e+03 -9.999000e+03 -9.999000e+03 -9.999000e+03 1.211470e+00 1.568373e+00 1.849100e+00 6.859966e-01 5.893715e-01 5.823008e-01 5.671603e-01 5.746345e-01 6.001183e-01 6.089006e-01 6.056979e-01
-9.999000e+03 -9.999000e+03 -9.999000e+03 -9.999000e+03 -9.999000e+03 -9.999000e+03 -9.999000e+03 -9.999000e+03 -9.999000e+03 -9.999000e+03 -9.999000e+03 -9.999000e+03 -9.999000e+03 -9.999000e+03 -9.999000e+03 -9.999000e+03 -9.999000e+03 -9.999000e+03 -9.999000e+03 -9.999000e+03 -9.999000e+03 -9.999000e+03 -9.999000e+03 -9.999000e+03 -9.999000e+03 -9.999000e+03 -9.999000e+03 -9.999000e+03 -9.999000e+03 -9.999000e+03 -9.999000e+03 -9.999000e+03 -9.999000e+03 -9.999000e+03 -9.999000e+03 -9.999000e+03 -9.999000e+03 -9.999000e+03 -9.999000e+03 -9.999000e+03 -9.999000e+03 -9.999000e+03 -9.999000e+03 -9.999000e+03 1.962247e+00 2.511074e+00 2.880093e+00 3.155454e+00 3.376954e+00 3.568109e+00 8.630861e-01 7.828904e-01
-9.999000e+03 -9.999000e+03 -9.999000e+03 -9.999000e+03 -9.999000e+03 -9.999000e+03 -9.999000e+03 -9.999000e+03 -9.999000e+03 -9.999000e+03 -9.999000e+03 -9.999000e+03 -9.999000e+03 -9.999000e+03 -9.999000e+03 -9.999000e+03 -9.999000e+03 -9.999000e+03 -9.999000e+03 -9.999000e+03 -9.999000e+03 -9.999000e+03 -9.999000e+03 -9.999000e+03 -9.999000e+03 -9.999000e+03 -9.999000e+03 -9.999000e+03 -9.999000e+03 -9.999000e+03 -9.999000e+03 -9.999000e+03 -9.999000e+03 -9.999000e+03 -9.999000e+03 -9.999000e+03 -9.999000e+03 -9.999000e+03 -9.999000e+03 -9.999000e+03 -9.999000e+03 -9.999000e+03 -9.999000e+03 -9.999000e+03 -9.999000e+03 -9.999000e+03 -9.999000e+03 -9.999000e+03 -9.999000e+03 -9.999000e+03 3.389067e+00 1.230092e+00
-9.999000e+03 -9.999000e+03 -9.999000e+03 -9.999000e+03 -9.999000e+03 -9.999000e+03 -9.999000e+03 -9.999000e+03 -9.999000e+03 -9.999000e+03 -9.999000e+03 -9.999000e+03 -9.999000e+03 -9.999000e+03 -9.999000e+03 -9.999000e+03 -9.999000e+03 -9.999000e+03 -9.999000e+03 -9.999000e+03 -9.999000e+03 -9.999000e+03 -9.999000e+03 -9.999000e+03 -9.999000e+03 -9.999000e+03 -9.999000e+03 -9.999000e+03 -9.999000e+03 -9.999000e+03 -9.999000e+03 -9.999000e+03 -9.999000e+03 -9.999000e+03 -9.999000e+03 -9.999000e+03 -9.999000e+03 -9.999000e+03 -9.999000e+03 -9.999000e+03 -9.999000e+03 -9.999000e+03 -9.999000e+03 -9.999000e+03 -9.999000e+03 -9.999000e+03 -9.999000e+03 -9.999000e+03 -9.999000e+03 -9.999000e+03 -9.999000e+03 3.151052e+00
-9.999000e+03 -9.999000e+03 -9.999000e+03 -9.999000e+03 -9.999000e+03 -9.999000e+03 -9.999000e+03 -9.999000e+03 -9.999000e+03 -9.999000e+03 -9.999000e+03 -9.999000e+03 -9.999000e+03 -9.999000e+03 -9.999000e+03 -9.999000e+03 -9.999000e+03 -9.999000e+03 -9.999000e+03 -9.999000e+03 -9.999000e+03 -9.999000e+03 -9.999000e+03 -9.999000e+03 -9.999000e+03 -9.999000e+03 -9.999000e+03 -9.999000e+03 -9.999000e+03 -9.999000e+03 -9.999000e+03 -9.999000e+03 -9.999000e+03 -9.999000e+03 -9.999000e+03 -9.999000e+03 -9.999000e+03 -9.999000e+03 -9.999000e+03 -9.999000e+03 -9.999000e+03 -9.999000e+03 -9.999000e+03 -9.999000e+03 -9.999000e+03 -9.999000e+03 -9.999000e+03 -9.999000e+03 -9.999000e+03 -9.999000e+03 -9.999000e+03 -9.999000e+03
-9.999000e+03 -9.999000e+03 -9.999000e+03 -9.999000e+03 -9.999000e+03 -9.999000e+03 -9.999000e+03 -9.999000e+03 -9.999000e+03 -9.999000e+03 -9.999000e+03 -9.999000e+03 -9.999000e+03 -9.999000e+03 -9.999000e+03 -9.999000e+03 -9.999000e+03 -9.999000e+03 -9.999000e+03 -9.999000e+03 -9.999000e+03 -9.999000e+03 -9.999000e+03 -9.999000e+03 -9.999000e+03 -9.999000e+03 -9.999000e+03 -9.999000e+03 -9.999000e+03 -9.999000e+03 -9.999000e+03 -9.999000e+03 -9.999000e+03 -9.999000e+03 -9.999000e+03 -9.999000e+03 -9.999000e+03 -9.999000e+03 -9.999000e+03 -9.999000e+03 -9.999000e+03 -9.999000e+03 -9.999000e+03 -9.999000e+03 -9.999000e+03 -9.999000e+03 -9.999000e+03 -9.999000e+03 -9.999000e+03 -9.999000e+03 -9.999000e+03 -9.999000e+03
