tests/data/reference/test_stream_rill_mfda/control/cvin_m3.asc
ncols	123
nrows	77
xllcorner	-713746.79929998
yllcorner	-1061022.36961616
cellsize	10.0
NODATA_value	-9999
[rows 46 to 68 of 77, columns 0 to 51 of 123]
-9.999000e+03 -9.999000e+03 -9.999000e+03 -9.999000e+03 -9.999000e+03 -9.999000e+03 0.000000e+00 2.370924e+00 0.000000e+00 0.000000e+00 0.000000e+00 0.000000e+00 0.000000e+00 0.000000e+00 0.000000e+00 0.000000e+00 0.000000e+00 0.000000e+00 0.000000e+00 0.000000e+00 1.419915e+00 1.502013e+00 1.206180e+00 1.420083e+00 1.452348e+00 1.483736e+00 1.517407e+00 1.535304e+00 1.529993e+00 1.523735e+00 1.530986e+00 1.539316e+00 1.539434e+00 1.542043e+00 5.776098e-01 5.851835e-01 0.000000e+00 0.000000e+00 0.000000e+00 0.000000e+00 6.178749e-01 1.462851e+00 1.751113e+00 1.771084e+00 1.993438e+00 2.154743e+00 2.263616e+00 6.161313e-01 6.120334e-01 0.000000e+00 0.000000e+00 0.000000e+00
-9.999000e+03 -9.999000e+03 -9.999000e+03 -9.999000e+03 -9.999000e+03 -9.999000e+03 3.487342e+00 4.397733e+00 0.000000e+00 0.000000e+00 0.000000e+00 0.000000e+00 0.000000e+00 0.000000e+00 0.000000e+00 0.000000e+00 0.000000e+00 0.000000e+00 0.000000e+00 1.351373e+00 1.443400e+00 9.174490e-01 1.210083e+00 1.244553e+00 1.273283e+00 1.298288e+00 1.315878e+00 1.319518e+00 1.314737e+00 1.314578e+00 1.320362e+00 1.322299e+00 1.320260e+00 0.000000e+00 0.000000e+00 0.000000e+00 0.000000e+00 0.000000e+00 0.000000e+00 0.000000e+00 1.084316e+00 1.452445e+00 1.469741e+00 1.758748e+00 1.976753e+00 2.135219e+00 0.000000e+00 0.000000e+00 0.000000e+00 0.000000e+00 0.000000e+00 0.000000e+00
-9.999000e+03 -9.999000e+03 -9.999000e+03 -9.999000e+03 -9.999000e+03 1.746239e+00 5.576074e+00 0.000000e+00 0.000000e+00 0.000000e+00 0.000000e+00 0.000000e+00 0.000000e+00 0.000000e+00 0.000000e+00 0.000000e+00 0.000000e+00 8.764501e-01 1.265961e+00 1.390327e+00 5.313013e-01 9.236766e-01 9.500774e-01 9.731829e-01 9.942872e-01 1.008015e+00 1.011074e+00 1.010361e+00 1.010537e+00 1.010544e+00 1.010251e+00 1.009274e+00 0.000000e+00 0.000000e+00 0.000000e+00 0.000000e+00 0.000000e+00 0.000000e+00 0.000000e+00 6.080539e-01 1.075876e+00 1.087848e+00 1.456964e+00 1.740663e+00 1.954133e+00 6.307564e-01 0.000000e+00 0.000000e+00 0.000000e+00 0.000000e+00 0.000000e+00 2.381300e+00
-9.999000e+03 -9.999000e+03 -9.999000e+03 -9.999000e+03 0.000000e+00 7.512576e+00 0.000000e+00 0.000000e+00 0.000000e+00 0.000000e+00 0.000000e+00 0.000000e+00 0.000000e+00 0.000000e+00 0.000000e+00 0.000000e+00 5.203285e-01 1.116198e+00 1.323189e+00 0.000000e+00 5.333700e-01 5.490331e-01 5.606725e-01 5.716240e-01 5.819085e-01 5.853385e-01 5.839632e-01 5.848594e-01 5.862215e-01 5.846018e-01 5.826943e-01 0.000000e+00 0.000000e+00 0.000000e+00 0.000000e+00 0.000000e+00 0.000000e+00 0.000000e+00 0.000000e+00 6.032891e-01 6.103867e-01 1.080875e+00 1.445113e+00 1.723777e+00 0.000000e+00 0.000000e+00 0.000000e+00 0.000000e+00 0.000000e+00 0.000000e+00 2.366788e+00 2.386262e+00
-9.999000e+03 -9.999000e+03 -9.999000e+03 -9.999000e+03 5.778417e+00 0.000000e+00 0.000000e+00 0.000000e+00 0.000000e+00 0.000000e+00 0.000000e+00 0.000000e+00 0.000000e+00 0.000000e+00 0.000000e+00 0.000000e+00 8.674426e-01 1.212589e+00 1.300590e+00 0.000000e+00 0.000000e+00 0.000000e+00 0.000000e+00 0.000000e+00 0.000000e+00 0.000000e+00 0.000000e+00 0.000000e+00 0.000000e+00 0.000000e+00 0.000000e+00 0.000000e+00 0.000000e+00 0.000000e+00 0.000000e+00 0.000000e+00 0.000000e+00 0.000000e+00 0.000000e+00 0.000000e+00 6.077004e-01 1.076306e+00 1.437498e+00 1.711899e+00 2.217876e+00 2.242674e+00 2.267750e+00 2.297778e+00 2.309890e+00 2.332512e+00 2.360509e+00 2.382294e+00
-9.999000e+03 -9.999000e+03 -9.999000e+03 0.000000e+00 5.884276e+00 0.000000e+00 0.000000e+00 0.000000e+00 0.000000e+00 0.000000e+00 0.000000e+00 0.000000e+00 0.000000e+00 0.000000e+00 0.000000e+00 5.055710e-01 1.029569e+00 1.193044e+00 0.000000e+00 0.000000e+00 0.000000e+00 0.000000e+00 0.000000e+00 0.000000e+00 0.000000e+00 0.000000e+00 0.000000e+00 0.000000e+00 0.000000e+00 0.000000e+00 0.000000e+00 0.000000e+00 0.000000e+00 0.000000e+00 0.000000e+00 0.000000e+00 0.000000e+00 0.000000e+00 0.000000e+00 0.000000e+00 6.068798e-01 1.075920e+00 1.435269e+00 2.154527e+00 2.182153e+00 2.209980e+00 2.252053e+00 2.260365e+00 2.286965e+00 2.317788e+00 2.349414e+00 2.365576e+00
-9.999000e+03 -9.999000e+03 -9.999000e+03 4.164672e+00 0.000000e+00 0.000000e+00 0.000000e+00 0.000000e+00 0.000000e+00 3.369065e-01 4.163122e-01 0.000000e+00 0.000000e+00 0.000000e+00 0.000000e+00 7.755444e-01 1.037225e+00 1.088597e+00 0.000000e+00 0.000000e+00 0.000000e+00 0.000000e+00 0.000000e+00 0.000000e+00 0.000000e+00 0.000000e+00 0.000000e+00 0.000000e+00 0.000000e+00 0.000000e+00 0.000000e+00 0.000000e+00 0.000000e+00 0.000000e+00 0.000000e+00 0.000000e+00 0.000000e+00 0.000000e+00 0.000000e+00 0.000000e+00 6.069751e-01 1.075529e+00 2.074939e+00 2.110363e+00 2.145646e+00 2.208156e+00 2.202356e+00 2.229144e+00 2.261540e+00 2.300528e+00 2.329206e+00 2.333912e+00
-9.999000e+03 -9.999000e+03 1.854189e+00 4.758049e-01 0.000000e+00 0.000000e+00 0.000000e+00 0.000000e+00 0.000000e+00 2.126695e-01 1.123983e+00 8.869820e-02 0.000000e+00 0.000000e+00 4.409551e-01 8.478291e-01 9.038037e-01 0.000000e+00 0.000000e+00 0.000000e+00 0.000000e+00 0.000000e+00 0.000000e+00 0.000000e+00 0.000000e+00 0.000000e+00 0.000000e+00 0.000000e+00 0.000000e+00 0.000000e+00 0.000000e+00 0.000000e+00 0.000000e+00 0.000000e+00 0.000000e+00 0.000000e+00 0.000000e+00 0.000000e+00 0.000000e+00 0.000000e+00 6.052876e-01 1.964215e+00 2.010108e+00 2.058277e+00 2.159828e+00 2.131225e+00 2.158237e+00 2.188775e+00 2.233882e+00 2.276142e+00 2.287785e+00 2.294531e+00
-9.999000e+03 -9.999000e+03 2.916436e+00 4.043477e-01 1.190579e-01 0.000000e+00 0.000000e+00 0.000000e+00 1.005107e+00 1.015352e+00 3.346571e-01 0.000000e+00 0.000000e+00 0.000000e+00 6.304249e-01 6.867980e-01 5.564940e-01 5.278694e-01 5.644636e-01 6.773737e-01 0.000000e+00 2.836671e-01 0.000000e+00 0.000000e+00 0.000000e+00 0.000000e+00 0.000000e+00 0.000000e+00 0.000000e+00 0.000000e+00 0.000000e+00 0.000000e+00 0.000000e+00 0.000000e+00 0.000000e+00 0.000000e+00 0.000000e+00 0.000000e+00 0.000000e+00 0.000000e+00 1.821393e+00 1.873995e+00 1.932868e+00 2.096504e+00 2.029701e+00 2.060336e+00 2.091808e+00 2.142976e+00 2.199767e+00 2.215967e+00 2.231535e+00 2.234398e+00
-9.999000e+03 0.000000e+00 1.809091e+00 0.000000e+00 2.050208e-03 0.000000e+00 2.502324e-01 5.085969e-01 -9.999000e+03 -9.999000e+03 -9.999000e+03 0.000000e+00 0.000000e+00 3.720715e-01 4.068321e-01 1.998643e-01 1.322261e-01 1.608706e-01 2.472278e-01 1.783020e-01 0.000000e+00 0.000000e+00 3.306389e-01 3.910128e-01 4.424420e-01 0.000000e+00 9.255113e-01 1.020040e+00 0.000000e+00 0.000000e+00 0.000000e+00 0.000000e+00 0.000000e+00 0.000000e+00 0.000000e+00 0.000000e+00 1.015141e+00 1.574751e+00 1.607208e+00 1.643958e+00 1.701193e+00 1.766178e+00 2.023405e+00 1.884851e+00 1.923618e+00 1.958489e+00 2.019797e+00 2.095899e+00 2.108526e+00 2.134144e+00 2.141132e+00 2.165397e+00
-9.999000e+03 6.700979e-02 0.000000e+00 0.000000e+00 0.000000e+00 0.000000e+00 -9.999000e+03 -9.999000e+03 -9.999000e+03 -9.999000e+03 -9.999000e+03 -9.999000e+03 0.000000e+00 0.000000e+00 0.000000e+00 0.000000e+00 0.000000e+00 0.000000e+00 0.000000e+00 0.000000e+00 0.000000e+00 0.000000e+00 0.000000e+00 0.000000e+00 3.908699e-01 6.641119e-01 7.421118e-01 6.397429e-01 7.335888e-01 8.766780e-01 9.888019e-01 0.000000e+00 0.000000e+00 0.000000e+00 0.000000e+00 5.746650e-01 1.341657e+00 1.380908e+00 1.423728e+00 1.484123e+00 1.550936e+00 1.959414e+00 1.687427e+00 1.737978e+00 1.781838e+00 1.856496e+00 1.961675e+00 1.961918e+00 1.993419e+00 2.006441e+00 2.042655e+00 2.057911e+00
0.000000e+00 0.000000e+00 0.000000e+00 0.000000e+00 0.000000e+00 2.572802e-01 -9.999000e+03 -9.999000e+03 -9.999000e+03 -9.999000e+03 -9.999000e+03 -9.999000e+03 -9.999000e+03 -9.999000e+03 -9.999000e+03 2.224904e-01 8.744980e-01 1.337235e+00 1.599173e+00 1.799979e+00 3.611557e-01 -9.999000e+03 -9.999000e+03 0.000000e+00 3.764264e-01 4.315085e-01 2.338676e-01 3.288504e-01 4.994839e-01 6.734758e-01 6.753713e-01 7.836845e-01 0.000000e+00 0.000000e+00 0.000000e+00 1.047338e+00 1.088752e+00 1.146791e+00 1.218639e+00 1.281213e+00 1.933482e+00 1.427626e+00 1.491254e+00 1.550109e+00 1.646610e+00 1.795925e+00 1.771564e+00 1.805791e+00 1.820680e+00 1.876394e+00 1.899333e+00 0.000000e+00
0.000000e+00 0.000000e+00 0.000000e+00 0.000000e+00 1.463153e+00 -9.999000e+03 -9.999000e+03 -9.999000e+03 -9.999000e+03 -9.999000e+03 -9.999000e+03 -9.999000e+03 -9.999000e+03 -9.999000e+03 -9.999000e+03 -9.999000e+03 -9.999000e+03 -9.999000e+03 -9.999000e+03 -9.999000e+03 -9.999000e+03 -9.999000e+03 -9.999000e+03 0.000000e+00 0.000000e+00 0.000000e+00 0.000000e+00 0.000000e+00 3.101096e-01 2.772978e-01 4.222343e-01 4.562026e-01 5.476270e-01 6.123472e-01 6.824278e-01 7.214783e-01 7.930026e-01 8.863611e-01 9.524749e-01 1.978162e+00 1.095139e+00 1.171907e+00 1.248821e+00 1.376627e+00 1.600009e+00 1.536576e+00 1.571966e+00 1.584601e+00 1.659426e+00 1.701336e+00 1.693897e+00 1.701450e+00
-9.999000e+03 9.606211e-03 0.000000e+00 7.264344e-01 -9.999000e+03 -9.999000e+03 -9.999000e+03 -9.999000e+03 -9.999000e+03 -9.999000e+03 -9.999000e+03 -9.999000e+03 -9.999000e+03 -9.999000e+03 -9.999000e+03 -9.999000e+03 -9.999000e+03 -9.999000e+03 -9.999000e+03 -9.999000e+03 -9.999000e+03 -9.999000e+03 -9.999000e+03 -9.999000e+03 -9.999000e+03 -9.999000e+03 2.158572e-01 7.440555e-01 0.000000e+00 0.000000e+00 0.000000e+00 1.288936e-01 1.803033e-01 2.296656e-01 2.589285e-01 3.501561e-01 4.638837e-01 5.370446e-01 2.100490e+00 6.831616e-01 7.676124e-01 8.636356e-01 1.026036e+00 1.365610e+00 1.243191e+00 1.282901e+00 1.293990e+00 1.388928e+00 1.451045e+00 1.448123e+00 1.445213e+00 1.469870e+00
-9.999000e+03 -9.999000e+03 -9.999000e+03 -9.999000e+03 -9.999000e+03 -9.999000e+03 -9.999000e+03 -9.999000e+03 -9.999000e+03 -9.999000e+03 -9.999000e+03 -9.999000e+03 -9.999000e+03 -9.999000e+03 -9.999000e+03 -9.999000e+03 -9.999000e+03 -9.999000e+03 -9.999000e+03 -9.999000e+03 -9.999000e+03 -9.999000e+03 -9.999000e+03 -9.999000e+03 -9.999000e+03 -9.999000e+03 -9.999000e+03 -9.999000e+03 6.839510e-01 2.109544e-01 3.817921e-02 0.000000e+00 0.000000e+00 0.000000e+00 0.000000e+00 0.000000e+00 0.000000e+00 2.278994e+00 1.734063e-01 2.670531e-01 3.802557e-01 5.781893e-01 1.096560e+00 8.657795e-01 9.121369e-01 9.228897e-01 1.044134e+00 1.136594e+00 1.136441e+00 1.131177e+00 1.139848e+00 1.184263e+00
-9.999000e+03 -9.999000e+03 -9.999000e+03 -9.999000e+03 -9.999000e+03 -9.999000e+03 -9.999000e+03 -9.999000e+03 -9.999000e+03 -9.999000e+03 -9.999000e+03 -9.999000e+03 -9.999000e+03 -9.999000e+03 -9.999000e+03 -9.999000e+03 -9.999000e+03 -9.999000e+03 -9.999000e+03 -9.999000e+03 -9.999000e+03 -9.999000e+03 -9.999000e+03 -9.999000e+03 -9.999000e+03 -9.999000e+03 -9.999000e+03 -9.999000e+03 -9.999000e+03 8.973097e-01 5.710960e-01 2.179367e+00 2.366109e+00 2.485419e+00 2.599300e+00 2.618459e+00 2.487505e+00 0.000000e+00 0.000000e+00 0.000000e+00 0.000000e+00 8.209010e-01 3.914475e-01 4.383180e-01 4.445398e-01 5.919498e-01 7.276637e-01 7.409609e-01 7.363374e-01 7.304997e-01 7.620115e-01 7.851982e-01
-9.999000e+03 -9.999000e+03 -9.999000e+03 -9.999000e+03 -9.999000e+03 -9.999000e+03 -9.999000e+03 -9.999000e+03 -9.999000e+03 -9.999000e+03 -9.999000e+03 -9.999000e+03 -9.999000e+03 -9.999000e+03 -9.999000e+03 -9.999000e+03 -9.999000e+03 -9.999000e+03 -9.999000e+03 -9.999000e+03 -9.999000e+03 -9.999000e+03 -9.999000e+03 -9.999000e+03 -9.999000e+03 -9.999000e+03 -9.999000e+03 -9.999000e+03 -9.999000e+03 -9.999000e+03 1.231015e+00 -9.999000e+03 -9.999000e+03 -9.999000e+03 -9.999000e+03 -9.999000e+03 -9.999000e+03 -9.999000e+03 3.741123e-01 1.116576e+00 1.614891e+00 0.000000e+00 0.000000e+00 0.000000e+00 0.000000e+00 2.007613e-01 2.218138e-01 2.361521e-01 2.225562e-01 2.352037e-01 2.463194e-01 3.413511e-01
-9.999000e+03 -9.999000e+03 -9.999000e+03 -9.999000e+03 -9.999000e+03 -9.999000e+03 -9.999000e+03 -9.999000e+03 -9.999000e+03 -9.999000e+03 -9.999000e+03 -9.999000e+03 -9.999000e+03 -9.999000e+03 -9.999000e+03 -9.999000e+03 -9.999000e+03 -9.999000e+03 -9.999000e+03 -9.999000e+03 -9.999000e+03 -9.999000e+03 -9.999000e+03 -9.999000e+03 -9.999000e+03 -9.999000e+03 -9.999000e+03 -9.999000e+03 -9.999000e+03 -9.999000e+03 -9.999000e+03 -9.999000e+03 -9.999000e+03 -9.999000e+03 -9.999000e+03 -9.999000e+03 -9.999000e+03 -9.999000e+03 -9.999000e+03 -9.999000e+03 -9.999000e+03 9.907834e-01 1.385197e+00 1.702177e+00 1.411499e-01 0.000000e+00 0.000000e+00 0.000000e+00 0.000000e+00 0.000000e+00 0.000000e+00 0.000000e+00
-9.999000e+03 -9.999000e+03 -9.999000e+03 -9.999000e+03 -9.999000e+03 -9.999000e+03 -9.999000e+03 -9.999000e+03 -9.999000e+03 -9.999000e+03 -9.999000e+03 -9.999000e+03 -9.999000e+03 -9.999000e+03 -9.999000e+03 -9.999000e+03 -9.999000e+03 -9.999000e+03 -9.999000e+03 -9.999000e+03 -9.999000e+03 -9.999000e+03 -9.999000e+03 -9.999000e+03 -9.999000e+03 -9.999000e+03 -9.999000e+03 -9.999000e+03 -9.999000e+03 -9.999000e+03 -9.999000e+03 -9.999000e+03 -9.999000e+03 -9.999000e+03 -9.999000e+03 -9.999000e+03 -9.999000e+03 -9.999000e+03 -9.999000e+03 -9.999000e+03 -9.999000e+03 -9.999000e+03 -9.999000e+03 -9.999000e+03 1.849100e+00 2.447483e+00 2.878631e+00 3.226242e+00 3.500058e+00 3.716385e+00 3.537990e-01 2.675494e-01
-9.999000e+03 -9.999000e+03 -9.999000e+03 -9.999000e+03 -9.999000e+03 -9.999000e+03 -9.999000e+03 -9.999000e+03 -9.999000e+03 -9.999000e+03 -9.999000e+03 -9.999000e+03 -9.999000e+03 -9.999000e+03 -9.999000e+03 -9.999000e+03 -9.999000e+03 -9.999000e+03 -9.999000e+03 -9.999000e+03 -9.999000e+03 -9.999000e+03 -9.999000e+03 -9.999000e+03 -9.999000e+03 -9.999000e+03 -9.999000e+03 -9.999000e+03 -9.999000e+03 -9.999000e+03 -9.999000e+03 -9.999000e+03 -9.999000e+03 -9.999000e+03 -9.999000e+03 -9.999000e+03 -9.999000e+03 -9.999000e+03 -9.999000e+03 -9.999000e+03 -9.999000e+03 -9.999000e+03 -9.999000e+03 -9.999000e+03 -9.999000e+03 -9.999000e+03 -9.999000e+03 -9.999000e+03 -9.999000e+03 -9.999000e+03 3.568109e+00 8.630861e-01
-9.999000e+03 -9.999000e+03 -9.999000e+03 -9.999000e+03 -9.999000e+03 -9.999000e+03 -9.999000e+03 -9.999000e+03 -9.999000e+03 -9.999000e+03 -9.999000e+03 -9.999000e+03 -9.999000e+03 -9.999000e+03 -9.999000e+03 -9.999000e+03 -9.999000e+03 -9.999000e+03 -9.999000e+03 -9.999000e+03 -9.999000e+03 -9.999000e+03 -9.999000e+03 -9.999000e+03 -9.999000e+03 -9.999000e+03 -9.999000e+03 -9.999000e+03 -9.999000e+03 -9.999000e+03 -9.999000e+03 -9.999000e+03 -9.999000e+03 -9.999000e+03 -9.999000e+03 -9.999000e+03 -9.999000e+03 -9.999000e+03 -9.999000e+03 -9.999000e+03 -9.999000e+03 -9.999000e+03 -9.999000e+03 -9.999000e+03 -9.999000e+03 -9.999000e+03 -9.999000e+03 -9.999000e+03 -9.999000e+03 -9.999000e+03 -9.999000e+03 3.389067e+00
-9.999000e+03 -9.999000e+03 -9.999000e+03 -9.999000e+03 -9.999000e+03 -9.999000e+03 -9.999000e+03 -9.999000e+03 -9.999000e+03 -9.999000e+03 -9.999000e+03 -9.999000e+03 -9.999000e+03 -9.999000e+03 -9.999000e+03 -9.999000e+03 -9.999000e+03 -9.999000e+03 -9.999000e+03 -9.999000e+03 -9.999000e+03 -9.999000e+03 -9.999000e+03 -9.999000e+03 -9.999000e+03 -9.999000e+03 -9.999000e+03 -9.999000e+03 -9.999000e+03 -9.999000e+03 -9.999000e+03 -9.999000e+03 -9.999000e+03 -9.999000e+03 -9.999000e+03 -9.999000e+03 -9.999000e+03 -9.999000e+03 -9.999000e+03 -9.999000e+03 -9.999000e+03 -9.999000e+03 -9.999000e+03 -9.999000e+03 -9.999000e+03 -9.999000e+03 -9.999000e+03 -9.999000e+03 -9.999000e+03 -9.999000e+03 -9.999000e+03 -9.999000e+03
-9.999000e+03 -9.999000e+03 -9.999000e+03 -9.999000e+03 -9.999000e+03 -9.999000e+03 -9.999000e+03 -9.999000e+03 -9.999000e+03 -9.999000e+03 -9.999000e+03 -9.999000e+03 -9.999000e+03 -9.999000e+03 -9.999000e+03 -9.999000e+03 -9.999000e+03 -9.999000e+03 -9.999000e+03 -9.999000e+03 -9.999000e+03 -9.999000e+03 -9.999000e+03 -9.999000e+03 -9.999000e+03 -9.999000e+03 -9.999000e+03 -9.999000e+03 -9.999000e+03 -9.999000e+03 -9.999000e+03 -9.999000e+03 -9.999000e+03 -9.999000e+03 -9.999000e+03 -9.999000e+03 -9.999000e+03 -9.999000e+03 -9.999000e+03 -9.999000e+03 -9.999000e+03 -9.999000e+03 -9.999000e+03 -9.999000e+03 -9.999000e+03 -9.999000e+03 -9.999000e+03 -9.999000e+03 -9.999000e+03 -9.999000e+03 -9.999000e+03 -9.999000e+03
