tests/data/reference/test_stream_rill_mfda/control/cvin_m3.asc
ncols	123
nrows	77
xllcorner	-713746.79929998
yllcorner	-1061022.36961616
cellsize	10.0
NODATA_value	-9999
[rows 23 to 45 of 77, columns 0 to 51 of 123]
-9.999000e+03 -9.999000e+03 -9.999000e+03 -9.999000e+03 -9.999000e+03 -9.999000e+03 -9.999000e+03 -9.999000e+03 -9.999000e+03 -9.999000e+03 -9.999000e+03 -9.999000e+03 -9.999000e+03 -9.999000e+03 0.000000e+00 0.000000e+00 1.123828e+00 1.224678e+00 0.000000e+00 0.000000e+00 0.000000e+00 0.000000e+00 0.000000e+00 0.000000e+00 0.000000e+00 0.000000e+00 0.000000e+00 0.000000e+00 0.000000e+00 0.000000e+00 0.000000e+00 0.000000e+00 0.000000e+00 0.000000e+00 0.000000e+00 0.000000e+00 0.000000e+00 0.000000e+00 0.000000e+00 0.000000e+00 0.000000e+00 0.000000e+00 0.000000e+00 0.000000e+00 0.000000e+00 0.000000e+00 0.000000e+00 0.000000e+00 0.000000e+00 0.000000e+00 0.000000e+00 0.000000e+00
-9.999000e+03 -9.999000e+03 -9.999000e+03 -9.999000e+03 -9.999000e+03 -9.999000e+03 -9.999000e+03 -9.999000e+03 -9.999000e+03 -9.999000e+03 -9.999000e+03 -9.999000e+03 -9.999000e+03 -9.999000e+03 4.360931e+00 4.123497e+00 2.557337e+00 9.509195e-01 0.000000e+00 0.000000e+00 0.000000e+00 0.000000e+00 1.748736e+00 0.000000e+00 0.000000e+00 0.000000e+00 0.000000e+00 0.000000e+00 0.000000e+00 0.000000e+00 0.000000e+00 0.000000e+00 0.000000e+00 0.000000e+00 0.000000e+00 0.000000e+00 0.000000e+00 0.000000e+00 0.000000e+00 0.000000e+00 0.000000e+00 0.000000e+00 0.000000e+00 0.000000e+00 0.000000e+00 0.000000e+00 0.000000e+00 0.000000e+00 0.000000e+00 0.000000e+00 0.000000e+00 0.000000e+00
-9.999000e+03 -9.999000e+03 -9.999000e+03 -9.999000e+03 -9.999000e+03 -9.999000e+03 -9.999000e+03 -9.999000e+03 -9.999000e+03 -9.999000e+03 -9.999000e+03 -9.999000e+03 -9.999000e+03 -9.999000e+03 0.000000e+00 5.197439e-01 0.000000e+00 0.000000e+00 0.000000e+00 1.830147e-02 0.000000e+00 0.000000e+00 0.000000e+00 0.000000e+00 0.000000e+00 0.000000e+00 0.000000e+00 0.000000e+00 0.000000e+00 0.000000e+00 0.000000e+00 0.000000e+00 0.000000e+00 0.000000e+00 0.000000e+00 0.000000e+00 0.000000e+00 0.000000e+00 0.000000e+00 0.000000e+00 0.000000e+00 0.000000e+00 0.000000e+00 0.000000e+00 0.000000e+00 0.000000e+00 0.000000e+00 0.000000e+00 0.000000e+00 0.000000e+00 0.000000e+00 0.000000e+00
-9.999000e+03 -9.999000e+03 -9.999000e+03 -9.999000e+03 -9.999000e+03 -9.999000e+03 -9.999000e+03 -9.999000e+03 -9.999000e+03 -9.999000e+03 -9.999000e+03 -9.999000e+03 0.000000e+00 5.522505e-01 1.932505e+00 3.406160e-01 0.000000e+00 0.000000e+00 0.000000e+00 0.000000e+00 1.599002e-01 1.748833e+00 0.000000e+00 0.000000e+00 0.000000e+00 0.000000e+00 0.000000e+00 0.000000e+00 0.000000e+00 0.000000e+00 0.000000e+00 0.000000e+00 0.000000e+00 0.000000e+00 0.000000e+00 0.000000e+00 0.000000e+00 0.000000e+00 0.000000e+00 0.000000e+00 0.000000e+00 0.000000e+00 0.000000e+00 0.000000e+00 0.000000e+00 0.000000e+00 0.000000e+00 0.000000e+00 0.000000e+00 0.000000e+00 0.000000e+00 0.000000e+00
-9.999000e+03 -9.999000e+03 -9.999000e+03 -9.999000e+03 -9.999000e+03 -9.999000e+03 -9.999000e+03 -9.999000e+03 -9.999000e+03 -9.999000e+03 -9.999000e+03 -9.999000e+03 -9.999000e+03 0.000000e+00 4.626770e-01 0.000000e+00 0.000000e+00 0.000000e+00 0.000000e+00 0.000000e+00 1.748685e+00 2.127678e-01 0.000000e+00 2.692036e+01 2.785836e+01 0.000000e+00 0.000000e+00 0.000000e+00 0.000000e+00 0.000000e+00 0.000000e+00 0.000000e+00 0.000000e+00 0.000000e+00 0.000000e+00 0.000000e+00 0.000000e+00 0.000000e+00 0.000000e+00 0.000000e+00 0.000000e+00 0.000000e+00 0.000000e+00 0.000000e+00 0.000000e+00 0.000000e+00 0.000000e+00 0.000000e+00 0.000000e+00 0.000000e+00 0.000000e+00 0.000000e+00
-9.999000e+03 -9.999000e+03 -9.999000e+03 -9.999000e+03 -9.999000e+03 -9.999000e+03 -9.999000e+03 -9.999000e+03 -9.999000e+03 -9.999000e+03 -9.999000e+03 -9.999000e+03 -9.999000e+03 -9.999000e+03 -9.999000e+03 1.091412e-07 0.000000e+00 6.416542e-02 0.000000e+00 1.748355e+00 1.414931e-01 2.143819e+00 2.711958e+01 1.666054e+00 1.716079e+00 3.057703e+01 0.000000e+00 0.000000e+00 0.000000e+00 0.000000e+00 0.000000e+00 0.000000e+00 0.000000e+00 0.000000e+00 0.000000e+00 0.000000e+00 0.000000e+00 0.000000e+00 0.000000e+00 0.000000e+00 0.000000e+00 0.000000e+00 0.000000e+00 0.000000e+00 0.000000e+00 0.000000e+00 0.000000e+00 0.000000e+00 0.000000e+00 0.000000e+00 0.000000e+00 0.000000e+00
-9.999000e+03 -9.999000e+03 -9.999000e+03 -9.999000e+03 -9.999000e+03 -9.999000e+03 -9.999000e+03 -9.999000e+03 -9.999000e+03 -9.999000e+03 -9.999000e+03 -9.999000e+03 -9.999000e+03 -9.999000e+03 -9.999000e+03 -9.999000e+03 0.000000e+00 0.000000e+00 1.811943e+00 1.748295e+00 2.116132e+00 2.474379e+01 1.500605e+00 1.545571e+00 1.592688e+00 1.919896e+00 3.377918e+01 3.555559e+01 3.727151e+01 3.835123e+01 0.000000e+00 0.000000e+00 0.000000e+00 0.000000e+00 0.000000e+00 0.000000e+00 0.000000e+00 0.000000e+00 0.000000e+00 0.000000e+00 0.000000e+00 0.000000e+00 0.000000e+00 0.000000e+00 0.000000e+00 0.000000e+00 0.000000e+00 0.000000e+00 0.000000e+00 0.000000e+00 0.000000e+00 0.000000e+00
-9.999000e+03 -9.999000e+03 -9.999000e+03 -9.999000e+03 -9.999000e+03 -9.999000e+03 -9.999000e+03 -9.999000e+03 -9.999000e+03 -9.999000e+03 -9.999000e+03 -9.999000e+03 -9.999000e+03 -9.999000e+03 -9.999000e+03 -9.999000e+03 1.748099e+00 1.064847e-01 1.614672e+01 1.926059e+01 2.237584e+01 1.261788e+00 1.315658e+00 1.343020e+00 1.758947e+00 2.019937e+00 2.072928e+00 2.097751e+00 2.123566e+00 2.058866e+00 4.149633e+01 6.161501e-01 0.000000e+00 0.000000e+00 0.000000e+00 6.298761e-01 4.934887e+01 4.950444e+01 4.967004e+01 4.919781e+01 0.000000e+00 0.000000e+00 0.000000e+00 0.000000e+00 0.000000e+00 0.000000e+00 0.000000e+00 0.000000e+00 0.000000e+00 0.000000e+00 0.000000e+00 0.000000e+00
-9.999000e+03 -9.999000e+03 -9.999000e+03 -9.999000e+03 -9.999000e+03 -9.999000e+03 -9.999000e+03 -9.999000e+03 -9.999000e+03 -9.999000e+03 -9.999000e+03 -9.999000e+03 -9.999000e+03 -9.999000e+03 -9.999000e+03 0.000000e+00 8.724367e+00 1.498468e+01 1.350255e+00 1.354853e+00 9.064944e-01 9.858996e-01 1.002489e+00 1.532648e+00 1.885685e+00 1.939315e+00 1.961103e+00 1.984481e+00 1.862553e+00 1.919787e+00 2.149748e+00 4.478963e+01 4.683500e+01 4.831992e+01 4.906397e+01 4.917317e+01 6.077780e-01 6.271599e-01 6.499719e-01 1.153887e+00 5.032210e+01 5.022839e+01 5.007882e+01 4.991186e+01 0.000000e+00 0.000000e+00 0.000000e+00 0.000000e+00 0.000000e+00 0.000000e+00 0.000000e+00 0.000000e+00
-9.999000e+03 -9.999000e+03 -9.999000e+03 -9.999000e+03 -9.999000e+03 -9.999000e+03 -9.999000e+03 -9.999000e+03 -9.999000e+03 -9.999000e+03 -9.999000e+03 -9.999000e+03 -9.999000e+03 -9.999000e+03 0.000000e+00 6.984215e+00 4.532012e+00 1.180565e+00 1.192031e+00 5.358437e-01 5.346696e-01 5.376036e-01 1.215610e+00 1.693017e+00 1.750832e+00 1.774666e+00 1.790341e+00 1.815031e+00 1.862640e+00 1.926020e+00 1.989067e+00 2.034643e+00 2.051806e+00 2.049498e+00 5.761574e-01 0.000000e+00 0.000000e+00 0.000000e+00 6.006982e-01 6.102569e-01 1.097081e+00 1.115304e+00 1.221951e+00 1.234579e+00 2.391193e+00 3.411220e+00 4.312318e+00 0.000000e+00 0.000000e+00 0.000000e+00 0.000000e+00 0.000000e+00
-9.999000e+03 -9.999000e+03 -9.999000e+03 -9.999000e+03 -9.999000e+03 -9.999000e+03 -9.999000e+03 -9.999000e+03 -9.999000e+03 -9.999000e+03 -9.999000e+03 -9.999000e+03 -9.999000e+03 -9.999000e+03 3.493134e+00 5.819874e+00 9.120902e-01 9.219188e-01 0.000000e+00 0.000000e+00 0.000000e+00 9.364473e-01 1.429477e+00 1.717895e+00 1.739255e+00 1.755536e+00 1.773190e+00 1.804243e+00 1.855369e+00 1.916070e+00 1.971250e+00 2.006925e+00 2.016496e+00 0.000000e+00 0.000000e+00 0.000000e+00 0.000000e+00 0.000000e+00 0.000000e+00 6.147384e-01 6.222093e-01 6.302790e-01 6.377042e-01 0.000000e+00 0.000000e+00 0.000000e+00 0.000000e+00 6.878440e-01 3.667393e+00 6.345167e+00 2.623763e+00 0.000000e+00
-9.999000e+03 -9.999000e+03 -9.999000e+03 -9.999000e+03 -9.999000e+03 -9.999000e+03 -9.999000e+03 -9.999000e+03 -9.999000e+03 -9.999000e+03 -9.999000e+03 -9.999000e+03 -9.999000e+03 1.747651e+00 6.970851e+00 5.351603e-01 5.363129e-01 0.000000e+00 0.000000e+00 0.000000e+00 5.489992e-01 1.238524e+00 1.685667e+00 1.708526e+00 1.720464e+00 1.735013e+00 1.757076e+00 1.789912e+00 1.839300e+00 1.893801e+00 1.937601e+00 1.955112e+00 0.000000e+00 0.000000e+00 0.000000e+00 0.000000e+00 0.000000e+00 0.000000e+00 0.000000e+00 0.000000e+00 0.000000e+00 0.000000e+00 0.000000e+00 0.000000e+00 0.000000e+00 0.000000e+00 2.041412e+00 2.070593e+00 2.115869e+00 2.353351e+00 2.440532e+00 5.071003e+00
-9.999000e+03 -9.999000e+03 -9.999000e+03 -9.999000e+03 -9.999000e+03 -9.999000e+03 -9.999000e+03 -9.999000e+03 -9.999000e+03 -9.999000e+03 -9.999000e+03 -9.999000e+03 0.000000e+00 5.231884e+00 0.000000e+00 0.000000e+00 0.000000e+00 0.000000e+00 0.000000e+00 0.000000e+00 9.571189e-01 1.634199e+00 1.674575e+00 1.689956e+00 1.700827e+00 1.717418e+00 1.737878e+00 1.771573e+00 1.817943e+00 1.864673e+00 1.884324e+00 0.000000e+00 0.000000e+00 0.000000e+00 0.000000e+00 0.000000e+00 0.000000e+00 0.000000e+00 0.000000e+00 0.000000e+00 0.000000e+00 0.000000e+00 0.000000e+00 0.000000e+00 1.559632e+00 1.599459e+00 1.629411e+00 1.677992e+00 1.972217e+00 2.103214e+00 2.120213e+00 2.285855e+00
-9.999000e+03 -9.999000e+03 -9.999000e+03 -9.999000e+03 -9.999000e+03 -9.999000e+03 -9.999000e+03 -9.999000e+03 -9.999000e+03 -9.999000e+03 -9.999000e+03 -9.999000e+03 3.490368e+00 4.085721e+00 0.000000e+00 0.000000e+00 0.000000e+00 0.000000e+00 0.000000e+00 5.555405e-01 1.543500e+00 1.615658e+00 1.645607e+00 1.661802e+00 1.678626e+00 1.691757e+00 1.718144e+00 1.754045e+00 1.803227e+00 1.826832e+00 1.817245e+00 0.000000e+00 0.000000e+00 0.000000e+00 0.000000e+00 0.000000e+00 0.000000e+00 0.000000e+00 0.000000e+00 0.000000e+00 0.000000e+00 0.000000e+00 0.000000e+00 1.179627e+00 1.226917e+00 1.259291e+00 1.313291e+00 1.511292e+00 1.676247e+00 1.709063e+00 1.935550e+00 2.016066e+00
-9.999000e+03 -9.999000e+03 -9.999000e+03 -9.999000e+03 -9.999000e+03 -9.999000e+03 -9.999000e+03 -9.999000e+03 -9.999000e+03 -9.999000e+03 -9.999000e+03 1.746642e+00 5.226999e+00 4.881456e-01 0.000000e+00 0.000000e+00 0.000000e+00 0.000000e+00 0.000000e+00 1.413050e+00 1.525332e+00 1.575687e+00 1.601953e+00 1.626983e+00 1.636612e+00 1.663656e+00 1.697791e+00 1.755099e+00 1.787007e+00 1.784363e+00 1.750670e+00 0.000000e+00 0.000000e+00 0.000000e+00 0.000000e+00 1.230594e+00 1.185191e+00 9.882090e-01 8.269396e-01 0.000000e+00 0.000000e+00 0.000000e+00 7.122029e-01 7.706216e-01 8.104451e-01 8.727769e-01 1.111166e+00 1.325306e+00 1.363687e+00 1.498830e+00 1.610860e+00 1.653613e+00
-9.999000e+03 -9.999000e+03 -9.999000e+03 -9.999000e+03 -9.999000e+03 -9.999000e+03 -9.999000e+03 -9.999000e+03 -9.999000e+03 -9.999000e+03 0.000000e+00 3.488124e+00 0.000000e+00 0.000000e+00 0.000000e+00 0.000000e+00 0.000000e+00 0.000000e+00 1.246769e+00 1.415099e+00 1.487241e+00 1.523097e+00 1.558504e+00 1.560742e+00 1.594143e+00 1.628349e+00 1.706636e+00 1.754423e+00 1.768221e+00 1.740842e+00 1.700371e+00 0.000000e+00 0.000000e+00 0.000000e+00 8.880260e-01 8.302794e-01 5.959966e-01 3.709130e-01 3.310202e-01 2.386393e-01 1.273170e-01 1.418510e-01 2.038497e-01 2.564402e-01 3.345567e-01 6.187672e-01 9.023484e-01 9.391622e-01 1.106786e+00 1.266803e+00 1.324396e+00 1.483909e+00
-9.999000e+03 -9.999000e+03 -9.999000e+03 -9.999000e+03 -9.999000e+03 -9.999000e+03 -9.999000e+03 -9.999000e+03 -9.999000e+03 -9.999000e+03 1.746075e+00 3.987264e+00 1.898085e+00 0.000000e+00 0.000000e+00 0.000000e+00 4.893466e-01 1.047991e+00 1.294715e+00 1.396137e+00 1.431903e+00 1.474450e+00 1.454292e+00 1.496268e+00 1.534216e+00 1.642855e+00 1.715724e+00 1.758476e+00 1.742004e+00 1.713950e+00 1.678830e+00 0.000000e+00 0.000000e+00 4.626552e-01 3.553295e-01 2.930311e-01 0.000000e+00 0.000000e+00 0.000000e+00 0.000000e+00 0.000000e+00 0.000000e+00 0.000000e+00 0.000000e+00 0.000000e+00 3.962758e-01 4.195629e-01 6.155179e-01 8.298772e-01 9.075879e-01 1.105849e+00 1.782390e+01
-9.999000e+03 -9.999000e+03 -9.999000e+03 -9.999000e+03 -9.999000e+03 -9.999000e+03 -9.999000e+03 -9.999000e+03 -9.999000e+03 0.000000e+00 5.231013e+00 2.233762e+00 0.000000e+00 0.000000e+00 0.000000e+00 0.000000e+00 8.098446e-01 1.170462e+00 1.316685e+00 1.342316e+00 1.379618e+00 1.305032e+00 1.354145e+00 1.394020e+00 1.549366e+00 1.658740e+00 1.748627e+00 1.745685e+00 1.728145e+00 1.720394e+00 1.693068e+00 1.224453e+00 2.460264e-01 0.000000e+00 0.000000e+00 0.000000e+00 1.730618e-01 1.834684e-01 2.185618e-01 3.138375e-01 4.351885e-01 4.436061e-01 4.087668e-01 3.655109e-01 2.844964e-01 0.000000e+00 0.000000e+00 2.943008e-01 3.778944e-01 6.196888e-01 1.835832e+01 2.279361e+00
-9.999000e+03 -9.999000e+03 -9.999000e+03 -9.999000e+03 -9.999000e+03 -9.999000e+03 -9.999000e+03 -9.999000e+03 -9.999000e+03 3.490751e+00 2.539659e+00 0.000000e+00 0.000000e+00 0.000000e+00 0.000000e+00 4.859788e-01 1.027236e+00 1.254229e+00 1.262064e+00 1.282664e+00 1.103756e+00 1.153978e+00 1.194121e+00 1.407316e+00 1.564656e+00 1.729853e+00 1.744876e+00 1.730758e+00 1.745280e+00 1.753011e+00 1.740942e+00 0.000000e+00 0.000000e+00 2.508692e-01 2.164496e-01 2.851221e-01 5.706071e-01 6.728195e-01 6.816290e-01 7.134852e-01 8.019646e-01 9.168522e-01 9.445724e-01 9.246650e-01 8.846330e-01 4.207055e-01 1.910734e-01 0.000000e+00 0.000000e+00 4.251593e+01 2.287899e+00 2.277142e+00
-9.999000e+03 -9.999000e+03 -9.999000e+03 -9.999000e+03 -9.999000e+03 -9.999000e+03 -9.999000e+03 -9.999000e+03 1.746571e+00 3.489111e+00 0.000000e+00 0.000000e+00 0.000000e+00 0.000000e+00 0.000000e+00 8.138124e-01 1.179359e+00 1.181762e+00 1.183836e+00 8.394686e-01 8.781662e-01 9.149940e-01 1.207148e+00 1.420516e+00 1.689270e+00 1.726770e+00 1.711779e+00 1.744176e+00 1.768728e+00 1.789762e+00 7.456902e-01 4.420633e-01 2.923726e-01 5.596472e-01 7.375886e-01 7.311886e-01 7.809379e-01 1.000613e+00 1.062468e+00 1.077717e+00 1.122694e+00 1.207689e+00 1.309915e+00 1.338199e+00 1.316696e+00 1.279563e+00 9.034749e-01 4.160905e+01 4.313189e+01 2.311362e+00 2.304626e+00 1.841255e+00
-9.999000e+03 -9.999000e+03 -9.999000e+03 -9.999000e+03 -9.999000e+03 -9.999000e+03 -9.999000e+03 0.000000e+00 1.745766e+00 1.015830e+00 0.000000e+00 0.000000e+00 0.000000e+00 0.000000e+00 4.874771e-01 1.049324e+00 1.050854e+00 1.054275e+00 4.954497e-01 5.076811e-01 5.310416e-01 9.290576e-01 1.220738e+00 1.636216e+00 1.684877e+00 1.653700e+00 1.714899e+00 1.746103e+00 1.782813e+00 1.797558e+00 0.000000e+00 9.108723e-01 7.423622e-01 7.679985e-01 9.937482e-01 1.128990e+00 1.130641e+00 1.163650e+00 1.323092e+00 1.368932e+00 2.666193e+01 2.822380e+01 3.017001e+01 3.242801e+01 3.502790e+01 1.604915e+00 4.067189e+01 2.306662e+00 2.335570e+00 2.340687e+00 1.654989e+00 1.639980e+00
-9.999000e+03 -9.999000e+03 -9.999000e+03 -9.999000e+03 -9.999000e+03 -9.999000e+03 -9.999000e+03 0.000000e+00 1.024821e+00 0.000000e+00 0.000000e+00 0.000000e+00 0.000000e+00 0.000000e+00 8.370571e-01 8.369966e-01 8.369841e-01 0.000000e+00 0.000000e+00 0.000000e+00 5.402858e-01 9.380084e-01 1.574968e+00 1.636440e+00 1.558829e+00 1.653104e+00 1.687825e+00 1.730420e+00 1.758230e+00 1.755978e+00 1.033341e+00 5.357889e-01 1.148945e+00 1.226106e+01 1.472274e+01 1.730301e+01 1.943457e+01 2.151748e+01 2.323022e+01 2.454947e+01 6.067342e-01 1.085970e+00 1.460455e+00 1.963189e+00 2.130997e+00 3.822670e+01 2.262783e+00 2.330384e+00 2.362710e+00 1.414977e+00 1.391656e+00 0.000000e+00
-9.999000e+03 -9.999000e+03 -9.999000e+03 -9.999000e+03 -9.999000e+03 -9.999000e+03 -9.999000e+03 1.746291e+00 1.975193e+00 0.000000e+00 0.000000e+00 0.000000e+00 0.000000e+00 5.045453e-01 5.050694e-01 5.040078e-01 0.000000e+00 0.000000e+00 0.000000e+00 0.000000e+00 5.389350e-01 1.497565e+00 1.572542e+00 1.419134e+00 1.562412e+00 1.592279e+00 1.633116e+00 1.668169e+00 1.675551e+00 1.664923e+00 5.178995e+00 7.832017e+00 1.017957e+01 1.683976e+00 1.694470e+00 1.008608e+00 1.026803e+00 5.971476e-01 0.000000e+00 0.000000e+00 6.175096e-01 1.099049e+00 1.755146e+00 1.975531e+00 1.996371e+00 2.161312e+00 2.271753e+00 2.339367e+00 1.080307e+00 1.067108e+00 0.000000e+00 0.000000e+00
