tests/data/reference/test_stream_rill_mfda/control/massbalance.asc
ncols	123
nrows	77
xllcorner	-713746.79929998
yllcorner	-1061022.36961616
cellsize	10.0
NODATA_value	-9999
[rows 46 to 68 of 77, columns 0 to 50 of 123]
-9.999000e+03 -9.999000e+03 -9.999000e+03 -9.999000e+03 -9.999000e+03 -9.999000e+03 6.304735e-12 -4.440892e-16 8.881784e-16 -1.554312e-15 0.000000e+00 4.440892e-16 8.881784e-16 -4.440892e-16 -8.881784e-16 -6.661338e-16 0.000000e+00 0.000000e+00 -8.881784e-16 -1.110223e-15 -3.552714e-15 4.440892e-16 -2.664535e-15 -2.220446e-15 -3.552714e-15 -8.881784e-16 2.664535e-15 0.000000e+00 -2.664535e-15 -1.332268e-15 -3.552714e-15 0.000000e+00 8.881784e-16 0.000000e+00 -8.881784e-16 0.000000e+00 -2.220446e-16 -8.881784e-16 -8.881784e-16 -1.776357e-15 0.000000e+00 0.000000e+00 -3.108624e-15 -4.440892e-16 4.440892e-16 -8.881784e-16 0.000000e+00 -2.664535e-15 4.440892e-16 -4.440892e-16 -4.440892e-16
-9.999000e+03 -9.999000e+03 -9.999000e+03 -9.999000e+03 -9.999000e+03 -9.999000e+03 2.442491e-15 -1.776357e-15 -1.110223e-15 -8.881784e-16 -1.332268e-15 -2.220446e-16 -4.440892e-16 0.000000e+00 4.440892e-16 0.000000e+00 -2.220446e-16 -1.332268e-15 0.000000e+00 0.000000e+00 0.000000e+00 2.664535e-15 0.000000e+00 8.881784e-16 4.440892e-16 -1.332268e-15 2.664535e-15 1.776357e-15 8.881784e-16 0.000000e+00 4.440892e-16 -4.440892e-16 -8.881784e-16 0.000000e+00 -1.332268e-15 -4.440892e-16 -8.881784e-16 -1.110223e-15 0.000000e+00 -1.332268e-15 -1.332268e-15 1.332268e-15 2.664535e-15 1.776357e-15 1.332268e-15 3.996803e-15 4.440892e-16 -1.110223e-15 -4.440892e-16 -6.661338e-16 -8.881784e-16
-9.999000e+03 -9.999000e+03 -9.999000e+03 -9.999000e+03 -9.999000e+03 -2.383977e-10 -1.776357e-15 -8.881784e-16 2.220446e-16 -2.220446e-15 -4.440892e-16 -6.661338e-16 -1.110223e-15 -8.881784e-16 -6.661338e-16 -6.661338e-16 -8.881784e-16 2.220446e-15 8.881784e-16 1.332268e-15 0.000000e+00 0.000000e+00 0.000000e+00 1.332268e-15 0.000000e+00 -4.440892e-16 -8.881784e-16 4.440892e-16 -8.881784e-16 -2.220446e-15 -8.881784e-16 1.776357e-15 -8.881784e-16 -1.332268e-15 -4.440892e-16 -1.998401e-15 -1.332268e-15 2.220446e-16 8.881784e-16 0.000000e+00 1.776357e-15 -2.220446e-15 -3.108624e-15 -8.881784e-16 0.000000e+00 -1.776357e-15 0.000000e+00 0.000000e+00 2.220446e-16 -8.881784e-16 2.220446e-16
-9.999000e+03 -9.999000e+03 -9.999000e+03 -9.999000e+03 -4.174550e-11 6.661338e-16 -1.332268e-15 -2.220446e-16 -1.110223e-15 -1.332268e-15 1.110223e-15 -4.440892e-16 -8.881784e-16 -8.881784e-16 -1.332268e-15 -8.881784e-16 -2.220446e-15 -8.881784e-16 -1.332268e-15 0.000000e+00 2.220446e-15 1.332268e-15 4.440892e-16 -1.776357e-15 0.000000e+00 -1.332268e-15 -4.440892e-16 0.000000e+00 0.000000e+00 0.000000e+00 -1.332268e-15 -1.332268e-15 8.881784e-16 0.000000e+00 4.440892e-16 -6.661338e-16 4.440892e-16 -8.881784e-16 -4.440892e-16 -1.776357e-15 4.440892e-16 2.664535e-15 1.332268e-15 -1.776357e-15 -2.220446e-16 -1.110223e-15 0.000000e+00 -1.110223e-15 1.110223e-15 -1.110223e-15 -4.440892e-16
-9.999000e+03 -9.999000e+03 -9.999000e+03 -9.999000e+03 -4.038538e-10 -4.440892e-16 -1.110223e-15 -2.220446e-16 -6.661338e-16 0.000000e+00 -8.881784e-16 4.440892e-16 0.000000e+00 -1.332268e-15 -8.881784e-16 0.000000e+00 1.332268e-15 -8.881784e-16 8.881784e-16 -1.332268e-15 -4.440892e-16 -6.661338e-16 8.881784e-16 0.000000e+00 -1.332268e-15 4.440892e-16 -6.661338e-16 -4.440892e-16 -4.440892e-16 0.000000e+00 -1.776357e-15 -4.440892e-16 0.000000e+00 2.220446e-16 -8.881784e-16 -6.661338e-16 -4.440892e-16 0.000000e+00 -4.440892e-16 -8.881784e-16 0.000000e+00 -1.776357e-15 8.881784e-16 0.000000e+00 5.329071e-15 -4.440892e-16 -3.552714e-15 -4.440892e-15 1.776357e-15 8.881784e-16 -3.996803e-15
-9.999000e+03 -9.999000e+03 -9.999000e+03 1.617408e-10 -3.774758e-15 0.000000e+00 0.000000e+00 -4.440892e-16 2.220446e-16 -1.332268e-15 -1.332268e-15 -2.220446e-16 1.332268e-15 -4.440892e-16 -8.881784e-16 -4.440892e-16 -8.881784e-16 4.440892e-16 -2.220446e-16 -1.776357e-15 8.881784e-16 0.000000e+00 -6.661338e-16 2.220446e-16 4.440892e-16 8.881784e-16 0.000000e+00 -6.661338e-16 -1.776357e-15 -8.881784e-16 -4.440892e-16 0.000000e+00 0.000000e+00 -1.332268e-15 -8.881784e-16 -8.881784e-16 -1.332268e-15 -1.776357e-15 -4.440892e-16 -1.332268e-15 -8.881784e-16 0.000000e+00 3.996803e-15 -1.776357e-15 -8.881784e-16 -8.881784e-16 0.000000e+00 -8.881784e-16 2.664535e-15 1.332268e-15 5.329071e-15
-9.999000e+03 -9.999000e+03 -9.999000e+03 -5.025518e-10 2.220446e-16 -4.440892e-16 -1.110223e-15 0.000000e+00 4.440892e-16 -8.881784e-16 0.000000e+00 -6.661338e-16 -2.220446e-16 -8.881784e-16 2.220446e-16 1.776357e-15 1.332268e-15 -2.664535e-15 -1.776357e-15 -4.440892e-16 0.000000e+00 -4.440892e-16 -2.220446e-16 -1.110223e-15 -1.776357e-15 0.000000e+00 -6.661338e-16 4.440892e-16 -4.440892e-16 -1.776357e-15 -2.220446e-16 -4.440892e-16 2.220446e-16 0.000000e+00 2.220446e-16 4.440892e-16 -4.440892e-16 -4.440892e-16 6.661338e-16 -8.881784e-16 8.881784e-16 -3.108624e-15 0.000000e+00 2.220446e-15 3.552714e-15 0.000000e+00 1.776357e-15 -4.440892e-16 1.332268e-15 -1.776357e-15 5.329071e-15
-9.999000e+03 -9.999000e+03 -4.817551e-10 5.551115e-16 0.000000e+00 2.220446e-16 8.881784e-16 -2.220446e-16 0.000000e+00 0.000000e+00 1.776357e-15 -8.881784e-16 4.440892e-16 0.000000e+00 -1.554312e-15 -1.776357e-15 0.000000e+00 0.000000e+00 -4.440892e-16 -8.881784e-16 -8.881784e-16 0.000000e+00 -8.881784e-16 0.000000e+00 -1.110223e-15 0.000000e+00 -8.881784e-16 -4.440892e-16 -1.776357e-15 -1.332268e-15 0.000000e+00 -4.440892e-16 2.220446e-16 -1.332268e-15 -4.440892e-16 -1.332268e-15 0.000000e+00 -8.881784e-16 -4.440892e-16 0.000000e+00 1.332268e-15 -1.332268e-15 -3.552714e-15 0.000000e+00 2.664535e-15 -1.332268e-15 -4.440892e-15 8.881784e-16 -4.440892e-15 -2.664535e-15 4.440892e-16
-9.999000e+03 -9.999000e+03 8.326673e-15 0.000000e+00 -2.220446e-15 4.440892e-16 8.881784e-16 2.220446e-16 -8.881784e-16 -8.881784e-16 -2.220446e-16 1.332268e-15 6.661338e-16 8.881784e-16 4.440892e-16 2.220446e-15 0.000000e+00 8.881784e-16 8.881784e-16 -4.440892e-16 -2.220446e-16 4.440892e-16 -2.220446e-16 0.000000e+00 -4.440892e-16 4.440892e-16 -1.776357e-15 -1.332268e-15 -1.554312e-15 -1.332268e-15 4.440892e-16 0.000000e+00 -8.881784e-16 4.440892e-16 -1.110223e-15 0.000000e+00 -1.554312e-15 -4.440892e-16 -8.881784e-16 -4.440892e-16 4.440892e-16 -1.332268e-15 -1.776357e-15 -1.332268e-15 8.881784e-16 1.776357e-15 -1.776357e-15 1.776357e-15 1.776357e-15 4.440892e-15 0.000000e+00
-9.999000e+03 3.272207e-10 -5.551115e-16 -2.220446e-16 0.000000e+00 4.440892e-16 2.220446e-16 -1.110223e-15 -9.999000e+03 -9.999000e+03 -9.999000e+03 2.220446e-16 8.881784e-16 4.440892e-16 -8.881784e-16 8.881784e-16 -4.440892e-16 0.000000e+00 -1.110223e-15 -2.220446e-16 -2.220446e-16 8.881784e-16 -4.440892e-16 -8.881784e-16 -1.332268e-15 -1.332268e-15 4.440892e-16 -4.440892e-16 -1.110223e-15 -8.881784e-16 6.661338e-16 -1.332268e-15 -4.440892e-16 -1.110223e-15 -6.661338e-16 2.220446e-16 1.776357e-15 -1.776357e-15 -1.776357e-15 0.000000e+00 4.440892e-16 4.440892e-16 -1.776357e-15 1.776357e-15 -3.552714e-15 0.000000e+00 4.440892e-15 -4.440892e-15 0.000000e+00 2.664535e-15 -8.881784e-16
-9.999000e+03 1.294520e-12 8.881784e-16 0.000000e+00 4.440892e-16 0.000000e+00 -9.999000e+03 -9.999000e+03 -9.999000e+03 -9.999000e+03 -9.999000e+03 -9.999000e+03 2.220446e-16 -1.110223e-15 -2.220446e-16 -4.440892e-16 -4.440892e-16 0.000000e+00 -8.881784e-16 -1.110223e-15 -4.440892e-16 1.998401e-15 -8.881784e-16 -4.440892e-16 1.332268e-15 4.440892e-16 8.881784e-16 4.440892e-16 4.440892e-16 -4.440892e-16 1.332268e-15 -8.881784e-16 -1.332268e-15 -4.440892e-16 -1.332268e-15 0.000000e+00 1.776357e-15 -8.881784e-16 -3.996803e-15 8.881784e-16 0.000000e+00 2.220446e-15 -3.108624e-15 2.220446e-15 -4.440892e-16 -1.776357e-15 3.552714e-15 -3.996803e-15 -1.776357e-15 -2.664535e-15 2.664535e-15
-7.495959e-11 -5.551115e-16 6.661338e-16 -1.332268e-15 0.000000e+00 1.110223e-15 -9.999000e+03 -9.999000e+03 -9.999000e+03 -9.999000e+03 -9.999000e+03 -9.999000e+03 -9.999000e+03 -9.999000e+03 -9.999000e+03 4.440892e-16 -1.776357e-15 3.552714e-15 8.881784e-16 0.000000e+00 2.664535e-15 -9.999000e+03 -9.999000e+03 -4.440892e-16 6.661338e-16 -8.881784e-16 -2.220446e-16 4.440892e-16 1.332268e-15 0.000000e+00 1.776357e-15 1.332268e-15 -1.110223e-15 0.000000e+00 -4.440892e-16 2.220446e-15 0.000000e+00 3.552714e-15 -1.332268e-15 8.881784e-16 1.332268e-15 3.552714e-15 0.000000e+00 4.440892e-16 -4.440892e-16 -1.776357e-15 0.000000e+00 -2.664535e-15 -1.776357e-15 -2.664535e-15 1.332268e-15
-6.480927e-11 2.220446e-16 0.000000e+00 -8.881784e-16 -4.440892e-16 -9.999000e+03 -9.999000e+03 -9.999000e+03 -9.999000e+03 -9.999000e+03 -9.999000e+03 -9.999000e+03 -9.999000e+03 -9.999000e+03 -9.999000e+03 -9.999000e+03 -9.999000e+03 -9.999000e+03 -9.999000e+03 -9.999000e+03 -9.999000e+03 -9.999000e+03 -9.999000e+03 -4.440892e-16 -4.440892e-16 -4.440892e-16 -6.661338e-16 4.440892e-16 0.000000e+00 0.000000e+00 -4.440892e-16 6.661338e-16 0.000000e+00 -4.440892e-16 4.440892e-16 -8.881784e-16 0.000000e+00 3.108624e-15 1.332268e-15 1.776357e-15 -1.776357e-15 0.000000e+00 8.881784e-16 0.000000e+00 1.332268e-15 4.440892e-16 -2.220446e-15 0.000000e+00 8.881784e-16 3.552714e-15 -1.332268e-15
-9.999000e+03 8.881784e-16 -4.440892e-16 -1.776357e-15 -9.999000e+03 -9.999000e+03 -9.999000e+03 -9.999000e+03 -9.999000e+03 -9.999000e+03 -9.999000e+03 -9.999000e+03 -9.999000e+03 -9.999000e+03 -9.999000e+03 -9.999000e+03 -9.999000e+03 -9.999000e+03 -9.999000e+03 -9.999000e+03 -9.999000e+03 -9.999000e+03 -9.999000e+03 -9.999000e+03 -9.999000e+03 -9.999000e+03 -4.440892e-16 4.440892e-16 4.440892e-16 -6.661338e-16 0.000000e+00 -6.661338e-16 -6.661338e-16 -1.110223e-15 -4.440892e-16 4.440892e-16 0.000000e+00 -8.881784e-16 -2.664535e-15 -4.440892e-16 2.664535e-15 4.440892e-16 -1.776357e-15 1.332268e-15 8.881784e-16 1.776357e-15 3.108624e-15 -4.440892e-16 1.332268e-15 1.332268e-15 4.440892e-16
-9.999000e+03 -9.999000e+03 -9.999000e+03 -9.999000e+03 -9.999000e+03 -9.999000e+03 -9.999000e+03 -9.999000e+03 -9.999000e+03 -9.999000e+03 -9.999000e+03 -9.999000e+03 -9.999000e+03 -9.999000e+03 -9.999000e+03 -9.999000e+03 -9.999000e+03 -9.999000e+03 -9.999000e+03 -9.999000e+03 -9.999000e+03 -9.999000e+03 -9.999000e+03 -9.999000e+03 -9.999000e+03 -9.999000e+03 -9.999000e+03 -9.999000e+03 -4.440892e-16 4.440892e-16 -4.440892e-16 4.440892e-16 -1.110223e-15 -1.332268e-15 -4.440892e-16 -4.440892e-16 0.000000e+00 1.776357e-15 0.000000e+00 -1.776357e-15 4.440892e-16 -8.881784e-16 -8.881784e-16 8.881784e-16 4.440892e-16 4.440892e-16 2.664535e-15 -3.552714e-15 1.776357e-15 2.664535e-15 0.000000e+00
-9.999000e+03 -9.999000e+03 -9.999000e+03 -9.999000e+03 -9.999000e+03 -9.999000e+03 -9.999000e+03 -9.999000e+03 -9.999000e+03 -9.999000e+03 -9.999000e+03 -9.999000e+03 -9.999000e+03 -9.999000e+03 -9.999000e+03 -9.999000e+03 -9.999000e+03 -9.999000e+03 -9.999000e+03 -9.999000e+03 -9.999000e+03 -9.999000e+03 -9.999000e+03 -9.999000e+03 -9.999000e+03 -9.999000e+03 -9.999000e+03 -9.999000e+03 -9.999000e+03 4.440892e-16 8.881784e-16 1.332268e-15 1.776357e-15 -2.220446e-15 -1.776357e-15 -3.552714e-15 -8.881784e-16 -6.661338e-16 -1.776357e-15 -2.220446e-16 -2.220446e-16 4.440892e-16 6.661338e-16 -8.881784e-16 -1.332268e-15 -2.220446e-15 1.776357e-15 0.000000e+00 0.000000e+00 1.332268e-15 4.440892e-16
-9.999000e+03 -9.999000e+03 -9.999000e+03 -9.999000e+03 -9.999000e+03 -9.999000e+03 -9.999000e+03 -9.999000e+03 -9.999000e+03 -9.999000e+03 -9.999000e+03 -9.999000e+03 -9.999000e+03 -9.999000e+03 -9.999000e+03 -9.999000e+03 -9.999000e+03 -9.999000e+03 -9.999000e+03 -9.999000e+03 -9.999000e+03 -9.999000e+03 -9.999000e+03 -9.999000e+03 -9.999000e+03 -9.999000e+03 -9.999000e+03 -9.999000e+03 -9.999000e+03 -9.999000e+03 -1.332268e-15 -9.999000e+03 -9.999000e+03 -9.999000e+03 -9.999000e+03 -9.999000e+03 -9.999000e+03 -9.999000e+03 4.440892e-16 -1.332268e-15 8.881784e-16 -4.440892e-16 -1.776357e-15 -8.881784e-16 -4.440892e-16 -1.332268e-15 -4.440892e-16 0.000000e+00 -1.332268e-15 -1.332268e-15 -1.332268e-15
-9.999000e+03 -9.999000e+03 -9.999000e+03 -9.999000e+03 -9.999000e+03 -9.999000e+03 -9.999000e+03 -9.999000e+03 -9.999000e+03 -9.999000e+03 -9.999000e+03 -9.999000e+03 -9.999000e+03 -9.999000e+03 -9.999000e+03 -9.999000e+03 -9.999000e+03 -9.999000e+03 -9.999000e+03 -9.999000e+03 -9.999000e+03 -9.999000e+03 -9.999000e+03 -9.999000e+03 -9.999000e+03 -9.999000e+03 -9.999000e+03 -9.999000e+03 -9.999000e+03 -9.999000e+03 -9.999000e+03 -9.999000e+03 -9.999000e+03 -9.999000e+03 -9.999000e+03 -9.999000e+03 -9.999000e+03 -9.999000e+03 -9.999000e+03 -9.999000e+03 -9.999000e+03 -8.881784e-16 -8.881784e-16 3.108624e-15 -1.776357e-15 -8.881784e-16 -4.440892e-16 -8.881784e-16 0.000000e+00 0.000000e+00 0.000000e+00
-9.999000e+03 -9.999000e+03 -9.999000e+03 -9.999000e+03 -9.999000e+03 -9.999000e+03 -9.999000e+03 -9.999000e+03 -9.999000e+03 -9.999000e+03 -9.999000e+03 -9.999000e+03 -9.999000e+03 -9.999000e+03 -9.999000e+03 -9.999000e+03 -9.999000e+03 -9.999000e+03 -9.999000e+03 -9.999000e+03 -9.999000e+03 -9.999000e+03 -9.999000e+03 -9.999000e+03 -9.999000e+03 -9.999000e+03 -9.999000e+03 -9.999000e+03 -9.999000e+03 -9.999000e+03 -9.999000e+03 -9.999000e+03 -9.999000e+03 -9.999000e+03 -9.999000e+03 -9.999000e+03 -9.999000e+03 -9.999000e+03 -9.999000e+03 -9.999000e+03 -9.999000e+03 -9.999000e+03 -9.999000e+03 -9.999000e+03 1.776357e-15 -1.776357e-15 2.664535e-15 1.776357e-15 8.881784e-16 3.552714e-15 4.440892e-16
-9.999000e+03 -9.999000e+03 -9.999000e+03 -9.999000e+03 -9.999000e+03 -9.999000e+03 -9.999000e+03 -9.999000e+03 -9.999000e+03 -9.999000e+03 -9.999000e+03 -9.999000e+03 -9.999000e+03 -9.999000e+03 -9.999000e+03 -9.999000e+03 -9.999000e+03 -9.999000e+03 -9.999000e+03 -9.999000e+03 -9.999000e+03 -9.999000e+03 -9.999000e+03 -9.999000e+03 -9.999000e+03 -9.999000e+03 -9.999000e+03 -9.999000e+03 -9.999000e+03 -9.999000e+03 -9.999000e+03 -9.999000e+03 -9.999000e+03 -9.999000e+03 -9.999000e+03 -9.999000e+03 -9.999000e+03 -9.999000e+03 -9.999000e+03 -9.999000e+03 -9.999000e+03 -9.999000e+03 -9.999000e+03 -9.999000e+03 -9.999000e+03 -9.999000e+03 -9.999000e+03 -9.999000e+03 -9.999000e+03 -9.999000e+03 -7.105427e-15
-9.999000e+03 -9.999000e+03 -9.999000e+03 -9.999000e+03 -9.999000e+03 -9.999000e+03 -9.999000e+03 -9.999000e+03 -9.999000e+03 -9.999000e+03 -9.999000e+03 -9.999000e+03 -9.999000e+03 -9.999000e+03 -9.999000e+03 -9.999000e+03 -9.999000e+03 -9.999000e+03 -9.999000e+03 -9.999000e+03 -9.999000e+03 -9.999000e+03 -9.999000e+03 -9.999000e+03 -9.999000e+03 -9.999000e+03 -9.999000e+03 -9.999000e+03 -9.999000e+03 -9.999000e+03 -9.999000e+03 -9.999000e+03 -9.999000e+03 -9.999000e+03 -9.999000e+03 -9.999000e+03 -9.999000e+03 -9.999000e+03 -9.999000e+03 -9.999000e+03 -9.999000e+03 -9.999000e+03 -9.999000e+03 -9.999000e+03 -9.999000e+03 -9.999000e+03 -9.999000e+03 -9.999000e+03 -9.999000e+03 -9.999000e+03 -9.999000e+03
-9.999000e+03 -9.999000e+03 -9.999000e+03 -9.999000e+03 -9.999000e+03 -9.999000e+03 -9.999000e+03 -9.999000e+03 -9.999000e+03 -9.999000e+03 -9.999000e+03 -9.999000e+03 -9.999000e+03 -9.999000e+03 -9.999000e+03 -9.999000e+03 -9.999000e+03 -9.999000e+03 -9.999000e+03 -9.999000e+03 -9.999000e+03 -9.999000e+03 -9.999000e+03 -9.999000e+03 -9.999000e+03 -9.999000e+03 -9.999000e+03 -9.999000e+03 -9.999000e+03 -9.999000e+03 -9.999000e+03 -9.999000e+03 -9.999000e+03 -9.999000e+03 -9.999000e+03 -9.999000e+03 -9.999000e+03 -9.999000e+03 -9.999000e+03 -9.999000e+03 -9.999000e+03 -9.999000e+03 -9.999000e+03 -9.999000e+03 -9.999000e+03 -9.999000e+03 -9.999000e+03 -9.999000e+03 -9.999000e+03 -9.999000e+03 -9.999000e+03
-9.999000e+03 -9.999000e+03 -9.999000e+03 -9.999000e+03 -9.999000e+03 -9.999000e+03 -9.999000e+03 -9.999000e+03 -9.999000e+03 -9.999000e+03 -9.999000e+03 -9.999000e+03 -9.999000e+03 -9.999000e+03 -9.999000e+03 -9.999000e+03 -9.999000e+03 -9.999000e+03 -9.999000e+03 -9.999000e+03 -9.999000e+03 -9.999000e+03 -9.999000e+03 -9.999000e+03 -9.999000e+03 -9.999000e+03 -9.999000e+03 -9.999000e+03 -9.999000e+03 -9.999000e+03 -9.999000e+03 -9.999000e+03 -9.999000e+03 -9.999000e+03 -9.999000e+03 -9.999000e+03 -9.999000e+03 -9.999000e+03 -9.999000e+03 -9.999000e+03 -9.999000e+03 -9.999000e+03 -9.999000e+03 -9.999000e+03 -9.999000e+03 -9.999000e+03 -9.999000e+03 -9.999000e+03 -9.999000e+03 -9.999000e+03 -9.999000e+03
