tests/data/reference/test_stream_rill_mfda/control/massbalance.asc
ncols	123
nrows	77
xllcorner	-713746.79929998
yllcorner	-1061022.36961616
cellsize	10.0
NODATA_value	-9999
[rows 23 to 45 of 77, columns 0 to 50 of 123]
-9.999000e+03 -9.999000e+03 -9.999000e+03 -9.999000e+03 -9.999000e+03 -9.999000e+03 -9.999000e+03 -9.999000e+03 -9.999000e+03 -9.999000e+03 -9.999000e+03 -9.999000e+03 -9.999000e+03 -9.999000e+03 -1.110223e-15 -8.881784e-16 -4.440892e-15 -2.664535e-15 -8.881784e-16 -2.886580e-15 -1.554312e-15 9.987122e-12 -4.440892e-16 0.000000e+00 -4.440892e-16 -1.998401e-15 -1.332268e-15 -4.440892e-16 -2.220446e-16 -2.220446e-16 -4.440892e-16 4.440892e-16 4.440892e-16 2.220446e-16 -2.220446e-16 4.440892e-16 6.661338e-16 2.220446e-16 -2.220446e-16 0.000000e+00 0.000000e+00 4.440892e-16 0.000000e+00 -2.220446e-16 4.440892e-16 -8.881784e-16 0.000000e+00 -2.220446e-16 2.220446e-16 0.000000e+00 4.440892e-16
-9.999000e+03 -9.999000e+03 -9.999000e+03 -9.999000e+03 -9.999000e+03 -9.999000e+03 -9.999000e+03 -9.999000e+03 -9.999000e+03 -9.999000e+03 -9.999000e+03 -9.999000e+03 -9.999000e+03 -9.999000e+03 -2.220446e-15 -6.217249e-15 5.329071e-15 1.776357e-15 -8.881784e-16 -4.440892e-16 2.345080e-11 5.727929e-11 -3.996803e-15 -4.440892e-16 -2.220446e-16 -1.332268e-15 -4.440892e-16 0.000000e+00 2.220446e-16 -8.881784e-16 4.440892e-16 -4.440892e-16 -6.661338e-16 -8.881784e-16 -6.661338e-16 1.110223e-15 0.000000e+00 4.440892e-16 -4.440892e-16 0.000000e+00 0.000000e+00 6.661338e-16 4.440892e-16 4.440892e-16 2.220446e-16 4.440892e-16 8.881784e-16 4.440892e-16 0.000000e+00 -2.220446e-16 0.000000e+00
-9.999000e+03 -9.999000e+03 -9.999000e+03 -9.999000e+03 -9.999000e+03 -9.999000e+03 -9.999000e+03 -9.999000e+03 -9.999000e+03 -9.999000e+03 -9.999000e+03 -9.999000e+03 -9.999000e+03 -9.999000e+03 -5.329071e-15 8.881784e-16 -2.220446e-16 -4.440892e-16 -1.110223e-15 -6.661338e-16 5.279333e-11 0.000000e+00 8.881784e-16 -6.661338e-16 6.661338e-16 -4.440892e-16 -8.881784e-16 -8.881784e-16 -8.881784e-16 -4.440892e-16 0.000000e+00 -8.881784e-16 -8.881784e-16 1.110223e-15 -4.440892e-16 4.440892e-16 4.440892e-16 0.000000e+00 4.440892e-16 0.000000e+00 4.440892e-16 0.000000e+00 0.000000e+00 0.000000e+00 0.000000e+00 4.440892e-16 -6.661338e-16 -4.440892e-16 8.881784e-16 -4.440892e-16 1.110223e-15
-9.999000e+03 -9.999000e+03 -9.999000e+03 -9.999000e+03 -9.999000e+03 -9.999000e+03 -9.999000e+03 -9.999000e+03 -9.999000e+03 -9.999000e+03 -9.999000e+03 -9.999000e+03 -2.220446e-16 -8.881784e-16 -7.105427e-15 2.220446e-16 -1.998401e-15 0.000000e+00 -6.661338e-16 3.023315e-11 -1.998401e-15 -2.664535e-15 -4.440892e-16 -8.881784e-16 -4.440892e-16 -4.440892e-16 -8.881784e-16 -8.881784e-16 -4.440892e-16 -1.776357e-15 -4.440892e-16 -4.440892e-16 -4.440892e-16 -6.661338e-16 -1.776357e-15 6.661338e-16 1.332268e-15 -6.661338e-16 -4.440892e-16 0.000000e+00 -6.661338e-16 -1.110223e-15 2.220446e-16 2.220446e-16 4.440892e-16 -4.440892e-16 -6.661338e-16 -2.220446e-16 0.000000e+00 6.661338e-16 6.661338e-16
-9.999000e+03 -9.999000e+03 -9.999000e+03 -9.999000e+03 -9.999000e+03 -9.999000e+03 -9.999000e+03 -9.999000e+03 -9.999000e+03 -9.999000e+03 -9.999000e+03 -9.999000e+03 -9.999000e+03 -2.220446e-16 -8.881784e-16 -1.110223e-15 6.661338e-16 -1.110223e-15 2.766254e-11 -1.110223e-15 2.220446e-15 -1.998401e-15 -1.554312e-15 3.552714e-15 0.000000e+00 -4.440892e-16 0.000000e+00 -1.332268e-15 4.440892e-16 -1.332268e-15 -1.554312e-15 -4.440892e-16 -6.661338e-16 -4.440892e-16 -4.440892e-16 -2.220446e-16 -1.332268e-15 -4.440892e-16 4.440892e-16 8.881784e-16 4.440892e-16 -8.881784e-16 8.881784e-16 6.661338e-16 4.440892e-16 4.440892e-16 1.110223e-15 1.776357e-15 2.220446e-16 0.000000e+00 -4.440892e-16
-9.999000e+03 -9.999000e+03 -9.999000e+03 -9.999000e+03 -9.999000e+03 -9.999000e+03 -9.999000e+03 -9.999000e+03 -9.999000e+03 -9.999000e+03 -9.999000e+03 -9.999000e+03 -9.999000e+03 -9.999000e+03 -9.999000e+03 0.000000e+00 -1.332268e-15 6.361645e-11 -5.373524e-11 -3.552714e-15 -1.776357e-15 1.776357e-15 -5.329071e-14 -2.664535e-15 4.440892e-16 -1.421085e-14 -1.110223e-15 -4.440892e-16 -8.881784e-16 -8.881784e-16 -6.661338e-16 0.000000e+00 -1.332268e-15 -8.881784e-16 -4.440892e-16 -1.776357e-15 -8.881784e-16 -4.440892e-16 2.220446e-16 -1.776357e-15 0.000000e+00 1.332268e-15 -1.332268e-15 -4.440892e-16 2.220446e-16 -4.440892e-16 0.000000e+00 8.881784e-16 1.110223e-15 -4.440892e-16 4.440892e-16
-9.999000e+03 -9.999000e+03 -9.999000e+03 -9.999000e+03 -9.999000e+03 -9.999000e+03 -9.999000e+03 -9.999000e+03 -9.999000e+03 -9.999000e+03 -9.999000e+03 -9.999000e+03 -9.999000e+03 -9.999000e+03 -9.999000e+03 -9.999000e+03 -1.332268e-15 2.297873e-11 -1.776357e-15 4.440892e-16 3.907985e-14 7.105427e-15 2.220446e-15 -4.440892e-16 1.776357e-15 -8.881784e-16 -3.552714e-14 -2.842171e-14 1.655508e-09 3.127205e-09 -4.440892e-16 0.000000e+00 -1.776357e-15 -6.661338e-16 0.000000e+00 -1.332268e-15 0.000000e+00 -1.554312e-15 -2.220446e-16 0.000000e+00 -1.998401e-15 -2.220446e-16 -2.220446e-16 2.220446e-16 4.440892e-16 0.000000e+00 1.332268e-15 8.881784e-16 8.881784e-16 0.000000e+00 4.440892e-16
-9.999000e+03 -9.999000e+03 -9.999000e+03 -9.999000e+03 -9.999000e+03 -9.999000e+03 -9.999000e+03 -9.999000e+03 -9.999000e+03 -9.999000e+03 -9.999000e+03 -9.999000e+03 -9.999000e+03 -9.999000e+03 -9.999000e+03 -9.999000e+03 -9.859669e-12 -8.215650e-15 3.552714e-15 -4.618528e-14 1.776357e-15 -2.664535e-15 -1.332268e-15 0.000000e+00 8.881784e-16 8.881784e-16 -1.776357e-15 8.881784e-16 -2.664535e-15 8.881784e-16 3.682025e-09 -8.881784e-16 -8.881784e-16 -8.881784e-16 -1.332268e-15 2.220446e-15 -1.337656e-08 1.095302e-09 -2.223560e-08 -1.123709e-08 -6.661338e-16 -8.881784e-16 -1.332268e-15 2.220446e-16 -6.661338e-16 4.440892e-16 8.881784e-16 0.000000e+00 1.110223e-15 4.440892e-16 6.661338e-16
-9.999000e+03 -9.999000e+03 -9.999000e+03 -9.999000e+03 -9.999000e+03 -9.999000e+03 -9.999000e+03 -9.999000e+03 -9.999000e+03 -9.999000e+03 -9.999000e+03 -9.999000e+03 -9.999000e+03 -9.999000e+03 -9.999000e+03 -1.296074e-11 4.218847e-15 -5.329071e-15 -1.332268e-15 -1.776357e-15 -1.776357e-15 4.440892e-16 -8.881784e-16 -1.332268e-15 -4.440892e-16 -1.776357e-15 -2.220446e-15 1.776357e-15 -3.996803e-15 -1.332268e-15 3.108624e-15 -3.934936e-09 3.448228e-09 1.173517e-08 -6.027292e-09 1.071941e-08 4.440892e-16 -4.440892e-16 4.440892e-16 -4.440892e-16 -1.313843e-08 2.313747e-08 -1.616745e-08 -5.638931e-09 0.000000e+00 -8.881784e-16 -8.881784e-16 0.000000e+00 0.000000e+00 1.332268e-15 6.661338e-16
-9.999000e+03 -9.999000e+03 -9.999000e+03 -9.999000e+03 -9.999000e+03 -9.999000e+03 -9.999000e+03 -9.999000e+03 -9.999000e+03 -9.999000e+03 -9.999000e+03 -9.999000e+03 -9.999000e+03 -9.999000e+03 4.374101e-11 8.900436e-11 1.776357e-15 1.332268e-15 -2.220446e-15 -4.440892e-16 0.000000e+00 4.440892e-16 0.000000e+00 -5.329071e-15 -2.664535e-15 8.881784e-16 -2.664535e-15 -2.220446e-15 1.776357e-15 -3.552714e-15 -2.664535e-15 -3.552714e-15 -1.776357e-15 -2.220446e-15 1.332268e-15 -4.440892e-16 -4.440892e-16 4.440892e-16 0.000000e+00 -1.776357e-15 -1.332268e-15 -4.440892e-16 -1.776357e-15 0.000000e+00 -2.664535e-15 1.776357e-15 1.154632e-14 -4.440892e-16 0.000000e+00 -4.440892e-16 0.000000e+00
-9.999000e+03 -9.999000e+03 -9.999000e+03 -9.999000e+03 -9.999000e+03 -9.999000e+03 -9.999000e+03 -9.999000e+03 -9.999000e+03 -9.999000e+03 -9.999000e+03 -9.999000e+03 -9.999000e+03 -9.999000e+03 -1.743032e-10 -8.992806e-15 -3.108624e-15 0.000000e+00 0.000000e+00 4.440892e-16 4.440892e-16 -4.440892e-16 0.000000e+00 -1.776357e-15 0.000000e+00 -1.332268e-15 8.881784e-16 -3.552714e-15 1.332268e-15 8.881784e-16 2.664535e-15 8.881784e-16 -4.440892e-16 4.440892e-16 -4.440892e-16 0.000000e+00 2.220446e-16 -2.220446e-16 4.440892e-16 0.000000e+00 8.881784e-16 -8.881784e-16 -1.776357e-15 0.000000e+00 -8.881784e-16 4.440892e-16 -8.881784e-16 4.440892e-16 3.552714e-15 7.993606e-15 4.440892e-15
-9.999000e+03 -9.999000e+03 -9.999000e+03 -9.999000e+03 -9.999000e+03 -9.999000e+03 -9.999000e+03 -9.999000e+03 -9.999000e+03 -9.999000e+03 -9.999000e+03 -9.999000e+03 -9.999000e+03 -5.912115e-11 1.132427e-14 8.881784e-16 -1.332268e-15 6.661338e-16 8.881784e-16 -4.440892e-16 4.440892e-16 -1.776357e-15 -1.776357e-15 0.000000e+00 -8.881784e-16 -1.776357e-15 8.881784e-16 -1.332268e-15 -1.332268e-15 -1.776357e-15 0.000000e+00 8.881784e-16 2.220446e-16 4.440892e-16 4.440892e-16 0.000000e+00 4.440892e-16 8.881784e-16 -2.220446e-16 -4.440892e-16 4.440892e-16 4.440892e-16 4.440892e-16 0.000000e+00 0.000000e+00 0.000000e+00 -4.440892e-16 -4.440892e-16 2.664535e-15 -5.329071e-15 4.440892e-15
-9.999000e+03 -9.999000e+03 -9.999000e+03 -9.999000e+03 -9.999000e+03 -9.999000e+03 -9.999000e+03 -9.999000e+03 -9.999000e+03 -9.999000e+03 -9.999000e+03 -9.999000e+03 8.377610e-11 2.062635e-10 6.661338e-16 8.881784e-16 4.440892e-16 0.000000e+00 6.661338e-16 4.440892e-16 1.332268e-15 -8.881784e-16 -1.776357e-15 1.776357e-15 1.776357e-15 -8.881784e-16 8.881784e-16 3.552714e-15 1.332268e-15 -8.881784e-16 8.881784e-16 6.661338e-16 0.000000e+00 -8.881784e-16 1.332268e-15 -4.440892e-16 0.000000e+00 -4.440892e-16 1.110223e-15 0.000000e+00 -4.440892e-16 -2.220446e-16 4.440892e-16 1.110223e-15 4.440892e-16 2.220446e-15 -2.664535e-15 -1.332268e-15 0.000000e+00 -1.332268e-15 -1.776357e-15
-9.999000e+03 -9.999000e+03 -9.999000e+03 -9.999000e+03 -9.999000e+03 -9.999000e+03 -9.999000e+03 -9.999000e+03 -9.999000e+03 -9.999000e+03 -9.999000e+03 -9.999000e+03 -2.909246e-10 -2.664535e-15 8.881784e-16 4.440892e-16 4.440892e-16 2.220446e-16 8.881784e-16 2.220446e-15 3.552714e-15 0.000000e+00 1.332268e-15 1.776357e-15 1.776357e-15 0.000000e+00 -3.108624e-15 -8.881784e-16 0.000000e+00 -8.881784e-16 -1.776357e-15 8.881784e-16 4.440892e-16 -4.440892e-16 0.000000e+00 1.332268e-15 1.332268e-15 0.000000e+00 8.881784e-16 8.881784e-16 4.440892e-16 4.440892e-16 -4.440892e-16 0.000000e+00 0.000000e+00 8.881784e-16 -2.220446e-15 -4.440892e-16 -3.108624e-15 -8.881784e-16 3.996803e-15
-9.999000e+03 -9.999000e+03 -9.999000e+03 -9.999000e+03 -9.999000e+03 -9.999000e+03 -9.999000e+03 -9.999000e+03 -9.999000e+03 -9.999000e+03 -9.999000e+03 -1.605986e-10 -1.532108e-14 0.000000e+00 0.000000e+00 8.881784e-16 0.000000e+00 1.332268e-15 -4.440892e-16 0.000000e+00 1.776357e-15 8.881784e-16 -3.996803e-15 2.220446e-15 0.000000e+00 0.000000e+00 2.220446e-15 0.000000e+00 0.000000e+00 -8.881784e-16 0.000000e+00 4.440892e-16 8.881784e-16 0.000000e+00 8.881784e-16 1.776357e-15 -3.552714e-15 -1.332268e-15 -1.776357e-15 8.881784e-16 1.332268e-15 -4.440892e-16 1.332268e-15 0.000000e+00 8.881784e-16 8.881784e-16 0.000000e+00 1.332268e-15 -1.332268e-15 -1.776357e-15 -4.440892e-16
-9.999000e+03 -9.999000e+03 -9.999000e+03 -9.999000e+03 -9.999000e+03 -9.999000e+03 -9.999000e+03 -9.999000e+03 -9.999000e+03 -9.999000e+03 9.174927e-11 -1.400791e-10 -6.661338e-16 6.661338e-16 8.881784e-16 0.000000e+00 8.881784e-16 -4.440892e-16 -4.440892e-16 -8.881784e-16 -3.552714e-15 2.220446e-15 -2.664535e-15 -3.552714e-15 1.332268e-15 -3.996803e-15 2.664535e-15 4.440892e-16 -8.881784e-16 2.220446e-15 -4.440892e-16 2.220446e-16 2.220446e-16 0.000000e+00 8.881784e-16 3.108624e-15 -4.440892e-16 2.442491e-15 -4.440892e-16 4.440892e-16 -8.881784e-16 0.000000e+00 -4.440892e-16 -2.220446e-15 6.661338e-16 -8.881784e-16 -1.332268e-15 0.000000e+00 -4.440892e-16 -1.776357e-15 8.881784e-16
-9.999000e+03 -9.999000e+03 -9.999000e+03 -9.999000e+03 -9.999000e+03 -9.999000e+03 -9.999000e+03 -9.999000e+03 -9.999000e+03 -9.999000e+03 1.471134e-10 -1.776357e-15 -3.996803e-15 6.661338e-16 0.000000e+00 8.881784e-16 0.000000e+00 0.000000e+00 1.776357e-15 3.552714e-15 -8.881784e-16 0.000000e+00 3.108624e-15 0.000000e+00 2.664535e-15 -1.776357e-15 8.881784e-16 4.440892e-15 1.776357e-15 1.776357e-15 2.664535e-15 0.000000e+00 -8.881784e-16 -4.440892e-16 -4.440892e-16 -2.220446e-16 6.661338e-16 0.000000e+00 -6.661338e-16 6.661338e-16 4.440892e-16 6.661338e-16 8.881784e-16 0.000000e+00 8.881784e-16 -2.220446e-16 -8.881784e-16 8.881784e-16 1.332268e-15 -8.881784e-16 -1.421085e-14
-9.999000e+03 -9.999000e+03 -9.999000e+03 -9.999000e+03 -9.999000e+03 -9.999000e+03 -9.999000e+03 -9.999000e+03 -9.999000e+03 -1.779288e-11 -9.992007e-15 -2.220446e-15 4.440892e-16 4.440892e-16 -2.220446e-16 4.440892e-16 -4.440892e-16 -2.664535e-15 -1.776357e-15 -2.664535e-15 4.440892e-16 -1.776357e-15 8.881784e-16 -1.332268e-15 -2.664535e-15 -8.881784e-16 -4.440892e-16 -5.329071e-15 -6.661338e-15 -8.881784e-16 -8.881784e-16 8.881784e-16 1.332268e-15 4.440892e-16 0.000000e+00 0.000000e+00 0.000000e+00 0.000000e+00 4.440892e-16 0.000000e+00 -8.881784e-16 2.220446e-16 0.000000e+00 1.332268e-15 2.220446e-15 4.440892e-16 8.881784e-16 0.000000e+00 -8.881784e-16 -7.105427e-15 -6.217249e-15
-9.999000e+03 -9.999000e+03 -9.999000e+03 -9.999000e+03 -9.999000e+03 -9.999000e+03 -9.999000e+03 -9.999000e+03 -9.999000e+03 2.511742e-10 2.664535e-15 1.110223e-15 1.332268e-15 6.661338e-16 1.332268e-15 1.776357e-15 4.440892e-16 8.881784e-16 1.332268e-15 8.881784e-16 -8.881784e-16 1.332268e-15 0.000000e+00 1.332268e-15 -4.440892e-16 -1.776357e-15 1.332268e-15 2.664535e-15 0.000000e+00 8.881784e-16 -3.108624e-15 0.000000e+00 -4.440892e-16 8.881784e-16 2.220446e-16 2.220446e-16 0.000000e+00 4.440892e-16 -4.440892e-16 -8.881784e-16 1.332268e-15 2.664535e-15 2.664535e-15 2.664535e-15 0.000000e+00 8.881784e-16 4.440892e-16 8.881784e-16 -4.263256e-14 6.661338e-15 4.440892e-15
-9.999000e+03 -9.999000e+03 -9.999000e+03 -9.999000e+03 -9.999000e+03 -9.999000e+03 -9.999000e+03 -9.999000e+03 -2.276317e-10 -1.110223e-15 2.220446e-16 -8.881784e-16 8.881784e-16 2.220446e-16 8.881784e-16 0.000000e+00 -4.440892e-16 4.440892e-16 -1.332268e-15 4.440892e-16 -1.776357e-15 1.332268e-15 4.440892e-16 -8.881784e-16 3.108624e-15 0.000000e+00 4.440892e-16 -8.881784e-16 -3.108624e-15 4.440892e-16 -4.440892e-16 1.554312e-15 -4.440892e-16 1.332268e-15 0.000000e+00 4.440892e-16 -4.440892e-16 4.440892e-16 0.000000e+00 0.000000e+00 1.332268e-15 -2.220446e-15 -2.664535e-15 0.000000e+00 -2.220446e-15 0.000000e+00 -1.332268e-15 4.263256e-14 -3.552714e-15 -3.552714e-15 0.000000e+00
-9.999000e+03 -9.999000e+03 -9.999000e+03 -9.999000e+03 -9.999000e+03 -9.999000e+03 -9.999000e+03 -1.351408e-11 -1.009357e-10 0.000000e+00 -6.661338e-16 0.000000e+00 4.440892e-16 4.440892e-16 1.332268e-15 -1.776357e-15 -8.881784e-16 -2.220446e-15 0.000000e+00 8.881784e-16 4.440892e-16 1.332268e-15 -8.881784e-16 -4.440892e-16 0.000000e+00 0.000000e+00 1.332268e-15 1.776357e-15 -2.220446e-15 -2.220446e-15 2.220446e-16 -1.332268e-15 -8.881784e-16 0.000000e+00 0.000000e+00 -4.440892e-16 -1.332268e-15 3.108624e-15 -1.776357e-15 -8.881784e-16 3.552714e-15 4.263256e-14 -2.131628e-14 -1.421085e-14 -2.131628e-14 -1.332268e-15 -7.815970e-14 4.440892e-16 -4.440892e-16 1.776357e-15 8.881784e-16
-9.999000e+03 -9.999000e+03 -9.999000e+03 -9.999000e+03 -9.999000e+03 -9.999000e+03 -9.999000e+03 -3.906342e-11 -2.220446e-15 2.220446e-16 -8.881784e-16 4.440892e-16 0.000000e+00 1.110223e-15 0.000000e+00 8.881784e-16 1.776357e-15 4.440892e-16 -4.440892e-16 4.440892e-16 8.881784e-16 0.000000e+00 -3.552714e-15 2.664535e-15 -8.881784e-16 -2.664535e-15 -4.440892e-16 8.881784e-16 1.776357e-15 -1.776357e-15 0.000000e+00 4.440892e-16 3.552714e-15 -1.953993e-14 -1.065814e-14 3.907985e-14 -1.421085e-14 4.973799e-14 -7.105427e-14 -2.486900e-14 8.881784e-16 3.552714e-15 0.000000e+00 4.440892e-16 2.664535e-15 7.815970e-14 8.881784e-16 -8.881784e-16 1.776357e-15 -8.881784e-16 1.332268e-15
-9.999000e+03 -9.999000e+03 -9.999000e+03 -9.999000e+03 -9.999000e+03 -9.999000e+03 -9.999000e+03 1.998401e-15 -1.776357e-15 -6.661338e-16 0.000000e+00 2.220446e-16 0.000000e+00 -1.998401e-15 -4.440892e-16 4.440892e-16 0.000000e+00 -6.661338e-16 -8.881784e-16 4.440892e-16 3.108624e-15 1.332268e-15 -1.776357e-15 0.000000e+00 2.220446e-15 4.440892e-16 -1.776357e-15 -8.881784e-16 2.664535e-15 8.881784e-16 3.552714e-15 1.065814e-14 -1.065814e-14 -8.881784e-16 -1.776357e-15 2.220446e-15 -8.881784e-16 -4.440892e-16 0.000000e+00 0.000000e+00 4.440892e-16 2.220446e-15 1.332268e-15 -5.329071e-15 -1.776357e-15 -1.776357e-15 0.000000e+00 -4.440892e-16 8.881784e-16 -1.332268e-15 -8.881784e-16
