tests/data/reference/test_stream_rill_mfda/control/massbalance.asc
ncols	123
nrows	77
xllcorner	-713746.79929998
yllcorner	-1061022.36961616
cellsize	10.0
NODATA_value	-9999
[rows 46 to 68 of 77, columns 0 to 50 of 123]
-9.999000e+03 -9.999000e+03 -9.999000e+03 -9.999000e+03 -9.999000e+03 -9.999000e+03 -4.066725e-11 2.664535e-15 6.661338e-16 6.661338e-16 4.440892e-16 -8.881784e-16 1.776357e-15 0.000000e+00 -2.220446e-16 -2.220446e-16 0.000000e+00 4.440892e-16 4.440892e-16 -4.440892e-16 8.881784e-16 1.776357e-15 0.000000e+00 0.000000e+00 1.332268e-15 8.881784e-16 4.440892e-16 -2.664535e-15 0.000000e+00 -4.440892e-16 -2.220446e-15 -2.664535e-15 -8.881784e-16 4.440892e-16 8.881784e-16 4.440892e-16 2.220446e-16 4.440892e-16 8.881784e-16 -8.881784e-16 0.000000e+00 0.000000e+00 -4.440892e-16 0.000000e+00 5.773160e-15 8.881784e-16 -3.108624e-15 8.881784e-16 8.881784e-16 2.220446e-16 0.000000e+00
-9.999000e+03 -9.999000e+03 -9.999000e+03 -9.999000e+03 -9.999000e+03 -9.999000e+03 5.107026e-15 -5.329071e-15 8.881784e-16 0.000000e+00 8.881784e-16 2.220446e-16 0.000000e+00 0.000000e+00 8.881784e-16 -4.440892e-16 -1.332268e-15 0.000000e+00 -2.220446e-16 -8.881784e-16 -2.664535e-15 0.000000e+00 1.332268e-15 1.776357e-15 1.776357e-15 -1.776357e-15 4.440892e-16 4.440892e-16 1.776357e-15 8.881784e-16 2.220446e-15 -4.440892e-15 0.000000e+00 0.000000e+00 2.220446e-16 0.000000e+00 8.881784e-16 0.000000e+00 -8.881784e-16 8.881784e-16 4.440892e-16 -4.440892e-16 2.220446e-15 -2.664535e-15 -8.881784e-16 6.217249e-15 8.881784e-16 0.000000e+00 -6.661338e-16 -8.881784e-16 2.220446e-16
-9.999000e+03 -9.999000e+03 -9.999000e+03 -9.999000e+03 -9.999000e+03 -2.980203e-10 -2.664535e-15 1.332268e-15 -4.440892e-16 -2.220446e-16 0.000000e+00 4.440892e-16 0.000000e+00 1.554312e-15 -2.220446e-16 0.000000e+00 4.440892e-16 -1.332268e-15 1.776357e-15 3.996803e-15 1.776357e-15 4.440892e-16 -3.552714e-15 -1.776357e-15 0.000000e+00 8.881784e-16 8.881784e-16 1.332268e-15 1.776357e-15 4.440892e-16 1.332268e-15 -8.881784e-16 -2.220446e-16 2.220446e-16 1.776357e-15 -4.440892e-16 4.440892e-16 8.881784e-16 -4.440892e-16 -4.440892e-16 -8.881784e-16 -4.440892e-16 -8.881784e-16 8.881784e-16 -4.440892e-15 2.220446e-15 0.000000e+00 -2.220446e-16 0.000000e+00 6.661338e-16 0.000000e+00
-9.999000e+03 -9.999000e+03 -9.999000e+03 -9.999000e+03 -8.207857e-11 -2.886580e-15 4.440892e-16 1.110223e-15 0.000000e+00 6.661338e-16 4.440892e-16 1.110223e-15 1.776357e-15 0.000000e+00 4.440892e-16 2.220446e-16 0.000000e+00 4.440892e-16 -1.776357e-15 -1.332268e-15 4.440892e-16 0.000000e+00 3.996803e-15 8.881784e-16 -8.881784e-16 0.000000e+00 -1.332268e-15 8.881784e-16 8.881784e-16 8.881784e-16 8.881784e-16 1.110223e-15 4.440892e-16 0.000000e+00 -2.220446e-16 4.440892e-16 0.000000e+00 0.000000e+00 6.661338e-16 -1.332268e-15 -8.881784e-16 8.881784e-16 -2.220446e-15 8.881784e-16 -8.881784e-16 6.661338e-16 2.220446e-16 -4.440892e-16 8.881784e-16 2.220446e-16 8.881784e-16
-9.999000e+03 -9.999000e+03 -9.999000e+03 -9.999000e+03 -2.088401e-10 -2.220446e-16 -4.440892e-16 2.220446e-16 0.000000e+00 -8.881784e-16 2.220446e-16 4.440892e-16 6.661338e-16 8.881784e-16 0.000000e+00 0.000000e+00 1.776357e-15 -8.881784e-16 -1.776357e-15 -8.881784e-16 -4.440892e-16 -1.332268e-15 0.000000e+00 4.440892e-16 6.661338e-16 -2.220446e-16 6.661338e-16 8.881784e-16 4.440892e-16 4.440892e-16 -2.220446e-16 6.661338e-16 8.881784e-16 4.440892e-16 4.440892e-16 0.000000e+00 8.881784e-16 -4.440892e-16 -2.220446e-16 8.881784e-16 1.776357e-15 2.664535e-15 4.440892e-16 2.664535e-15 -2.664535e-15 2.664535e-15 -1.776357e-15 -1.776357e-15 8.881784e-16 3.552714e-15 -2.664535e-15
-9.999000e+03 -9.999000e+03 -9.999000e+03 -1.500666e-11 -9.992007e-16 4.440892e-16 4.440892e-16 8.881784e-16 0.000000e+00 0.000000e+00 2.220446e-16 8.881784e-16 1.110223e-15 8.881784e-16 1.554312e-15 -1.554312e-15 2.220446e-15 2.220446e-15 1.332268e-15 4.440892e-16 2.220446e-16 4.440892e-16 0.000000e+00 4.440892e-16 -8.881784e-16 0.000000e+00 4.440892e-16 1.110223e-15 0.000000e+00 0.000000e+00 -4.440892e-16 8.881784e-16 -4.440892e-16 -8.881784e-16 6.661338e-16 -6.661338e-16 4.440892e-16 0.000000e+00 4.440892e-16 -2.220446e-16 1.332268e-15 8.881784e-16 -1.776357e-15 -1.776357e-15 0.000000e+00 2.220446e-15 3.108624e-15 8.881784e-16 -1.776357e-15 8.881784e-16 1.332268e-15
-9.999000e+03 -9.999000e+03 -9.999000e+03 -6.904939e-10 0.000000e+00 -6.661338e-16 -2.220446e-16 6.661338e-16 -2.220446e-16 0.000000e+00 -4.440892e-16 8.881784e-16 4.440892e-16 4.440892e-16 -8.881784e-16 -2.220446e-15 -1.776357e-15 8.881784e-16 -8.881784e-16 1.110223e-15 6.661338e-16 -4.440892e-16 -2.220446e-16 4.440892e-16 0.000000e+00 0.000000e+00 4.440892e-16 -1.332268e-15 2.220446e-16 -4.440892e-16 -1.332268e-15 2.220446e-16 -4.440892e-16 4.440892e-16 -1.332268e-15 4.440892e-16 0.000000e+00 0.000000e+00 2.220446e-16 0.000000e+00 1.776357e-15 8.881784e-16 -8.881784e-16 -2.664535e-15 -8.881784e-16 8.881784e-16 0.000000e+00 -3.996803e-15 -3.996803e-15 1.332268e-15 -3.552714e-15
-9.999000e+03 -9.999000e+03 -4.625615e-10 2.109424e-15 6.661338e-16 4.440892e-16 4.440892e-16 4.440892e-16 0.000000e+00 0.000000e+00 0.000000e+00 0.000000e+00 4.440892e-16 -2.220446e-16 0.000000e+00 2.220446e-15 -1.332268e-15 -2.220446e-16 6.661338e-16 2.220446e-16 -4.440892e-16 6.661338e-16 -4.440892e-16 -8.881784e-16 0.000000e+00 -6.661338e-16 4.440892e-16 -4.440892e-16 -4.440892e-16 4.440892e-16 8.881784e-16 0.000000e+00 -2.220446e-16 4.440892e-16 0.000000e+00 4.440892e-16 -8.881784e-16 -1.332268e-15 -4.440892e-16 -2.220446e-16 -4.440892e-16 1.332268e-15 3.552714e-15 0.000000e+00 -4.440892e-15 5.329071e-15 5.329071e-15 2.664535e-15 -8.881784e-16 4.884981e-15 0.000000e+00
-9.999000e+03 -9.999000e+03 -2.220446e-16 8.881784e-16 0.000000e+00 0.000000e+00 -4.440892e-16 6.661338e-16 8.881784e-16 -3.996803e-15 2.220446e-15 -4.440892e-16 1.998401e-15 1.776357e-15 -2.220446e-15 0.000000e+00 -1.776357e-15 0.000000e+00 8.881784e-16 -1.332268e-15 2.220446e-16 -4.440892e-16 0.000000e+00 -8.881784e-16 -2.220446e-16 0.000000e+00 0.000000e+00 2.220446e-16 4.440892e-16 0.000000e+00 -2.220446e-16 4.440892e-16 -8.881784e-16 -8.881784e-16 0.000000e+00 4.440892e-16 0.000000e+00 -1.332268e-15 2.220446e-16 -2.220446e-16 3.552714e-15 8.881784e-16 -3.108624e-15 3.552714e-15 -7.549517e-15 -2.664535e-15 1.332268e-15 -1.332268e-15 -2.220446e-15 0.000000e+00 -8.881784e-16
-9.999000e+03 -2.172755e-10 -1.887379e-15 2.220446e-16 1.332268e-15 -6.661338e-16 6.661338e-16 -8.881784e-16 -9.999000e+03 -9.999000e+03 -9.999000e+03 8.881784e-16 -2.220446e-16 6.661338e-16 0.000000e+00 1.110223e-15 1.998401e-15 -1.332268e-15 8.881784e-16 4.440892e-16 1.110223e-15 1.110223e-15 -8.881784e-16 8.881784e-16 2.220446e-15 0.000000e+00 -1.332268e-15 1.332268e-15 4.440892e-16 0.000000e+00 0.000000e+00 8.881784e-16 -1.332268e-15 2.220446e-16 6.661338e-16 8.881784e-16 1.332268e-15 1.776357e-15 1.332268e-15 -3.108624e-15 -1.776357e-15 8.881784e-16 -2.220446e-15 3.996803e-15 1.332268e-15 1.776357e-15 -4.440892e-16 3.108624e-15 8.881784e-16 -4.440892e-15 8.881784e-16
-9.999000e+03 -1.749105e-10 2.220446e-16 4.440892e-16 -4.440892e-16 -4.440892e-16 -9.999000e+03 -9.999000e+03 -9.999000e+03 -9.999000e+03 -9.999000e+03 -9.999000e+03 6.661338e-16 -6.661338e-16 4.440892e-16 8.881784e-16 0.000000e+00 -4.440892e-16 1.332268e-15 1.332268e-15 -1.110223e-15 0.000000e+00 0.000000e+00 0.000000e+00 4.440892e-16 4.440892e-16 0.000000e+00 -8.881784e-16 -8.881784e-16 1.776357e-15 0.000000e+00 -4.440892e-16 -1.332268e-15 1.332268e-15 4.440892e-16 -8.881784e-16 -1.776357e-15 0.000000e+00 2.664535e-15 1.776357e-15 8.881784e-16 2.664535e-15 8.881784e-16 -4.440892e-16 -2.220446e-15 8.881784e-16 -4.440892e-15 -4.440892e-16 1.776357e-15 -1.332268e-15 -3.108624e-15
-1.132536e-10 6.661338e-16 -8.881784e-16 4.440892e-16 -4.440892e-16 8.881784e-16 -9.999000e+03 -9.999000e+03 -9.999000e+03 -9.999000e+03 -9.999000e+03 -9.999000e+03 -9.999000e+03 -9.999000e+03 -9.999000e+03 8.881784e-16 8.881784e-16 -2.664535e-15 -2.664535e-15 2.664535e-15 -8.881784e-16 -9.999000e+03 -9.999000e+03 2.220446e-16 1.332268e-15 0.000000e+00 6.661338e-16 1.776357e-15 -6.661338e-16 -1.332268e-15 1.332268e-15 2.664535e-15 0.000000e+00 0.000000e+00 -2.220446e-16 1.776357e-15 -8.881784e-16 4.440892e-16 -4.440892e-16 -1.332268e-15 4.440892e-16 -3.552714e-15 4.440892e-16 -8.881784e-16 1.776357e-15 2.664535e-15 0.000000e+00 -8.881784e-16 1.332268e-15 8.881784e-16 2.220446e-15
2.025202e-10 2.220446e-16 2.220446e-16 8.881784e-16 1.776357e-15 -9.999000e+03 -9.999000e+03 -9.999000e+03 -9.999000e+03 -9.999000e+03 -9.999000e+03 -9.999000e+03 -9.999000e+03 -9.999000e+03 -9.999000e+03 -9.999000e+03 -9.999000e+03 -9.999000e+03 -9.999000e+03 -9.999000e+03 -9.999000e+03 -9.999000e+03 -9.999000e+03 0.000000e+00 4.440892e-16 2.220446e-16 -4.440892e-16 2.220446e-16 0.000000e+00 -1.776357e-15 6.661338e-16 -4.440892e-16 8.881784e-16 -8.881784e-16 4.440892e-16 0.000000e+00 -2.664535e-15 -8.881784e-16 1.332268e-15 -1.332268e-15 -1.776357e-15 2.664535e-15 0.000000e+00 0.000000e+00 4.440892e-16 -8.881784e-16 -4.440892e-16 8.881784e-16 4.440892e-16 -4.440892e-16 3.552714e-15
-9.999000e+03 4.440892e-16 -4.440892e-16 4.440892e-16 -9.999000e+03 -9.999000e+03 -9.999000e+03 -9.999000e+03 -9.999000e+03 -9.999000e+03 -9.999000e+03 -9.999000e+03 -9.999000e+03 -9.999000e+03 -9.999000e+03 -9.999000e+03 -9.999000e+03 -9.999000e+03 -9.999000e+03 -9.999000e+03 -9.999000e+03 -9.999000e+03 -9.999000e+03 -9.999000e+03 -9.999000e+03 -9.999000e+03 -1.332268e-15 1.332268e-15 4.440892e-16 -4.440892e-16 0.000000e+00 4.440892e-16 -4.440892e-16 -4.440892e-16 -2.220446e-16 2.664535e-15 4.440892e-16 0.000000e+00 3.108624e-15 0.000000e+00 -1.776357e-15 -1.332268e-15 0.000000e+00 -4.440892e-16 1.776357e-15 0.000000e+00 -1.332268e-15 -2.664535e-15 -8.881784e-16 -4.440892e-16 1.332268e-15
-9.999000e+03 -9.999000e+03 -9.999000e+03 -9.999000e+03 -9.999000e+03 -9.999000e+03 -9.999000e+03 -9.999000e+03 -9.999000e+03 -9.999000e+03 -9.999000e+03 -9.999000e+03 -9.999000e+03 -9.999000e+03 -9.999000e+03 -9.999000e+03 -9.999000e+03 -9.999000e+03 -9.999000e+03 -9.999000e+03 -9.999000e+03 -9.999000e+03 -9.999000e+03 -9.999000e+03 -9.999000e+03 -9.999000e+03 -9.999000e+03 -9.999000e+03 -8.881784e-16 2.886580e-15 4.440892e-16 0.000000e+00 -4.440892e-16 -2.220446e-16 8.881784e-16 -2.220446e-16 -4.440892e-16 -4.440892e-15 4.440892e-16 1.332268e-15 8.881784e-16 0.000000e+00 -8.881784e-16 -8.881784e-16 8.881784e-16 3.552714e-15 1.776357e-15 2.664535e-15 8.881784e-16 -4.440892e-16 8.881784e-16
-9.999000e+03 -9.999000e+03 -9.999000e+03 -9.999000e+03 -9.999000e+03 -9.999000e+03 -9.999000e+03 -9.999000e+03 -9.999000e+03 -9.999000e+03 -9.999000e+03 -9.999000e+03 -9.999000e+03 -9.999000e+03 -9.999000e+03 -9.999000e+03 -9.999000e+03 -9.999000e+03 -9.999000e+03 -9.999000e+03 -9.999000e+03 -9.999000e+03 -9.999000e+03 -9.999000e+03 -9.999000e+03 -9.999000e+03 -9.999000e+03 -9.999000e+03 -9.999000e+03 -1.332268e-15 -8.881784e-16 2.664535e-15 -3.108624e-15 -1.776357e-15 -8.881784e-16 -2.664535e-15 3.552714e-15 0.000000e+00 -2.220446e-16 0.000000e+00 4.440892e-16 4.440892e-16 -1.332268e-15 6.661338e-16 8.881784e-16 1.332268e-15 0.000000e+00 -8.881784e-16 8.881784e-16 0.000000e+00 0.000000e+00
-9.999000e+03 -9.999000e+03 -9.999000e+03 -9.999000e+03 -9.999000e+03 -9.999000e+03 -9.999000e+03 -9.999000e+03 -9.999000e+03 -9.999000e+03 -9.999000e+03 -9.999000e+03 -9.999000e+03 -9.999000e+03 -9.999000e+03 -9.999000e+03 -9.999000e+03 -9.999000e+03 -9.999000e+03 -9.999000e+03 -9.999000e+03 -9.999000e+03 -9.999000e+03 -9.999000e+03 -9.999000e+03 -9.999000e+03 -9.999000e+03 -9.999000e+03 -9.999000e+03 -9.999000e+03 -3.108624e-15 -9.999000e+03 -9.999000e+03 -9.999000e+03 -9.999000e+03 -9.999000e+03 -9.999000e+03 -9.999000e+03 8.881784e-16 -4.440892e-16 -1.332268e-15 -8.881784e-16 0.000000e+00 2.220446e-16 6.661338e-16 0.000000e+00 -8.881784e-16 2.220446e-16 -4.440892e-16 0.000000e+00 -8.881784e-16
-9.999000e+03 -9.999000e+03 -9.999000e+03 -9.999000e+03 -9.999000e+03 -9.999000e+03 -9.999000e+03 -9.999000e+03 -9.999000e+03 -9.999000e+03 -9.999000e+03 -9.999000e+03 -9.999000e+03 -9.999000e+03 -9.999000e+03 -9.999000e+03 -9.999000e+03 -9.999000e+03 -9.999000e+03 -9.999000e+03 -9.999000e+03 -9.999000e+03 -9.999000e+03 -9.999000e+03 -9.999000e+03 -9.999000e+03 -9.999000e+03 -9.999000e+03 -9.999000e+03 -9.999000e+03 -9.999000e+03 -9.999000e+03 -9.999000e+03 -9.999000e+03 -9.999000e+03 -9.999000e+03 -9.999000e+03 -9.999000e+03 -9.999000e+03 -9.999000e+03 -9.999000e+03 -4.440892e-16 -8.881784e-16 -8.881784e-16 -2.220446e-16 -4.440892e-16 4.440892e-16 4.440892e-16 4.440892e-16 4.440892e-16 2.220446e-16
-9.999000e+03 -9.999000e+03 -9.999000e+03 -9.999000e+03 -9.999000e+03 -9.999000e+03 -9.999000e+03 -9.999000e+03 -9.999000e+03 -9.999000e+03 -9.999000e+03 -9.999000e+03 -9.999000e+03 -9.999000e+03 -9.999000e+03 -9.999000e+03 -9.999000e+03 -9.999000e+03 -9.999000e+03 -9.999000e+03 -9.999000e+03 -9.999000e+03 -9.999000e+03 -9.999000e+03 -9.999000e+03 -9.999000e+03 -9.999000e+03 -9.999000e+03 -9.999000e+03 -9.999000e+03 -9.999000e+03 -9.999000e+03 -9.999000e+03 -9.999000e+03 -9.999000e+03 -9.999000e+03 -9.999000e+03 -9.999000e+03 -9.999000e+03 -9.999000e+03 -9.999000e+03 -9.999000e+03 -9.999000e+03 -9.999000e+03 4.440892e-16 -1.776357e-15 -8.881784e-16 -2.664535e-15 4.440892e-15 -1.776357e-15 0.000000e+00
-9.999000e+03 -9.999000e+03 -9.999000e+03 -9.999000e+03 -9.999000e+03 -9.999000e+03 -9.999000e+03 -9.999000e+03 -9.999000e+03 -9.999000e+03 -9.999000e+03 -9.999000e+03 -9.999000e+03 -9.999000e+03 -9.999000e+03 -9.999000e+03 -9.999000e+03 -9.999000e+03 -9.999000e+03 -9.999000e+03 -9.999000e+03 -9.999000e+03 -9.999000e+03 -9.999000e+03 -9.999000e+03 -9.999000e+03 -9.999000e+03 -9.999000e+03 -9.999000e+03 -9.999000e+03 -9.999000e+03 -9.999000e+03 -9.999000e+03 -9.999000e+03 -9.999000e+03 -9.999000e+03 -9.999000e+03 -9.999000e+03 -9.999000e+03 -9.999000e+03 -9.999000e+03 -9.999000e+03 -9.999000e+03 -9.999000e+03 -9.999000e+03 -9.999000e+03 -9.999000e+03 -9.999000e+03 -9.999000e+03 -9.999000e+03 1.776357e-15
-9.999000e+03 -9.999000e+03 -9.999000e+03 -9.999000e+03 -9.999000e+03 -9.999000e+03 -9.999000e+03 -9.999000e+03 -9.999000e+03 -9.999000e+03 -9.999000e+03 -9.999000e+03 -9.999000e+03 -9.999000e+03 -9.999000e+03 -9.999000e+03 -9.999000e+03 -9.999000e+03 -9.999000e+03 -9.999000e+03 -9.999000e+03 -9.999000e+03 -9.999000e+03 -9.999000e+03 -9.999000e+03 -9.999000e+03 -9.999000e+03 -9.999000e+03 -9.999000e+03 -9.999000e+03 -9.999000e+03 -9.999000e+03 -9.999000e+03 -9.999000e+03 -9.999000e+03 -9.999000e+03 -9.999000e+03 -9.999000e+03 -9.999000e+03 -9.999000e+03 -9.999000e+03 -9.999000e+03 -9.999000e+03 -9.999000e+03 -9.999000e+03 -9.999000e+03 -9.999000e+03 -9.999000e+03 -9.999000e+03 -9.999000e+03 -9.999000e+03
-9.999000e+03 -9.999000e+03 -9.999000e+03 -9.999000e+03 -9.999000e+03 -9.999000e+03 -9.999000e+03 -9.999000e+03 -9.999000e+03 -9.999000e+03 -9.999000e+03 -9.999000e+03 -9.999000e+03 -9.999000e+03 -9.999000e+03 -9.999000e+03 -9.999000e+03 -9.999000e+03 -9.999000e+03 -9.999000e+03 -9.999000e+03 -9.999000e+03 -9.999000e+03 -9.999000e+03 -9.999000e+03 -9.999000e+03 -9.999000e+03 -9.999000e+03 -9.999000e+03 -9.999000e+03 -9.999000e+03 -9.999000e+03 -9.999000e+03 -9.999000e+03 -9.999000e+03 -9.999000e+03 -9.999000e+03 -9.999000e+03 -9.999000e+03 -9.999000e+03 -9.999000e+03 -9.999000e+03 -9.999000e+03 -9.999000e+03 -9.999000e+03 -9.999000e+03 -9.999000e+03 -9.999000e+03 -9.999000e+03 -9.999000e+03 -9.999000e+03
-9.999000e+03 -9.999000e+03 -9.999000e+03 -9.999000e+03 -9.999000e+03 -9.999000e+03 -9.999000e+03 -9.999000e+03 -9.999000e+03 -9.999000e+03 -9.999000e+03 -9.999000e+03 -9.999000e+03 -9.999000e+03 -9.999000e+03 -9.999000e+03 -9.999000e+03 -9.999000e+03 -9.999000e+03 -9.999000e+03 -9.999000e+03 -9.999000e+03 -9.999000e+03 -9.999000e+03 -9.999000e+03 -9.999000e+03 -9.999000e+03 -9.999000e+03 -9.999000e+03 -9.999000e+03 -9.999000e+03 -9.999000e+03 -9.999000e+03 -9.999000e+03 -9.999000e+03 -9.999000e+03 -9.999000e+03 -9.999000e+03 -9.999000e+03 -9.999000e+03 -9.999000e+03 -9.999000e+03 -9.999000e+03 -9.999000e+03 -9.999000e+03 -9.999000e+03 -9.999000e+03 -9.999000e+03 -9.999000e+03 -9.999000e+03 -9.999000e+03
