tests/data/reference/test_stream_rill_mfda/control/massbalance.asc
ncols	123
nrows	77
xllcorner	-713746.79929998
yllcorner	-1061022.36961616
cellsize	10.0
NODATA_value	-9999
[rows 23 to 45 of 77, columns 51 to 101 of 123]
-6.661338e-16 2.220446e-16 6.661338e-16 2.220446e-16 6.661338e-16 -4.440892e-16 -1.776357e-15 -1.776357e-15 -5.329071e-15 -6.217249e-15 8.881784e-16 6.217249e-15 1.110223e-15 -8.881784e-16 -1.776357e-15 8.881784e-16 0.000000e+00 -2.220446e-16 1.110223e-15 -1.110223e-15 2.220446e-16 -4.440892e-16 0.000000e+00 2.220446e-16 -8.881784e-16 6.661338e-16 8.881784e-16 -2.220446e-16 -6.661338e-16 -2.220446e-16 0.000000e+00 2.220446e-16 -4.440892e-16 -2.220446e-15 2.220446e-16 -9.999000e+03 -9.999000e+03 -9.999000e+03 -9.999000e+03 -9.999000e+03 -9.999000e+03 -9.999000e+03 -9.999000e+03 -9.999000e+03 -9.999000e+03 -9.999000e+03 -9.999000e+03 -9.999000e+03 -9.999000e+03 -9.999000e+03 -9.999000e+03
-2.220446e-16 2.220446e-16 2.220446e-16 -4.440892e-16 6.661338e-16 0.000000e+00 4.440892e-16 -8.881784e-16 -2.664535e-15 3.552714e-15 5.329071e-15 -2.664535e-15 -5.329071e-15 -4.440892e-16 -2.220446e-16 2.220446e-16 4.440892e-16 -6.661338e-16 -6.661338e-16 -2.220446e-16 -2.220446e-16 -2.220446e-16 6.661338e-16 -1.332268e-15 -4.440892e-16 -2.220446e-16 2.220446e-16 2.220446e-16 -1.332268e-15 2.220446e-16 0.000000e+00 -6.661338e-16 6.661338e-16 6.661338e-16 -1.776357e-15 0.000000e+00 -9.999000e+03 -9.999000e+03 -9.999000e+03 -9.999000e+03 -9.999000e+03 -9.999000e+03 -9.999000e+03 -9.999000e+03 -9.999000e+03 -9.999000e+03 -9.999000e+03 -9.999000e+03 -9.999000e+03 -9.999000e+03 -9.999000e+03
-6.661338e-16 1.554312e-15 -1.332268e-15 -1.110223e-15 6.661338e-16 2.220446e-16 -8.881784e-16 0.000000e+00 6.661338e-16 6.661338e-16 -8.881784e-16 -8.881784e-16 8.881784e-16 4.440892e-15 2.220446e-16 -2.220446e-16 -6.661338e-16 0.000000e+00 8.881784e-16 2.220446e-16 -2.220446e-16 -2.220446e-16 -2.220446e-16 2.220446e-16 6.661338e-16 1.110223e-15 4.440892e-16 -1.110223e-15 -1.110223e-15 1.776357e-15 2.220446e-16 -1.110223e-15 -2.220446e-16 2.220446e-16 -2.220446e-16 -4.440892e-16 0.000000e+00 -8.881784e-16 -2.220446e-16 -9.999000e+03 -9.999000e+03 -9.999000e+03 -9.999000e+03 -9.999000e+03 -9.999000e+03 -9.999000e+03 -9.999000e+03 -9.999000e+03 -9.999000e+03 -9.999000e+03 -9.999000e+03
6.661338e-16 2.220446e-16 2.220446e-16 6.661338e-16 0.000000e+00 2.220446e-16 6.661338e-16 6.661338e-16 -2.220446e-16 1.110223e-15 -2.220446e-16 -6.217249e-15 3.552714e-15 0.000000e+00 0.000000e+00 0.000000e+00 6.661338e-16 -4.440892e-16 0.000000e+00 0.000000e+00 6.661338e-16 0.000000e+00 2.220446e-16 -2.220446e-16 -6.661338e-16 6.661338e-16 -1.110223e-15 -4.440892e-16 2.220446e-16 1.554312e-15 -2.220446e-16 6.661338e-16 -2.220446e-16 -4.440892e-16 2.220446e-16 0.000000e+00 -1.776357e-15 1.776357e-15 -4.440892e-16 1.776357e-15 -4.440892e-16 -9.999000e+03 -9.999000e+03 -9.999000e+03 -9.999000e+03 -9.999000e+03 -9.999000e+03 -9.999000e+03 -9.999000e+03 -9.999000e+03 -9.999000e+03
1.110223e-15 1.110223e-15 2.220446e-16 6.661338e-16 -2.220446e-16 4.440892e-16 -2.220446e-16 2.220446e-16 8.881784e-16 -1.110223e-15 -8.881784e-16 2.220446e-16 -2.220446e-16 -2.664535e-15 1.332268e-15 6.661338e-16 -1.110223e-15 2.220446e-16 0.000000e+00 -6.661338e-16 -6.661338e-16 -8.881784e-16 2.220446e-16 -2.220446e-16 -2.220446e-16 6.661338e-16 -2.220446e-16 8.881784e-16 6.661338e-16 -6.661338e-16 -2.220446e-16 -6.661338e-16 -8.881784e-16 2.220446e-16 -6.661338e-16 2.220446e-16 2.220446e-16 2.220446e-16 2.220446e-16 4.440892e-16 -2.664535e-15 4.440892e-16 8.198842e-11 -9.999000e+03 -9.999000e+03 -9.999000e+03 -9.999000e+03 -9.999000e+03 -9.999000e+03 -9.999000e+03 -9.999000e+03
-2.220446e-16 6.661338e-16 6.661338e-16 -4.440892e-16 2.220446e-16 -4.440892e-16 0.000000e+00 6.661338e-16 8.881784e-16 2.220446e-16 2.220446e-16 8.881784e-16 4.440892e-16 -2.220446e-16 2.220446e-16 -1.110223e-15 2.220446e-16 -2.220446e-16 8.881784e-16 -6.661338e-16 -2.220446e-16 0.000000e+00 -4.440892e-16 2.220446e-16 2.220446e-16 1.110223e-15 -4.440892e-16 -2.220446e-16 2.220446e-16 -1.110223e-15 -2.220446e-16 1.110223e-15 0.000000e+00 -6.661338e-16 -6.661338e-16 6.661338e-16 6.661338e-16 2.220446e-16 6.661338e-16 -2.220446e-16 2.220446e-16 -9.999000e+03 -1.034590e-10 2.141531e-11 -3.359157e-11 -9.999000e+03 -9.999000e+03 -9.999000e+03 -9.999000e+03 -9.999000e+03 -9.999000e+03
2.220446e-16 -6.661338e-16 2.220446e-16 -6.661338e-16 0.000000e+00 -4.440892e-16 2.220446e-16 -4.440892e-16 -2.220446e-16 2.220446e-16 -6.661338e-16 -2.220446e-16 -2.220446e-16 6.661338e-16 8.881784e-16 -2.220446e-16 2.220446e-16 -1.110223e-15 -6.661338e-16 -4.440892e-16 -2.220446e-16 0.000000e+00 2.220446e-16 2.220446e-16 -8.881784e-16 -2.220446e-16 -4.440892e-16 6.661338e-16 -2.220446e-16 -4.440892e-16 -2.220446e-16 2.220446e-16 -2.220446e-16 -1.554312e-15 2.220446e-16 -6.661338e-16 -4.440892e-16 2.220446e-16 -6.661338e-16 -6.661338e-16 -9.999000e+03 -9.999000e+03 2.220446e-16 -3.552714e-15 -8.881784e-16 1.608491e-10 -9.999000e+03 -9.999000e+03 -9.999000e+03 -9.999000e+03 -9.999000e+03
0.000000e+00 2.220446e-16 -1.110223e-15 -1.110223e-15 -2.220446e-16 -2.220446e-16 -2.220446e-16 1.110223e-15 4.440892e-16 -2.220446e-16 -2.220446e-16 6.661338e-16 -2.220446e-16 -2.220446e-16 0.000000e+00 -2.220446e-16 -8.881784e-16 -2.220446e-16 2.220446e-16 2.220446e-16 4.440892e-16 -1.110223e-15 -2.220446e-16 2.220446e-16 -6.661338e-16 6.661338e-16 6.661338e-16 2.220446e-16 2.220446e-16 4.440892e-16 2.220446e-16 -1.110223e-15 -2.220446e-16 0.000000e+00 6.661338e-16 2.220446e-16 0.000000e+00 -4.440892e-16 -2.220446e-16 -9.999000e+03 -9.999000e+03 0.000000e+00 -2.220446e-16 -2.220446e-16 1.776357e-15 -3.108624e-15 1.612142e-10 -9.999000e+03 -9.999000e+03 -9.999000e+03 -9.999000e+03
0.000000e+00 6.661338e-16 -2.220446e-16 -2.220446e-16 -2.220446e-16 2.220446e-16 -4.440892e-16 -2.220446e-16 -8.881784e-16 2.220446e-16 -8.881784e-16 -2.220446e-16 -2.220446e-16 -4.440892e-16 -6.661338e-16 -8.881784e-16 -4.440892e-16 8.881784e-16 -2.220446e-16 6.661338e-16 2.220446e-16 -6.661338e-16 4.440892e-16 -6.661338e-16 -4.440892e-16 2.220446e-16 2.220446e-16 2.220446e-16 4.440892e-16 2.220446e-16 -1.110223e-15 2.220446e-16 6.661338e-16 -2.220446e-16 -2.220446e-16 -2.220446e-16 -2.220446e-16 -2.220446e-16 -9.999000e+03 -9.999000e+03 1.110223e-15 -6.661338e-16 2.220446e-16 -2.220446e-16 -2.220446e-16 -8.881784e-16 3.108624e-15 2.220446e-15 -9.999000e+03 -9.999000e+03 -9.999000e+03
2.220446e-16 0.000000e+00 2.220446e-16 -2.220446e-16 -2.220446e-16 -2.220446e-16 2.220446e-16 -2.220446e-16 -2.220446e-16 2.220446e-16 0.000000e+00 -2.220446e-16 2.220446e-16 -2.220446e-16 -2.220446e-16 -2.220446e-16 -2.220446e-16 -2.220446e-16 2.220446e-16 -2.220446e-16 8.881784e-16 8.881784e-16 -2.220446e-16 8.881784e-16 2.220446e-16 -2.220446e-16 6.661338e-16 -2.220446e-16 -2.220446e-16 -2.220446e-16 -2.220446e-16 -2.220446e-16 -6.661338e-16 0.000000e+00 6.661338e-16 -2.220446e-16 -2.220446e-16 -9.999000e+03 -9.999000e+03 0.000000e+00 4.440892e-16 -4.440892e-16 1.110223e-15 -4.440892e-16 6.661338e-16 4.440892e-16 -2.220446e-16 -4.440892e-16 -8.881784e-16 1.420359e-10 -9.999000e+03
-2.220446e-16 2.220446e-16 -6.661338e-16 6.661338e-16 -2.220446e-16 -6.661338e-16 6.661338e-16 2.220446e-16 -8.881784e-16 -4.440892e-16 0.000000e+00 -2.220446e-16 -4.440892e-16 2.220446e-16 6.661338e-16 -1.110223e-15 2.220446e-16 -2.220446e-16 2.220446e-16 1.554312e-15 2.220446e-16 1.110223e-15 -2.220446e-16 -8.881784e-16 2.220446e-16 2.220446e-16 4.440892e-16 2.220446e-16 -6.661338e-16 4.440892e-16 6.661338e-16 2.220446e-16 -2.220446e-16 0.000000e+00 -2.220446e-16 -9.999000e+03 -9.999000e+03 -9.999000e+03 -2.220446e-16 -2.220446e-16 -4.440892e-16 2.220446e-16 -2.220446e-16 -2.220446e-16 2.220446e-16 -2.220446e-16 -8.881784e-16 2.220446e-16 -8.881784e-16 -1.332268e-15 8.153322e-11
-4.440892e-15 -3.552714e-15 -2.442491e-15 -6.661338e-16 0.000000e+00 2.220446e-16 -1.110223e-15 -2.220446e-16 -2.220446e-16 -6.661338e-16 8.881784e-16 -2.220446e-16 -1.110223e-15 6.661338e-16 4.440892e-16 6.661338e-16 -1.110223e-15 8.881784e-16 0.000000e+00 4.440892e-16 -2.220446e-16 6.661338e-16 -2.220446e-16 4.440892e-16 0.000000e+00 0.000000e+00 -6.661338e-16 -6.661338e-16 -2.220446e-16 -2.220446e-16 0.000000e+00 -2.220446e-16 4.440892e-16 -6.661338e-16 -9.999000e+03 -9.999000e+03 2.220446e-16 2.220446e-16 -6.661338e-16 -2.220446e-16 -1.110223e-15 -6.661338e-16 -2.220446e-16 0.000000e+00 -4.440892e-16 2.220446e-16 6.661338e-16 1.554312e-15 2.220446e-16 0.000000e+00 -4.440892e-16
-4.440892e-15 -4.884981e-15 -3.019807e-14 4.440892e-16 -1.554312e-15 4.440892e-16 -1.110223e-15 -2.220446e-16 -1.554312e-15 -1.110223e-15 -6.661338e-16 -2.220446e-16 -8.881784e-16 -1.554312e-15 -6.661338e-16 -1.554312e-15 -1.110223e-15 2.220446e-16 -1.110223e-15 -2.220446e-16 -1.332268e-15 -1.110223e-15 -2.220446e-16 -2.220446e-16 -4.440892e-16 0.000000e+00 -2.220446e-16 -6.661338e-16 6.661338e-16 0.000000e+00 -6.661338e-16 6.661338e-16 8.881784e-16 -9.999000e+03 -9.999000e+03 6.661338e-16 4.440892e-16 8.881784e-16 -6.661338e-16 -2.220446e-16 -4.440892e-16 -2.220446e-16 -2.220446e-16 -1.110223e-15 -2.220446e-16 0.000000e+00 2.220446e-16 -8.881784e-16 -4.440892e-16 4.440892e-16 6.661338e-16
-4.440892e-16 -4.440892e-15 1.421085e-14 1.776357e-14 -8.881784e-16 -2.664535e-15 -2.664535e-15 0.000000e+00 -2.220446e-16 -1.554312e-15 -6.661338e-16 -1.110223e-15 -4.440892e-16 2.220446e-16 -2.220446e-16 -1.554312e-15 -6.661338e-16 -8.881784e-16 -4.440892e-16 -6.661338e-16 -1.110223e-15 2.220446e-16 -2.220446e-16 2.220446e-16 -1.554312e-15 -6.661338e-16 -2.220446e-16 1.110223e-15 -6.661338e-16 -2.220446e-16 6.661338e-16 2.220446e-16 -9.999000e+03 -9.999000e+03 8.881784e-16 6.661338e-16 -2.220446e-16 4.440892e-16 -6.661338e-16 6.661338e-16 0.000000e+00 -4.440892e-16 -4.440892e-16 -2.220446e-16 -4.440892e-16 6.661338e-16 2.220446e-16 2.220446e-16 -2.220446e-16 -1.110223e-15 -6.661338e-16
8.881784e-16 -1.065814e-14 -2.664535e-15 3.552714e-15 1.776357e-15 -3.108624e-15 8.881784e-16 -1.332268e-15 7.105427e-15 1.421085e-14 -4.263256e-14 1.421085e-14 -1.421085e-14 2.131628e-14 -2.486900e-14 -1.776357e-15 -3.996803e-15 -1.998401e-15 -1.110223e-15 -6.661338e-16 -2.220446e-16 -2.220446e-16 -1.110223e-15 0.000000e+00 -6.661338e-16 -1.110223e-15 -1.332268e-15 -1.110223e-15 6.661338e-16 2.220446e-16 -2.220446e-16 -9.999000e+03 -9.999000e+03 2.220446e-16 -2.220446e-16 0.000000e+00 2.220446e-16 2.220446e-16 -6.661338e-16 4.440892e-16 -2.220446e-16 2.220446e-16 6.661338e-16 2.220446e-16 -4.440892e-16 -2.220446e-16 -1.110223e-15 4.440892e-16 6.661338e-16 -4.440892e-16 2.220446e-16
7.105427e-15 -1.776357e-15 5.329071e-15 -1.776357e-15 -3.907985e-14 4.973799e-14 -3.552714e-14 -3.552714e-14 -1.332268e-15 -3.108624e-15 -1.332268e-15 0.000000e+00 -1.332268e-15 4.440892e-16 -1.332268e-15 4.440892e-16 -3.108624e-15 0.000000e+00 1.776357e-15 -2.220446e-16 -8.881784e-16 -1.110223e-15 -1.332268e-15 -1.110223e-15 -1.998401e-15 -1.332268e-15 -2.220446e-16 -1.110223e-15 -2.220446e-16 -2.220446e-16 -9.999000e+03 -9.999000e+03 -2.220446e-16 -1.110223e-15 1.110223e-15 4.440892e-16 -6.661338e-16 -6.661338e-16 2.220446e-16 -2.220446e-16 -2.220446e-16 0.000000e+00 2.220446e-16 2.220446e-16 -2.220446e-16 6.661338e-16 -6.661338e-16 2.220446e-16 -6.661338e-16 0.000000e+00 2.220446e-16
3.552714e-15 -3.552714e-15 -1.776357e-15 3.996803e-15 -1.776357e-15 6.661338e-16 0.000000e+00 2.220446e-16 2.220446e-16 4.440892e-16 -2.220446e-16 8.881784e-16 -1.554312e-15 -6.661338e-16 -1.110223e-15 -6.661338e-16 -1.554312e-15 -8.881784e-16 -4.440892e-16 1.776357e-15 -1.776357e-14 0.000000e+00 -2.220446e-16 -4.440892e-16 -2.886580e-15 -8.881784e-16 -6.661338e-16 -1.332268e-15 2.220446e-16 -9.999000e+03 -9.999000e+03 6.661338e-16 -2.220446e-16 -2.220446e-16 -1.554312e-15 -6.661338e-16 -6.661338e-16 2.220446e-16 -2.220446e-16 6.661338e-16 8.881784e-16 -6.661338e-16 -6.661338e-16 0.000000e+00 2.220446e-16 -2.220446e-16 -4.440892e-16 -8.881784e-16 4.440892e-16 8.881784e-16 -2.220446e-16
4.440892e-16 1.776357e-15 0.000000e+00 -8.881784e-16 4.440892e-16 -6.661338e-16 -2.220446e-16 2.220446e-16 -2.220446e-16 -4.440892e-16 2.220446e-16 2.220446e-16 -6.661338e-16 2.220446e-16 2.220446e-16 4.440892e-16 -6.661338e-16 2.220446e-16 -1.332268e-15 -8.881784e-16 -8.881784e-16 1.332268e-15 -9.992007e-15 1.776357e-15 -1.998401e-15 -6.661338e-16 -1.554312e-15 -6.661338e-16 -2.220446e-16 -9.999000e+03 -1.110223e-15 4.440892e-16 -2.220446e-16 6.661338e-16 4.440892e-16 -2.220446e-16 2.220446e-16 6.661338e-16 1.110223e-15 -1.110223e-15 2.220446e-16 6.661338e-16 2.220446e-16 -4.440892e-16 -1.110223e-15 -2.220446e-16 6.661338e-16 -2.220446e-16 6.661338e-16 -4.440892e-16 -6.661338e-16
-4.440892e-15 -8.881784e-16 1.332268e-15 2.220446e-16 2.220446e-16 -2.220446e-16 2.220446e-16 -6.661338e-16 0.000000e+00 2.220446e-16 0.000000e+00 2.220446e-16 2.220446e-16 6.661338e-16 -8.881784e-16 -6.661338e-16 -6.661338e-16 1.554312e-15 -2.220446e-16 2.220446e-16 -8.881784e-16 -6.661338e-16 -9.999000e+03 -9.999000e+03 -9.999000e+03 -1.110223e-15 2.220446e-16 -1.776357e-15 -9.999000e+03 -9.999000e+03 -1.554312e-15 -1.110223e-15 2.220446e-16 -2.220446e-16 4.440892e-16 -6.661338e-16 -2.220446e-16 0.000000e+00 -6.661338e-16 2.220446e-16 -2.220446e-16 2.220446e-16 -2.220446e-16 -2.220446e-16 -2.220446e-16 -2.220446e-16 0.000000e+00 -2.220446e-16 2.220446e-16 2.220446e-16 2.220446e-16
-1.776357e-15 -1.776357e-15 -4.440892e-16 2.220446e-16 -8.881784e-16 4.440892e-16 2.220446e-16 -2.220446e-16 -2.220446e-16 6.661338e-16 2.220446e-16 0.000000e+00 -2.220446e-16 -4.440892e-16 6.661338e-16 -2.220446e-16 2.220446e-16 -2.220446e-16 6.661338e-16 -2.220446e-16 -6.661338e-16 -8.881784e-16 -1.998401e-15 -2.220446e-15 -9.999000e+03 -9.999000e+03 -9.999000e+03 -1.110223e-15 -9.999000e+03 -8.881784e-16 -6.661338e-16 -2.220446e-16 -2.220446e-16 6.661338e-16 6.661338e-16 -4.440892e-16 2.220446e-16 -2.220446e-16 -2.220446e-16 -4.440892e-16 -2.220446e-16 4.440892e-16 -8.881784e-16 2.220446e-16 2.220446e-16 2.220446e-16 -1.110223e-15 2.220446e-16 -2.220446e-16 -1.110223e-15 -2.220446e-16
4.440892e-16 2.220446e-16 4.440892e-16 1.554312e-15 6.661338e-16 -2.220446e-16 -6.661338e-16 1.110223e-15 -2.220446e-16 2.220446e-16 -2.220446e-16 -2.220446e-16 -2.220446e-16 -2.220446e-16 -2.220446e-16 0.000000e+00 2.220446e-16 0.000000e+00 1.110223e-15 4.440892e-16 8.881784e-16 -2.220446e-16 -2.220446e-15 -6.661338e-16 -1.776357e-15 -1.110223e-15 -9.999000e+03 -9.999000e+03 -9.999000e+03 -1.776357e-15 -1.554312e-15 -1.554312e-15 -2.220446e-16 -6.661338e-16 -6.661338e-16 2.220446e-16 4.440892e-16 4.440892e-16 4.440892e-16 -2.220446e-16 -6.661338e-16 -2.220446e-16 4.440892e-16 2.220446e-16 -2.220446e-16 0.000000e+00 2.220446e-16 -2.220446e-16 -2.220446e-16 6.661338e-16 0.000000e+00
2.220446e-16 -2.220446e-16 6.661338e-16 -2.220446e-16 0.000000e+00 -2.220446e-16 2.220446e-16 3.552714e-15 -2.220446e-15 -4.440892e-16 -1.554312e-15 -3.108624e-15 0.000000e+00 -3.552714e-15 0.000000e+00 2.220446e-16 2.220446e-16 6.661338e-16 2.220446e-16 -2.220446e-16 -6.661338e-16 2.220446e-16 6.661338e-16 -3.552714e-15 -2.664535e-15 -3.552714e-15 -1.554312e-15 -9.999000e+03 -9.999000e+03 -9.999000e+03 -9.999000e+03 -2.220446e-16 -1.332268e-15 -1.110223e-15 -6.661338e-16 0.000000e+00 2.220446e-16 8.881784e-16 -1.332268e-15 0.000000e+00 6.661338e-16 -2.220446e-16 -2.220446e-16 2.220446e-16 2.220446e-16 -6.661338e-16 -6.661338e-16 0.000000e+00 2.220446e-16 6.661338e-16 2.220446e-16
2.220446e-16 2.220446e-15 8.881784e-16 -3.552714e-15 -2.220446e-16 0.000000e+00 -8.881784e-16 1.776357e-15 -2.664535e-15 -4.440892e-15 2.664535e-15 8.881784e-16 2.220446e-15 8.881784e-16 1.776357e-15 8.881784e-16 -1.776357e-15 -6.661338e-16 8.881784e-16 6.661338e-16 -1.332268e-15 1.332268e-15 -1.776357e-15 4.440892e-16 0.000000e+00 -5.329071e-15 -9.999000e+03 -9.999000e+03 -1.332268e-15 4.440892e-16 -9.999000e+03 -9.999000e+03 -9.999000e+03 -6.661338e-16 -1.332268e-15 1.998401e-15 2.220446e-16 2.220446e-16 2.220446e-16 4.440892e-16 -2.220446e-16 2.220446e-16 -2.220446e-16 2.220446e-16 6.661338e-16 2.220446e-16 -4.440892e-16 1.332268e-15 6.661338e-16 2.220446e-16 2.220446e-16
