tests/data/reference/test_stream_rill_mfda/control/massbalance.asc
ncols	123
nrows	77
xllcorner	-713746.79929998
yllcorner	-1061022.36961616
cellsize	10.0
NODATA_value	-9999
[rows 23 to 45 of 77, columns 0 to 50 of 123]
-9.999000e+03 -9.999000e+03 -9.999000e+03 -9.999000e+03 -9.999000e+03 -9.999000e+03 -9.999000e+03 -9.999000e+03 -9.999000e+03 -9.999000e+03 -9.999000e+03 -9.999000e+03 -9.999000e+03 -9.999000e+03 0.000000e+00 -2.886580e-15 0.000000e+00 -2.664535e-15 6.661338e-16 -1.332268e-15 -1.332268e-15 -1.206368e-11 -1.110223e-15 -4.440892e-16 -1.332268e-15 4.440892e-16 -1.110223e-15 -2.220446e-16 6.661338e-16 -4.440892e-16 -6.661338e-16 -8.881784e-16 -1.110223e-15 -4.440892e-16 0.000000e+00 -1.332268e-15 -8.881784e-16 -8.881784e-16 -4.440892e-16 -1.332268e-15 -8.881784e-16 2.220446e-16 -8.881784e-16 -8.881784e-16 -1.110223e-15 -1.110223e-15 0.000000e+00 -1.776357e-15 -4.440892e-16 0.000000e+00 0.000000e+00
-9.999000e+03 -9.999000e+03 -9.999000e+03 -9.999000e+03 -9.999000e+03 -9.999000e+03 -9.999000e+03 -9.999000e+03 -9.999000e+03 -9.999000e+03 -9.999000e+03 -9.999000e+03 -9.999000e+03 -9.999000e+03 0.000000e+00 4.440892e-15 -3.552714e-15 -1.332268e-15 -2.220446e-16 0.000000e+00 -5.551604e-11 -4.231526e-11 -1.332268e-15 -4.440892e-16 -8.881784e-16 0.000000e+00 0.000000e+00 0.000000e+00 1.110223e-15 -4.440892e-16 -8.881784e-16 -8.881784e-16 -8.881784e-16 -4.440892e-16 -8.881784e-16 6.661338e-16 4.440892e-16 -8.881784e-16 -4.440892e-16 -8.881784e-16 -4.440892e-16 -8.881784e-16 -4.440892e-16 0.000000e+00 0.000000e+00 4.440892e-16 -8.881784e-16 -8.881784e-16 -1.332268e-15 -8.881784e-16 4.440892e-16
-9.999000e+03 -9.999000e+03 -9.999000e+03 -9.999000e+03 -9.999000e+03 -9.999000e+03 -9.999000e+03 -9.999000e+03 -9.999000e+03 -9.999000e+03 -9.999000e+03 -9.999000e+03 -9.999000e+03 -9.999000e+03 0.000000e+00 -1.332268e-15 -1.776357e-15 0.000000e+00 -4.440892e-16 -4.440892e-16 1.640243e-11 0.000000e+00 0.000000e+00 -1.332268e-15 -2.220446e-16 -8.881784e-16 4.440892e-16 -8.881784e-16 4.440892e-16 0.000000e+00 -1.332268e-15 8.881784e-16 -4.440892e-16 4.440892e-16 -4.440892e-16 -2.220446e-16 6.661338e-16 -1.332268e-15 4.440892e-16 -8.881784e-16 -8.881784e-16 -1.776357e-15 0.000000e+00 -8.881784e-16 -4.440892e-16 -8.881784e-16 -1.332268e-15 4.440892e-16 8.881784e-16 0.000000e+00 -4.440892e-16
-9.999000e+03 -9.999000e+03 -9.999000e+03 -9.999000e+03 -9.999000e+03 -9.999000e+03 -9.999000e+03 -9.999000e+03 -9.999000e+03 -9.999000e+03 -9.999000e+03 -9.999000e+03 0.000000e+00 4.440892e-16 8.881784e-16 2.220446e-15 4.440892e-16 -6.661338e-16 -4.440892e-16 -5.087819e-11 -1.110223e-15 -1.332268e-15 -4.440892e-16 -8.881784e-16 -1.332268e-15 -1.110223e-15 6.661338e-16 -4.440892e-16 -1.110223e-15 -4.440892e-16 4.440892e-16 0.000000e+00 -6.661338e-16 -4.440892e-16 0.000000e+00 -2.220446e-16 -2.220446e-16 -4.440892e-16 -8.881784e-16 -4.440892e-16 0.000000e+00 -1.332268e-15 -8.881784e-16 -6.661338e-16 4.440892e-16 -4.440892e-16 -2.220446e-16 -6.661338e-16 -1.332268e-15 -6.661338e-16 -8.881784e-16
-9.999000e+03 -9.999000e+03 -9.999000e+03 -9.999000e+03 -9.999000e+03 -9.999000e+03 -9.999000e+03 -9.999000e+03 -9.999000e+03 -9.999000e+03 -9.999000e+03 -9.999000e+03 -9.999000e+03 6.661338e-16 -1.554312e-15 2.220446e-16 -2.220446e-16 -6.661338e-16 3.325340e-11 -6.661338e-16 -1.776357e-15 -4.440892e-16 4.440892e-16 -7.105427e-15 0.000000e+00 0.000000e+00 2.220446e-16 -8.881784e-16 -4.440892e-16 4.440892e-16 -8.881784e-16 2.220446e-16 2.220446e-16 -4.440892e-16 -4.440892e-16 -6.661338e-16 -1.332268e-15 4.440892e-16 -1.776357e-15 0.000000e+00 -4.440892e-16 -4.440892e-16 4.440892e-16 -4.440892e-16 -2.220446e-16 -1.332268e-15 -4.440892e-16 -4.440892e-16 -8.881784e-16 0.000000e+00 -4.440892e-16
-9.999000e+03 -9.999000e+03 -9.999000e+03 -9.999000e+03 -9.999000e+03 -9.999000e+03 -9.999000e+03 -9.999000e+03 -9.999000e+03 -9.999000e+03 -9.999000e+03 -9.999000e+03 -9.999000e+03 -9.999000e+03 -9.999000e+03 1.332268e-15 -6.661338e-16 -5.782397e-11 7.079670e-12 4.440892e-15 -6.661338e-16 -2.664535e-15 -1.776357e-14 -2.220446e-15 1.332268e-15 -1.421085e-14 2.220446e-16 -8.881784e-16 0.000000e+00 -4.440892e-16 0.000000e+00 0.000000e+00 0.000000e+00 1.110223e-15 8.881784e-16 0.000000e+00 -1.332268e-15 -4.440892e-16 8.881784e-16 -8.881784e-16 -1.332268e-15 -2.220446e-16 -4.440892e-16 -4.440892e-16 0.000000e+00 2.220446e-16 0.000000e+00 -4.440892e-16 -4.440892e-16 -1.110223e-15 -1.332268e-15
-9.999000e+03 -9.999000e+03 -9.999000e+03 -9.999000e+03 -9.999000e+03 -9.999000e+03 -9.999000e+03 -9.999000e+03 -9.999000e+03 -9.999000e+03 -9.999000e+03 -9.999000e+03 -9.999000e+03 -9.999000e+03 -9.999000e+03 -9.999000e+03 -8.881784e-16 -1.335398e-11 -3.996803e-15 4.440892e-16 -6.661338e-15 -1.065814e-14 -8.881784e-16 3.552714e-15 -2.664535e-15 -4.440892e-15 5.684342e-14 -5.684342e-14 -4.263256e-14 -4.089955e-10 -4.440892e-16 0.000000e+00 4.440892e-16 -8.881784e-16 -8.881784e-16 4.440892e-16 0.000000e+00 4.440892e-16 -8.881784e-16 -4.440892e-16 -8.881784e-16 -4.440892e-16 -8.881784e-16 -8.881784e-16 2.220446e-16 -1.332268e-15 0.000000e+00 -8.881784e-16 -1.332268e-15 -6.661338e-16 -1.332268e-15
-9.999000e+03 -9.999000e+03 -9.999000e+03 -9.999000e+03 -9.999000e+03 -9.999000e+03 -9.999000e+03 -9.999000e+03 -9.999000e+03 -9.999000e+03 -9.999000e+03 -9.999000e+03 -9.999000e+03 -9.999000e+03 -9.999000e+03 -9.999000e+03 1.082436e-10 -6.661338e-16 1.421085e-14 1.776357e-14 2.842171e-14 -4.440892e-16 -4.440892e-15 1.332268e-15 -1.332268e-15 -1.776357e-15 0.000000e+00 1.776357e-15 -3.996803e-15 -3.552714e-15 -4.782734e-10 -8.881784e-16 -2.220446e-16 -1.110223e-15 -4.440892e-16 8.881784e-16 -8.207699e-09 -1.275430e-08 1.881923e-08 -1.261100e-08 -8.881784e-16 -8.881784e-16 -8.881784e-16 0.000000e+00 0.000000e+00 0.000000e+00 -8.881784e-16 0.000000e+00 -1.110223e-15 -1.332268e-15 0.000000e+00
-9.999000e+03 -9.999000e+03 -9.999000e+03 -9.999000e+03 -9.999000e+03 -9.999000e+03 -9.999000e+03 -9.999000e+03 -9.999000e+03 -9.999000e+03 -9.999000e+03 -9.999000e+03 -9.999000e+03 -9.999000e+03 -9.999000e+03 -4.868994e-12 -4.662937e-15 3.552714e-15 2.220446e-15 -4.440892e-16 -1.776357e-15 -2.664535e-15 4.440892e-16 4.440892e-16 4.440892e-16 -4.440892e-16 -2.664535e-15 1.332268e-15 -2.664535e-15 -5.329071e-15 -7.549517e-15 2.301725e-09 7.431794e-09 -1.001284e-08 -7.886058e-09 3.733312e-09 -8.881784e-16 -4.440892e-16 -4.440892e-16 -1.776357e-15 5.229644e-09 -2.640640e-08 -1.535236e-08 1.348180e-08 -6.661338e-16 0.000000e+00 -2.220446e-16 8.881784e-16 -4.440892e-16 -2.220446e-15 0.000000e+00
-9.999000e+03 -9.999000e+03 -9.999000e+03 -9.999000e+03 -9.999000e+03 -9.999000e+03 -9.999000e+03 -9.999000e+03 -9.999000e+03 -9.999000e+03 -9.999000e+03 -9.999000e+03 -9.999000e+03 -9.999000e+03 1.366729e-11 -2.399574e-10 5.329071e-15 -3.996803e-15 0.000000e+00 -8.881784e-16 -8.881784e-16 4.440892e-16 -1.776357e-15 -2.664535e-15 -2.220446e-15 -4.440892e-16 -4.440892e-16 3.552714e-15 -4.440892e-16 8.881784e-16 -4.440892e-16 0.000000e+00 -2.664535e-15 8.881784e-16 1.776357e-15 8.881784e-16 0.000000e+00 0.000000e+00 3.108624e-15 1.332268e-15 1.776357e-15 -1.776357e-15 2.664535e-15 8.881784e-16 0.000000e+00 1.776357e-15 8.881784e-16 0.000000e+00 -4.440892e-16 4.440892e-16 -4.440892e-16
-9.999000e+03 -9.999000e+03 -9.999000e+03 -9.999000e+03 -9.999000e+03 -9.999000e+03 -9.999000e+03 -9.999000e+03 -9.999000e+03 -9.999000e+03 -9.999000e+03 -9.999000e+03 -9.999000e+03 -9.999000e+03 2.005329e-10 7.882583e-15 2.220446e-15 4.440892e-16 -1.332268e-15 0.000000e+00 -8.881784e-16 -4.440892e-16 -3.996803e-15 -2.220446e-15 1.332268e-15 4.440892e-15 -8.881784e-16 2.220446e-15 0.000000e+00 1.332268e-15 -8.881784e-16 4.440892e-16 3.108624e-15 -4.440892e-16 -2.220446e-16 -8.881784e-16 -4.440892e-16 0.000000e+00 -4.440892e-16 -1.776357e-15 0.000000e+00 -2.220446e-15 0.000000e+00 -4.440892e-16 2.220446e-16 -8.881784e-16 -1.332268e-15 2.220446e-15 -2.664535e-15 7.105427e-15 -1.776357e-15
-9.999000e+03 -9.999000e+03 -9.999000e+03 -9.999000e+03 -9.999000e+03 -9.999000e+03 -9.999000e+03 -9.999000e+03 -9.999000e+03 -9.999000e+03 -9.999000e+03 -9.999000e+03 -9.999000e+03 1.247673e-10 -1.354472e-14 0.000000e+00 1.332268e-15 -4.440892e-16 -1.776357e-15 -6.661338e-16 0.000000e+00 2.220446e-15 1.332268e-15 8.881784e-16 -2.664535e-15 2.220446e-15 1.776357e-15 1.776357e-15 2.664535e-15 1.332268e-15 0.000000e+00 -3.552714e-15 -1.554312e-15 -4.440892e-16 0.000000e+00 -8.881784e-16 6.661338e-16 -8.881784e-16 -2.220446e-16 -4.440892e-16 -2.220446e-16 -8.881784e-16 -4.440892e-16 0.000000e+00 -4.440892e-16 4.440892e-16 8.881784e-16 -5.329071e-15 -3.552714e-15 -1.776357e-15 -1.776357e-15
-9.999000e+03 -9.999000e+03 -9.999000e+03 -9.999000e+03 -9.999000e+03 -9.999000e+03 -9.999000e+03 -9.999000e+03 -9.999000e+03 -9.999000e+03 -9.999000e+03 -9.999000e+03 -4.012568e-12 -3.785487e-10 -4.440892e-16 -1.110223e-15 -8.881784e-16 4.440892e-16 -2.220446e-16 -4.440892e-16 2.664535e-15 -8.881784e-16 -1.332268e-15 1.776357e-15 -8.881784e-16 -1.332268e-15 -2.664535e-15 -4.440892e-16 -8.881784e-16 -3.552714e-15 1.332268e-15 -4.440892e-16 -1.332268e-15 -1.332268e-15 -1.110223e-15 -8.881784e-16 -8.881784e-16 -1.332268e-15 -1.110223e-15 -8.881784e-16 -4.440892e-16 -6.661338e-16 -4.440892e-16 0.000000e+00 -2.220446e-15 -1.776357e-15 -4.440892e-16 1.776357e-15 -8.881784e-16 8.881784e-16 2.220446e-15
-9.999000e+03 -9.999000e+03 -9.999000e+03 -9.999000e+03 -9.999000e+03 -9.999000e+03 -9.999000e+03 -9.999000e+03 -9.999000e+03 -9.999000e+03 -9.999000e+03 -9.999000e+03 -6.422329e-11 5.329071e-15 -8.881784e-16 0.000000e+00 0.000000e+00 0.000000e+00 -8.881784e-16 -2.664535e-15 2.664535e-15 0.000000e+00 1.332268e-15 8.881784e-16 -4.440892e-16 2.220446e-15 4.440892e-16 -4.440892e-15 2.664535e-15 2.664535e-15 -1.332268e-15 4.440892e-16 -1.332268e-15 -1.110223e-15 -8.881784e-16 -4.440892e-16 -1.110223e-15 0.000000e+00 -4.440892e-16 -6.661338e-16 -4.440892e-16 -1.776357e-15 0.000000e+00 0.000000e+00 1.332268e-15 4.440892e-16 8.881784e-16 -4.440892e-16 -4.440892e-16 0.000000e+00 1.776357e-15
-9.999000e+03 -9.999000e+03 -9.999000e+03 -9.999000e+03 -9.999000e+03 -9.999000e+03 -9.999000e+03 -9.999000e+03 -9.999000e+03 -9.999000e+03 -9.999000e+03 2.276885e-10 -1.998401e-15 8.881784e-16 -4.440892e-16 -6.661338e-16 -1.110223e-15 -1.332268e-15 -4.440892e-16 -1.776357e-15 -8.881784e-16 -3.996803e-15 -8.881784e-16 -1.776357e-15 -4.440892e-16 -1.332268e-15 8.881784e-16 4.440892e-16 -2.664535e-15 2.664535e-15 -1.332268e-15 -4.440892e-16 0.000000e+00 -4.440892e-16 -6.661338e-16 -8.881784e-16 -8.881784e-16 2.220446e-15 4.440892e-16 4.440892e-16 0.000000e+00 -1.998401e-15 -1.776357e-15 -8.881784e-16 -8.881784e-16 -1.776357e-15 8.881784e-16 0.000000e+00 0.000000e+00 -8.881784e-16 -1.332268e-15
-9.999000e+03 -9.999000e+03 -9.999000e+03 -9.999000e+03 -9.999000e+03 -9.999000e+03 -9.999000e+03 -9.999000e+03 -9.999000e+03 -9.999000e+03 -6.295520e-11 2.728120e-10 -1.554312e-15 -1.332268e-15 0.000000e+00 -1.332268e-15 -2.220446e-16 -1.776357e-15 1.776357e-15 2.664535e-15 1.332268e-15 1.332268e-15 0.000000e+00 -4.440892e-16 2.220446e-15 1.776357e-15 -8.881784e-16 1.776357e-15 -1.776357e-15 -3.108624e-15 -4.440892e-16 -4.440892e-16 -6.661338e-16 -8.881784e-16 -1.332268e-15 8.881784e-16 -8.881784e-16 4.440892e-16 -1.332268e-15 -4.440892e-16 0.000000e+00 0.000000e+00 0.000000e+00 -8.881784e-16 -8.881784e-16 -4.440892e-16 8.881784e-16 -1.776357e-15 -8.881784e-16 1.332268e-15 4.440892e-16
-9.999000e+03 -9.999000e+03 -9.999000e+03 -9.999000e+03 -9.999000e+03 -9.999000e+03 -9.999000e+03 -9.999000e+03 -9.999000e+03 -9.999000e+03 -3.766640e-10 -1.776357e-15 -2.220446e-15 -6.661338e-16 -4.440892e-16 0.000000e+00 -2.664535e-15 -8.881784e-16 -1.332268e-15 1.332268e-15 -2.664535e-15 -4.440892e-16 8.881784e-16 -8.881784e-16 8.881784e-16 -8.881784e-16 -8.881784e-16 -8.881784e-16 2.664535e-15 1.776357e-15 2.220446e-15 -1.332268e-15 -8.881784e-16 -1.332268e-15 -4.440892e-16 -8.881784e-16 -4.440892e-16 -1.332268e-15 -8.881784e-16 -2.220446e-16 -1.332268e-15 -1.110223e-15 2.220446e-16 4.440892e-16 -6.661338e-16 -8.881784e-16 0.000000e+00 -1.776357e-15 8.881784e-16 -1.332268e-15 -2.220446e-15
-9.999000e+03 -9.999000e+03 -9.999000e+03 -9.999000e+03 -9.999000e+03 -9.999000e+03 -9.999000e+03 -9.999000e+03 -9.999000e+03 6.969492e-11 5.995204e-15 4.440892e-16 -4.440892e-16 -8.881784e-16 -2.220446e-16 0.000000e+00 0.000000e+00 1.332268e-15 -4.440892e-16 2.664535e-15 1.332268e-15 -1.332268e-15 0.000000e+00 0.000000e+00 8.881784e-16 8.881784e-16 8.881784e-16 2.220446e-15 -4.440892e-16 -8.881784e-16 -4.884981e-15 -8.881784e-16 -8.881784e-16 -4.440892e-16 -2.220446e-16 -1.332268e-15 -4.440892e-16 -4.440892e-16 -8.881784e-16 0.000000e+00 -6.661338e-16 -1.332268e-15 -8.881784e-16 2.220446e-16 -8.881784e-16 -6.661338e-16 0.000000e+00 -8.881784e-16 0.000000e+00 8.881784e-16 3.197442e-14
-9.999000e+03 -9.999000e+03 -9.999000e+03 -9.999000e+03 -9.999000e+03 -9.999000e+03 -9.999000e+03 -9.999000e+03 -9.999000e+03 -2.738769e-10 -3.552714e-15 -2.220446e-16 -1.110223e-15 -8.881784e-16 -2.220446e-16 1.332268e-15 2.664535e-15 -2.220446e-15 0.000000e+00 1.332268e-15 0.000000e+00 4.440892e-16 1.776357e-15 -8.881784e-16 8.881784e-16 -4.440892e-16 1.332268e-15 0.000000e+00 -1.776357e-15 3.552714e-15 -3.108624e-15 -4.440892e-16 4.440892e-16 8.881784e-16 4.440892e-16 -1.110223e-15 1.776357e-15 0.000000e+00 -1.332268e-15 0.000000e+00 -4.440892e-16 4.440892e-16 -4.440892e-16 4.440892e-15 4.440892e-16 -8.881784e-16 -1.332268e-15 -4.440892e-16 -4.440892e-16 4.973799e-14 7.549517e-15
-9.999000e+03 -9.999000e+03 -9.999000e+03 -9.999000e+03 -9.999000e+03 -9.999000e+03 -9.999000e+03 -9.999000e+03 -7.497114e-12 1.554312e-15 -2.220446e-16 -1.554312e-15 2.220446e-16 -1.110223e-15 4.440892e-16 -3.108624e-15 2.664535e-15 -8.881784e-16 -1.776357e-15 0.000000e+00 8.881784e-16 -4.440892e-16 -8.881784e-16 1.776357e-15 4.440892e-16 -2.220446e-15 1.776357e-15 3.108624e-15 8.881784e-16 4.440892e-15 1.776357e-15 -4.440892e-16 4.440892e-16 -1.332268e-15 -4.440892e-16 0.000000e+00 1.332268e-15 4.440892e-16 -8.881784e-16 1.332268e-15 4.440892e-16 -8.881784e-16 -2.664535e-15 8.881784e-16 -1.332268e-15 2.664535e-15 0.000000e+00 6.394885e-14 -7.815970e-14 -8.437695e-15 -8.881784e-16
-9.999000e+03 -9.999000e+03 -9.999000e+03 -9.999000e+03 -9.999000e+03 -9.999000e+03 -9.999000e+03 3.277734e-11 1.810094e-10 -1.332268e-15 -1.332268e-15 0.000000e+00 -1.776357e-15 -4.440892e-16 -8.881784e-16 8.881784e-16 8.881784e-16 0.000000e+00 1.776357e-15 8.881784e-16 4.440892e-16 1.332268e-15 -2.220446e-15 -2.220446e-15 2.664535e-15 -1.776357e-15 0.000000e+00 0.000000e+00 -8.881784e-16 -2.664535e-15 -4.440892e-16 -3.108624e-15 1.776357e-15 -2.220446e-15 0.000000e+00 8.881784e-16 -1.776357e-15 -3.552714e-15 -1.332268e-15 0.000000e+00 7.105427e-15 -7.105427e-15 4.618528e-14 -4.263256e-14 -7.105427e-15 1.332268e-15 4.263256e-14 8.881784e-16 3.108624e-15 2.664535e-15 -2.220446e-15
-9.999000e+03 -9.999000e+03 -9.999000e+03 -9.999000e+03 -9.999000e+03 -9.999000e+03 -9.999000e+03 1.264993e-10 0.000000e+00 -6.661338e-16 -6.661338e-16 0.000000e+00 -8.881784e-16 -4.440892e-16 -1.332268e-15 -1.776357e-15 4.440892e-16 -4.440892e-16 -1.332268e-15 -6.661338e-16 8.881784e-16 -4.440892e-16 4.440892e-16 -4.440892e-16 0.000000e+00 1.332268e-15 -1.332268e-15 8.881784e-16 1.776357e-15 0.000000e+00 0.000000e+00 8.881784e-16 1.776357e-15 -8.881784e-15 1.776357e-14 2.842171e-14 -3.552714e-15 1.065814e-14 1.776357e-14 -5.329071e-14 1.332268e-15 0.000000e+00 -4.440892e-16 3.996803e-15 -1.332268e-15 -7.105427e-15 8.881784e-16 4.884981e-15 -2.664535e-15 8.881784e-16 -2.220446e-15
-9.999000e+03 -9.999000e+03 -9.999000e+03 -9.999000e+03 -9.999000e+03 -9.999000e+03 -9.999000e+03 3.330669e-15 -2.664535e-15 -4.440892e-16 -4.440892e-16 -8.881784e-16 2.220446e-16 -1.776357e-15 8.881784e-16 4.440892e-16 -4.440892e-16 0.000000e+00 -4.440892e-16 -8.881784e-16 1.776357e-15 3.552714e-15 2.664535e-15 1.776357e-15 -1.776357e-15 2.664535e-15 8.881784e-16 -2.664535e-15 4.440892e-16 2.664535e-15 7.993606e-15 0.000000e+00 3.552714e-15 4.440892e-16 -8.881784e-16 -8.881784e-16 -2.664535e-15 8.881784e-16 -1.332268e-15 -1.776357e-15 -4.440892e-16 1.332268e-15 -2.664535e-15 1.332268e-15 -4.440892e-16 -3.552714e-15 0.000000e+00 0.000000e+00 2.664535e-15 2.664535e-15 -1.332268e-15
