tests/data/reference/test_stream_rill_mfda/control/massbalance.asc
ncols	123
nrows	77
xllcorner	-713746.79929998
yllcorner	-1061022.36961616
cellsize	10.0
NODATA_value	-9999
[rows 23 to 45 of 77, columns 0 to 50 of 123]
-9.999000e+03 -9.999000e+03 -9.999000e+03 -9.999000e+03 -9.999000e+03 -9.999000e+03 -9.999000e+03 -9.999000e+03 -9.999000e+03 -9.999000e+03 -9.999000e+03 -9.999000e+03 -9.999000e+03 -9.999000e+03 -1.332268e-15 -1.998401e-15 -4.440892e-16 -2.664535e-15 -1.110223e-15 -2.664535e-15 -1.776357e-15 9.986678e-12 -6.661338e-16 -2.220446e-16 -1.110223e-15 -1.554312e-15 -2.220446e-15 -1.110223e-15 -2.220446e-16 -2.220446e-16 -2.220446e-16 2.220446e-16 4.440892e-16 -2.220446e-16 0.000000e+00 0.000000e+00 6.661338e-16 2.220446e-16 -2.220446e-16 -2.220446e-16 -1.110223e-15 2.220446e-16 -6.661338e-16 -2.220446e-16 6.661338e-16 -6.661338e-16 -2.220446e-16 -2.220446e-16 -2.220446e-16 -2.220446e-16 -2.220446e-16
-9.999000e+03 -9.999000e+03 -9.999000e+03 -9.999000e+03 -9.999000e+03 -9.999000e+03 -9.999000e+03 -9.999000e+03 -9.999000e+03 -9.999000e+03 -9.999000e+03 -9.999000e+03 -9.999000e+03 -9.999000e+03 -2.220446e-16 -4.440892e-15 -3.552714e-15 -8.881784e-16 -1.332268e-15 -2.220446e-16 2.345013e-11 5.727929e-11 -3.108624e-15 -6.661338e-16 -6.661338e-16 -1.332268e-15 -2.220446e-16 0.000000e+00 -2.220446e-16 -2.220446e-16 2.220446e-16 -4.440892e-16 2.220446e-16 -1.110223e-15 -4.440892e-16 2.220446e-16 -4.440892e-16 0.000000e+00 -6.661338e-16 -2.220446e-16 2.220446e-16 -4.440892e-16 2.220446e-16 4.440892e-16 -2.220446e-16 2.220446e-16 6.661338e-16 4.440892e-16 -2.220446e-16 -2.220446e-16 6.661338e-16
-9.999000e+03 -9.999000e+03 -9.999000e+03 -9.999000e+03 -9.999000e+03 -9.999000e+03 -9.999000e+03 -9.999000e+03 -9.999000e+03 -9.999000e+03 -9.999000e+03 -9.999000e+03 -9.999000e+03 -9.999000e+03 -7.105427e-15 -1.332268e-15 -4.440892e-16 -1.110223e-15 -1.110223e-15 -6.661338e-16 5.279355e-11 -2.220446e-16 -2.220446e-16 -2.220446e-16 -2.220446e-16 2.220446e-16 -1.110223e-15 -1.110223e-15 -4.440892e-16 -8.881784e-16 -8.881784e-16 -1.110223e-15 -6.661338e-16 8.881784e-16 -6.661338e-16 -2.220446e-16 2.220446e-16 -2.220446e-16 -2.220446e-16 0.000000e+00 2.220446e-16 -2.220446e-16 -4.440892e-16 -6.661338e-16 2.220446e-16 2.220446e-16 -6.661338e-16 6.661338e-16 4.440892e-16 -2.220446e-16 -2.220446e-16
-9.999000e+03 -9.999000e+03 -9.999000e+03 -9.999000e+03 -9.999000e+03 -9.999000e+03 -9.999000e+03 -9.999000e+03 -9.999000e+03 -9.999000e+03 -9.999000e+03 -9.999000e+03 -3.108624e-15 0.000000e+00 -1.776357e-15 -2.220446e-15 -4.440892e-16 2.220446e-16 -8.881784e-16 3.023271e-11 -1.998401e-15 -5.329071e-15 -8.881784e-16 -1.110223e-15 -1.110223e-15 -1.998401e-15 -2.220446e-16 -1.110223e-15 -1.110223e-15 -1.998401e-15 -6.661338e-16 -2.220446e-16 -8.881784e-16 -6.661338e-16 -1.554312e-15 6.661338e-16 1.110223e-15 -1.110223e-15 0.000000e+00 -2.220446e-16 -2.220446e-16 -6.661338e-16 -2.220446e-16 -2.220446e-16 -2.220446e-16 -2.220446e-16 -6.661338e-16 4.440892e-16 -2.220446e-16 4.440892e-16 1.110223e-15
-9.999000e+03 -9.999000e+03 -9.999000e+03 -9.999000e+03 -9.999000e+03 -9.999000e+03 -9.999000e+03 -9.999000e+03 -9.999000e+03 -9.999000e+03 -9.999000e+03 -9.999000e+03 -9.999000e+03 -6.661338e-16 -1.332268e-15 -2.442491e-15 6.661338e-16 -1.332268e-15 2.766254e-11 -8.881784e-16 4.440892e-16 -1.332268e-15 -1.110223e-15 -1.776357e-14 -3.552714e-15 -6.661338e-16 0.000000e+00 -6.661338e-16 0.000000e+00 -1.776357e-15 -1.554312e-15 -6.661338e-16 -6.661338e-16 -8.881784e-16 -6.661338e-16 -2.220446e-16 -1.554312e-15 -1.554312e-15 -4.440892e-16 -6.661338e-16 4.440892e-16 -1.110223e-15 -4.440892e-16 2.220446e-16 2.220446e-16 2.220446e-16 4.440892e-16 6.661338e-16 6.661338e-16 -6.661338e-16 -2.220446e-16
-9.999000e+03 -9.999000e+03 -9.999000e+03 -9.999000e+03 -9.999000e+03 -9.999000e+03 -9.999000e+03 -9.999000e+03 -9.999000e+03 -9.999000e+03 -9.999000e+03 -9.999000e+03 -9.999000e+03 -9.999000e+03 -9.999000e+03 2.220446e-16 -1.554312e-15 6.361622e-11 -5.373635e-11 -1.776357e-15 -1.776357e-15 3.996803e-15 -2.842171e-14 -8.881784e-16 1.776357e-15 1.776357e-14 -8.881784e-16 -6.661338e-16 -1.332268e-15 -1.110223e-15 -2.220446e-16 -2.220446e-16 -1.110223e-15 -6.661338e-16 -6.661338e-16 -1.332268e-15 -4.440892e-16 -8.881784e-16 -2.220446e-16 -1.110223e-15 -6.661338e-16 2.220446e-16 -1.110223e-15 -6.661338e-16 2.220446e-16 0.000000e+00 -6.661338e-16 4.440892e-16 4.440892e-16 -2.220446e-16 2.220446e-16
-9.999000e+03 -9.999000e+03 -9.999000e+03 -9.999000e+03 -9.999000e+03 -9.999000e+03 -9.999000e+03 -9.999000e+03 -9.999000e+03 -9.999000e+03 -9.999000e+03 -9.999000e+03 -9.999000e+03 -9.999000e+03 -9.999000e+03 -9.999000e+03 -1.554312e-15 2.297895e-11 -8.881784e-16 -8.881784e-16 2.486900e-14 3.197442e-14 1.776357e-15 -1.332268e-15 -8.881784e-16 -1.332268e-15 -4.973799e-14 -2.842171e-14 1.655529e-09 3.127226e-09 -6.661338e-16 -1.110223e-15 -1.332268e-15 2.220446e-16 -6.661338e-16 -1.554312e-15 0.000000e+00 -1.110223e-15 -2.220446e-16 -1.110223e-15 -1.554312e-15 -4.440892e-16 -2.220446e-16 0.000000e+00 0.000000e+00 2.220446e-16 6.661338e-16 2.220446e-16 6.661338e-16 2.220446e-16 0.000000e+00
-9.999000e+03 -9.999000e+03 -9.999000e+03 -9.999000e+03 -9.999000e+03 -9.999000e+03 -9.999000e+03 -9.999000e+03 -9.999000e+03 -9.999000e+03 -9.999000e+03 -9.999000e+03 -9.999000e+03 -9.999000e+03 -9.999000e+03 -9.999000e+03 -9.859669e-12 -1.354472e-14 1.421085e-14 -4.973799e-14 4.440892e-16 -2.664535e-15 0.000000e+00 -2.664535e-15 0.000000e+00 8.881784e-16 1.332268e-15 3.108624e-15 -2.220446e-15 0.000000e+00 3.682061e-09 -2.220446e-15 -1.110223e-15 -6.661338e-16 -1.554312e-15 1.332268e-15 -1.337656e-08 1.095295e-09 -2.223560e-08 -1.123712e-08 -1.110223e-15 -6.661338e-16 -1.110223e-15 6.661338e-16 -4.440892e-16 -2.220446e-16 1.110223e-15 2.220446e-16 4.440892e-16 6.661338e-16 0.000000e+00
-9.999000e+03 -9.999000e+03 -9.999000e+03 -9.999000e+03 -9.999000e+03 -9.999000e+03 -9.999000e+03 -9.999000e+03 -9.999000e+03 -9.999000e+03 -9.999000e+03 -9.999000e+03 -9.999000e+03 -9.999000e+03 -9.999000e+03 -1.296074e-11 -1.176836e-14 -3.552714e-15 -1.332268e-15 -4.440892e-15 -8.881784e-16 0.000000e+00 0.000000e+00 -8.881784e-16 -3.108624e-15 -2.664535e-15 -8.881784e-16 2.664535e-15 -3.552714e-15 -8.881784e-16 1.332268e-15 -3.934950e-09 3.448250e-09 1.173515e-08 -6.027285e-09 1.071940e-08 4.440892e-16 -4.440892e-16 -1.332268e-15 -8.881784e-16 -1.313839e-08 2.313742e-08 -1.616744e-08 -5.638938e-09 -6.661338e-16 -6.661338e-16 -1.110223e-15 -6.661338e-16 6.661338e-16 1.110223e-15 6.661338e-16
-9.999000e+03 -9.999000e+03 -9.999000e+03 -9.999000e+03 -9.999000e+03 -9.999000e+03 -9.999000e+03 -9.999000e+03 -9.999000e+03 -9.999000e+03 -9.999000e+03 -9.999000e+03 -9.999000e+03 -9.999000e+03 4.374057e-11 8.900969e-11 4.440892e-15 1.776357e-15 0.000000e+00 0.000000e+00 0.000000e+00 4.440892e-16 -8.881784e-16 -2.220446e-15 -3.108624e-15 1.332268e-15 -2.664535e-15 -1.776357e-15 -8.881784e-16 -3.552714e-15 -3.552714e-15 -1.776357e-15 -2.664535e-15 -3.108624e-15 -4.440892e-16 -8.881784e-16 -6.661338e-16 2.220446e-16 -1.332268e-15 -1.332268e-15 -1.332268e-15 1.332268e-15 -1.776357e-15 4.440892e-16 -3.996803e-15 8.881784e-16 1.421085e-14 -1.110223e-15 -6.661338e-16 -8.881784e-16 2.220446e-16
-9.999000e+03 -9.999000e+03 -9.999000e+03 -9.999000e+03 -9.999000e+03 -9.999000e+03 -9.999000e+03 -9.999000e+03 -9.999000e+03 -9.999000e+03 -9.999000e+03 -9.999000e+03 -9.999000e+03 -9.999000e+03 -1.743050e-10 -1.521006e-14 -1.776357e-15 4.440892e-16 0.000000e+00 -4.440892e-16 2.220446e-16 -4.440892e-16 0.000000e+00 -8.881784e-16 -1.776357e-15 -1.776357e-15 3.108624e-15 -1.776357e-15 1.776357e-15 -8.881784e-16 1.776357e-15 4.440892e-15 0.000000e+00 2.220446e-16 0.000000e+00 -1.554312e-15 4.440892e-16 -6.661338e-16 -4.440892e-16 -1.332268e-15 8.881784e-16 -8.881784e-16 -1.776357e-15 -2.220446e-16 -1.110223e-15 2.220446e-16 -1.110223e-15 8.881784e-16 4.440892e-15 1.065814e-14 2.664535e-15
-9.999000e+03 -9.999000e+03 -9.999000e+03 -9.999000e+03 -9.999000e+03 -9.999000e+03 -9.999000e+03 -9.999000e+03 -9.999000e+03 -9.999000e+03 -9.999000e+03 -9.999000e+03 -9.999000e+03 -5.911938e-11 9.547918e-15 -8.881784e-16 -1.332268e-15 4.440892e-16 -2.220446e-16 -6.661338e-16 -4.440892e-16 -3.108624e-15 -1.776357e-15 4.440892e-16 0.000000e+00 -3.108624e-15 8.881784e-16 -3.108624e-15 -1.332268e-15 -1.776357e-15 -4.440892e-15 -1.776357e-15 6.661338e-16 4.440892e-16 2.220446e-16 -8.881784e-16 2.220446e-16 0.000000e+00 4.440892e-16 -2.220446e-16 2.220446e-16 2.220446e-16 -2.220446e-16 -4.440892e-16 -1.110223e-15 -2.220446e-16 -8.881784e-16 1.776357e-15 0.000000e+00 -4.440892e-15 3.552714e-15
-9.999000e+03 -9.999000e+03 -9.999000e+03 -9.999000e+03 -9.999000e+03 -9.999000e+03 -9.999000e+03 -9.999000e+03 -9.999000e+03 -9.999000e+03 -9.999000e+03 -9.999000e+03 8.377499e-11 2.062590e-10 2.220446e-16 4.440892e-16 -2.220446e-16 -2.220446e-16 -2.220446e-16 2.220446e-16 1.332268e-15 -1.776357e-15 -2.664535e-15 8.881784e-16 3.996803e-15 -1.776357e-15 1.332268e-15 2.220446e-15 8.881784e-16 -2.220446e-15 2.220446e-15 2.220446e-16 -2.220446e-16 -1.110223e-15 6.661338e-16 -6.661338e-16 4.440892e-16 -6.661338e-16 -2.220446e-16 6.661338e-16 -8.881784e-16 -2.220446e-16 6.661338e-16 8.881784e-16 -3.108624e-15 1.332268e-15 -2.664535e-15 -1.332268e-15 3.108624e-15 -8.881784e-16 -1.776357e-15
-9.999000e+03 -9.999000e+03 -9.999000e+03 -9.999000e+03 -9.999000e+03 -9.999000e+03 -9.999000e+03 -9.999000e+03 -9.999000e+03 -9.999000e+03 -9.999000e+03 -9.999000e+03 -2.909291e-10 -2.664535e-15 4.440892e-16 2.220446e-16 2.220446e-16 -6.661338e-16 6.661338e-16 8.881784e-16 3.996803e-15 8.881784e-16 1.332268e-15 4.440892e-16 2.664535e-15 4.440892e-16 -1.776357e-15 -8.881784e-16 -1.776357e-15 -3.552714e-15 -1.776357e-15 2.220446e-16 0.000000e+00 -2.220446e-16 2.220446e-16 6.661338e-16 6.661338e-16 2.220446e-16 1.110223e-15 6.661338e-16 6.661338e-16 0.000000e+00 0.000000e+00 4.440892e-16 0.000000e+00 1.332268e-15 -8.881784e-16 -3.108624e-15 -3.552714e-15 -1.332268e-15 2.664535e-15
-9.999000e+03 -9.999000e+03 -9.999000e+03 -9.999000e+03 -9.999000e+03 -9.999000e+03 -9.999000e+03 -9.999000e+03 -9.999000e+03 -9.999000e+03 -9.999000e+03 -1.605969e-10 -7.327472e-15 -4.440892e-16 -2.220446e-16 2.220446e-16 -2.220446e-16 6.661338e-16 -6.661338e-16 8.881784e-16 8.881784e-16 8.881784e-16 -4.440892e-15 2.220446e-15 -2.220446e-15 8.881784e-16 2.664535e-15 1.332268e-15 0.000000e+00 0.000000e+00 2.220446e-15 6.661338e-16 2.220446e-16 -2.220446e-16 2.220446e-16 2.220446e-15 -3.108624e-15 -1.776357e-15 -4.440892e-16 0.000000e+00 2.220446e-16 -4.440892e-16 1.332268e-15 -1.776357e-15 4.440892e-16 -8.881784e-16 -1.332268e-15 1.776357e-15 -8.881784e-16 -8.881784e-16 8.881784e-16
-9.999000e+03 -9.999000e+03 -9.999000e+03 -9.999000e+03 -9.999000e+03 -9.999000e+03 -9.999000e+03 -9.999000e+03 -9.999000e+03 -9.999000e+03 9.174905e-11 -1.400817e-10 -8.881784e-16 2.220446e-16 0.000000e+00 2.220446e-16 2.220446e-16 -6.661338e-16 -8.881784e-16 -1.776357e-15 -4.440892e-15 2.664535e-15 -1.776357e-15 -8.881784e-16 -8.881784e-16 -4.440892e-15 8.881784e-16 -4.440892e-16 -8.881784e-16 8.881784e-16 -1.776357e-15 2.220446e-16 6.661338e-16 -2.220446e-16 -2.220446e-15 0.000000e+00 -8.881784e-16 0.000000e+00 2.220446e-16 2.220446e-16 -4.440892e-16 -1.554312e-15 2.220446e-16 -1.776357e-15 4.440892e-16 -8.881784e-16 -8.881784e-16 1.776357e-15 1.776357e-15 0.000000e+00 0.000000e+00
-9.999000e+03 -9.999000e+03 -9.999000e+03 -9.999000e+03 -9.999000e+03 -9.999000e+03 -9.999000e+03 -9.999000e+03 -9.999000e+03 -9.999000e+03 1.471099e-10 -1.776357e-15 -2.664535e-15 2.220446e-16 2.220446e-16 4.440892e-16 0.000000e+00 -8.881784e-16 8.881784e-16 3.108624e-15 -8.881784e-16 0.000000e+00 2.220446e-15 4.440892e-16 8.881784e-16 -1.332268e-15 3.108624e-15 4.440892e-15 8.881784e-16 3.552714e-15 3.108624e-15 8.881784e-16 -8.881784e-16 0.000000e+00 -8.881784e-16 -1.332268e-15 -2.220446e-16 -2.220446e-16 -2.220446e-16 4.440892e-16 2.220446e-16 -2.220446e-16 6.661338e-16 2.220446e-16 6.661338e-16 4.440892e-16 -1.110223e-15 -1.332268e-15 -8.881784e-16 -8.881784e-16 1.065814e-14
-9.999000e+03 -9.999000e+03 -9.999000e+03 -9.999000e+03 -9.999000e+03 -9.999000e+03 -9.999000e+03 -9.999000e+03 -9.999000e+03 -1.779288e-11 -6.439294e-15 -2.664535e-15 2.220446e-16 1.110223e-15 -6.661338e-16 0.000000e+00 -1.776357e-15 -1.776357e-15 -3.552714e-15 -1.332268e-15 -1.776357e-15 -1.332268e-15 -4.440892e-16 0.000000e+00 -2.220446e-15 -1.776357e-15 0.000000e+00 -4.440892e-15 -5.773160e-15 -3.552714e-15 -8.881784e-16 -4.440892e-16 0.000000e+00 -2.220446e-16 0.000000e+00 -6.661338e-16 -4.440892e-16 0.000000e+00 0.000000e+00 0.000000e+00 0.000000e+00 4.440892e-16 4.440892e-16 2.442491e-15 1.776357e-15 6.661338e-16 2.220446e-16 -4.440892e-16 0.000000e+00 1.065814e-14 -6.217249e-15
-9.999000e+03 -9.999000e+03 -9.999000e+03 -9.999000e+03 -9.999000e+03 -9.999000e+03 -9.999000e+03 -9.999000e+03 -9.999000e+03 2.511724e-10 1.776357e-15 1.110223e-15 6.661338e-16 -2.220446e-16 1.110223e-15 1.332268e-15 -8.881784e-16 2.664535e-15 0.000000e+00 8.881784e-16 -1.776357e-15 1.776357e-15 -8.881784e-16 2.664535e-15 8.881784e-16 -3.108624e-15 8.881784e-16 8.881784e-16 1.776357e-15 -4.440892e-16 -3.108624e-15 -2.220446e-16 2.220446e-16 8.881784e-16 8.881784e-16 2.220446e-16 -4.440892e-16 8.881784e-16 0.000000e+00 0.000000e+00 2.220446e-15 3.108624e-15 1.332268e-15 0.000000e+00 -1.776357e-15 0.000000e+00 6.661338e-16 6.661338e-16 -2.131628e-14 5.329071e-15 3.552714e-15
-9.999000e+03 -9.999000e+03 -9.999000e+03 -9.999000e+03 -9.999000e+03 -9.999000e+03 -9.999000e+03 -9.999000e+03 -2.276321e-10 -1.998401e-15 2.220446e-16 -1.110223e-15 6.661338e-16 2.220446e-16 8.881784e-16 1.776357e-15 -4.440892e-16 0.000000e+00 8.881784e-16 0.000000e+00 -1.776357e-15 1.776357e-15 -1.332268e-15 -2.220446e-15 2.664535e-15 8.881784e-16 1.776357e-15 -1.776357e-15 -1.776357e-15 0.000000e+00 -1.776357e-15 2.220446e-15 -1.110223e-15 0.000000e+00 -4.440892e-16 1.332268e-15 4.440892e-16 1.332268e-15 -8.881784e-16 -1.776357e-15 1.332268e-15 -1.776357e-15 -3.552714e-15 -4.440892e-16 -8.881784e-16 2.220446e-15 -1.776357e-15 -7.105427e-15 -2.664535e-15 -5.329071e-15 1.776357e-15
-9.999000e+03 -9.999000e+03 -9.999000e+03 -9.999000e+03 -9.999000e+03 -9.999000e+03 -9.999000e+03 -1.351452e-11 -1.009366e-10 -4.440892e-16 -4.440892e-16 0.000000e+00 8.881784e-16 2.220446e-16 8.881784e-16 -1.776357e-15 -1.332268e-15 -1.776357e-15 -1.110223e-15 4.440892e-16 -8.881784e-16 1.776357e-15 0.000000e+00 0.000000e+00 8.881784e-16 -2.220446e-15 4.440892e-16 0.000000e+00 -2.664535e-15 -1.776357e-15 -6.661338e-16 4.440892e-16 -4.440892e-16 8.881784e-16 -2.220446e-15 0.000000e+00 -2.220446e-15 -8.881784e-16 -8.881784e-16 -8.881784e-16 -1.421085e-14 4.263256e-14 7.105427e-15 -7.105427e-15 -4.263256e-14 -1.332268e-15 -8.526513e-14 -2.664535e-15 4.440892e-16 1.776357e-15 8.881784e-16
-9.999000e+03 -9.999000e+03 -9.999000e+03 -9.999000e+03 -9.999000e+03 -9.999000e+03 -9.999000e+03 -3.906275e-11 -2.664535e-15 -2.220446e-16 -4.440892e-16 -8.881784e-16 2.220446e-16 2.220446e-16 1.332268e-15 1.332268e-15 -8.881784e-16 8.881784e-16 -4.440892e-16 -2.220446e-16 1.332268e-15 -8.881784e-16 -5.329071e-15 8.881784e-16 4.440892e-16 -1.776357e-15 -2.220446e-15 1.776357e-15 1.776357e-15 -4.884981e-15 4.440892e-16 0.000000e+00 3.108624e-15 -2.131628e-14 -7.105427e-15 4.263256e-14 -1.776357e-14 4.973799e-14 -8.171241e-14 -1.065814e-14 -8.881784e-16 3.108624e-15 -8.881784e-16 1.776357e-15 4.440892e-16 8.526513e-14 1.332268e-15 1.332268e-15 -2.664535e-15 -8.881784e-16 1.332268e-15
-9.999000e+03 -9.999000e+03 -9.999000e+03 -9.999000e+03 -9.999000e+03 -9.999000e+03 -9.999000e+03 2.886580e-15 -1.776357e-15 -1.110223e-15 0.000000e+00 2.220446e-16 -2.220446e-16 -8.881784e-16 4.440892e-16 -1.332268e-15 -4.440892e-16 -2.220446e-16 -1.110223e-15 -6.661338e-16 2.664535e-15 2.664535e-15 0.000000e+00 -2.664535e-15 1.776357e-15 3.552714e-15 -4.440892e-16 -1.776357e-15 3.552714e-15 8.881784e-16 -2.664535e-15 1.243450e-14 -1.065814e-14 -1.776357e-15 -2.664535e-15 1.332268e-15 -8.881784e-16 -8.881784e-16 2.220446e-16 -2.220446e-16 -8.881784e-16 1.332268e-15 -4.440892e-16 -4.884981e-15 -2.220446e-15 -8.881784e-16 -4.440892e-16 -8.881784e-16 -8.881784e-16 -1.332268e-15 -1.554312e-15
