tests/data/reference/test_sheet/mqsur_m3_s.asc
ncols	123
nrows	77
xllcorner	-713746.79929998
yllcorner	-1061022.36961616
cellsize	10.0
NODATA_value	-9999
[rows 23 to 45 of 77, columns 0 to 51 of 123]
-9.999000e+03 -9.999000e+03 -9.999000e+03 -9.999000e+03 -9.999000e+03 -9.999000e+03 -9.999000e+03 -9.999000e+03 -9.999000e+03 -9.999000e+03 -9.999000e+03 -9.999000e+03 -9.999000e+03 -9.999000e+03 1.871806e-03 2.436551e-03 3.592856e-03 1.113139e-02 2.040987e-03 8.676361e-04 5.608036e-04 9.964937e-03 7.661405e-04 1.195566e-02 1.693942e-02 4.410322e-03 6.590064e-03 6.836550e-03 5.372443e-03 5.873628e-03 3.883200e-03 5.477481e-03 5.917282e-03 6.001874e-03 1.598464e-02 5.969436e-03 6.001318e-03 4.089467e-03 1.030115e-02 6.387293e-03 6.424619e-03 6.502247e-03 6.620218e-03 6.687408e-03 6.683858e-03 6.650728e-03 6.626822e-03 6.660101e-03 6.744443e-03 6.818373e-03 6.777315e-03 4.353453e-03
-9.999000e+03 -9.999000e+03 -9.999000e+03 -9.999000e+03 -9.999000e+03 -9.999000e+03 -9.999000e+03 -9.999000e+03 -9.999000e+03 -9.999000e+03 -9.999000e+03 -9.999000e+03 -9.999000e+03 -9.999000e+03 1.390579e-03 1.127246e-02 1.249746e-02 3.021298e-03 1.974457e-03 2.665266e-03 8.893259e-03 1.807504e-02 3.425036e-03 3.390608e-03 8.995156e-03 1.723150e-02 5.253192e-03 5.422481e-03 5.343713e-03 3.811992e-03 5.706103e-03 5.454958e-03 5.878793e-03 5.927660e-03 1.827827e-02 5.921704e-03 6.060998e-03 4.122118e-03 1.063558e-02 6.390498e-03 6.394083e-03 6.441713e-03 6.525358e-03 6.587429e-03 6.611799e-03 6.617853e-03 6.628890e-03 6.685388e-03 6.777881e-03 6.860631e-03 4.365226e-03 7.004364e-03
-9.999000e+03 -9.999000e+03 -9.999000e+03 -9.999000e+03 -9.999000e+03 -9.999000e+03 -9.999000e+03 -9.999000e+03 -9.999000e+03 -9.999000e+03 -9.999000e+03 -9.999000e+03 -9.999000e+03 -9.999000e+03 1.047611e-02 2.062444e-03 2.270591e-03 2.241825e-03 2.190336e-03 7.063401e-04 1.061527e-02 1.017972e-02 1.692270e-02 4.496246e-03 4.673172e-03 7.317704e-03 1.856578e-02 5.480086e-03 5.520807e-03 3.871932e-03 5.277512e-03 5.678779e-03 5.668584e-03 5.778640e-03 5.743002e-03 2.032175e-02 4.010998e-03 6.215267e-03 5.836199e-03 1.416179e-02 6.371760e-03 6.426726e-03 6.488597e-03 6.539290e-03 6.580234e-03 6.620601e-03 6.672392e-03 6.760482e-03 6.873609e-03 6.987252e-03 6.448205e-03 4.487155e-03
-9.999000e+03 -9.999000e+03 -9.999000e+03 -9.999000e+03 -9.999000e+03 -9.999000e+03 -9.999000e+03 -9.999000e+03 -9.999000e+03 -9.999000e+03 -9.999000e+03 -9.999000e+03 2.588819e-03 2.125146e-03 4.848624e-03 2.749733e-03 2.295436e-03 1.139638e-03 5.629213e-04 9.834250e-03 4.308899e-03 1.192469e-02 7.307486e-03 1.255891e-02 4.732993e-03 4.966863e-03 2.360526e-02 5.326445e-03 5.409808e-03 5.165057e-03 3.810680e-03 5.548316e-03 5.551237e-03 5.415452e-03 5.386094e-03 5.724025e-03 1.884168e-02 5.720299e-03 6.270273e-03 6.247413e-03 1.723221e-02 6.404517e-03 6.445399e-03 6.494913e-03 6.568473e-03 6.664705e-03 6.776953e-03 6.897554e-03 7.018573e-03 7.153892e-03 7.181547e-03 4.536942e-03
-9.999000e+03 -9.999000e+03 -9.999000e+03 -9.999000e+03 -9.999000e+03 -9.999000e+03 -9.999000e+03 -9.999000e+03 -9.999000e+03 -9.999000e+03 -9.999000e+03 -9.999000e+03 -9.999000e+03 2.519099e-03 2.451578e-03 2.445250e-03 1.453955e-03 4.676263e-04 9.262899e-03 3.800522e-03 3.749805e-03 3.954114e-03 1.149726e-02 1.506357e-02 2.215821e-02 2.204027e-02 2.177824e-02 2.173596e-02 4.826995e-03 5.115247e-03 5.284558e-03 5.056514e-03 5.296185e-03 5.142241e-03 5.193441e-03 5.535267e-03 5.870082e-03 1.741565e-02 6.184828e-03 6.311724e-03 1.859082e-02 6.342380e-03 6.359148e-03 6.427364e-03 6.565196e-03 6.753422e-03 6.948683e-03 7.093238e-03 7.194005e-03 7.321735e-03 7.435915e-03 6.742123e-03
-9.999000e+03 -9.999000e+03 -9.999000e+03 -9.999000e+03 -9.999000e+03 -9.999000e+03 -9.999000e+03 -9.999000e+03 -9.999000e+03 -9.999000e+03 -9.999000e+03 -9.999000e+03 -9.999000e+03 -9.999000e+03 -9.999000e+03 1.842160e-03 2.280436e-04 8.281563e-03 1.648753e-02 1.462537e-02 1.006015e-02 7.316818e-03 5.514052e-03 4.184201e-03 4.048337e-03 4.237046e-03 4.272673e-03 2.202388e-02 4.199604e-02 4.597328e-03 4.861247e-03 4.944486e-03 4.872006e-03 4.830186e-03 4.969412e-03 5.412649e-03 5.747283e-03 5.860328e-03 1.597320e-02 6.095115e-03 2.096620e-02 6.307685e-03 6.371033e-03 6.487320e-03 6.671507e-03 6.908298e-03 7.132881e-03 7.265336e-03 7.336331e-03 7.450205e-03 7.549085e-03 7.430199e-03
-9.999000e+03 -9.999000e+03 -9.999000e+03 -9.999000e+03 -9.999000e+03 -9.999000e+03 -9.999000e+03 -9.999000e+03 -9.999000e+03 -9.999000e+03 -9.999000e+03 -9.999000e+03 -9.999000e+03 -9.999000e+03 -9.999000e+03 -9.999000e+03 4.350668e-04 8.573143e-03 8.521633e-03 5.911547e-03 4.392171e-03 3.638363e-03 3.665288e-03 3.848459e-03 4.090636e-03 4.367548e-03 4.445614e-03 4.242645e-03 4.142057e-03 4.192529e-02 4.210437e-02 4.198399e-02 4.473164e-03 4.516603e-03 4.691472e-03 5.104050e-03 8.128291e-03 1.121621e-02 5.581283e-03 1.443679e-02 6.132827e-03 2.340404e-02 6.555692e-03 6.732981e-03 6.919358e-03 7.125690e-03 7.295553e-03 7.374232e-03 7.418898e-03 7.522756e-03 7.584592e-03 7.511850e-03
-9.999000e+03 -9.999000e+03 -9.999000e+03 -9.999000e+03 -9.999000e+03 -9.999000e+03 -9.999000e+03 -9.999000e+03 -9.999000e+03 -9.999000e+03 -9.999000e+03 -9.999000e+03 -9.999000e+03 -9.999000e+03 -9.999000e+03 -9.999000e+03 8.295764e-03 2.944074e-03 3.170136e-03 3.506339e-03 3.598521e-03 1.749648e-02 1.587985e-02 1.435243e-02 1.289450e-02 1.150752e-02 1.015144e-02 8.791624e-03 7.477370e-03 6.232596e-03 4.996775e-03 4.442398e-03 4.140191e-02 4.018192e-02 3.873002e-02 3.763276e-02 3.625498e-02 3.494633e-02 3.497524e-02 3.389242e-02 3.706516e-02 3.606728e-02 2.541012e-02 6.363647e-03 6.664565e-03 6.966237e-03 7.146661e-03 7.249224e-03 7.346609e-03 7.465526e-03 7.470987e-03 7.324781e-03
-9.999000e+03 -9.999000e+03 -9.999000e+03 -9.999000e+03 -9.999000e+03 -9.999000e+03 -9.999000e+03 -9.999000e+03 -9.999000e+03 -9.999000e+03 -9.999000e+03 -9.999000e+03 -9.999000e+03 -9.999000e+03 -9.999000e+03 8.296061e-03 3.601639e-03 3.570910e-03 1.749231e-02 1.772513e-02 1.776181e-02 3.767428e-03 5.583344e-03 7.446450e-03 6.120041e-03 1.023934e-02 1.158532e-02 1.275402e-02 1.158772e-02 1.042097e-02 9.261842e-03 8.094545e-03 6.920203e-03 5.738866e-03 4.611464e-03 3.963898e-03 2.492571e-02 2.412300e-02 2.342540e-02 2.330133e-02 2.294816e-02 2.234146e-02 5.258560e-02 6.384548e-02 6.441199e-02 5.976295e-03 1.113778e-02 6.804983e-03 7.077759e-03 7.228075e-03 7.139836e-03 6.897230e-03
-9.999000e+03 -9.999000e+03 -9.999000e+03 -9.999000e+03 -9.999000e+03 -9.999000e+03 -9.999000e+03 -9.999000e+03 -9.999000e+03 -9.999000e+03 -9.999000e+03 -9.999000e+03 -9.999000e+03 -9.999000e+03 8.269507e-03 1.643194e-02 1.767014e-02 1.714365e-02 3.853414e-03 3.948394e-03 3.783903e-03 3.952953e-03 4.123822e-03 4.283114e-03 6.455331e-03 4.439370e-03 4.561565e-03 4.987363e-03 5.125571e-03 5.067911e-03 5.032260e-03 1.459581e-02 1.604822e-02 1.708361e-02 1.777952e-02 2.428493e-02 4.714089e-03 5.165707e-03 5.583876e-03 5.997425e-03 6.261982e-03 6.318122e-03 1.016783e-02 1.380424e-02 1.691320e-02 7.379544e-02 7.519084e-02 7.840757e-02 6.066582e-03 1.129702e-02 6.347824e-03 6.129718e-03
-9.999000e+03 -9.999000e+03 -9.999000e+03 -9.999000e+03 -9.999000e+03 -9.999000e+03 -9.999000e+03 -9.999000e+03 -9.999000e+03 -9.999000e+03 -9.999000e+03 -9.999000e+03 -9.999000e+03 -9.999000e+03 8.290064e-03 1.448906e-02 4.055202e-03 4.097421e-03 4.103652e-03 4.090914e-03 4.121981e-03 4.243146e-03 4.139871e-03 4.587660e-03 4.703382e-03 4.713403e-03 4.833490e-03 5.116750e-03 7.814192e-03 1.038943e-02 1.265300e-02 5.226796e-03 5.091359e-03 5.057667e-03 9.552685e-03 4.963927e-03 5.379037e-03 5.581507e-03 5.789798e-03 6.051064e-03 6.303398e-03 6.498986e-03 6.675333e-03 6.750761e-03 6.821556e-03 1.112403e-02 1.489702e-02 1.812624e-02 8.521274e-02 8.603825e-02 8.839942e-02 4.898143e-03
-9.999000e+03 -9.999000e+03 -9.999000e+03 -9.999000e+03 -9.999000e+03 -9.999000e+03 -9.999000e+03 -9.999000e+03 -9.999000e+03 -9.999000e+03 -9.999000e+03 -9.999000e+03 -9.999000e+03 1.637344e-02 2.168472e-02 3.996468e-03 4.118832e-03 4.232901e-03 4.263302e-03 4.234489e-03 4.216285e-03 4.261168e-03 4.356544e-03 4.497994e-03 4.626094e-03 4.699386e-03 4.861419e-03 5.169125e-03 5.400264e-03 5.495597e-03 5.478702e-03 5.398952e-03 5.399887e-03 1.139237e-02 3.756119e-03 5.233069e-03 5.643662e-03 5.734097e-03 5.881231e-03 6.088168e-03 6.327351e-03 6.564395e-03 6.769204e-03 6.940769e-03 7.026798e-03 7.044877e-03 7.117083e-03 7.068086e-03 6.807372e-03 1.064729e-02 1.337913e-02 8.959260e-02
-9.999000e+03 -9.999000e+03 -9.999000e+03 -9.999000e+03 -9.999000e+03 -9.999000e+03 -9.999000e+03 -9.999000e+03 -9.999000e+03 -9.999000e+03 -9.999000e+03 -9.999000e+03 8.261771e-03 2.381501e-02 3.928664e-03 4.043575e-03 4.142403e-03 4.258771e-03 4.321836e-03 4.335529e-03 4.319675e-03 4.292124e-03 4.305460e-03 4.377701e-03 4.495194e-03 4.628965e-03 4.838286e-03 5.141843e-03 5.355183e-03 5.446977e-03 5.486296e-03 5.518963e-03 9.197753e-03 5.577074e-03 3.798607e-03 5.560454e-03 5.617479e-03 5.714776e-03 5.873874e-03 6.080319e-03 6.297992e-03 6.490964e-03 6.629141e-03 6.714143e-03 6.704233e-03 6.801159e-03 6.890579e-03 6.981111e-03 6.996015e-03 6.629079e-03 6.195239e-03 9.574973e-03
-9.999000e+03 -9.999000e+03 -9.999000e+03 -9.999000e+03 -9.999000e+03 -9.999000e+03 -9.999000e+03 -9.999000e+03 -9.999000e+03 -9.999000e+03 -9.999000e+03 -9.999000e+03 1.618556e-02 3.919823e-03 3.930353e-03 4.070087e-03 4.155604e-03 4.286321e-03 4.375661e-03 4.420330e-03 4.410077e-03 4.347733e-03 4.319589e-03 4.347048e-03 4.437523e-03 4.572015e-03 4.760593e-03 5.011693e-03 5.165700e-03 5.219977e-03 5.276046e-03 9.181964e-03 3.838659e-03 5.181589e-03 5.401749e-03 5.388248e-03 5.384468e-03 5.444004e-03 5.603129e-03 5.742125e-03 5.945745e-03 6.175295e-03 6.359454e-03 6.013772e-03 6.036681e-03 6.119292e-03 6.218053e-03 6.367715e-03 6.337359e-03 6.659211e-03 6.350875e-03 6.034464e-03
-9.999000e+03 -9.999000e+03 -9.999000e+03 -9.999000e+03 -9.999000e+03 -9.999000e+03 -9.999000e+03 -9.999000e+03 -9.999000e+03 -9.999000e+03 -9.999000e+03 8.192166e-03 5.600910e-03 3.502061e-03 4.805149e-03 3.890122e-03 4.121224e-03 4.273708e-03 4.391533e-03 4.454156e-03 4.455749e-03 4.400504e-03 4.375967e-03 4.388277e-03 4.443299e-03 4.545096e-03 4.669232e-03 4.798036e-03 4.874271e-03 4.849621e-03 4.883921e-03 6.848705e-03 3.650360e-03 5.108193e-03 5.133372e-03 4.865320e-03 4.823731e-03 5.071843e-03 4.885044e-03 4.986165e-03 5.190740e-03 5.534719e-03 4.159377e-03 4.141784e-03 4.162369e-03 4.217507e-03 4.260713e-03 4.294883e-03 6.642518e-03 5.925400e-03 5.790690e-03 5.740173e-03
-9.999000e+03 -9.999000e+03 -9.999000e+03 -9.999000e+03 -9.999000e+03 -9.999000e+03 -9.999000e+03 -9.999000e+03 -9.999000e+03 -9.999000e+03 8.151794e-03 1.572588e-02 3.130359e-03 6.031632e-03 2.814515e-03 3.661752e-03 3.943845e-03 4.162771e-03 4.326186e-03 4.400467e-03 4.416091e-03 4.377516e-03 4.360318e-03 4.370069e-03 4.416874e-03 4.521502e-03 4.402822e-03 4.643267e-03 4.601278e-03 4.497278e-03 4.487249e-03 4.502261e-03 4.558139e-03 4.620117e-03 3.578569e-03 3.457717e-03 4.716446e-03 3.388083e-03 3.402983e-03 3.444931e-03 3.644312e-03 3.959613e-03 5.696288e-03 6.143614e-03 6.242021e-03 6.344298e-03 6.443391e-03 6.512117e-03 4.170127e-03 4.076234e-03 4.073675e-03 4.223477e-03
-9.999000e+03 -9.999000e+03 -9.999000e+03 -9.999000e+03 -9.999000e+03 -9.999000e+03 -9.999000e+03 -9.999000e+03 -9.999000e+03 -9.999000e+03 8.066368e-03 3.426525e-03 7.003265e-03 3.109924e-03 2.564391e-03 3.383960e-03 3.679215e-03 3.972462e-03 4.168360e-03 4.275734e-03 4.322463e-03 4.311113e-03 4.302096e-03 4.326966e-03 4.367392e-03 3.291671e-03 4.492633e-03 4.475084e-03 4.349879e-03 4.169748e-03 4.080164e-03 4.050044e-03 3.189391e-03 3.454261e-03 4.676582e-03 4.713159e-03 3.249224e-03 4.168177e-03 4.357474e-03 4.537805e-03 3.604871e-03 3.932859e-03 5.627504e-03 6.020407e-03 6.061561e-03 6.113093e-03 6.208724e-03 6.320078e-03 6.336502e-03 6.202749e-03 6.139284e-03 6.273799e-03
-9.999000e+03 -9.999000e+03 -9.999000e+03 -9.999000e+03 -9.999000e+03 -9.999000e+03 -9.999000e+03 -9.999000e+03 -9.999000e+03 8.077145e-03 5.377301e-03 7.617129e-03 2.950807e-03 2.481256e-03 2.982834e-03 3.218227e-03 3.484209e-03 3.665344e-03 3.980997e-03 4.108467e-03 4.205901e-03 4.241359e-03 4.272978e-03 4.175365e-03 3.236727e-03 4.224794e-03 4.375198e-03 4.122812e-03 3.987767e-03 3.740394e-03 3.631967e-03 3.010063e-03 4.078844e-03 4.635520e-03 4.889609e-03 4.830115e-03 4.693159e-03 4.577588e-03 3.386102e-03 3.582319e-03 5.227476e-03 5.369817e-03 5.945264e-03 5.948413e-03 5.850684e-03 5.823114e-03 5.910829e-03 6.101073e-03 6.233668e-03 6.237921e-03 6.186850e-03 6.145685e-03
-9.999000e+03 -9.999000e+03 -9.999000e+03 -9.999000e+03 -9.999000e+03 -9.999000e+03 -9.999000e+03 -9.999000e+03 -9.999000e+03 8.181181e-03 7.806937e-03 2.978948e-03 2.866149e-03 2.421640e-03 3.089663e-03 3.208715e-03 2.663149e-03 3.635656e-03 3.744057e-03 3.945778e-03 4.100479e-03 4.187149e-03 3.183384e-03 3.256137e-03 4.247621e-03 4.324563e-03 3.142501e-03 3.109323e-03 2.997175e-03 2.783424e-03 2.796609e-03 3.853338e-03 4.383020e-03 4.778930e-03 5.001381e-03 5.035359e-03 4.983365e-03 3.461032e-03 4.880863e-03 4.955553e-03 5.233986e-03 5.739258e-03 5.874398e-03 5.747194e-03 5.629989e-03 5.640959e-03 5.744926e-03 5.906711e-03 6.033577e-03 6.102580e-03 2.410205e-02 2.476175e-02
-9.999000e+03 -9.999000e+03 -9.999000e+03 -9.999000e+03 -9.999000e+03 -9.999000e+03 -9.999000e+03 -9.999000e+03 1.601682e-02 5.480616e-03 5.086028e-03 3.173358e-03 2.371447e-03 2.950957e-03 3.179941e-03 3.249509e-03 4.381879e-03 3.353138e-03 3.549389e-03 3.831196e-03 4.052094e-03 4.033161e-03 4.293087e-03 4.461080e-03 4.492370e-03 1.100790e-02 1.175619e-02 1.026085e-02 8.717699e-03 7.124838e-03 5.595465e-03 4.182940e-03 4.594181e-03 4.928505e-03 5.125393e-03 5.179737e-03 5.141031e-03 7.573421e-03 7.853694e-03 1.004518e-02 1.090859e-02 1.175051e-02 1.014375e-02 8.627851e-03 7.185926e-03 5.817457e-03 5.674720e-03 5.692294e-03 5.684751e-03 2.339667e-02 5.656502e-03 5.729271e-03
-9.999000e+03 -9.999000e+03 -9.999000e+03 -9.999000e+03 -9.999000e+03 -9.999000e+03 -9.999000e+03 8.142800e-03 1.574355e-02 4.513440e-03 3.297786e-03 3.275766e-03 2.429538e-03 3.122291e-03 3.244983e-03 3.284092e-03 3.294245e-03 3.284392e-03 3.458098e-03 3.799042e-03 3.080601e-03 3.137643e-03 4.136369e-03 8.901757e-03 1.001366e-02 4.433493e-03 4.361314e-03 4.323345e-03 4.215656e-03 3.988905e-03 4.026591e-03 4.395146e-03 4.755464e-03 5.017364e-03 5.156612e-03 5.175493e-03 5.121615e-03 5.015806e-03 5.055925e-03 5.287402e-03 5.442322e-03 5.427273e-03 5.372861e-03 5.336873e-03 5.376103e-03 5.502417e-03 5.536382e-03 5.417002e-03 2.270102e-02 5.332992e-03 5.467284e-03 5.608907e-03
-9.999000e+03 -9.999000e+03 -9.999000e+03 -9.999000e+03 -9.999000e+03 -9.999000e+03 -9.999000e+03 8.034012e-03 2.470930e-03 4.998643e-03 2.629199e-03 3.197003e-03 3.215699e-03 3.250293e-03 3.294076e-03 3.309735e-03 3.342342e-03 3.369938e-03 3.545296e-03 3.901167e-03 5.661861e-03 7.300552e-03 8.716649e-03 4.379938e-03 4.432228e-03 4.298914e-03 3.292275e-03 4.290137e-03 4.388641e-03 4.232652e-03 4.261887e-03 4.553801e-03 4.819236e-03 4.977203e-03 5.043591e-03 5.036103e-03 1.697179e-02 1.700380e-02 1.724946e-02 1.776413e-02 1.843051e-02 1.921901e-02 2.011673e-02 1.895563e-02 1.777078e-02 1.655694e-02 2.222722e-02 2.255316e-02 5.230965e-03 5.208453e-03 5.296866e-03 5.427830e-03
-9.999000e+03 -9.999000e+03 -9.999000e+03 -9.999000e+03 -9.999000e+03 -9.999000e+03 -9.999000e+03 3.866957e-04 4.390759e-03 3.033057e-03 2.466484e-03 3.152381e-03 3.349431e-03 3.377925e-03 3.378015e-03 3.386240e-03 3.461030e-03 3.542239e-03 3.704620e-03 4.022157e-03 4.276846e-03 4.397448e-03 4.407696e-03 4.348636e-03 3.223662e-03 3.323801e-03 4.398427e-03 4.549681e-03 4.507066e-03 4.427005e-03 4.446510e-03 4.606688e-03 4.747483e-03 1.701950e-02 1.713750e-02 1.717095e-02 5.207278e-03 5.400433e-03 5.580492e-03 5.751316e-03 5.847057e-03 5.850379e-03 5.862363e-03 9.343068e-03 1.264523e-02 1.549985e-02 5.691968e-03 5.551120e-03 5.382234e-03 5.193942e-03 5.131051e-03 5.213593e-03
