tests/data/reference/test_sheet/mqsur_m3_s.asc
ncols	123
nrows	77
xllcorner	-713746.79929998
yllcorner	-1061022.36961616
cellsize	10.0
NODATA_value	-9999
[rows 46 to 68 of 77, columns 52 to 103 of 123]
5.142107e-03 5.059996e-03 5.095420e-03 5.285415e-03 5.450726e-03 5.466369e-03 5.484370e-03 5.518630e-03 5.544332e-03 5.599007e-03 5.683746e-03 1.243150e-02 5.996294e-03 6.062614e-03 6.048536e-03 6.075831e-03 6.265319e-03 6.502517e-03 6.765894e-03 6.897896e-03 7.032306e-03 7.250485e-03 7.358625e-03 7.211397e-03 7.159951e-03 1.052240e-03 1.037065e-03 4.334632e-03 6.031904e-03 6.390787e-03 6.153270e-03 6.791874e-03 1.274807e-01 5.854385e-03 6.088687e-03 6.297814e-03 3.047820e-02 6.848707e-03 6.985913e-03 6.983263e-03 6.903983e-03 6.754965e-03 6.558062e-03 6.340847e-03 6.118391e-03 5.622434e-03 3.991520e-03 5.756079e-03 5.635789e-03 5.675926e-03 5.846259e-03 6.005214e-03
5.114548e-03 4.874708e-03 4.825380e-03 5.041023e-03 4.952848e-03 4.967524e-03 4.992719e-03 5.078790e-03 5.438148e-03 5.415959e-03 1.388946e-02 5.689612e-03 5.758229e-03 5.417340e-03 5.382476e-03 5.731708e-03 5.481213e-03 5.781451e-03 6.015925e-03 6.106437e-03 6.233325e-03 6.458177e-03 6.616422e-03 7.269711e-03 4.461961e-03 1.853853e-03 1.143946e-03 4.593422e-03 6.199971e-03 6.725174e-03 6.756913e-03 6.496230e-03 1.054196e-02 1.251236e-01 5.112837e-03 5.757296e-03 3.153554e-02 6.711829e-03 6.945730e-03 6.990880e-03 6.920764e-03 6.777598e-03 6.631234e-03 6.485883e-03 6.316677e-03 5.825531e-03 4.113040e-03 6.024649e-03 5.877490e-03 5.867118e-03 6.010227e-03 6.142572e-03
5.223459e-03 4.900454e-03 4.777798e-03 3.531495e-03 3.603637e-03 3.592075e-03 3.607589e-03 5.173347e-03 4.965103e-03 1.536352e-02 5.414666e-03 5.268225e-03 3.882731e-03 3.841634e-03 5.608410e-03 3.797330e-03 3.871613e-03 4.036413e-03 4.126771e-03 4.149203e-03 4.225777e-03 4.353548e-03 6.907550e-03 6.571388e-03 7.317736e-03 3.115030e-03 8.668638e-03 1.374464e-02 1.140961e-02 9.763602e-03 8.491875e-03 7.490570e-03 6.629918e-03 3.220489e-03 1.224325e-01 5.031289e-03 3.250456e-02 6.504820e-03 6.834431e-03 6.952410e-03 6.906239e-03 6.773790e-03 6.676831e-03 6.603779e-03 6.496376e-03 6.011912e-03 4.209060e-03 6.300804e-03 6.161492e-03 6.100678e-03 6.153634e-03 6.204913e-03
5.403191e-03 5.093385e-03 3.424033e-03 4.636217e-03 4.947412e-03 4.992390e-03 4.993259e-03 3.544252e-03 1.681196e-02 5.187143e-03 3.740352e-03 3.828631e-03 5.304625e-03 5.590870e-03 3.799320e-03 5.210541e-03 5.607005e-03 5.862082e-03 6.041230e-03 6.104632e-03 6.185117e-03 6.351729e-03 4.312669e-03 4.496476e-03 9.756791e-03 9.475830e-03 1.504761e-02 1.222684e-02 1.003155e-02 8.547234e-03 7.549257e-03 7.370997e-03 6.796766e-03 5.743852e-03 1.214925e-01 4.814355e-03 3.345696e-02 6.268076e-03 6.663586e-03 6.864110e-03 6.871499e-03 6.780699e-03 6.727287e-03 6.705449e-03 6.648483e-03 6.163516e-03 4.283670e-03 6.542874e-03 6.452455e-03 6.363798e-03 6.292737e-03 6.215269e-03
5.580180e-03 1.074658e-02 8.994601e-03 7.323476e-03 5.727452e-03 4.976891e-03 4.958070e-03 1.823300e-02 4.997482e-03 3.647699e-03 5.040067e-03 5.450000e-03 5.571447e-03 5.573690e-03 5.574639e-03 5.615764e-03 5.732789e-03 5.937823e-03 6.093085e-03 6.141192e-03 6.150253e-03 6.157591e-03 6.327351e-03 6.712870e-03 6.872721e-03 1.310811e-02 1.303677e-02 4.507522e-03 6.767212e-03 7.621152e-03 7.842753e-03 7.761459e-03 7.303019e-03 1.156845e-02 5.106813e-03 1.190947e-01 3.445482e-02 6.070593e-03 6.496953e-03 6.754565e-03 6.817170e-03 6.780110e-03 6.768212e-03 4.296814e-03 6.815668e-03 9.043293e-03 4.345952e-03 6.748361e-03 6.688565e-03 6.590700e-03 6.449950e-03 6.285421e-03
1.247126e-02 5.607142e-03 8.675076e-03 8.786406e-03 1.142995e-02 1.575062e-02 1.731137e-02 5.009489e-03 5.062576e-03 5.234936e-03 5.388456e-03 5.437269e-03 5.461045e-03 5.482293e-03 5.532950e-03 5.626842e-03 8.678168e-03 7.145607e-03 6.325928e-03 6.358324e-03 6.303137e-03 6.093468e-03 6.049273e-03 6.313620e-03 6.526197e-03 8.329089e-03 4.466200e-03 6.676462e-03 7.484311e-03 7.884505e-03 8.112867e-03 8.073352e-03 7.662630e-03 6.804903e-03 9.901598e-03 1.197365e-01 3.528054e-02 5.800451e-03 6.377345e-03 6.652554e-03 6.752314e-03 6.763921e-03 6.187722e-03 4.299141e-03 6.830742e-03 1.071987e-02 4.391624e-03 6.932657e-03 6.854561e-03 6.753622e-03 6.635265e-03 6.466593e-03
5.796734e-03 5.770870e-03 3.785585e-03 5.368118e-03 6.135003e-03 5.132151e-03 5.145740e-03 5.117560e-03 5.206838e-03 5.419423e-03 5.552312e-03 5.473868e-03 5.385952e-03 5.375583e-03 5.425099e-03 5.520794e-03 3.917932e-03 5.670367e-03 6.311553e-03 6.558861e-03 6.501539e-03 6.072121e-03 5.825350e-03 6.011958e-03 4.211835e-03 1.170416e-02 1.465823e-02 1.325613e-02 1.116405e-02 9.526132e-03 8.261669e-03 8.230483e-03 7.882173e-03 7.240112e-03 6.087343e-03 1.187773e-01 3.300373e-02 9.764558e-03 6.335823e-03 6.554199e-03 6.645398e-03 6.588490e-03 4.262552e-03 6.179462e-03 6.831412e-03 8.810340e-03 6.415649e-03 7.082937e-03 7.003402e-03 6.897409e-03 6.804377e-03 6.680803e-03
5.833299e-03 5.891746e-03 5.754441e-03 7.651128e-03 5.175647e-03 5.161266e-03 5.208652e-03 5.228226e-03 5.364352e-03 8.414486e-03 6.883615e-03 5.699711e-03 5.467429e-03 5.343724e-03 5.322976e-03 5.394990e-03 5.613256e-03 5.980556e-03 6.335601e-03 6.618002e-03 6.581904e-03 6.060764e-03 9.471408e-03 9.693834e-03 8.175274e-03 1.313129e-02 1.507312e-02 1.354084e-02 1.144504e-02 9.841493e-03 8.381205e-03 8.199205e-03 7.985624e-03 7.653494e-03 6.772863e-03 1.178902e-01 3.196547e-02 1.345830e-02 6.339920e-03 6.469892e-03 6.470072e-03 4.124144e-03 5.997681e-03 6.635538e-03 6.851223e-03 7.343477e-03 7.015492e-03 7.183063e-03 7.154190e-03 7.050418e-03 6.938185e-03 6.878891e-03
5.914899e-03 6.019308e-03 9.451023e-03 5.522693e-03 5.239754e-03 5.233896e-03 5.291527e-03 5.330664e-03 5.480917e-03 5.784993e-03 5.945388e-03 5.884640e-03 5.693244e-03 5.450417e-03 5.337291e-03 5.403736e-03 5.609819e-03 5.931987e-03 6.256130e-03 6.539671e-03 6.506154e-03 5.951422e-03 3.807908e-03 4.080239e-03 6.031099e-03 1.287285e-02 1.518413e-02 1.375903e-02 1.168310e-02 1.004867e-02 8.551109e-03 8.160230e-03 7.974637e-03 7.946105e-03 1.304879e-02 1.170730e-01 3.092021e-02 1.467129e-02 6.507963e-03 6.444027e-03 5.890633e-03 4.142986e-03 6.454507e-03 6.736782e-03 6.922874e-03 7.069887e-03 7.143738e-03 7.225752e-03 7.249546e-03 7.180932e-03 7.066892e-03 7.034173e-03
6.053679e-03 6.142038e-03 6.019647e-03 5.629914e-03 5.379034e-03 5.371895e-03 5.418580e-03 5.466928e-03 5.599404e-03 3.937842e-03 9.636414e-03 1.280993e-02 1.103184e-02 1.746796e-02 1.956404e-02 1.804753e-02 1.647356e-02 1.496355e-02 1.337706e-02 1.176911e-02 1.014305e-02 8.437875e-03 6.795372e-03 6.160054e-03 6.715134e-03 3.079249e-03 5.042702e-03 7.086024e-03 7.943812e-03 8.257886e-03 8.314186e-03 8.160113e-03 7.994314e-03 8.069614e-03 7.878519e-03 1.140517e-02 1.265433e-01 1.550659e-02 6.781160e-03 6.541118e-03 4.275069e-03 6.081959e-03 6.739194e-03 6.922555e-03 7.071786e-03 7.160878e-03 7.186521e-03 7.216388e-03 7.260505e-03 7.261611e-03 7.202848e-03 7.148144e-03
6.229953e-03 6.238493e-03 6.070585e-03 5.757614e-03 5.578318e-03 5.552646e-03 5.582266e-03 5.660726e-03 5.766797e-03 9.061389e-03 6.011360e-03 6.136361e-03 9.609993e-03 5.901388e-03 5.772531e-03 9.193690e-03 7.581321e-03 6.224669e-03 6.313378e-03 6.502263e-03 6.513479e-03 6.212291e-03 6.127776e-03 6.489118e-03 3.038856e-03 1.529372e-03 4.943036e-03 7.121512e-03 7.906921e-03 8.066346e-03 8.067034e-03 8.051615e-03 8.046481e-03 8.053803e-03 7.902705e-03 1.304666e-02 1.256804e-01 1.658288e-02 2.966042e-03 4.592932e-03 6.473008e-03 6.891839e-03 7.044832e-03 7.140049e-03 7.215545e-03 7.253387e-03 7.234071e-03 7.205243e-03 7.213796e-03 7.239340e-03 7.227117e-03 7.141646e-03
6.378326e-03 6.259323e-03 5.994753e-03 5.881125e-03 5.766292e-03 5.712710e-03 5.722328e-03 5.821465e-03 5.911780e-03 5.949657e-03 6.028713e-03 6.173556e-03 6.205014e-03 6.044680e-03 5.964092e-03 6.073586e-03 9.678441e-03 1.323202e-02 1.648074e-02 1.477055e-02 1.315070e-02 1.153870e-02 1.002350e-02 8.520708e-03 6.418412e-03 4.610683e-03 4.937684e-03 7.034696e-03 7.695873e-03 7.744578e-03 7.771266e-03 7.942494e-03 8.102089e-03 8.159493e-03 8.137930e-03 7.812851e-03 1.802969e-02 1.254268e-01 1.548578e-03 7.172689e-03 7.686170e-03 7.383160e-03 7.345766e-03 7.328101e-03 7.308082e-03 7.311167e-03 7.294251e-03 7.222165e-03 7.135773e-03 7.093750e-03 7.071707e-03 6.966082e-03
6.355994e-03 5.660366e-03 5.881826e-03 5.819044e-03 5.798075e-03 5.764004e-03 5.767027e-03 5.862866e-03 5.946890e-03 5.977037e-03 6.042758e-03 6.163777e-03 6.207231e-03 6.127748e-03 6.100727e-03 6.197399e-03 6.330841e-03 6.480834e-03 6.640716e-03 1.075054e-02 9.027295e-03 7.592551e-03 6.968189e-03 7.090932e-03 3.892502e-03 2.501900e-03 4.917283e-03 6.929891e-03 7.508678e-03 7.533420e-03 3.107791e-02 2.945118e-02 2.762800e-02 3.271071e-02 3.219154e-02 3.108160e-02 2.960839e-02 1.247543e-01 4.621647e-03 3.111876e-03 8.198473e-03 7.782417e-03 7.536373e-03 7.430602e-03 7.343884e-03 7.315850e-03 7.301057e-03 7.217446e-03 7.069764e-03 6.964307e-03 6.929712e-03 6.819731e-03
4.155436e-03 5.867424e-03 5.589675e-03 5.578616e-03 5.715169e-03 5.723827e-03 5.733418e-03 5.804011e-03 5.883660e-03 5.956168e-03 6.038897e-03 6.117280e-03 6.163909e-03 6.170370e-03 6.197493e-03 6.273855e-03 6.386280e-03 6.540803e-03 6.716447e-03 6.895749e-03 1.124384e-02 1.201384e-02 1.253090e-02 1.656566e-02 1.253327e-02 1.087192e-02 9.270696e-03 1.169214e-02 2.069949e-02 2.836338e-02 7.606058e-03 1.202072e-02 1.568015e-02 8.147160e-03 8.291394e-03 1.344282e-02 1.743834e-02 1.473822e-02 1.238488e-01 1.411898e-03 3.970576e-03 7.937650e-03 7.655481e-03 7.421025e-03 7.321107e-03 7.266309e-03 7.223228e-03 7.152183e-03 7.020781e-03 6.920878e-03 6.911896e-03 2.973071e-02
5.787483e-03 5.660381e-03 4.950502e-03 5.399668e-03 5.549080e-03 5.615650e-03 5.634713e-03 5.652334e-03 5.718341e-03 5.896411e-03 6.007973e-03 6.056470e-03 6.117571e-03 6.205747e-03 6.288990e-03 6.360336e-03 6.460612e-03 6.605342e-03 6.777598e-03 6.963645e-03 4.417430e-03 4.421034e-03 7.186179e-03 4.595370e-03 2.029894e-03 5.126230e-03 7.080812e-03 1.193988e-02 9.905021e-03 7.359770e-03 6.796769e-03 6.977835e-03 7.146803e-03 7.273610e-03 7.440383e-03 7.666724e-03 7.700822e-03 8.431459e-03 7.508828e-03 1.228455e-01 1.985528e-03 7.388918e-03 7.444386e-03 7.226905e-03 7.210338e-03 7.191453e-03 7.145604e-03 7.103272e-03 7.012794e-03 6.903900e-03 6.856081e-03 3.181232e-02
6.029356e-03 3.629917e-03 5.025544e-03 4.908884e-03 5.123094e-03 5.223062e-03 5.244597e-03 5.199105e-03 5.574492e-03 5.720604e-03 5.875345e-03 5.963041e-03 6.027310e-03 6.166863e-03 6.307889e-03 6.410903e-03 6.529542e-03 6.680485e-03 6.841840e-03 4.397572e-03 6.414040e-03 6.929559e-03 4.431079e-03 6.669200e-03 1.350354e-02 1.579498e-02 1.428527e-02 1.177956e-02 6.661277e-03 4.531127e-03 4.566282e-03 4.631625e-03 4.705324e-03 4.775159e-03 4.867310e-03 4.983549e-03 8.781848e-03 1.221803e-02 1.042502e-02 8.674766e-03 1.217344e-01 3.481298e-03 6.464833e-03 6.697721e-03 6.973860e-03 7.093434e-03 7.107036e-03 7.109009e-03 7.064936e-03 6.896681e-03 3.288031e-02 6.687918e-03
5.809579e-03 5.280770e-03 3.432723e-03 3.582411e-03 3.697382e-03 3.769228e-03 3.764315e-03 5.316234e-03 5.024754e-03 5.213133e-03 5.676199e-03 5.701367e-03 5.780772e-03 5.980963e-03 6.159805e-03 6.322206e-03 6.503610e-03 6.656513e-03 4.374614e-03 6.415689e-03 7.009078e-03 7.013982e-03 7.043507e-03 7.293319e-03 1.373148e-02 1.569114e-02 1.406411e-02 4.533810e-03 4.499765e-03 6.621386e-03 7.276763e-03 7.448345e-03 7.592933e-03 7.807814e-03 8.082060e-03 8.408232e-03 4.975663e-03 5.007271e-03 7.565405e-03 7.820432e-03 6.498346e-03 1.204981e-01 3.286158e-03 6.144617e-03 6.684974e-03 6.946629e-03 7.016357e-03 7.021306e-03 6.998500e-03 3.422046e-02 6.554166e-03 2.471627e-02
5.526575e-03 5.153035e-03 4.881082e-03 4.905310e-03 5.042354e-03 5.206567e-03 5.257506e-03 3.574740e-03 3.591340e-03 5.213666e-03 5.075789e-03 5.125087e-03 5.505241e-03 5.650167e-03 5.869892e-03 6.112882e-03 5.986197e-03 4.339837e-03 6.369711e-03 7.022169e-03 7.147619e-03 7.068223e-03 7.050403e-03 7.213126e-03 1.363266e-02 1.552807e-02 1.385637e-02 1.161133e-02 9.737191e-03 8.154938e-03 7.375279e-03 7.338672e-03 7.380933e-03 7.536634e-03 7.782339e-03 8.091139e-03 8.388739e-03 8.643142e-03 1.438235e-02 1.523022e-02 1.329322e-02 1.125305e-02 1.178513e-01 6.859632e-03 6.353812e-03 1.119902e-02 4.273330e-03 6.763909e-03 3.548226e-02 6.466310e-03 2.625739e-02 7.213751e-03
5.158422e-03 4.994846e-03 4.904850e-03 4.901165e-03 4.948093e-03 5.029630e-03 5.039239e-03 4.926023e-03 4.882985e-03 3.561847e-03 3.617595e-03 5.083737e-03 4.931808e-03 5.085974e-03 5.319905e-03 4.097065e-03 4.230598e-03 6.224267e-03 6.923411e-03 7.127713e-03 7.168430e-03 7.113744e-03 7.085829e-03 7.153851e-03 1.355119e-02 1.542230e-02 1.378598e-02 1.159841e-02 9.810405e-03 8.255285e-03 7.488296e-03 7.357819e-03 7.290498e-03 7.321713e-03 7.482210e-03 7.772949e-03 8.072890e-03 8.325052e-03 4.887422e-03 4.861936e-03 7.137901e-03 7.073160e-03 1.259407e-02 1.157780e-01 1.068825e-02 1.158166e-02 6.638713e-03 3.434263e-02 6.400991e-03 2.470910e-02 7.077736e-03 7.200964e-03
4.773881e-03 4.809768e-03 4.902501e-03 4.962062e-03 4.981654e-03 4.959642e-03 4.903109e-03 4.818164e-03 4.758960e-03 4.750172e-03 4.789543e-03 3.486024e-03 3.557436e-03 3.647378e-03 3.813795e-03 5.548011e-03 6.293189e-03 6.722444e-03 6.982519e-03 7.087301e-03 7.097364e-03 7.049384e-03 1.128812e-02 1.201638e-02 1.539370e-02 1.590492e-02 1.408249e-02 1.211282e-02 1.035879e-02 8.834039e-03 7.670972e-03 7.461731e-03 7.295685e-03 7.203489e-03 7.242503e-03 7.442800e-03 7.713990e-03 7.989165e-03 8.231339e-03 8.427998e-03 8.407170e-03 8.094117e-03 7.381458e-03 1.697971e-02 1.137890e-01 1.524100e-02 3.318837e-02 6.461953e-03 2.312824e-02 1.159099e-02 7.311021e-03 7.347598e-03
3.277291e-03 4.487578e-03 4.900622e-03 5.078531e-03 5.120435e-03 5.013360e-03 4.898404e-03 4.853345e-03 4.773990e-03 4.590459e-03 4.491239e-03 4.574438e-03 4.772375e-03 5.036161e-03 5.392001e-03 5.838383e-03 6.273379e-03 6.663388e-03 6.910058e-03 6.975969e-03 6.933924e-03 6.832770e-03 4.338810e-03 4.448642e-03 1.197334e-02 1.502267e-02 1.369866e-02 1.162075e-02 9.928682e-03 8.391554e-03 7.889759e-03 7.634431e-03 7.389220e-03 7.191988e-03 7.089572e-03 7.113506e-03 7.302162e-03 7.637959e-03 7.978354e-03 8.261038e-03 8.405524e-03 8.342043e-03 8.060607e-03 7.331673e-03 2.108094e-02 1.129657e-01 3.370359e-02 2.155060e-02 9.778129e-03 4.437675e-03 4.523020e-03 6.695444e-03
-9.999000e+03 -9.999000e+03 -9.999000e+03 -9.999000e+03 -9.999000e+03 -9.999000e+03 -9.999000e+03 3.533066e-03 3.468183e-03 3.282336e-03 3.197945e-03 3.273339e-03 4.491570e-03 5.059040e-03 5.481788e-03 5.848584e-03 6.201260e-03 6.562848e-03 6.789368e-03 6.814914e-03 6.731250e-03 6.588698e-03 6.633442e-03 6.941277e-03 3.319663e-03 4.925767e-03 6.853889e-03 7.767137e-03 8.145436e-03 8.227795e-03 8.118264e-03 7.854723e-03 7.543111e-03 7.236840e-03 6.992674e-03 6.846061e-03 6.928813e-03 7.275601e-03 7.687481e-03 8.054856e-03 8.312866e-03 8.443186e-03 8.319201e-03 7.884191e-03 6.859640e-03 1.107984e-01 5.121874e-02 8.354786e-03 6.575835e-03 6.729785e-03 7.452030e-03 4.595115e-03
-9.999000e+03 -9.999000e+03 -9.999000e+03 -9.999000e+03 -9.999000e+03 -9.999000e+03 -9.999000e+03 -9.999000e+03 -9.999000e+03 -9.999000e+03 4.273474e-03 4.301021e-03 3.480987e-03 3.747555e-03 5.338376e-03 5.844917e-03 6.113010e-03 6.433942e-03 6.636026e-03 6.619271e-03 6.518639e-03 6.406575e-03 6.507558e-03 6.885176e-03 3.249479e-03 4.882685e-03 6.766163e-03 7.685351e-03 8.128504e-03 8.327334e-03 8.314570e-03 8.079768e-03 7.730407e-03 7.331795e-03 6.987413e-03 6.754021e-03 6.735846e-03 6.964682e-03 7.334078e-03 7.775855e-03 8.146719e-03 8.386023e-03 8.407267e-03 8.136317e-03 7.482885e-03 6.319815e-03 1.370572e-01 1.072725e-02 7.437198e-03 7.737482e-03 -9.999000e+03 -9.999000e+03
