tests/data/reference/test_sheet/mqsur_m3_s.asc
ncols	123
nrows	77
xllcorner	-713746.79929998
yllcorner	-1061022.36961616
cellsize	10.0
NODATA_value	-9999
[rows 46 to 68 of 77, columns 0 to 51 of 123]
-9.999000e+03 -9.999000e+03 -9.999000e+03 -9.999000e+03 -9.999000e+03 -9.999000e+03 8.106265e-03 4.092669e-03 3.032760e-03 3.144987e-03 2.493025e-03 3.263127e-03 3.502830e-03 3.541715e-03 3.543730e-03 3.517998e-03 3.525657e-03 3.546033e-03 3.663889e-03 3.959408e-03 4.231199e-03 4.235152e-03 4.276180e-03 4.224275e-03 4.418926e-03 4.609251e-03 4.694293e-03 4.600459e-03 4.537511e-03 4.563502e-03 4.585137e-03 1.671117e-02 1.708915e-02 4.783686e-03 4.964604e-03 5.168707e-03 5.391241e-03 5.610175e-03 5.794858e-03 5.951520e-03 6.054266e-03 6.096776e-03 6.127436e-03 6.174071e-03 6.158897e-03 6.051119e-03 5.930773e-03 5.805099e-03 5.621843e-03 5.367562e-03 5.189910e-03 5.170015e-03
-9.999000e+03 -9.999000e+03 -9.999000e+03 -9.999000e+03 -9.999000e+03 -9.999000e+03 2.786622e-03 2.946389e-03 3.144871e-03 3.286816e-03 2.685970e-03 3.507062e-03 3.646493e-03 3.726044e-03 3.754608e-03 3.676862e-03 3.539276e-03 3.440457e-03 3.523447e-03 3.821716e-03 3.128161e-03 3.223860e-03 3.271688e-03 3.267687e-03 4.320503e-03 4.649837e-03 4.733039e-03 1.397067e-02 1.493016e-02 1.574639e-02 1.642994e-02 4.736404e-03 4.793898e-03 4.932750e-03 5.096875e-03 5.253094e-03 5.419841e-03 5.606326e-03 5.779018e-03 5.938920e-03 6.076138e-03 6.184332e-03 6.266424e-03 6.326230e-03 6.325787e-03 6.235744e-03 6.112564e-03 5.989266e-03 5.840568e-03 5.630251e-03 5.416471e-03 5.280440e-03
-9.999000e+03 -9.999000e+03 -9.999000e+03 -9.999000e+03 -9.999000e+03 7.947443e-03 2.804765e-03 4.099309e-03 2.584545e-03 2.626680e-03 3.234280e-03 3.411000e-03 3.574340e-03 3.713845e-03 3.767563e-03 3.737024e-03 3.618647e-03 3.488120e-03 3.544359e-03 3.820446e-03 5.516029e-03 7.153697e-03 8.639918e-03 1.017866e-02 1.123491e-02 1.241488e-02 1.356679e-02 4.753456e-03 4.749531e-03 4.826625e-03 4.856234e-03 4.839163e-03 4.893598e-03 4.994947e-03 5.100797e-03 5.203716e-03 5.335750e-03 5.524781e-03 5.710877e-03 5.870035e-03 6.015695e-03 6.144649e-03 6.249969e-03 6.335187e-03 6.376269e-03 6.344209e-03 6.251294e-03 6.117330e-03 5.981257e-03 5.835091e-03 5.655722e-03 5.466804e-03
-9.999000e+03 -9.999000e+03 -9.999000e+03 -9.999000e+03 1.564910e-02 7.801521e-04 3.182701e-03 3.947972e-03 2.454174e-03 2.362337e-03 2.928686e-03 3.118071e-03 3.413724e-03 3.468924e-03 3.650295e-03 3.718808e-03 3.692963e-03 3.575479e-03 3.627405e-03 3.887594e-03 4.148279e-03 4.367981e-03 4.594737e-03 4.806869e-03 4.928380e-03 4.957275e-03 4.966372e-03 4.962817e-03 4.954325e-03 4.966952e-03 4.967901e-03 4.941060e-03 4.940242e-03 4.969752e-03 5.020010e-03 5.086570e-03 5.202967e-03 5.403104e-03 5.606588e-03 5.774688e-03 5.914408e-03 6.024507e-03 6.121960e-03 6.222895e-03 6.307342e-03 6.347829e-03 6.314069e-03 6.190641e-03 6.064101e-03 5.985003e-03 5.864758e-03 5.662054e-03
-9.999000e+03 -9.999000e+03 -9.999000e+03 -9.999000e+03 8.225910e-03 2.994686e-03 3.086179e-03 3.020535e-03 2.669388e-03 2.194629e-03 2.739245e-03 3.823190e-03 2.564735e-03 3.327285e-03 3.573078e-03 3.713361e-03 3.723607e-03 3.602027e-03 3.653522e-03 3.915649e-03 4.213494e-03 4.512291e-03 4.764078e-03 5.034925e-03 5.174574e-03 5.199412e-03 5.227761e-03 5.267543e-03 5.260188e-03 5.224626e-03 5.209909e-03 5.190843e-03 5.162449e-03 5.136528e-03 5.125689e-03 5.136080e-03 5.193298e-03 5.331970e-03 5.508386e-03 5.689709e-03 5.824591e-03 5.890775e-03 5.952187e-03 6.044276e-03 6.148410e-03 6.241038e-03 6.268492e-03 6.194887e-03 6.113414e-03 6.089430e-03 6.009709e-03 5.808880e-03
-9.999000e+03 -9.999000e+03 -9.999000e+03 7.993532e-03 6.923127e-04 3.102797e-03 2.298075e-03 2.500461e-03 2.080426e-03 2.465344e-03 3.070975e-03 2.718456e-03 2.423869e-03 3.168368e-03 3.490538e-03 3.671488e-03 3.703724e-03 3.607058e-03 3.648176e-03 3.892875e-03 4.389514e-03 4.459703e-03 4.887831e-03 5.161165e-03 5.336308e-03 5.409887e-03 5.475469e-03 5.546371e-03 5.554799e-03 5.502617e-03 5.464268e-03 5.441248e-03 5.414361e-03 5.374349e-03 5.326576e-03 5.292053e-03 5.282555e-03 5.323809e-03 5.447339e-03 5.636552e-03 5.762099e-03 5.774243e-03 5.787928e-03 5.850450e-03 5.947543e-03 6.065873e-03 6.144997e-03 6.144863e-03 6.068707e-03 6.076518e-03 6.012332e-03 5.840279e-03
-9.999000e+03 -9.999000e+03 -9.999000e+03 7.830926e-03 2.717474e-03 2.380997e-03 1.984546e-03 1.771676e-03 2.029725e-03 2.113179e-03 2.506576e-03 2.434614e-03 2.223361e-03 2.947390e-03 3.342963e-03 3.540969e-03 3.607896e-03 3.566709e-03 3.555829e-03 5.317996e-03 3.151998e-03 4.243828e-03 4.661350e-03 4.968631e-03 5.212170e-03 5.368476e-03 5.482844e-03 5.573619e-03 5.593012e-03 5.533490e-03 5.469339e-03 5.430541e-03 5.419853e-03 5.425796e-03 5.427192e-03 5.429182e-03 5.414434e-03 5.386840e-03 5.453767e-03 5.635652e-03 5.755466e-03 5.744392e-03 5.723686e-03 5.734007e-03 5.785496e-03 5.886262e-03 5.989403e-03 5.642326e-03 5.663255e-03 5.649052e-03 5.585777e-03 1.415934e-02
-9.999000e+03 -9.999000e+03 7.368394e-03 2.734724e-04 2.214151e-03 2.146533e-03 1.548547e-03 1.397411e-03 1.518762e-03 1.326330e-03 1.849965e-03 2.009526e-03 1.912141e-03 2.675863e-03 3.119502e-03 3.318853e-03 3.439080e-03 3.465368e-03 4.229789e-03 3.233803e-03 2.794221e-03 3.694328e-03 4.127723e-03 4.498766e-03 4.833255e-03 5.086037e-03 5.256552e-03 5.376339e-03 5.418522e-03 5.365354e-03 5.285193e-03 5.233907e-03 5.253090e-03 5.334775e-03 5.421852e-03 5.495451e-03 5.518234e-03 5.470778e-03 5.484051e-03 5.635261e-03 5.760163e-03 5.771291e-03 5.737183e-03 5.694943e-03 5.695347e-03 5.769948e-03 3.951518e-03 4.006081e-03 4.014310e-03 3.981014e-03 1.585272e-02 5.844636e-03
-9.999000e+03 -9.999000e+03 2.147166e-03 2.110826e-03 1.963056e-03 1.577803e-03 1.248359e-03 1.559545e-03 1.625559e-03 7.800787e-04 1.388851e-03 1.680988e-03 1.631199e-03 2.411198e-03 2.791543e-03 2.926775e-03 3.056737e-03 3.158762e-03 3.016355e-03 3.034875e-03 2.323119e-03 2.989250e-03 3.451550e-03 3.861619e-03 4.234669e-03 4.577048e-03 4.844751e-03 5.036895e-03 5.142528e-03 5.141828e-03 5.080591e-03 5.015578e-03 5.039221e-03 5.156272e-03 5.286914e-03 5.399345e-03 5.457008e-03 5.440134e-03 5.456878e-03 5.580032e-03 5.703186e-03 5.750346e-03 5.741673e-03 5.705046e-03 5.712357e-03 5.798676e-03 5.878554e-03 5.976466e-03 1.508614e-02 1.750946e-02 5.873241e-03 5.862480e-03
-9.999000e+03 6.903887e-03 4.365442e-03 2.497532e-03 1.843579e-03 9.946647e-04 1.652170e-03 1.644972e-03 -9.999000e+03 -9.999000e+03 -9.999000e+03 1.367283e-03 1.503156e-03 1.959583e-03 2.154525e-03 2.165500e-03 2.255828e-03 2.410615e-03 2.249849e-03 1.674458e-03 1.538349e-03 2.038752e-03 2.694227e-03 3.041723e-03 3.439220e-03 3.910881e-03 4.288688e-03 4.574663e-03 4.761347e-03 4.833900e-03 4.815728e-03 4.763456e-03 4.780666e-03 4.917765e-03 5.074252e-03 5.210193e-03 5.291580e-03 5.311245e-03 5.371406e-03 5.506603e-03 5.631949e-03 5.702469e-03 5.724706e-03 5.718384e-03 5.757492e-03 5.869535e-03 9.169556e-03 1.232195e-02 6.034434e-03 5.942792e-03 5.909510e-03 5.966126e-03
-9.999000e+03 1.487950e-02 2.125771e-03 1.832871e-03 1.480829e-03 1.524066e-03 -9.999000e+03 -9.999000e+03 -9.999000e+03 -9.999000e+03 -9.999000e+03 -9.999000e+03 1.615352e-03 1.870011e-03 2.306762e-03 2.433451e-03 2.165019e-03 2.732260e-03 2.620493e-03 1.851479e-03 1.338453e-03 1.380810e-03 1.751100e-03 2.157064e-03 2.817789e-03 3.277165e-03 3.658487e-03 3.981701e-03 4.199690e-03 4.302088e-03 4.471239e-03 4.435820e-03 4.505549e-03 4.688190e-03 4.883994e-03 5.049489e-03 5.141431e-03 5.156807e-03 5.246079e-03 5.443325e-03 5.608601e-03 5.683850e-03 5.704850e-03 5.708699e-03 5.768058e-03 5.900386e-03 6.012947e-03 6.068937e-03 6.059946e-03 5.982292e-03 5.991320e-03 6.124742e-03
8.006467e-03 1.983672e-03 2.062655e-03 1.503895e-03 9.254766e-04 1.866967e-03 -9.999000e+03 -9.999000e+03 -9.999000e+03 -9.999000e+03 -9.999000e+03 -9.999000e+03 -9.999000e+03 -9.999000e+03 -9.999000e+03 2.212839e-03 2.786446e-03 2.347697e-03 2.215398e-03 2.011455e-03 2.444807e-03 -9.999000e+03 -9.999000e+03 1.750049e-03 2.167053e-03 2.406653e-03 2.656379e-03 2.893703e-03 3.009915e-03 3.929392e-03 3.886266e-03 4.048062e-03 4.177185e-03 4.429351e-03 4.676328e-03 4.862830e-03 4.955160e-03 4.961823e-03 5.095758e-03 5.364524e-03 5.580589e-03 5.621142e-03 5.630390e-03 5.670397e-03 5.726982e-03 5.867658e-03 5.994794e-03 6.058737e-03 6.057829e-03 5.989436e-03 6.040392e-03 6.255500e-03
7.560557e-03 1.428782e-03 1.333877e-03 1.328379e-03 1.900737e-03 -9.999000e+03 -9.999000e+03 -9.999000e+03 -9.999000e+03 -9.999000e+03 -9.999000e+03 -9.999000e+03 -9.999000e+03 -9.999000e+03 -9.999000e+03 -9.999000e+03 -9.999000e+03 -9.999000e+03 -9.999000e+03 -9.999000e+03 -9.999000e+03 -9.999000e+03 -9.999000e+03 1.645937e-03 2.065997e-03 2.219202e-03 2.898865e-03 3.309850e-03 3.473857e-03 2.678844e-03 3.393199e-03 3.442665e-03 3.672238e-03 4.019886e-03 4.299731e-03 4.449224e-03 4.526813e-03 4.751879e-03 4.899831e-03 5.229020e-03 5.208919e-03 5.253170e-03 5.584157e-03 5.530602e-03 5.568471e-03 5.719028e-03 5.781416e-03 5.849109e-03 5.851678e-03 5.827623e-03 5.913980e-03 6.251823e-03
-9.999000e+03 1.982989e-03 1.869260e-03 2.211289e-03 -9.999000e+03 -9.999000e+03 -9.999000e+03 -9.999000e+03 -9.999000e+03 -9.999000e+03 -9.999000e+03 -9.999000e+03 -9.999000e+03 -9.999000e+03 -9.999000e+03 -9.999000e+03 -9.999000e+03 -9.999000e+03 -9.999000e+03 -9.999000e+03 -9.999000e+03 -9.999000e+03 -9.999000e+03 -9.999000e+03 -9.999000e+03 -9.999000e+03 2.410236e-03 2.593456e-03 3.160917e-03 2.906237e-03 2.275479e-03 2.445311e-03 2.720667e-03 3.048207e-03 3.193820e-03 3.228671e-03 4.374167e-03 4.331356e-03 4.554914e-03 3.682998e-03 3.778443e-03 5.438611e-03 5.146319e-03 5.135239e-03 5.464734e-03 5.195144e-03 5.235689e-03 5.265881e-03 5.606095e-03 5.521809e-03 5.719842e-03 5.779170e-03
-9.999000e+03 -9.999000e+03 -9.999000e+03 -9.999000e+03 -9.999000e+03 -9.999000e+03 -9.999000e+03 -9.999000e+03 -9.999000e+03 -9.999000e+03 -9.999000e+03 -9.999000e+03 -9.999000e+03 -9.999000e+03 -9.999000e+03 -9.999000e+03 -9.999000e+03 -9.999000e+03 -9.999000e+03 -9.999000e+03 -9.999000e+03 -9.999000e+03 -9.999000e+03 -9.999000e+03 -9.999000e+03 -9.999000e+03 -9.999000e+03 -9.999000e+03 2.491973e-03 2.667941e-03 2.084112e-03 2.245770e-03 2.572203e-03 3.635626e-03 4.010382e-03 3.975116e-03 3.060556e-03 3.239608e-03 3.404827e-03 4.729689e-03 5.166326e-03 3.694625e-03 3.722625e-03 5.334993e-03 3.744744e-03 3.748498e-03 3.734685e-03 5.363385e-03 5.031955e-03 5.369334e-03 3.884595e-03 4.124901e-03
-9.999000e+03 -9.999000e+03 -9.999000e+03 -9.999000e+03 -9.999000e+03 -9.999000e+03 -9.999000e+03 -9.999000e+03 -9.999000e+03 -9.999000e+03 -9.999000e+03 -9.999000e+03 -9.999000e+03 -9.999000e+03 -9.999000e+03 -9.999000e+03 -9.999000e+03 -9.999000e+03 -9.999000e+03 -9.999000e+03 -9.999000e+03 -9.999000e+03 -9.999000e+03 -9.999000e+03 -9.999000e+03 -9.999000e+03 -9.999000e+03 -9.999000e+03 -9.999000e+03 2.179316e-03 2.672733e-03 2.858030e-03 3.259522e-03 3.052883e-03 3.118033e-03 2.953671e-03 2.964222e-03 3.173688e-03 4.319987e-03 4.726722e-03 4.909396e-03 4.988060e-03 5.106009e-03 3.699592e-03 5.078510e-03 5.380515e-03 5.344373e-03 3.591102e-03 5.100862e-03 3.745797e-03 5.298218e-03 5.949361e-03
-9.999000e+03 -9.999000e+03 -9.999000e+03 -9.999000e+03 -9.999000e+03 -9.999000e+03 -9.999000e+03 -9.999000e+03 -9.999000e+03 -9.999000e+03 -9.999000e+03 -9.999000e+03 -9.999000e+03 -9.999000e+03 -9.999000e+03 -9.999000e+03 -9.999000e+03 -9.999000e+03 -9.999000e+03 -9.999000e+03 -9.999000e+03 -9.999000e+03 -9.999000e+03 -9.999000e+03 -9.999000e+03 -9.999000e+03 -9.999000e+03 -9.999000e+03 -9.999000e+03 -9.999000e+03 2.987107e-03 -9.999000e+03 -9.999000e+03 -9.999000e+03 -9.999000e+03 -9.999000e+03 -9.999000e+03 -9.999000e+03 3.320137e-03 4.439417e-03 4.681125e-03 4.676291e-03 4.776998e-03 5.037279e-03 5.236700e-03 5.306556e-03 5.217210e-03 4.951193e-03 3.519980e-03 5.026845e-03 5.614231e-03 5.877433e-03
-9.999000e+03 -9.999000e+03 -9.999000e+03 -9.999000e+03 -9.999000e+03 -9.999000e+03 -9.999000e+03 -9.999000e+03 -9.999000e+03 -9.999000e+03 -9.999000e+03 -9.999000e+03 -9.999000e+03 -9.999000e+03 -9.999000e+03 -9.999000e+03 -9.999000e+03 -9.999000e+03 -9.999000e+03 -9.999000e+03 -9.999000e+03 -9.999000e+03 -9.999000e+03 -9.999000e+03 -9.999000e+03 -9.999000e+03 -9.999000e+03 -9.999000e+03 -9.999000e+03 -9.999000e+03 -9.999000e+03 -9.999000e+03 -9.999000e+03 -9.999000e+03 -9.999000e+03 -9.999000e+03 -9.999000e+03 -9.999000e+03 -9.999000e+03 -9.999000e+03 -9.999000e+03 3.334164e-03 3.400547e-03 3.578145e-03 4.917134e-03 5.204974e-03 5.119769e-03 4.824864e-03 4.848254e-03 5.301455e-03 5.639326e-03 5.688107e-03
-9.999000e+03 -9.999000e+03 -9.999000e+03 -9.999000e+03 -9.999000e+03 -9.999000e+03 -9.999000e+03 -9.999000e+03 -9.999000e+03 -9.999000e+03 -9.999000e+03 -9.999000e+03 -9.999000e+03 -9.999000e+03 -9.999000e+03 -9.999000e+03 -9.999000e+03 -9.999000e+03 -9.999000e+03 -9.999000e+03 -9.999000e+03 -9.999000e+03 -9.999000e+03 -9.999000e+03 -9.999000e+03 -9.999000e+03 -9.999000e+03 -9.999000e+03 -9.999000e+03 -9.999000e+03 -9.999000e+03 -9.999000e+03 -9.999000e+03 -9.999000e+03 -9.999000e+03 -9.999000e+03 -9.999000e+03 -9.999000e+03 -9.999000e+03 -9.999000e+03 -9.999000e+03 -9.999000e+03 -9.999000e+03 -9.999000e+03 3.698082e-03 3.655351e-03 4.826679e-03 4.851256e-03 3.526377e-03 5.082097e-03 5.556609e-03 5.408942e-03
-9.999000e+03 -9.999000e+03 -9.999000e+03 -9.999000e+03 -9.999000e+03 -9.999000e+03 -9.999000e+03 -9.999000e+03 -9.999000e+03 -9.999000e+03 -9.999000e+03 -9.999000e+03 -9.999000e+03 -9.999000e+03 -9.999000e+03 -9.999000e+03 -9.999000e+03 -9.999000e+03 -9.999000e+03 -9.999000e+03 -9.999000e+03 -9.999000e+03 -9.999000e+03 -9.999000e+03 -9.999000e+03 -9.999000e+03 -9.999000e+03 -9.999000e+03 -9.999000e+03 -9.999000e+03 -9.999000e+03 -9.999000e+03 -9.999000e+03 -9.999000e+03 -9.999000e+03 -9.999000e+03 -9.999000e+03 -9.999000e+03 -9.999000e+03 -9.999000e+03 -9.999000e+03 -9.999000e+03 -9.999000e+03 -9.999000e+03 -9.999000e+03 -9.999000e+03 -9.999000e+03 -9.999000e+03 -9.999000e+03 -9.999000e+03 3.804333e-03 4.840432e-03
-9.999000e+03 -9.999000e+03 -9.999000e+03 -9.999000e+03 -9.999000e+03 -9.999000e+03 -9.999000e+03 -9.999000e+03 -9.999000e+03 -9.999000e+03 -9.999000e+03 -9.999000e+03 -9.999000e+03 -9.999000e+03 -9.999000e+03 -9.999000e+03 -9.999000e+03 -9.999000e+03 -9.999000e+03 -9.999000e+03 -9.999000e+03 -9.999000e+03 -9.999000e+03 -9.999000e+03 -9.999000e+03 -9.999000e+03 -9.999000e+03 -9.999000e+03 -9.999000e+03 -9.999000e+03 -9.999000e+03 -9.999000e+03 -9.999000e+03 -9.999000e+03 -9.999000e+03 -9.999000e+03 -9.999000e+03 -9.999000e+03 -9.999000e+03 -9.999000e+03 -9.999000e+03 -9.999000e+03 -9.999000e+03 -9.999000e+03 -9.999000e+03 -9.999000e+03 -9.999000e+03 -9.999000e+03 -9.999000e+03 -9.999000e+03 -9.999000e+03 3.430532e-03
-9.999000e+03 -9.999000e+03 -9.999000e+03 -9.999000e+03 -9.999000e+03 -9.999000e+03 -9.999000e+03 -9.999000e+03 -9.999000e+03 -9.999000e+03 -9.999000e+03 -9.999000e+03 -9.999000e+03 -9.999000e+03 -9.999000e+03 -9.999000e+03 -9.999000e+03 -9.999000e+03 -9.999000e+03 -9.999000e+03 -9.999000e+03 -9.999000e+03 -9.999000e+03 -9.999000e+03 -9.999000e+03 -9.999000e+03 -9.999000e+03 -9.999000e+03 -9.999000e+03 -9.999000e+03 -9.999000e+03 -9.999000e+03 -9.999000e+03 -9.999000e+03 -9.999000e+03 -9.999000e+03 -9.999000e+03 -9.999000e+03 -9.999000e+03 -9.999000e+03 -9.999000e+03 -9.999000e+03 -9.999000e+03 -9.999000e+03 -9.999000e+03 -9.999000e+03 -9.999000e+03 -9.999000e+03 -9.999000e+03 -9.999000e+03 -9.999000e+03 -9.999000e+03
-9.999000e+03 -9.999000e+03 -9.999000e+03 -9.999000e+03 -9.999000e+03 -9.999000e+03 -9.999000e+03 -9.999000e+03 -9.999000e+03 -9.999000e+03 -9.999000e+03 -9.999000e+03 -9.999000e+03 -9.999000e+03 -9.999000e+03 -9.999000e+03 -9.999000e+03 -9.999000e+03 -9.999000e+03 -9.999000e+03 -9.999000e+03 -9.999000e+03 -9.999000e+03 -9.999000e+03 -9.999000e+03 -9.999000e+03 -9.999000e+03 -9.999000e+03 -9.999000e+03 -9.999000e+03 -9.999000e+03 -9.999000e+03 -9.999000e+03 -9.999000e+03 -9.999000e+03 -9.999000e+03 -9.999000e+03 -9.999000e+03 -9.999000e+03 -9.999000e+03 -9.999000e+03 -9.999000e+03 -9.999000e+03 -9.999000e+03 -9.999000e+03 -9.999000e+03 -9.999000e+03 -9.999000e+03 -9.999000e+03 -9.999000e+03 -9.999000e+03 -9.999000e+03
