tests/data/reference/test_sheet/mqsur_m3_s.asc
ncols	123
nrows	77
xllcorner	-713746.79929998
yllcorner	-1061022.36961616
cellsize	10.0
NODATA_value	-9999
[rows 23 to 45 of 77, columns 52 to 103 of 123]
6.360257e-03 7.079075e-03 7.125988e-03 7.098078e-03 7.054796e-03 7.025857e-03 6.973250e-03 6.873654e-03 6.790477e-03 6.767175e-03 6.744655e-03 6.701693e-03 6.641764e-03 6.520706e-03 6.287792e-03 5.953157e-03 1.711564e-02 5.312852e-03 5.381920e-03 5.473112e-03 5.553904e-03 5.641736e-03 5.646893e-03 5.542486e-03 3.778577e-03 4.938473e-03 1.601656e-02 6.318796e-03 1.270320e-02 5.218274e-03 5.451554e-03 5.101712e-03 3.602693e-03 3.281501e-03 -9.999000e+03 -9.999000e+03 -9.999000e+03 -9.999000e+03 -9.999000e+03 -9.999000e+03 -9.999000e+03 -9.999000e+03 -9.999000e+03 -9.999000e+03 -9.999000e+03 -9.999000e+03 -9.999000e+03 -9.999000e+03 -9.999000e+03 -9.999000e+03 -9.999000e+03 -9.999000e+03
6.464298e-03 7.084437e-03 7.184456e-03 7.125023e-03 7.056009e-03 7.009290e-03 6.951940e-03 6.859118e-03 6.786993e-03 6.764788e-03 6.746321e-03 6.715039e-03 6.635360e-03 6.471377e-03 6.230488e-03 5.930072e-03 1.939718e-02 5.375242e-03 5.523867e-03 5.713598e-03 5.873059e-03 5.995507e-03 6.024792e-03 5.935092e-03 5.426167e-03 5.472690e-03 3.628386e-03 1.447760e-02 4.861647e-03 1.054725e-02 8.030406e-03 5.418402e-03 5.015232e-03 4.605840e-03 3.175887e-03 -9.999000e+03 -9.999000e+03 -9.999000e+03 -9.999000e+03 -9.999000e+03 -9.999000e+03 -9.999000e+03 -9.999000e+03 -9.999000e+03 -9.999000e+03 -9.999000e+03 -9.999000e+03 -9.999000e+03 -9.999000e+03 -9.999000e+03 -9.999000e+03 -9.999000e+03
7.233653e-03 7.168284e-03 7.249679e-03 7.171879e-03 7.048016e-03 6.938035e-03 6.852169e-03 6.797078e-03 6.783806e-03 6.797721e-03 6.792534e-03 6.738947e-03 6.604817e-03 6.394244e-03 6.182689e-03 5.995815e-03 2.138493e-02 5.644048e-03 5.760041e-03 5.938467e-03 6.113930e-03 6.241609e-03 6.266052e-03 6.197997e-03 6.023073e-03 5.859115e-03 5.278096e-03 1.302599e-02 3.709271e-03 4.938132e-03 1.476661e-02 5.098407e-03 5.310315e-03 5.297650e-03 4.816942e-03 3.500449e-03 3.245458e-03 3.221455e-03 -9.999000e+03 -9.999000e+03 -9.999000e+03 -9.999000e+03 -9.999000e+03 -9.999000e+03 -9.999000e+03 -9.999000e+03 -9.999000e+03 -9.999000e+03 -9.999000e+03 -9.999000e+03 -9.999000e+03 -9.999000e+03
6.651065e-03 7.345258e-03 7.278234e-03 7.163408e-03 7.001983e-03 6.858899e-03 6.773672e-03 6.771782e-03 6.803986e-03 6.833656e-03 6.825560e-03 6.741783e-03 6.587196e-03 6.393117e-03 6.211758e-03 6.069330e-03 2.324932e-02 5.814717e-03 5.892261e-03 6.043079e-03 6.200671e-03 6.314989e-03 6.338223e-03 6.303203e-03 6.243721e-03 6.160803e-03 6.002824e-03 1.159181e-02 5.383350e-03 5.329513e-03 1.307794e-02 4.981467e-03 5.300422e-03 5.542946e-03 5.476413e-03 4.971623e-03 4.530656e-03 3.322528e-03 4.290470e-03 3.191752e-03 -9.999000e+03 -9.999000e+03 -9.999000e+03 -9.999000e+03 -9.999000e+03 -9.999000e+03 -9.999000e+03 -9.999000e+03 -9.999000e+03 -9.999000e+03 -9.999000e+03 -9.999000e+03
7.349293e-03 4.506603e-03 7.248196e-03 7.067631e-03 6.901551e-03 6.802433e-03 6.774034e-03 6.808416e-03 6.846875e-03 6.856590e-03 6.827955e-03 6.740378e-03 6.618314e-03 6.481399e-03 6.317645e-03 6.123734e-03 2.487017e-02 5.767447e-03 5.838802e-03 5.976534e-03 6.091937e-03 6.178644e-03 6.212763e-03 6.238917e-03 6.290716e-03 6.337412e-03 6.349897e-03 1.010022e-02 6.088479e-03 5.837505e-03 1.147959e-02 5.305723e-03 5.282272e-03 5.353197e-03 5.402875e-03 7.212529e-03 3.545799e-03 3.400620e-03 4.362416e-03 4.433419e-03 4.133919e-03 8.285858e-03 -9.999000e+03 -9.999000e+03 -9.999000e+03 -9.999000e+03 -9.999000e+03 -9.999000e+03 -9.999000e+03 -9.999000e+03 -9.999000e+03 -9.999000e+03
7.468856e-03 6.574406e-03 7.108772e-03 6.895547e-03 4.266915e-03 6.768096e-03 6.780223e-03 6.844729e-03 6.898693e-03 6.902134e-03 6.856910e-03 6.763290e-03 6.647723e-03 6.518782e-03 6.341968e-03 6.106993e-03 2.625624e-02 5.740745e-03 5.847419e-03 5.989580e-03 6.081051e-03 6.141684e-03 6.166046e-03 6.209385e-03 6.315159e-03 6.447601e-03 6.548402e-03 8.529702e-03 6.418247e-03 6.223398e-03 9.912796e-03 5.645296e-03 5.356177e-03 5.206963e-03 5.198018e-03 5.707819e-03 4.771513e-03 4.583498e-03 3.390389e-03 4.580835e-03 4.434148e-03 1.924999e-02 8.193138e-03 8.045737e-03 -9.999000e+03 -9.999000e+03 -9.999000e+03 -9.999000e+03 -9.999000e+03 -9.999000e+03 -9.999000e+03 -9.999000e+03
7.383989e-03 7.064774e-03 6.979459e-03 6.828205e-03 4.291547e-03 6.154451e-03 6.765309e-03 6.859047e-03 6.956229e-03 6.978120e-03 6.927749e-03 6.812706e-03 6.652650e-03 6.448190e-03 6.208153e-03 5.985847e-03 5.876896e-03 2.695623e-02 6.026235e-03 6.192406e-03 6.294602e-03 6.333226e-03 6.312977e-03 6.304227e-03 6.375092e-03 6.526416e-03 6.660846e-03 6.870323e-03 6.546614e-03 6.394824e-03 8.318457e-03 5.882722e-03 5.562757e-03 5.316588e-03 5.150265e-03 5.101475e-03 4.948410e-03 4.860381e-03 4.589898e-03 3.366951e-03 1.400786e-02 1.595492e-02 7.785789e-03 2.363955e-03 7.834163e-03 -9.999000e+03 -9.999000e+03 -9.999000e+03 -9.999000e+03 -9.999000e+03 -9.999000e+03 -9.999000e+03
7.135744e-03 6.940680e-03 6.828882e-03 6.784445e-03 6.188757e-03 4.300295e-03 6.705442e-03 6.888688e-03 6.975793e-03 6.973307e-03 6.894178e-03 6.744065e-03 6.543506e-03 6.301209e-03 6.082783e-03 5.966539e-03 5.977469e-03 6.098241e-03 2.758040e-02 6.467010e-03 6.543609e-03 6.535770e-03 6.465936e-03 6.414686e-03 6.452992e-03 6.598468e-03 6.715824e-03 6.703561e-03 6.604696e-03 6.505199e-03 6.779460e-03 6.119510e-03 5.840435e-03 8.119857e-03 5.271794e-03 3.601303e-03 5.047410e-03 5.045096e-03 4.969603e-03 1.068547e-02 1.154014e-02 1.125623e-02 5.298666e-03 3.228270e-03 2.470751e-03 7.741048e-03 -9.999000e+03 -9.999000e+03 -9.999000e+03 -9.999000e+03 -9.999000e+03 -9.999000e+03
6.694542e-03 6.606453e-03 6.635071e-03 6.714712e-03 6.697566e-03 6.230496e-03 4.359319e-03 6.928126e-03 6.924583e-03 6.827186e-03 6.672293e-03 6.467546e-03 6.261764e-03 6.103950e-03 6.056790e-03 6.118480e-03 6.243284e-03 6.417492e-03 2.838929e-02 6.740952e-03 6.732181e-03 6.648677e-03 6.540650e-03 6.489864e-03 6.537250e-03 6.664409e-03 6.717774e-03 6.678600e-03 6.639053e-03 6.623373e-03 6.572631e-03 6.394640e-03 1.130568e-02 5.803771e-03 5.224384e-03 3.751318e-03 5.335942e-03 1.927238e-03 1.162118e-02 1.145086e-02 8.691334e-03 8.386968e-03 3.825728e-03 3.285730e-03 3.228337e-03 2.679662e-03 2.509753e-03 -9.999000e+03 -9.999000e+03 -9.999000e+03 -9.999000e+03 -9.999000e+03
6.028402e-03 6.111713e-03 6.290527e-03 6.468380e-03 4.189194e-03 6.715134e-03 6.744607e-03 6.259495e-03 6.823370e-03 6.695793e-03 6.526994e-03 6.336154e-03 6.190814e-03 6.136815e-03 6.188027e-03 6.328875e-03 6.495236e-03 6.656686e-03 2.902348e-02 6.826063e-03 6.752306e-03 6.645491e-03 6.557846e-03 6.548711e-03 6.618705e-03 6.708790e-03 6.678424e-03 6.594373e-03 6.583780e-03 6.620383e-03 6.639592e-03 1.448892e-02 6.237363e-03 6.006129e-03 5.466018e-03 3.886176e-03 2.136151e-03 4.072305e-03 1.244627e-02 8.914146e-03 6.862932e-03 1.004158e-02 3.812550e-03 2.804974e-03 3.588668e-03 3.640766e-03 3.588069e-03 2.652176e-03 7.788916e-03 -9.999000e+03 -9.999000e+03 -9.999000e+03
5.147645e-03 5.412806e-03 5.662300e-03 5.900029e-03 6.139387e-03 5.814615e-03 6.535694e-03 6.642116e-03 6.600548e-03 6.672220e-03 6.606831e-03 6.528726e-03 6.479205e-03 6.467662e-03 6.498118e-03 6.576199e-03 6.660138e-03 6.714401e-03 6.701535e-03 2.928096e-02 6.562061e-03 6.525567e-03 6.537511e-03 6.605797e-03 6.692747e-03 6.724308e-03 6.601934e-03 6.449036e-03 6.402901e-03 6.425784e-03 1.756031e-02 6.376176e-03 6.265452e-03 6.106409e-03 4.073678e-03 1.130826e-02 4.231186e-03 5.461634e-03 1.002027e-02 6.972487e-03 1.495651e-02 4.685144e-03 3.410539e-03 4.029375e-03 3.956126e-03 3.804289e-03 4.473629e-03 7.277030e-03 2.662537e-03 8.101385e-03 -9.999000e+03 -9.999000e+03
8.983880e-02 8.942418e-02 4.982848e-03 5.301371e-03 5.750914e-03 6.047383e-03 6.223103e-03 6.482861e-03 6.623712e-03 6.710391e-03 6.767503e-03 6.798621e-03 6.828307e-03 6.845113e-03 6.844530e-03 6.828546e-03 6.782462e-03 6.695852e-03 6.555872e-03 2.979038e-02 6.266195e-03 6.284830e-03 6.392988e-03 6.533881e-03 6.625726e-03 6.594408e-03 6.401753e-03 6.224155e-03 6.175618e-03 6.192098e-03 1.994363e-02 6.335341e-03 6.294154e-03 1.551471e-03 8.328529e-03 1.342007e-02 5.677420e-03 5.921330e-03 7.965060e-03 1.765688e-02 5.294686e-03 4.904511e-03 3.607562e-03 4.625354e-03 4.325058e-03 5.963720e-03 5.264720e-03 3.723563e-03 3.018394e-03 8.075476e-03 2.591872e-03 8.118167e-03
1.204793e-02 1.013487e-02 9.161088e-02 5.168307e-03 5.473529e-03 5.906384e-03 6.262399e-03 6.506371e-03 6.718637e-03 6.880673e-03 7.002767e-03 7.109129e-03 7.187026e-03 7.218500e-03 7.190722e-03 7.071533e-03 6.861833e-03 6.603531e-03 6.309812e-03 6.006396e-03 3.023245e-02 5.766599e-03 5.949839e-03 6.160666e-03 6.333407e-03 6.241664e-03 6.020758e-03 5.896270e-03 5.929563e-03 5.998392e-03 2.183185e-02 6.357181e-03 9.607031e-04 8.328598e-03 1.219867e-02 1.108206e-02 6.080829e-03 6.077947e-03 2.118034e-02 5.753113e-03 5.550218e-03 5.110090e-03 5.129397e-03 3.558806e-03 4.673598e-03 9.083598e-03 3.349192e-03 4.380204e-03 4.196459e-03 7.471030e-03 3.003900e-03 8.081382e-03
3.916511e-03 5.461402e-03 5.799133e-03 9.055093e-02 9.063141e-02 9.030589e-02 8.998752e-02 6.463518e-03 6.589885e-03 6.700559e-03 6.803645e-03 6.908613e-03 6.960564e-03 6.947065e-03 1.147609e-02 6.661341e-03 6.397237e-03 6.137236e-03 5.865937e-03 5.604841e-03 3.750183e-03 2.933222e-02 9.450722e-03 5.928523e-03 5.870839e-03 5.680396e-03 5.642355e-03 5.618070e-03 5.762621e-03 5.911791e-03 2.342751e-02 9.309670e-04 1.665598e-02 4.137190e-03 1.060414e-02 8.954853e-03 6.161626e-03 6.145208e-03 2.201116e-02 5.929561e-03 5.731299e-03 5.540339e-03 5.050314e-03 3.648406e-03 4.921241e-03 7.320354e-03 4.555416e-03 4.726952e-03 4.642417e-03 5.657052e-03 4.205969e-03 6.036159e-03
6.185577e-03 6.417483e-03 6.413787e-03 6.004086e-03 5.808679e-03 6.077178e-03 6.275321e-03 8.964241e-02 8.910122e-02 8.809400e-02 8.713109e-02 8.612198e-02 8.507925e-02 8.400466e-02 8.290472e-02 8.189352e-02 8.076811e-02 5.274687e-03 5.342876e-03 5.382913e-03 5.478094e-03 5.320185e-03 3.221935e-02 5.840539e-03 5.566633e-03 5.281762e-03 5.174969e-03 5.473348e-03 5.733412e-03 5.961728e-03 2.062322e-02 1.122028e-02 5.973379e-03 4.167823e-03 8.508531e-03 7.255295e-03 6.200672e-03 6.168311e-03 2.237134e-02 6.022524e-03 5.882381e-03 5.640323e-03 5.174865e-03 5.251454e-03 5.800208e-03 3.470310e-03 4.720555e-03 4.733063e-03 4.759594e-03 4.838026e-03 4.765734e-03 4.924510e-03
6.068774e-03 6.667005e-03 6.677963e-03 2.554984e-02 2.583798e-02 2.694815e-02 2.808129e-02 2.908559e-02 2.995363e-02 3.068064e-02 3.130539e-02 3.189519e-02 3.265599e-02 3.344033e-02 3.424364e-02 3.500446e-02 3.397441e-02 1.010634e-01 1.000177e-01 4.814771e-03 5.069350e-03 5.456451e-03 3.140075e-02 5.523824e-03 5.216614e-03 4.992478e-03 4.989310e-03 5.274039e-03 5.785125e-03 2.632945e-03 1.967750e-02 6.470663e-03 6.017290e-03 4.186806e-03 6.999694e-03 6.366657e-03 6.260079e-03 2.349527e-02 6.179338e-03 6.134600e-03 6.007502e-03 5.772587e-03 5.599891e-03 5.384202e-03 4.894541e-03 4.928662e-03 3.427221e-03 4.697814e-03 4.755551e-03 4.874457e-03 4.951525e-03 4.918090e-03
6.446120e-03 2.576426e-02 2.588983e-02 6.532642e-03 6.677253e-03 6.966087e-03 7.180972e-03 7.266275e-03 7.283351e-03 7.256803e-03 7.194891e-03 7.072329e-03 6.899722e-03 6.670295e-03 6.407014e-03 6.142387e-03 1.065155e-02 1.461505e-02 1.280851e-02 9.935378e-02 9.832951e-02 9.735942e-02 9.639135e-02 3.251472e-02 4.798705e-03 4.831902e-03 4.964691e-03 5.369737e-03 2.569653e-03 9.053346e-03 1.828456e-02 9.901350e-03 6.043133e-03 4.194922e-03 6.497876e-03 6.429120e-03 6.345621e-03 2.395510e-02 6.321939e-03 6.289714e-03 6.170178e-03 5.969915e-03 5.731611e-03 5.472107e-03 5.315973e-03 4.873955e-03 3.545648e-03 4.759276e-03 4.721919e-03 4.756504e-03 4.797215e-03 4.803830e-03
2.530077e-02 6.251737e-03 6.455705e-03 6.611362e-03 6.809411e-03 7.073030e-03 7.293416e-03 7.425429e-03 7.507599e-03 7.554363e-03 7.555066e-03 7.501477e-03 7.405622e-03 7.284638e-03 7.142460e-03 6.952708e-03 6.746508e-03 6.506258e-03 1.105985e-02 1.509078e-02 1.852848e-02 1.439437e-02 1.277963e-02 9.650110e-02 3.343723e-02 4.359592e-03 4.817335e-03 3.788488e-03 1.283901e-02 1.183556e-02 1.684193e-02 1.246721e-02 4.269317e-03 6.033608e-03 6.541553e-03 6.488509e-03 6.424821e-03 2.471910e-02 6.463617e-03 6.432443e-03 6.308741e-03 6.103598e-03 5.851798e-03 5.612990e-03 5.426883e-03 5.047200e-03 5.108699e-03 3.539541e-03 4.814435e-03 4.754924e-03 4.719758e-03 4.729992e-03
5.960849e-03 6.163166e-03 6.336962e-03 6.433552e-03 6.559303e-03 6.779009e-03 6.993253e-03 7.150544e-03 7.287324e-03 7.407270e-03 7.482938e-03 7.507632e-03 7.509414e-03 7.508960e-03 7.488463e-03 7.439379e-03 7.371990e-03 7.280866e-03 7.052419e-03 6.598408e-03 6.297286e-03 1.122440e-02 1.238492e-02 1.509307e-02 9.562420e-02 3.232499e-02 4.439114e-03 2.195740e-03 7.442923e-03 9.484663e-03 1.539334e-02 1.248461e-02 4.303901e-03 6.639785e-03 6.627679e-03 6.529822e-03 2.576509e-02 6.540205e-03 6.580521e-03 6.550954e-03 6.408542e-03 6.193256e-03 5.945501e-03 5.694913e-03 5.513587e-03 5.450033e-03 5.039602e-03 3.680028e-03 5.057556e-03 4.955640e-03 4.868853e-03 4.816755e-03
5.881267e-03 6.053555e-03 6.163021e-03 6.203951e-03 6.272980e-03 6.438420e-03 6.610808e-03 6.741513e-03 6.887016e-03 7.065645e-03 7.219694e-03 7.316408e-03 7.394414e-03 7.477369e-03 7.539328e-03 7.569504e-03 7.597427e-03 7.626856e-03 7.579868e-03 7.390677e-03 7.164511e-03 7.080069e-03 6.928744e-03 6.224709e-03 7.537837e-03 9.356720e-02 1.176748e-01 1.185566e-01 7.989852e-03 7.199718e-03 1.384495e-02 1.059657e-02 6.061736e-03 6.704241e-03 6.654034e-03 6.571552e-03 2.647643e-02 6.628103e-03 6.666036e-03 6.651871e-03 6.516556e-03 6.285771e-03 6.021120e-03 5.758882e-03 5.610200e-03 5.505549e-03 3.798336e-03 5.089314e-03 5.269224e-03 5.155956e-03 5.044511e-03 4.978514e-03
5.729487e-03 5.834103e-03 5.904608e-03 5.937628e-03 5.989792e-03 6.104297e-03 6.209330e-03 6.276215e-03 6.401018e-03 6.618361e-03 6.829488e-03 6.980654e-03 7.112561e-03 7.246764e-03 8.159635e-03 7.439821e-03 7.538780e-03 7.668859e-03 7.758038e-03 7.751654e-03 7.683489e-03 7.664166e-03 7.400034e-03 7.009815e-03 6.507679e-03 7.884344e-03 7.598126e-03 4.837150e-03 1.196552e-01 6.781163e-03 1.320696e-02 8.906742e-03 6.095377e-03 6.380341e-03 6.534714e-03 6.607808e-03 2.726504e-02 6.721663e-03 6.741073e-03 6.737888e-03 6.625022e-03 6.394925e-03 6.105292e-03 5.818873e-03 5.649499e-03 5.235356e-03 3.789953e-03 5.426804e-03 5.386671e-03 5.288986e-03 5.171655e-03 5.163983e-03
5.522172e-03 5.586260e-03 5.655393e-03 5.731982e-03 5.806996e-03 5.887019e-03 5.935661e-03 5.944135e-03 6.018745e-03 6.200644e-03 6.396212e-03 6.565590e-03 6.724689e-03 9.569463e-03 6.996876e-03 7.094514e-03 7.227737e-03 7.418061e-03 7.585331e-03 7.668974e-03 7.699026e-03 7.714442e-03 7.674991e-03 7.231554e-03 6.975673e-03 3.362489e-03 9.308836e-03 1.180818e-02 4.441498e-03 1.183962e-01 1.314850e-01 7.352704e-03 5.564485e-03 6.117840e-03 6.414243e-03 6.595815e-03 2.832131e-02 6.800070e-03 6.837670e-03 6.829287e-03 6.727800e-03 6.518837e-03 6.233039e-03 5.939306e-03 5.709936e-03 5.293447e-03 3.818644e-03 5.508526e-03 5.457399e-03 5.413148e-03 5.352465e-03 5.413594e-03
5.288508e-03 5.319777e-03 5.401500e-03 5.545667e-03 5.666199e-03 5.728215e-03 5.744875e-03 5.730329e-03 5.746285e-03 5.836171e-03 5.974627e-03 6.143889e-03 1.098007e-02 6.434776e-03 6.530568e-03 6.605024e-03 6.748254e-03 6.989571e-03 7.203212e-03 7.327107e-03 7.426726e-03 7.568087e-03 7.575168e-03 7.315945e-03 7.019862e-03 3.512296e-03 8.929299e-03 1.264413e-02 1.048752e-02 8.401424e-03 4.304927e-03 1.295700e-01 5.467038e-03 6.133619e-03 6.423134e-03 6.532890e-03 2.940994e-02 6.860170e-03 6.939356e-03 6.923813e-03 6.831857e-03 6.656559e-03 6.409997e-03 6.142712e-03 5.905157e-03 5.439714e-03 3.888877e-03 5.585865e-03 5.506357e-03 5.534401e-03 5.615614e-03 5.743763e-03
