tests/data/reference/test_sheet/mrsearstr_pa.asc
ncols	123
nrows	77
xllcorner	-713746.79929998
yllcorner	-1061022.36961616
cellsize	10.0
NODATA_value	-9999
[rows 23 to 45 of 77, columns 0 to 51 of 123]
-9.999000e+03 -9.999000e+03 -9.999000e+03 -9.999000e+03 -9.999000e+03 -9.999000e+03 -9.999000e+03 -9.999000e+03 -9.999000e+03 -9.999000e+03 -9.999000e+03 -9.999000e+03 -9.999000e+03 -9.999000e+03 7.169666e-01 9.015317e-01 1.112833e+00 2.277311e+00 8.527117e-01 1.640750e-01 1.281678e+00 1.697324e+00 2.157974e+00 4.879572e+00 5.768116e+00 2.815384e+00 3.818496e+00 4.144734e+00 3.585831e+00 3.966333e+00 3.306483e+00 4.194130e+00 4.474610e+00 4.510150e+00 7.747176e+00 4.441769e+00 4.549869e+00 3.884544e+00 6.734772e+00 5.177051e+00 5.199246e+00 5.299927e+00 5.484726e+00 5.607010e+00 5.622798e+00 5.588842e+00 5.564859e+00 5.637728e+00 5.795152e+00 5.932607e+00 5.980911e+00 4.756213e+00
-9.999000e+03 -9.999000e+03 -9.999000e+03 -9.999000e+03 -9.999000e+03 -9.999000e+03 -9.999000e+03 -9.999000e+03 -9.999000e+03 -9.999000e+03 -9.999000e+03 -9.999000e+03 -9.999000e+03 -9.999000e+03 1.009645e+00 1.090453e+00 1.934060e+00 1.529172e+00 7.977189e-01 1.479703e+00 1.533654e+00 2.503723e+00 2.568123e+00 2.367423e+00 4.373070e+00 6.959409e+00 3.726003e+00 3.887817e+00 3.907868e+00 3.299510e+00 4.104589e+00 4.155613e+00 4.387796e+00 4.350245e+00 8.062924e+00 4.344251e+00 4.630154e+00 3.983825e+00 6.911143e+00 5.152773e+00 5.143012e+00 5.211071e+00 5.336350e+00 5.441757e+00 5.503153e+00 5.540689e+00 5.585733e+00 5.706079e+00 5.884559e+00 6.046556e+00 4.799006e+00 6.445025e+00
-9.999000e+03 -9.999000e+03 -9.999000e+03 -9.999000e+03 -9.999000e+03 -9.999000e+03 -9.999000e+03 -9.999000e+03 -9.999000e+03 -9.999000e+03 -9.999000e+03 -9.999000e+03 -9.999000e+03 -9.999000e+03 1.354118e-01 6.805626e-01 1.059221e+00 1.031886e+00 9.840225e-01 1.957220e+00 1.888693e+00 4.675334e+00 5.991421e+00 3.004629e+00 3.343707e+00 4.645199e+00 8.245682e+00 4.132350e+00 4.173663e+00 3.425793e+00 4.117173e+00 4.357851e+00 4.339576e+00 4.055100e+00 3.985778e+00 8.373749e+00 3.654920e+00 4.962575e+00 4.841561e+00 7.892595e+00 5.111838e+00 5.218552e+00 5.316478e+00 5.398611e+00 5.480849e+00 5.575753e+00 5.699483e+00 5.887852e+00 6.121463e+00 6.372807e+00 6.286125e+00 5.264205e+00
-9.999000e+03 -9.999000e+03 -9.999000e+03 -9.999000e+03 -9.999000e+03 -9.999000e+03 -9.999000e+03 -9.999000e+03 -9.999000e+03 -9.999000e+03 -9.999000e+03 -9.999000e+03 1.391361e+00 9.253470e-01 1.017857e+00 1.209538e+00 1.083176e+00 2.740001e-01 1.290542e+00 1.628269e+00 5.613594e+00 4.677979e+00 3.470051e+00 5.140106e+00 3.142605e+00 3.423422e+00 8.696370e+00 3.758462e+00 3.885228e+00 3.872378e+00 3.296788e+00 4.144475e+00 4.078802e+00 3.845681e+00 3.837696e+00 4.076157e+00 8.656303e+00 4.671524e+00 4.963942e+00 4.981671e+00 8.888404e+00 5.165032e+00 5.223257e+00 5.311656e+00 5.467317e+00 5.684745e+00 5.941572e+00 6.197489e+00 6.438138e+00 6.724491e+00 6.954412e+00 5.466338e+00
-9.999000e+03 -9.999000e+03 -9.999000e+03 -9.999000e+03 -9.999000e+03 -9.999000e+03 -9.999000e+03 -9.999000e+03 -9.999000e+03 -9.999000e+03 -9.999000e+03 -9.999000e+03 -9.999000e+03 1.313770e+00 1.008918e+00 1.048956e+00 4.368208e-01 9.200688e-01 1.297485e+00 4.453425e+00 2.312499e+00 2.288238e+00 4.178933e+00 4.939863e+00 6.303313e+00 6.549740e+00 6.664234e+00 6.780471e+00 3.071541e+00 3.473450e+00 3.756892e+00 3.718740e+00 3.691783e+00 3.464226e+00 3.605112e+00 4.210425e+00 4.724592e+00 9.092885e+00 4.915868e+00 5.045057e+00 9.232668e+00 5.028820e+00 5.042527e+00 5.174956e+00 5.465437e+00 5.882209e+00 6.325211e+00 6.631051e+00 6.812738e+00 7.062825e+00 7.304068e+00 6.968170e+00
-9.999000e+03 -9.999000e+03 -9.999000e+03 -9.999000e+03 -9.999000e+03 -9.999000e+03 -9.999000e+03 -9.999000e+03 -9.999000e+03 -9.999000e+03 -9.999000e+03 -9.999000e+03 -9.999000e+03 -9.999000e+03 -9.999000e+03 6.945531e-01 2.510034e-01 9.805481e-01 1.811405e+00 4.728749e+00 3.692130e+00 3.037865e+00 2.616762e+00 2.318043e+00 2.387139e+00 2.598762e+00 2.594638e+00 6.292402e+00 9.420521e+00 2.909819e+00 3.195235e+00 3.247204e+00 3.153917e+00 3.091268e+00 3.358121e+00 4.061979e+00 4.480228e+00 4.529031e+00 8.224469e+00 4.896274e+00 9.625968e+00 4.997665e+00 5.147740e+00 5.389681e+00 5.755086e+00 6.233213e+00 6.690110e+00 6.941939e+00 7.062034e+00 7.288194e+00 7.473124e+00 7.375754e+00
-9.999000e+03 -9.999000e+03 -9.999000e+03 -9.999000e+03 -9.999000e+03 -9.999000e+03 -9.999000e+03 -9.999000e+03 -9.999000e+03 -9.999000e+03 -9.999000e+03 -9.999000e+03 -9.999000e+03 -9.999000e+03 -9.999000e+03 -9.999000e+03 8.068840e-01 1.007239e+00 3.333730e+00 2.662397e+00 2.203813e+00 1.923824e+00 1.982569e+00 2.191068e+00 2.452959e+00 2.764652e+00 2.792862e+00 2.505584e+00 2.436087e+00 9.819466e+00 9.933248e+00 9.634206e+00 2.698510e+00 2.775392e+00 3.042799e+00 3.619574e+00 4.937532e+00 5.855244e+00 4.052414e+00 7.588941e+00 4.970695e+00 1.079000e+01 5.604152e+00 5.985215e+00 6.342672e+00 6.715804e+00 6.998709e+00 7.105613e+00 7.177329e+00 7.388711e+00 7.483427e+00 7.283110e+00
-9.999000e+03 -9.999000e+03 -9.999000e+03 -9.999000e+03 -9.999000e+03 -9.999000e+03 -9.999000e+03 -9.999000e+03 -9.999000e+03 -9.999000e+03 -9.999000e+03 -9.999000e+03 -9.999000e+03 -9.999000e+03 -9.999000e+03 -9.999000e+03 1.069219e+00 3.104715e+00 1.703754e+00 1.872081e+00 1.918842e+00 4.673599e+00 4.598135e+00 4.741492e+00 4.810027e+00 4.827190e+00 4.535369e+00 3.961367e+00 3.638395e+00 3.521507e+00 3.105354e+00 2.734301e+00 9.402038e+00 8.755806e+00 8.886859e+00 9.824335e+00 1.035544e+01 1.065106e+01 1.079000e+01 1.079000e+01 1.079000e+01 1.079000e+01 1.071008e+01 5.135773e+00 5.647268e+00 6.010412e+00 6.376845e+00 6.615641e+00 6.872630e+00 7.134653e+00 7.093340e+00 6.726356e+00
-9.999000e+03 -9.999000e+03 -9.999000e+03 -9.999000e+03 -9.999000e+03 -9.999000e+03 -9.999000e+03 -9.999000e+03 -9.999000e+03 -9.999000e+03 -9.999000e+03 -9.999000e+03 -9.999000e+03 -9.999000e+03 -9.999000e+03 1.071449e+00 3.682069e+00 1.668778e+00 3.764453e+00 4.631895e+00 4.921882e+00 2.076269e+00 2.715702e+00 3.441626e+00 3.216324e+00 4.451830e+00 4.920705e+00 5.220966e+00 5.050754e+00 5.057707e+00 4.734814e+00 4.109223e+00 3.406644e+00 2.638660e+00 2.269224e+00 2.329161e+00 7.637826e+00 8.551030e+00 9.376249e+00 1.023684e+01 1.012864e+01 9.025222e+00 1.079000e+01 1.079000e+01 1.079000e+01 4.410795e+00 6.978815e+00 5.550842e+00 6.189918e+00 6.503852e+00 6.257078e+00 5.741421e+00
-9.999000e+03 -9.999000e+03 -9.999000e+03 -9.999000e+03 -9.999000e+03 -9.999000e+03 -9.999000e+03 -9.999000e+03 -9.999000e+03 -9.999000e+03 -9.999000e+03 -9.999000e+03 -9.999000e+03 -9.999000e+03 9.240143e-01 1.630174e+00 4.536916e+00 3.976628e+00 1.669711e+00 1.785790e+00 2.056067e+00 2.251205e+00 2.435054e+00 2.646632e+00 3.423325e+00 2.731749e+00 2.906781e+00 3.075025e+00 3.252400e+00 3.540350e+00 3.460509e+00 5.912896e+00 5.721667e+00 5.348513e+00 5.369423e+00 6.899185e+00 3.003658e+00 3.615896e+00 4.258732e+00 4.939049e+00 5.326417e+00 5.291535e+00 6.576657e+00 7.105815e+00 7.322716e+00 1.079000e+01 1.079000e+01 1.079000e+01 4.620696e+00 6.825094e+00 4.574562e+00 4.271584e+00
-9.999000e+03 -9.999000e+03 -9.999000e+03 -9.999000e+03 -9.999000e+03 -9.999000e+03 -9.999000e+03 -9.999000e+03 -9.999000e+03 -9.999000e+03 -9.999000e+03 -9.999000e+03 -9.999000e+03 -9.999000e+03 1.029808e+00 7.024994e+00 1.942024e+00 1.962428e+00 1.938467e+00 1.917805e+00 1.969644e+00 2.139865e+00 2.455044e+00 2.598245e+00 2.723538e+00 2.685758e+00 2.859237e+00 3.290572e+00 4.403378e+00 5.242492e+00 5.676399e+00 3.217427e+00 3.026730e+00 2.971584e+00 4.410480e+00 3.220887e+00 3.505870e+00 3.803857e+00 4.187042e+00 4.681182e+00 5.143398e+00 5.664068e+00 5.901991e+00 5.934336e+00 5.840461e+00 7.434985e+00 8.335808e+00 8.787342e+00 1.079000e+01 1.079000e+01 1.079000e+01 2.776878e+00
-9.999000e+03 -9.999000e+03 -9.999000e+03 -9.999000e+03 -9.999000e+03 -9.999000e+03 -9.999000e+03 -9.999000e+03 -9.999000e+03 -9.999000e+03 -9.999000e+03 -9.999000e+03 -9.999000e+03 1.447735e+00 8.708497e+00 1.870768e+00 2.011399e+00 2.139694e+00 2.145228e+00 2.089691e+00 2.064481e+00 2.133115e+00 2.277795e+00 2.481869e+00 2.652973e+00 2.721240e+00 2.937806e+00 3.398640e+00 3.682969e+00 3.762583e+00 3.684593e+00 3.508842e+00 3.497288e+00 5.375078e+00 2.988865e+00 3.734237e+00 3.973789e+00 4.123153e+00 4.376813e+00 4.736002e+00 5.162535e+00 5.595076e+00 5.994939e+00 6.450453e+00 6.612619e+00 6.624338e+00 6.566488e+00 6.383018e+00 5.742008e+00 6.263273e+00 5.842511e+00 1.079000e+01
-9.999000e+03 -9.999000e+03 -9.999000e+03 -9.999000e+03 -9.999000e+03 -9.999000e+03 -9.999000e+03 -9.999000e+03 -9.999000e+03 -9.999000e+03 -9.999000e+03 -9.999000e+03 8.935074e-01 1.900255e+00 1.882042e+00 1.929498e+00 2.029767e+00 2.165813e+00 2.216778e+00 2.210928e+00 2.178179e+00 2.146327e+00 2.186905e+00 2.297917e+00 2.462386e+00 2.635667e+00 2.927256e+00 3.390581e+00 3.667905e+00 3.768428e+00 3.819847e+00 3.845561e+00 5.216984e+00 3.919818e+00 3.092018e+00 3.878603e+00 4.012172e+00 4.204095e+00 4.516591e+00 4.901004e+00 5.313390e+00 5.639324e+00 5.811151e+00 5.922199e+00 6.025248e+00 6.335713e+00 6.476670e+00 6.613578e+00 6.381620e+00 5.593702e+00 4.777362e+00 5.277371e+00
-9.999000e+03 -9.999000e+03 -9.999000e+03 -9.999000e+03 -9.999000e+03 -9.999000e+03 -9.999000e+03 -9.999000e+03 -9.999000e+03 -9.999000e+03 -9.999000e+03 -9.999000e+03 1.369605e+00 1.762818e+00 1.901269e+00 1.996951e+00 2.068839e+00 2.205685e+00 2.290028e+00 2.321722e+00 2.291259e+00 2.205151e+00 2.186087e+00 2.231486e+00 2.357643e+00 2.541310e+00 2.805375e+00 3.194570e+00 3.408914e+00 3.482977e+00 3.606812e+00 5.045585e+00 3.192022e+00 3.749080e+00 3.688474e+00 3.661516e+00 3.737744e+00 3.876502e+00 4.161759e+00 4.495301e+00 4.913071e+00 5.318575e+00 5.482424e+00 5.278411e+00 5.367974e+00 5.580835e+00 5.797216e+00 6.165086e+00 6.048505e+00 5.828581e+00 5.317018e+00 4.763832e+00
-9.999000e+03 -9.999000e+03 -9.999000e+03 -9.999000e+03 -9.999000e+03 -9.999000e+03 -9.999000e+03 -9.999000e+03 -9.999000e+03 -9.999000e+03 -9.999000e+03 7.172669e-01 3.225160e+00 1.469468e+00 2.012856e+00 1.952480e+00 2.089257e+00 2.236982e+00 2.341705e+00 2.386874e+00 2.370910e+00 2.288843e+00 2.270193e+00 2.293478e+00 2.370198e+00 2.507742e+00 2.662168e+00 2.874248e+00 2.958503e+00 2.934704e+00 3.040951e+00 3.782230e+00 2.744635e+00 3.404387e+00 3.349776e+00 3.157192e+00 3.160290e+00 3.296546e+00 3.330383e+00 3.528877e+00 3.948863e+00 4.601208e+00 4.099906e+00 4.044720e+00 4.109359e+00 4.287156e+00 4.431369e+00 4.548575e+00 5.709338e+00 5.206906e+00 4.996964e+00 4.890971e+00
-9.999000e+03 -9.999000e+03 -9.999000e+03 -9.999000e+03 -9.999000e+03 -9.999000e+03 -9.999000e+03 -9.999000e+03 -9.999000e+03 -9.999000e+03 6.540564e-01 1.022710e+00 1.158779e+00 1.767710e+00 1.323119e+00 1.733653e+00 1.952183e+00 2.165979e+00 2.308243e+00 2.354404e+00 2.350127e+00 2.282285e+00 2.266530e+00 2.285517e+00 2.346322e+00 2.487664e+00 2.513184e+00 2.628569e+00 2.573852e+00 2.454286e+00 2.505904e+00 2.552992e+00 2.651536e+00 2.948758e+00 2.588526e+00 2.342233e+00 2.679630e+00 2.209182e+00 2.237127e+00 2.317331e+00 2.731189e+00 3.511144e+00 4.668585e+00 4.825814e+00 4.931342e+00 5.146975e+00 5.311615e+00 5.410494e+00 4.133964e+00 3.844940e+00 3.837325e+00 4.247952e+00
-9.999000e+03 -9.999000e+03 -9.999000e+03 -9.999000e+03 -9.999000e+03 -9.999000e+03 -9.999000e+03 -9.999000e+03 -9.999000e+03 -9.999000e+03 5.594200e-01 9.591644e-01 1.674872e+00 1.139680e+00 1.034477e+00 1.368218e+00 1.662822e+00 1.965886e+00 2.160267e+00 2.235966e+00 2.264268e+00 2.221798e+00 2.203399e+00 2.231205e+00 2.284516e+00 2.035004e+00 2.455713e+00 2.417246e+00 2.276956e+00 2.070291e+00 2.027252e+00 2.012320e+00 1.862251e+00 2.335481e+00 2.888962e+00 2.614697e+00 1.961851e+00 2.172611e+00 2.277228e+00 2.516478e+00 2.644842e+00 3.438265e+00 4.523263e+00 4.589350e+00 4.596331e+00 4.721134e+00 4.907320e+00 5.104586e+00 5.056554e+00 4.736585e+00 4.705535e+00 5.067783e+00
-9.999000e+03 -9.999000e+03 -9.999000e+03 -9.999000e+03 -9.999000e+03 -9.999000e+03 -9.999000e+03 -9.999000e+03 -9.999000e+03 5.693908e-01 2.218462e+00 1.374633e+00 9.746796e-01 9.494960e-01 1.033393e+00 1.187615e+00 1.441586e+00 1.706911e+00 1.953942e+00 2.071663e+00 2.146774e+00 2.155338e+00 2.179315e+00 2.211860e+00 1.940712e+00 2.261753e+00 2.288853e+00 2.152389e+00 1.975436e+00 1.694415e+00 1.628592e+00 1.586962e+00 2.144065e+00 2.735985e+00 2.961680e+00 2.774163e+00 2.598484e+00 2.472609e+00 2.205487e+00 2.596494e+00 3.689276e+00 4.225613e+00 4.580762e+00 4.358939e+00 4.206554e+00 4.213120e+00 4.416393e+00 4.787498e+00 4.954673e+00 4.877097e+00 4.772347e+00 4.717916e+00
-9.999000e+03 -9.999000e+03 -9.999000e+03 -9.999000e+03 -9.999000e+03 -9.999000e+03 -9.999000e+03 -9.999000e+03 -9.999000e+03 6.983185e-01 1.790572e+00 9.652275e-01 9.406219e-01 8.916789e-01 1.084095e+00 1.164830e+00 1.142327e+00 1.507908e+00 1.711720e+00 1.911813e+00 2.035440e+00 2.094836e+00 1.852474e+00 1.973622e+00 2.287282e+00 2.199905e+00 1.786980e+00 1.735158e+00 1.568451e+00 1.284389e+00 1.300711e+00 1.908553e+00 2.414380e+00 2.881401e+00 3.104883e+00 3.078105e+00 2.986985e+00 2.348723e+00 3.017473e+00 3.477237e+00 3.925852e+00 4.324844e+00 4.320414e+00 4.011105e+00 3.870264e+00 3.956378e+00 4.156950e+00 4.441910e+00 4.618316e+00 4.698216e+00 9.956185e+00 9.811126e+00
-9.999000e+03 -9.999000e+03 -9.999000e+03 -9.999000e+03 -9.999000e+03 -9.999000e+03 -9.999000e+03 -9.999000e+03 1.223206e+00 2.990281e+00 1.563302e+00 1.117776e+00 8.449521e-01 1.003816e+00 1.149871e+00 1.194403e+00 1.445984e+00 1.288194e+00 1.500605e+00 1.793609e+00 1.984104e+00 2.049605e+00 2.225361e+00 2.416807e+00 2.407470e+00 3.664836e+00 3.653722e+00 3.372768e+00 2.887434e+00 2.251490e+00 2.067639e+00 2.178661e+00 2.657231e+00 3.056397e+00 3.266072e+00 3.283668e+00 3.199144e+00 3.806164e+00 4.079879e+00 5.271737e+00 5.820715e+00 6.033790e+00 5.386125e+00 4.680483e+00 4.243900e+00 3.993136e+00 4.038483e+00 4.012301e+00 3.997953e+00 8.997543e+00 4.142013e+00 4.198542e+00
-9.999000e+03 -9.999000e+03 -9.999000e+03 -9.999000e+03 -9.999000e+03 -9.999000e+03 -9.999000e+03 6.420345e-01 1.122406e+00 1.476292e+00 1.294853e+00 1.215327e+00 8.991922e-01 1.080755e+00 1.191323e+00 1.221266e+00 1.228149e+00 1.212682e+00 1.384527e+00 1.734467e+00 1.691233e+00 1.779319e+00 2.174264e+00 3.524038e+00 3.830081e+00 2.333708e+00 2.230277e+00 2.203821e+00 2.066785e+00 1.806440e+00 1.917270e+00 2.416727e+00 2.841661e+00 3.146995e+00 3.287297e+00 3.265650e+00 3.168820e+00 3.011490e+00 3.133541e+00 3.537127e+00 3.702146e+00 3.598322e+00 3.518147e+00 3.479079e+00 3.571739e+00 3.796636e+00 3.785039e+00 3.541127e+00 7.729605e+00 3.569090e+00 3.840144e+00 4.058258e+00
-9.999000e+03 -9.999000e+03 -9.999000e+03 -9.999000e+03 -9.999000e+03 -9.999000e+03 -9.999000e+03 5.319240e-01 9.071916e-01 1.475147e+00 1.104383e+00 1.228105e+00 1.166863e+00 1.177338e+00 1.218083e+00 1.233934e+00 1.264329e+00 1.276436e+00 1.441156e+00 1.816564e+00 2.452531e+00 2.904642e+00 3.266658e+00 2.264039e+00 2.365666e+00 2.381409e+00 2.036060e+00 2.335156e+00 2.277538e+00 2.068290e+00 2.163377e+00 2.581692e+00 2.889239e+00 3.052799e+00 3.108502e+00 3.072256e+00 6.024445e+00 6.010634e+00 6.268165e+00 6.845194e+00 7.190447e+00 7.265702e+00 7.516948e+00 7.468269e+00 7.238993e+00 6.902857e+00 7.876610e+00 7.500347e+00 3.225354e+00 3.267029e+00 3.528012e+00 3.808247e+00
-9.999000e+03 -9.999000e+03 -9.999000e+03 -9.999000e+03 -9.999000e+03 -9.999000e+03 -9.999000e+03 5.019589e-01 1.181134e+00 1.015947e+00 9.349306e-01 1.178287e+00 1.280494e+00 1.276687e+00 1.272373e+00 1.281831e+00 1.363497e+00 1.445755e+00 1.619913e+00 1.983209e+00 2.241614e+00 2.330587e+00 2.315908e+00 2.221009e+00 1.918805e+00 2.091792e+00 2.489635e+00 2.474978e+00 2.404654e+00 2.307060e+00 2.363625e+00 2.597735e+00 2.755508e+00 5.743476e+00 5.932131e+00 6.137663e+00 3.323959e+00 3.573902e+00 3.808297e+00 4.056742e+00 4.167564e+00 4.119023e+00 4.131841e+00 5.494161e+00 6.453382e+00 6.953885e+00 3.842026e+00 3.630464e+00 3.374157e+00 3.127288e+00 3.139039e+00 3.370283e+00
