tests/data/reference/test_sheet/mrsearstr_pa.asc
ncols	123
nrows	77
xllcorner	-713746.79929998
yllcorner	-1061022.36961616
cellsize	10.0
NODATA_value	-9999
[rows 46 to 68 of 77, columns 52 to 103 of 123]
3.189148e+00 3.114433e+00 3.291177e+00 3.667193e+00 3.854475e+00 3.838932e+00 3.877066e+00 3.929599e+00 3.921608e+00 3.937232e+00 4.126356e+00 6.787660e+00 4.669238e+00 4.767695e+00 4.847300e+00 4.942074e+00 5.348300e+00 6.005237e+00 6.433461e+00 6.569909e+00 6.902344e+00 7.447046e+00 7.469886e+00 6.782824e+00 6.397005e+00 4.103161e+00 3.992941e+00 4.540145e+00 5.229625e+00 5.344155e+00 4.819641e+00 4.487666e+00 1.079000e+01 4.402245e+00 4.791371e+00 4.832288e+00 1.066000e+01 5.885223e+00 6.272880e+00 6.328319e+00 6.240720e+00 6.033110e+00 5.737126e+00 5.339624e+00 4.987715e+00 4.558832e+00 3.599821e+00 4.210169e+00 4.000768e+00 4.061387e+00 4.369274e+00 4.642600e+00
3.060376e+00 2.761510e+00 2.811953e+00 3.232161e+00 3.362521e+00 3.338673e+00 3.397917e+00 3.563619e+00 3.763651e+00 3.726804e+00 6.458462e+00 4.153250e+00 4.262616e+00 4.068619e+00 4.027623e+00 4.152557e+00 4.304430e+00 5.000778e+00 5.454024e+00 5.594249e+00 5.951183e+00 6.565727e+00 6.882522e+00 7.056361e+00 5.164689e+00 5.665634e+00 4.221529e+00 4.746863e+00 5.529319e+00 5.957614e+00 5.833711e+00 5.317853e+00 5.754326e+00 1.079000e+01 3.253492e+00 3.830477e+00 1.066000e+01 5.488701e+00 6.109785e+00 6.296452e+00 6.214306e+00 5.972391e+00 5.761991e+00 5.534612e+00 5.330269e+00 4.973308e+00 3.955995e+00 4.703743e+00 4.445582e+00 4.393595e+00 4.597516e+00 4.795153e+00
3.161036e+00 2.732362e+00 2.660102e+00 2.490194e+00 2.642177e+00 2.617318e+00 2.650720e+00 3.352930e+00 3.377814e+00 6.430044e+00 3.706279e+00 3.862187e+00 3.305259e+00 3.199559e+00 3.882424e+00 3.088875e+00 3.276372e+00 3.727934e+00 3.998157e+00 4.067909e+00 4.314421e+00 4.756555e+00 6.631226e+00 6.800842e+00 7.179451e+00 7.731300e+00 1.066000e+01 9.088487e+00 8.139103e+00 7.862222e+00 7.230743e+00 6.325605e+00 4.929059e+00 2.233962e+00 1.079000e+01 3.312354e+00 1.034374e+01 5.022964e+00 5.806314e+00 6.186836e+00 6.180783e+00 5.923241e+00 5.773613e+00 5.680157e+00 5.615099e+00 5.336298e+00 4.259472e+00 5.172650e+00 4.938541e+00 4.804557e+00 4.833617e+00 4.865310e+00
3.406274e+00 2.968209e+00 2.277090e+00 2.835406e+00 3.023366e+00 3.025827e+00 3.022485e+00 2.516534e+00 6.212324e+00 3.376894e+00 2.951336e+00 3.166727e+00 3.864230e+00 3.885071e+00 3.093774e+00 3.685337e+00 3.985891e+00 4.411642e+00 4.657326e+00 4.690138e+00 4.856739e+00 5.207952e+00 4.610716e+00 5.301489e+00 8.462262e+00 1.066000e+01 1.013356e+01 8.747533e+00 8.040817e+00 7.687940e+00 7.162954e+00 6.711028e+00 5.593672e+00 3.958738e+00 1.079000e+01 3.173262e+00 9.880437e+00 4.572779e+00 5.397907e+00 5.954576e+00 6.099650e+00 5.922370e+00 5.825548e+00 5.806964e+00 5.851557e+00 5.644417e+00 4.509800e+00 5.582483e+00 5.456938e+00 5.281680e+00 5.072169e+00 4.854945e+00
3.692477e+00 4.941115e+00 4.225972e+00 3.715410e+00 3.241201e+00 3.004421e+00 2.969304e+00 6.032221e+00 3.035357e+00 2.738714e+00 3.451866e+00 3.758454e+00 3.870056e+00 3.826918e+00 3.838960e+00 3.922790e+00 4.143732e+00 4.521186e+00 4.730967e+00 4.743368e+00 4.747694e+00 4.763333e+00 5.179999e+00 6.057304e+00 6.532709e+00 3.281381e+00 9.482443e+00 5.346004e+00 6.909553e+00 7.589483e+00 7.703157e+00 7.410031e+00 6.420702e+00 6.779963e+00 3.451078e+00 1.079000e+01 1.058391e+01 4.271542e+00 5.065493e+00 5.690011e+00 5.944759e+00 5.887785e+00 5.864378e+00 4.555284e+00 5.986353e+00 7.156963e+00 4.729134e+00 5.942198e+00 5.846104e+00 5.659478e+00 5.365897e+00 5.028210e+00
6.143975e+00 3.783833e+00 4.551903e+00 4.294091e+00 4.863302e+00 5.881489e+00 6.143331e+00 2.986071e+00 3.098233e+00 3.440531e+00 3.628285e+00 3.646641e+00 3.679372e+00 3.710652e+00 3.801874e+00 3.964867e+00 5.368764e+00 5.221238e+00 5.076972e+00 5.131341e+00 4.954389e+00 4.517316e+00 4.581328e+00 5.237775e+00 5.807626e+00 2.367819e+00 5.181304e+00 6.876054e+00 7.641032e+00 8.157121e+00 8.258230e+00 7.961486e+00 7.021209e+00 5.477023e+00 5.357415e+00 1.079000e+01 1.049832e+01 4.273869e+00 4.872884e+00 5.478655e+00 5.775043e+00 5.817399e+00 5.586424e+00 4.563379e+00 5.946783e+00 7.877454e+00 4.896280e+00 6.285891e+00 6.109496e+00 5.915285e+00 5.726374e+00 5.427448e+00
4.148790e+00 4.100404e+00 3.060088e+00 3.357077e+00 3.479441e+00 3.215552e+00 3.223515e+00 3.147808e+00 3.305541e+00 3.728183e+00 3.854372e+00 3.633338e+00 3.525994e+00 3.550233e+00 3.644947e+00 3.805672e+00 3.398182e+00 4.649131e+00 5.270952e+00 5.574600e+00 5.268630e+00 4.343497e+00 4.126518e+00 4.680931e+00 4.268547e+00 2.889568e+00 1.014602e+01 1.022663e+01 9.832774e+00 9.452193e+00 8.743557e+00 8.277764e+00 7.416756e+00 6.245229e+00 4.604613e+00 1.079000e+01 1.079000e+01 5.942574e+00 4.855600e+00 5.290627e+00 5.512581e+00 5.529489e+00 4.437604e+00 5.558701e+00 5.958531e+00 7.079014e+00 6.135960e+00 6.553158e+00 6.399623e+00 6.187455e+00 6.024972e+00 5.831085e+00
4.219936e+00 4.317319e+00 4.029143e+00 4.132664e+00 3.151485e+00 3.243257e+00 3.311178e+00 3.314958e+00 3.556648e+00 5.096464e+00 4.633029e+00 3.879175e+00 3.592853e+00 3.458243e+00 3.472378e+00 3.614190e+00 4.015927e+00 4.693665e+00 5.282039e+00 5.743364e+00 5.413823e+00 4.266247e+00 5.317798e+00 6.098584e+00 6.174074e+00 3.136543e+00 1.050257e+01 1.053226e+01 1.022084e+01 1.001963e+01 9.115257e+00 8.411626e+00 7.725130e+00 7.093320e+00 5.689698e+00 1.079000e+01 1.079000e+01 7.791174e+00 5.248478e+00 5.179292e+00 5.169617e+00 3.990060e+00 5.096001e+00 5.667633e+00 6.013651e+00 6.471875e+00 6.490370e+00 6.710115e+00 6.706086e+00 6.501003e+00 6.253924e+00 6.190468e+00
4.332268e+00 4.519642e+00 5.515385e+00 3.520718e+00 3.211981e+00 3.311811e+00 3.405807e+00 3.450134e+00 3.718513e+00 4.283668e+00 4.490365e+00 4.253921e+00 3.913773e+00 3.547303e+00 3.458233e+00 3.632700e+00 4.002705e+00 4.580798e+00 5.123033e+00 5.604245e+00 5.281730e+00 4.082219e+00 3.114998e+00 3.856888e+00 5.437372e+00 3.189310e+00 1.066000e+01 1.066000e+01 1.062325e+01 1.036260e+01 9.378819e+00 8.432998e+00 7.977216e+00 7.841063e+00 9.282993e+00 1.079000e+01 1.079000e+01 1.079000e+01 5.649313e+00 5.510394e+00 4.984032e+00 4.048470e+00 5.379440e+00 5.822263e+00 6.195792e+00 6.461483e+00 6.602283e+00 6.748155e+00 6.838329e+00 6.736329e+00 6.511547e+00 6.457727e+00
4.527619e+00 4.680767e+00 4.408736e+00 3.696183e+00 3.389555e+00 3.468302e+00 3.561084e+00 3.630326e+00 3.846122e+00 3.451738e+00 5.971927e+00 6.994081e+00 6.114786e+00 7.155828e+00 7.435047e+00 7.471093e+00 7.538949e+00 7.683971e+00 7.710240e+00 7.609288e+00 6.658682e+00 4.955899e+00 4.401596e+00 5.127949e+00 6.159483e+00 7.923068e+00 6.163332e+00 7.862430e+00 8.734563e+00 9.195506e+00 9.102277e+00 8.525378e+00 8.214191e+00 8.375049e+00 7.513164e+00 7.697343e+00 1.079000e+01 1.079000e+01 6.133333e+00 5.855320e+00 4.480266e+00 5.498172e+00 5.993343e+00 6.299935e+00 6.554809e+00 6.683796e+00 6.675680e+00 6.688840e+00 6.785479e+00 6.853161e+00 6.793775e+00 6.653636e+00
4.807254e+00 4.780174e+00 4.510665e+00 3.951325e+00 3.674906e+00 3.695746e+00 3.788138e+00 3.936417e+00 4.088617e+00 5.469127e+00 4.562049e+00 4.794623e+00 5.985169e+00 4.144316e+00 3.997430e+00 5.470470e+00 5.158446e+00 4.846603e+00 5.133567e+00 5.482315e+00 5.347254e+00 4.636964e+00 4.699105e+00 5.652179e+00 7.537453e+00 5.614209e+00 6.296643e+00 7.946690e+00 8.514608e+00 8.559705e+00 8.513526e+00 8.486178e+00 8.488264e+00 8.517579e+00 7.813509e+00 8.797933e+00 1.079000e+01 9.489503e+00 7.527947e+00 5.289087e+00 6.421264e+00 6.494010e+00 6.619746e+00 6.735528e+00 6.819940e+00 6.855922e+00 6.785280e+00 6.677754e+00 6.653404e+00 6.710987e+00 6.719565e+00 6.524567e+00
5.138591e+00 4.794125e+00 4.546665e+00 4.306340e+00 4.063050e+00 3.973552e+00 4.033536e+00 4.245520e+00 4.371697e+00 4.400174e+00 4.570328e+00 4.871523e+00 4.849658e+00 4.448575e+00 4.340251e+00 4.612565e+00 6.260379e+00 7.745528e+00 9.097577e+00 8.898426e+00 8.338643e+00 7.400560e+00 6.952525e+00 6.910945e+00 1.066000e+01 1.054234e+01 6.263064e+00 7.626254e+00 7.906735e+00 7.745466e+00 7.921308e+00 8.479167e+00 8.771835e+00 8.770737e+00 8.354089e+00 7.322480e+00 9.358437e+00 1.079000e+01 5.500958e+00 7.887040e+00 8.080694e+00 7.444766e+00 7.229260e+00 7.085255e+00 6.957276e+00 6.938805e+00 6.918376e+00 6.740342e+00 6.480031e+00 6.326274e+00 6.263534e+00 6.051770e+00
5.259237e+00 4.362533e+00 4.336539e+00 4.364650e+00 4.248329e+00 4.116802e+00 4.141214e+00 4.354148e+00 4.490291e+00 4.495406e+00 4.598898e+00 4.842506e+00 4.895347e+00 4.668062e+00 4.609077e+00 4.830259e+00 5.103044e+00 5.390097e+00 5.674791e+00 7.688449e+00 7.102634e+00 6.443336e+00 6.250762e+00 6.580224e+00 9.051125e+00 7.550795e+00 6.167727e+00 7.281594e+00 7.435449e+00 7.294407e+00 1.066000e+01 1.066000e+01 1.066000e+01 1.066000e+01 1.066000e+01 1.079000e+01 1.079000e+01 1.079000e+01 4.779965e+00 8.618777e+00 8.512546e+00 7.996824e+00 7.507005e+00 7.211814e+00 6.983413e+00 6.900284e+00 6.869933e+00 6.699349e+00 6.369530e+00 6.123178e+00 6.049731e+00 5.843602e+00
4.087485e+00 4.146559e+00 3.865090e+00 4.099942e+00 4.193937e+00 4.104056e+00 4.105493e+00 4.260579e+00 4.429946e+00 4.534778e+00 4.614446e+00 4.733718e+00 4.828874e+00 4.797429e+00 4.794186e+00 4.929038e+00 5.167015e+00 5.486242e+00 5.831347e+00 6.174296e+00 8.327333e+00 8.783944e+00 9.292171e+00 1.066000e+01 1.066000e+01 9.701685e+00 8.863105e+00 9.660808e+00 1.066000e+01 1.066000e+01 7.676972e+00 1.066000e+01 1.066000e+01 9.296538e+00 9.648892e+00 1.066000e+01 1.079000e+01 9.533586e+00 1.079000e+01 4.018365e+00 9.207868e+00 7.863630e+00 7.573579e+00 7.089675e+00 6.887593e+00 6.755941e+00 6.639361e+00 6.513662e+00 6.286977e+00 6.114214e+00 6.124369e+00 1.066000e+01
4.711707e+00 3.754584e+00 3.285774e+00 3.811132e+00 4.035905e+00 4.036864e+00 4.018788e+00 4.052191e+00 4.234490e+00 4.513161e+00 4.626152e+00 4.638741e+00 4.763889e+00 4.927092e+00 5.015714e+00 5.092283e+00 5.280861e+00 5.570431e+00 5.914395e+00 6.301497e+00 4.993178e+00 5.006852e+00 6.852933e+00 5.713197e+00 6.857206e+00 6.492145e+00 7.671871e+00 9.726792e+00 8.563571e+00 7.273437e+00 7.177153e+00 7.788370e+00 8.317028e+00 8.663765e+00 9.209851e+00 9.999035e+00 9.775834e+00 8.950260e+00 6.327989e+00 1.079000e+01 4.620278e+00 6.442839e+00 6.781280e+00 6.532927e+00 6.587292e+00 6.593748e+00 6.508403e+00 6.450379e+00 6.307863e+00 6.085727e+00 5.951957e+00 1.066000e+01
4.523830e+00 2.699407e+00 2.999096e+00 3.346224e+00 3.678704e+00 3.799794e+00 3.784636e+00 3.690446e+00 3.982725e+00 4.353871e+00 4.555861e+00 4.570542e+00 4.699887e+00 4.979590e+00 5.191753e+00 5.310589e+00 5.500555e+00 5.765401e+00 6.044200e+00 4.918456e+00 6.120845e+00 6.236893e+00 5.045161e+00 6.919302e+00 3.728544e+00 1.066000e+01 1.066000e+01 9.422705e+00 6.692477e+00 5.442348e+00 5.588965e+00 5.871848e+00 6.207978e+00 6.544339e+00 7.016921e+00 7.664338e+00 1.066000e+01 1.066000e+01 9.756330e+00 6.011668e+00 1.079000e+01 5.015828e+00 4.911953e+00 5.603294e+00 6.031862e+00 6.382769e+00 6.469194e+00 6.510946e+00 6.460477e+00 6.077299e+00 1.066000e+01 5.620507e+00
4.124331e+00 3.171490e+00 2.293755e+00 2.596689e+00 2.851069e+00 3.020375e+00 3.008533e+00 3.489415e+00 3.476684e+00 3.870383e+00 4.237148e+00 4.263459e+00 4.415318e+00 4.745702e+00 5.052924e+00 5.284506e+00 5.563107e+00 5.902051e+00 4.833389e+00 6.164745e+00 6.464150e+00 6.225722e+00 6.411595e+00 7.135136e+00 3.689500e+00 1.066000e+01 1.065403e+01 5.453404e+00 5.314705e+00 6.620986e+00 7.048671e+00 7.262730e+00 7.632142e+00 8.189214e+00 8.882394e+00 9.738003e+00 7.618478e+00 7.804092e+00 9.076406e+00 7.462217e+00 4.700073e+00 1.079000e+01 4.732899e+00 4.724968e+00 5.486756e+00 6.059499e+00 6.230277e+00 6.231880e+00 6.198036e+00 1.066000e+01 5.352431e+00 1.066000e+01
3.675735e+00 3.082156e+00 2.795865e+00 2.938592e+00 3.146889e+00 3.378346e+00 3.390841e+00 2.580410e+00 2.615746e+00 3.490719e+00 3.593892e+00 3.653963e+00 3.945741e+00 4.254080e+00 4.654307e+00 5.058310e+00 5.284434e+00 4.707164e+00 6.076056e+00 6.557152e+00 6.590938e+00 6.320100e+00 6.385020e+00 6.880159e+00 3.554047e+00 1.066000e+01 1.040635e+01 9.305485e+00 8.306223e+00 7.453140e+00 6.996521e+00 6.928666e+00 7.100089e+00 7.540444e+00 8.164131e+00 8.943311e+00 9.625979e+00 1.020302e+01 1.066000e+01 1.066000e+01 9.414212e+00 5.793916e+00 1.079000e+01 4.804922e+00 5.213514e+00 7.501102e+00 4.474314e+00 5.624062e+00 1.066000e+01 5.243897e+00 1.066000e+01 6.667827e+00
3.146373e+00 2.974556e+00 2.882411e+00 2.908721e+00 2.984847e+00 3.104372e+00 3.081865e+00 2.888409e+00 2.872094e+00 2.553236e+00 2.672449e+00 3.279762e+00 3.353563e+00 3.619192e+00 4.065410e+00 3.907447e+00 4.330387e+00 5.796170e+00 6.420591e+00 6.618389e+00 6.618861e+00 6.441881e+00 6.435734e+00 6.660170e+00 3.435120e+00 1.066000e+01 1.049300e+01 9.720154e+00 8.795196e+00 7.761638e+00 7.153838e+00 6.888026e+00 6.818656e+00 6.971700e+00 7.430933e+00 8.201907e+00 8.866172e+00 9.402701e+00 7.124683e+00 6.988416e+00 7.711531e+00 6.101758e+00 6.819265e+00 1.079000e+01 6.368154e+00 7.425255e+00 5.546222e+00 1.066000e+01 5.137406e+00 1.066000e+01 6.196346e+00 6.917023e+00
2.665896e+00 2.815691e+00 2.941902e+00 3.001504e+00 3.012881e+00 2.969157e+00 2.885002e+00 2.768944e+00 2.707664e+00 2.714462e+00 2.779194e+00 2.398132e+00 2.543996e+00 2.737998e+00 3.129621e+00 4.452339e+00 5.330776e+00 6.026532e+00 6.415917e+00 6.499797e+00 6.460566e+00 6.329131e+00 8.335638e+00 8.916059e+00 3.724025e+00 1.066000e+01 1.066000e+01 1.045339e+01 9.598818e+00 8.437512e+00 7.475257e+00 7.030603e+00 6.745019e+00 6.625370e+00 6.823658e+00 7.390637e+00 8.026387e+00 8.643042e+00 9.171004e+00 9.594013e+00 9.221093e+00 8.024989e+00 6.402582e+00 8.518297e+00 1.079000e+01 7.829279e+00 1.066000e+01 5.343372e+00 1.066000e+01 8.068155e+00 6.795389e+00 7.151069e+00
2.009985e+00 2.661687e+00 3.007249e+00 3.192446e+00 3.199342e+00 3.000800e+00 2.861730e+00 2.832928e+00 2.715043e+00 2.460315e+00 2.380906e+00 2.537003e+00 2.815262e+00 3.185712e+00 3.739147e+00 4.492853e+00 5.224363e+00 5.913776e+00 6.261542e+00 6.245597e+00 6.102995e+00 5.878921e+00 4.703485e+00 5.112809e+00 3.202042e+00 1.066000e+01 1.066000e+01 1.052223e+01 9.780469e+00 8.601644e+00 7.932009e+00 7.335674e+00 6.862489e+00 6.515583e+00 6.397356e+00 6.549021e+00 7.081870e+00 7.944911e+00 8.684389e+00 9.278365e+00 9.438926e+00 9.032251e+00 8.004281e+00 6.307530e+00 8.828639e+00 1.079000e+01 1.079000e+01 1.066000e+01 7.374821e+00 5.070464e+00 5.409071e+00 6.883597e+00
-9.999000e+03 -9.999000e+03 -9.999000e+03 -9.999000e+03 -9.999000e+03 -9.999000e+03 -9.999000e+03 2.493426e+00 2.362776e+00 2.018736e+00 1.876243e+00 2.003153e+00 2.670664e+00 3.296984e+00 3.890276e+00 4.447740e+00 5.044811e+00 5.712991e+00 6.013172e+00 5.905164e+00 5.696056e+00 5.407731e+00 5.658328e+00 6.460588e+00 8.193630e+00 5.684081e+00 7.226965e+00 8.463843e+00 8.988594e+00 8.910380e+00 8.485800e+00 7.769502e+00 7.107992e+00 6.511729e+00 6.100242e+00 5.899853e+00 6.253407e+00 7.190077e+00 8.102213e+00 8.880535e+00 9.357074e+00 9.522124e+00 8.895572e+00 7.576084e+00 5.459149e+00 1.079000e+01 1.079000e+01 6.771677e+00 6.581940e+00 6.952280e+00 7.510586e+00 5.712096e+00
-9.999000e+03 -9.999000e+03 -9.999000e+03 -9.999000e+03 -9.999000e+03 -9.999000e+03 -9.999000e+03 -9.999000e+03 -9.999000e+03 -9.999000e+03 2.314371e+00 2.397107e+00 2.388107e+00 2.968431e+00 4.014585e+00 4.402076e+00 4.824807e+00 5.457468e+00 5.708465e+00 5.513522e+00 5.308729e+00 5.115669e+00 5.468616e+00 6.406176e+00 8.062321e+00 5.524949e+00 6.989734e+00 8.304621e+00 9.041878e+00 9.292432e+00 9.026402e+00 8.262275e+00 7.445932e+00 6.615809e+00 6.019563e+00 5.673788e+00 5.806428e+00 6.439422e+00 7.301089e+00 8.345531e+00 9.093659e+00 9.505053e+00 9.273874e+00 8.327117e+00 6.765310e+00 4.654844e+00 1.079000e+01 7.613418e+00 7.413682e+00 7.998385e+00 -9.999000e+03 -9.999000e+03
