tests/data/reference/test_sheet/mrsearstr_pa.asc
ncols	123
nrows	77
xllcorner	-713746.79929998
yllcorner	-1061022.36961616
cellsize	10.0
NODATA_value	-9999
[rows 23 to 45 of 77, columns 52 to 103 of 123]
6.072640e+00 6.645300e+00 6.642582e+00 6.453658e+00 6.344386e+00 6.307707e+00 6.195959e+00 5.977844e+00 5.841286e+00 5.840965e+00 5.782497e+00 5.665997e+00 5.545210e+00 5.299292e+00 4.812769e+00 4.215140e+00 6.871497e+00 3.419272e+00 3.590904e+00 3.806357e+00 3.990222e+00 4.161002e+00 4.204528e+00 4.019299e+00 3.043020e+00 3.344496e+00 6.023313e+00 3.319449e+00 4.603268e+00 3.015574e+00 3.626349e+00 3.598580e+00 2.640141e+00 2.017286e+00 -9.999000e+03 -9.999000e+03 -9.999000e+03 -9.999000e+03 -9.999000e+03 -9.999000e+03 -9.999000e+03 -9.999000e+03 -9.999000e+03 -9.999000e+03 -9.999000e+03 -9.999000e+03 -9.999000e+03 -9.999000e+03 -9.999000e+03 -9.999000e+03 -9.999000e+03 -9.999000e+03
6.359573e+00 6.760298e+00 6.692826e+00 6.485432e+00 6.345248e+00 6.262326e+00 6.122094e+00 5.912880e+00 5.811867e+00 5.821692e+00 5.779844e+00 5.716048e+00 5.546319e+00 5.174508e+00 4.690320e+00 4.192511e+00 7.524292e+00 3.587251e+00 3.833114e+00 4.165481e+00 4.458719e+00 4.676551e+00 4.726387e+00 4.600738e+00 4.190563e+00 3.860772e+00 2.696046e+00 5.168182e+00 2.581624e+00 4.098490e+00 4.109629e+00 3.647086e+00 3.435653e+00 2.866546e+00 1.840326e+00 -9.999000e+03 -9.999000e+03 -9.999000e+03 -9.999000e+03 -9.999000e+03 -9.999000e+03 -9.999000e+03 -9.999000e+03 -9.999000e+03 -9.999000e+03 -9.999000e+03 -9.999000e+03 -9.999000e+03 -9.999000e+03 -9.999000e+03 -9.999000e+03 -9.999000e+03
6.943850e+00 6.881335e+00 6.816362e+00 6.582942e+00 6.302782e+00 6.059811e+00 5.862352e+00 5.769671e+00 5.825320e+00 5.922462e+00 5.914217e+00 5.782210e+00 5.450910e+00 4.989053e+00 4.624195e+00 4.379488e+00 8.680972e+00 4.096026e+00 4.250695e+00 4.520438e+00 4.814843e+00 5.034126e+00 5.071927e+00 4.964566e+00 4.752758e+00 4.475906e+00 3.985627e+00 6.216369e+00 2.878519e+00 3.091624e+00 5.244667e+00 3.005434e+00 3.489341e+00 3.700470e+00 3.343854e+00 2.427032e+00 1.955463e+00 1.915123e+00 -9.999000e+03 -9.999000e+03 -9.999000e+03 -9.999000e+03 -9.999000e+03 -9.999000e+03 -9.999000e+03 -9.999000e+03 -9.999000e+03 -9.999000e+03 -9.999000e+03 -9.999000e+03 -9.999000e+03 -9.999000e+03
6.746628e+00 7.030014e+00 6.823427e+00 6.489530e+00 6.126295e+00 5.854235e+00 5.728018e+00 5.808138e+00 5.947072e+00 6.023603e+00 5.967287e+00 5.736933e+00 5.380149e+00 5.017672e+00 4.757617e+00 4.577058e+00 9.430244e+00 4.276236e+00 4.380530e+00 4.610184e+00 4.858941e+00 5.043602e+00 5.084009e+00 5.045797e+00 4.997462e+00 4.932068e+00 4.814632e+00 6.777889e+00 4.156319e+00 3.660898e+00 5.237472e+00 2.986461e+00 3.420096e+00 3.862510e+00 3.909061e+00 3.423924e+00 2.753904e+00 2.089518e+00 2.369285e+00 1.866105e+00 -9.999000e+03 -9.999000e+03 -9.999000e+03 -9.999000e+03 -9.999000e+03 -9.999000e+03 -9.999000e+03 -9.999000e+03 -9.999000e+03 -9.999000e+03 -9.999000e+03 -9.999000e+03
7.233601e+00 5.342288e+00 6.643916e+00 6.197465e+00 5.873723e+00 5.762678e+00 5.814834e+00 5.982446e+00 6.073029e+00 6.048669e+00 5.931203e+00 5.704689e+00 5.469311e+00 5.261224e+00 5.009318e+00 4.665764e+00 9.571985e+00 4.081432e+00 4.192286e+00 4.404028e+00 4.563724e+00 4.687863e+00 4.751792e+00 4.834335e+00 4.990668e+00 5.154254e+00 5.260497e+00 6.791562e+00 4.943803e+00 4.529935e+00 6.062682e+00 3.628151e+00 3.409669e+00 3.399469e+00 3.491492e+00 4.065019e+00 2.519743e+00 2.232676e+00 2.432919e+00 2.337904e+00 2.147579e+00 1.004230e+00 -9.999000e+03 -9.999000e+03 -9.999000e+03 -9.999000e+03 -9.999000e+03 -9.999000e+03 -9.999000e+03 -9.999000e+03 -9.999000e+03 -9.999000e+03
7.231487e+00 6.450893e+00 6.383141e+00 5.972643e+00 4.452430e+00 5.776921e+00 5.883189e+00 6.064825e+00 6.158537e+00 6.123183e+00 5.992912e+00 5.773934e+00 5.555843e+00 5.325623e+00 4.982112e+00 4.536720e+00 9.652309e+00 4.081567e+00 4.270467e+00 4.503197e+00 4.643271e+00 4.729917e+00 4.761781e+00 4.837219e+00 5.040421e+00 5.318400e+00 5.549057e+00 6.461784e+00 5.373546e+00 5.083841e+00 6.210533e+00 4.107700e+00 3.559834e+00 3.261322e+00 3.214799e+00 3.418675e+00 3.003492e+00 2.756868e+00 2.213489e+00 2.539029e+00 2.336079e+00 1.668315e+00 7.190201e-01 5.414966e-01 -9.999000e+03 -9.999000e+03 -9.999000e+03 -9.999000e+03 -9.999000e+03 -9.999000e+03 -9.999000e+03 -9.999000e+03
6.943572e+00 6.458075e+00 6.148288e+00 5.924401e+00 4.537005e+00 5.532511e+00 5.854906e+00 6.084213e+00 6.284213e+00 6.293408e+00 6.153541e+00 5.883066e+00 5.544117e+00 5.116314e+00 4.636581e+00 4.263635e+00 4.185272e+00 1.018456e+01 4.665296e+00 4.966326e+00 5.158153e+00 5.213559e+00 5.143655e+00 5.085044e+00 5.173644e+00 5.444338e+00 5.703885e+00 5.807703e+00 5.488087e+00 5.237229e+00 5.795496e+00 4.423647e+00 3.930789e+00 3.533333e+00 3.228932e+00 3.087090e+00 2.964102e+00 2.897638e+00 2.773922e+00 2.170027e+00 1.525887e+00 3.594933e+00 2.062301e+00 8.381272e-01 4.127665e-01 -9.999000e+03 -9.999000e+03 -9.999000e+03 -9.999000e+03 -9.999000e+03 -9.999000e+03 -9.999000e+03
6.323401e+00 5.994680e+00 5.841662e+00 5.840068e+00 5.597272e+00 4.567399e+00 5.883422e+00 6.181670e+00 6.327632e+00 6.218091e+00 5.980339e+00 5.627357e+00 5.217731e+00 4.761952e+00 4.417752e+00 4.331822e+00 4.508941e+00 4.855619e+00 1.066000e+01 5.481118e+00 5.596854e+00 5.545497e+00 5.385073e+00 5.268982e+00 5.318607e+00 5.574420e+00 5.770178e+00 5.731271e+00 5.568008e+00 5.425019e+00 5.411308e+00 4.834890e+00 4.398532e+00 4.909188e+00 3.512882e+00 2.637145e+00 3.135428e+00 3.162630e+00 3.085387e+00 1.534983e+00 3.683122e+00 3.034323e+00 1.800476e+00 1.282698e+00 9.391214e-01 3.744889e-01 -9.999000e+03 -9.999000e+03 -9.999000e+03 -9.999000e+03 -9.999000e+03 -9.999000e+03
5.382345e+00 5.302747e+00 5.457913e+00 5.685785e+00 5.826116e+00 5.708546e+00 4.777487e+00 6.280759e+00 6.137638e+00 5.787838e+00 5.404965e+00 4.979172e+00 4.622697e+00 4.414957e+00 4.479427e+00 4.775886e+00 5.155331e+00 5.570346e+00 1.066000e+01 5.983370e+00 5.892073e+00 5.677111e+00 5.456653e+00 5.373541e+00 5.472558e+00 5.690949e+00 5.737182e+00 5.645634e+00 5.620795e+00 5.655420e+00 5.624854e+00 5.347764e+00 6.945301e+00 4.514424e+00 3.887055e+00 2.977395e+00 3.635294e+00 3.722597e+00 1.884684e+00 4.726752e+00 3.552242e+00 2.872498e+00 1.477687e+00 1.216406e+00 1.259021e+00 1.161119e+00 9.780447e-01 -9.999000e+03 -9.999000e+03 -9.999000e+03 -9.999000e+03 -9.999000e+03
4.181688e+00 4.399771e+00 4.762511e+00 5.111078e+00 4.195001e+00 5.694631e+00 5.909346e+00 5.705531e+00 5.806751e+00 5.502152e+00 5.189216e+00 4.866568e+00 4.687889e+00 4.711493e+00 4.942406e+00 5.306651e+00 5.651154e+00 5.943351e+00 1.066000e+01 5.967673e+00 5.789965e+00 5.589689e+00 5.455805e+00 5.473517e+00 5.617786e+00 5.755022e+00 5.638974e+00 5.454113e+00 5.447238e+00 5.540519e+00 5.618745e+00 8.545341e+00 5.138899e+00 4.870504e+00 4.314208e+00 3.314254e+00 4.324642e+00 3.344530e+00 5.812701e+00 4.448877e+00 3.518784e+00 3.799953e+00 1.817552e+00 1.311145e+00 1.538978e+00 1.670965e+00 1.657112e+00 1.129962e+00 3.932390e-01 -9.999000e+03 -9.999000e+03 -9.999000e+03
2.874732e+00 3.358905e+00 3.772176e+00 4.140158e+00 4.539445e+00 4.705370e+00 5.274131e+00 5.459489e+00 5.497285e+00 5.558745e+00 5.516179e+00 5.461042e+00 5.493414e+00 5.572951e+00 5.673600e+00 5.803645e+00 5.872348e+00 5.851570e+00 5.666133e+00 1.066000e+01 5.304118e+00 5.300171e+00 5.397991e+00 5.578356e+00 5.748738e+00 5.762659e+00 5.476394e+00 5.159636e+00 5.048642e+00 5.068839e+00 9.033967e+00 5.168816e+00 5.028339e+00 4.914980e+00 3.837334e+00 2.299261e+00 3.718620e+00 4.149792e+00 5.497550e+00 4.208680e+00 6.036579e+00 2.964407e+00 2.251407e+00 2.156532e+00 1.913018e+00 1.689939e+00 1.707305e+00 2.231062e+00 1.141634e+00 5.935871e-01 -9.999000e+03 -9.999000e+03
1.079000e+01 1.079000e+01 3.352687e+00 3.762907e+00 4.061375e+00 4.560811e+00 4.959272e+00 5.312067e+00 5.591047e+00 5.809372e+00 5.958352e+00 6.091990e+00 6.232157e+00 6.296237e+00 6.273594e+00 6.177478e+00 5.966105e+00 5.666923e+00 5.281581e+00 1.079000e+01 4.760053e+00 4.817136e+00 5.052468e+00 5.340057e+00 5.504454e+00 5.407633e+00 5.034405e+00 4.731214e+00 4.656763e+00 4.682614e+00 9.252991e+00 5.082067e+00 5.051749e+00 4.123843e+00 1.983551e+00 7.443211e+00 4.528126e+00 4.510818e+00 5.116607e+00 7.598755e+00 3.674298e+00 3.353550e+00 2.650661e+00 2.726676e+00 2.318891e+00 2.472220e+00 2.135531e+00 1.781897e+00 1.599016e+00 2.500759e+00 1.063720e+00 6.119988e-01
5.443238e+00 5.099503e+00 1.079000e+01 3.736594e+00 4.131230e+00 4.794631e+00 5.358052e+00 5.744446e+00 6.095932e+00 6.375098e+00 6.592928e+00 6.806315e+00 6.960819e+00 6.996309e+00 6.900688e+00 6.605626e+00 6.132509e+00 5.613527e+00 5.084041e+00 4.597803e+00 1.079000e+01 4.291654e+00 4.564890e+00 4.886656e+00 4.852202e+00 4.669607e+00 4.311678e+00 4.156062e+00 4.257625e+00 4.400006e+00 9.479383e+00 5.125415e+00 3.295410e+00 2.006445e+00 7.106372e+00 6.643147e+00 4.721698e+00 4.688762e+00 9.242725e+00 4.331754e+00 4.038352e+00 3.630044e+00 3.408861e+00 2.546862e+00 2.733892e+00 3.786867e+00 2.137552e+00 2.457017e+00 2.317994e+00 2.967031e+00 1.578091e+00 2.472094e+00
3.522184e+00 4.396763e+00 4.506246e+00 1.079000e+01 1.079000e+01 1.079000e+01 1.079000e+01 5.508017e+00 5.622569e+00 5.725267e+00 5.840247e+00 5.984931e+00 6.019144e+00 5.931196e+00 7.739138e+00 5.435794e+00 5.057752e+00 4.722423e+00 4.387515e+00 4.075915e+00 3.173153e+00 1.065820e+01 5.824404e+00 4.569200e+00 4.463580e+00 4.170134e+00 3.769878e+00 3.782476e+00 4.051174e+00 4.325504e+00 9.860529e+00 3.215050e+00 3.255590e+00 4.030420e+00 6.657158e+00 5.947763e+00 4.784987e+00 4.768036e+00 9.644083e+00 4.571105e+00 4.311224e+00 3.973668e+00 3.542422e+00 2.740286e+00 3.012707e+00 3.600104e+00 2.737790e+00 2.783936e+00 2.690880e+00 2.905242e+00 2.339538e+00 2.709216e+00
5.099166e+00 5.454622e+00 5.317529e+00 4.551112e+00 4.429174e+00 5.021287e+00 5.218581e+00 1.079000e+01 1.079000e+01 1.079000e+01 1.079000e+01 1.079000e+01 1.079000e+01 1.079000e+01 1.079000e+01 1.079000e+01 1.079000e+01 3.391667e+00 3.590710e+00 3.751281e+00 4.011247e+00 4.240822e+00 1.079000e+01 4.500945e+00 4.058189e+00 3.666245e+00 3.560455e+00 3.637754e+00 4.078745e+00 4.481037e+00 1.066000e+01 1.066000e+01 5.194490e+00 4.126641e+00 6.044535e+00 5.418284e+00 4.852912e+00 4.784488e+00 9.743578e+00 4.667000e+00 4.487279e+00 4.145853e+00 3.736037e+00 3.520508e+00 3.425477e+00 2.366970e+00 2.674234e+00 2.674607e+00 2.747473e+00 2.869895e+00 2.894907e+00 2.849500e+00
5.420205e+00 5.891002e+00 5.691375e+00 1.079000e+01 1.074527e+01 1.079000e+01 1.079000e+01 1.079000e+01 1.079000e+01 1.079000e+01 1.079000e+01 1.079000e+01 1.079000e+01 1.079000e+01 1.045956e+01 9.859496e+00 9.149973e+00 1.079000e+01 1.079000e+01 3.082037e+00 3.432707e+00 4.006680e+00 1.079000e+01 3.967412e+00 3.585212e+00 3.341841e+00 3.378318e+00 3.767079e+00 4.191863e+00 5.310820e+00 1.066000e+01 5.414486e+00 5.276906e+00 4.187313e+00 5.522052e+00 5.147268e+00 4.970930e+00 1.029578e+01 4.871639e+00 4.855240e+00 4.702559e+00 4.358395e+00 4.045854e+00 3.726934e+00 3.290220e+00 3.026532e+00 2.283192e+00 2.638228e+00 2.713578e+00 2.881003e+00 3.013036e+00 2.963944e+00
5.367932e+00 1.066000e+01 1.066000e+01 5.417431e+00 5.673637e+00 6.278568e+00 6.611606e+00 6.640671e+00 6.580909e+00 6.441446e+00 6.245137e+00 6.156842e+00 5.837734e+00 5.435669e+00 5.000551e+00 4.597184e+00 5.906214e+00 6.618376e+00 5.631162e+00 1.079000e+01 1.079000e+01 1.079000e+01 1.079000e+01 9.103942e+00 3.073067e+00 3.189478e+00 3.387614e+00 3.948952e+00 5.287342e+00 2.068879e+00 9.285588e+00 6.946668e+00 5.324327e+00 4.213497e+00 5.355228e+00 5.271311e+00 5.135447e+00 1.066000e+01 5.144665e+00 5.146830e+00 5.005783e+00 4.660706e+00 4.251575e+00 3.885464e+00 3.648710e+00 3.280012e+00 2.519429e+00 2.752414e+00 2.667441e+00 2.673450e+00 2.701670e+00 2.730197e+00
1.058095e+01 5.106648e+00 5.465477e+00 5.738781e+00 6.221801e+00 6.885935e+00 7.312503e+00 7.484132e+00 7.575749e+00 7.562234e+00 7.428908e+00 7.202437e+00 6.912508e+00 6.568906e+00 6.179290e+00 5.959482e+00 5.571437e+00 5.142557e+00 6.363709e+00 6.632849e+00 7.287843e+00 1.079000e+01 6.083200e+00 1.079000e+01 7.125103e+00 2.568005e+00 3.162186e+00 3.251006e+00 2.383086e+00 7.012192e+00 8.671390e+00 7.895062e+00 4.460615e+00 5.286171e+00 5.463803e+00 5.365117e+00 5.265282e+00 1.066000e+01 5.379796e+00 5.379354e+00 5.222385e+00 4.891423e+00 4.452385e+00 4.026100e+00 3.798430e+00 3.546254e+00 3.340174e+00 2.506780e+00 2.834575e+00 2.728250e+00 2.659013e+00 2.669187e+00
4.558664e+00 4.937898e+00 5.235133e+00 5.397212e+00 5.711414e+00 6.276528e+00 6.736738e+00 7.034614e+00 7.328829e+00 7.532297e+00 7.551078e+00 7.470644e+00 7.400495e+00 7.329184e+00 7.180290e+00 6.977593e+00 6.762067e+00 6.477454e+00 6.075588e+00 5.200105e+00 4.764108e+00 7.013423e+00 1.079000e+01 5.607023e+00 1.079000e+01 6.482746e+00 2.818972e+00 4.278486e+00 8.808356e+00 5.482424e+00 8.061622e+00 7.710078e+00 4.579985e+00 5.825443e+00 5.643895e+00 5.426928e+00 1.066000e+01 5.456255e+00 5.574550e+00 5.586153e+00 5.373170e+00 5.021921e+00 4.601588e+00 4.130041e+00 3.870466e+00 3.806827e+00 3.535073e+00 2.811394e+00 3.213633e+00 3.062795e+00 2.930951e+00 2.837498e+00
4.446089e+00 4.775927e+00 4.967100e+00 5.013897e+00 5.172309e+00 5.577693e+00 5.952243e+00 6.229636e+00 6.605888e+00 7.013064e+00 7.227402e+00 7.291339e+00 7.388193e+00 7.521135e+00 7.573020e+00 7.549621e+00 7.557233e+00 7.533733e+00 7.228195e+00 6.588481e+00 6.229206e+00 6.114151e+00 5.670774e+00 4.490943e+00 7.709077e+00 1.079000e+01 1.079000e+01 7.681321e+00 4.182677e+00 3.928151e+00 6.684776e+00 6.733169e+00 5.216504e+00 5.690455e+00 5.633020e+00 5.506178e+00 1.066000e+01 5.595833e+00 5.705934e+00 5.782616e+00 5.594213e+00 5.188821e+00 4.731691e+00 4.229672e+00 3.946085e+00 3.858248e+00 3.091352e+00 3.527989e+00 3.481380e+00 3.319223e+00 3.158386e+00 3.068668e+00
4.218638e+00 4.395758e+00 4.519099e+00 4.543197e+00 4.615755e+00 4.852432e+00 5.061149e+00 5.195419e+00 5.525297e+00 6.060124e+00 6.476405e+00 6.712460e+00 6.939269e+00 7.201174e+00 7.837844e+00 7.526275e+00 7.745977e+00 8.013085e+00 8.061641e+00 7.850267e+00 7.561393e+00 7.416951e+00 6.767848e+00 5.810254e+00 5.125110e+00 1.017606e+01 9.084161e+00 6.109807e+00 1.079000e+01 3.338432e+00 5.548827e+00 5.214256e+00 4.450510e+00 4.892929e+00 5.309881e+00 5.566805e+00 1.066000e+01 5.782342e+00 5.820531e+00 5.919302e+00 5.811748e+00 5.414989e+00 4.894108e+00 4.327942e+00 3.995652e+00 3.739401e+00 3.070765e+00 3.680844e+00 3.604882e+00 3.473968e+00 3.308557e+00 3.327556e+00
3.930730e+00 4.014126e+00 4.140312e+00 4.237750e+00 4.299718e+00 4.415045e+00 4.500374e+00 4.509426e+00 4.702670e+00 5.153050e+00 5.593425e+00 5.925468e+00 6.212423e+00 7.824451e+00 6.756941e+00 6.955644e+00 7.296147e+00 7.742341e+00 7.995863e+00 8.037005e+00 8.031578e+00 7.960840e+00 7.526289e+00 6.479511e+00 6.002315e+00 7.384070e+00 2.252200e+00 6.799828e+00 6.277237e+00 1.079000e+01 1.079000e+01 3.896748e+00 4.017126e+00 4.564219e+00 5.126975e+00 5.504753e+00 1.066000e+01 5.938571e+00 6.018039e+00 6.073395e+00 5.993985e+00 5.675883e+00 5.175754e+00 4.585456e+00 4.191653e+00 3.874090e+00 3.141707e+00 3.762920e+00 3.692599e+00 3.655398e+00 3.598133e+00 3.719493e+00
3.505454e+00 3.571317e+00 3.775056e+00 4.031547e+00 4.149514e+00 4.191752e+00 4.220956e+00 4.175661e+00 4.188251e+00 4.384563e+00 4.701966e+00 5.047254e+00 7.247234e+00 5.550132e+00 5.762987e+00 5.945318e+00 6.333238e+00 6.895136e+00 7.228331e+00 7.345264e+00 7.562628e+00 7.869788e+00 7.580232e+00 6.749198e+00 6.230925e+00 7.984999e+00 2.386919e+00 7.957729e+00 6.576630e+00 5.498612e+00 5.865768e+00 1.079000e+01 4.023447e+00 5.071259e+00 5.242016e+00 5.359606e+00 1.066000e+01 6.014899e+00 6.228136e+00 6.250681e+00 6.166616e+00 5.931667e+00 5.532927e+00 5.006536e+00 4.593159e+00 4.183272e+00 3.321323e+00 3.892538e+00 3.756761e+00 3.833428e+00 4.035123e+00 4.272495e+00
