tests/data/reference/test_sheet/mrsearstr_pa.asc
ncols	123
nrows	77
xllcorner	-713746.79929998
yllcorner	-1061022.36961616
cellsize	10.0
NODATA_value	-9999
[rows 46 to 68 of 77, columns 0 to 51 of 123]
-9.999000e+03 -9.999000e+03 -9.999000e+03 -9.999000e+03 -9.999000e+03 -9.999000e+03 5.987893e-01 1.070742e+00 1.005905e+00 1.081570e+00 9.612140e-01 1.246763e+00 1.397736e+00 1.411993e+00 1.401075e+00 1.371791e+00 1.397842e+00 1.448742e+00 1.601653e+00 1.945654e+00 2.227744e+00 2.327332e+00 2.345967e+00 2.245195e+00 2.346858e+00 2.606755e+00 2.666120e+00 2.494291e+00 2.442352e+00 2.501436e+00 2.520132e+00 5.204991e+00 5.379956e+00 2.754236e+00 2.996588e+00 3.283684e+00 3.628163e+00 3.978347e+00 4.258930e+00 4.504201e+00 4.637032e+00 4.642580e+00 4.643814e+00 4.702879e+00 4.633030e+00 4.402677e+00 4.215674e+00 4.034229e+00 3.733184e+00 3.327707e+00 3.115563e+00 3.182031e+00
-9.999000e+03 -9.999000e+03 -9.999000e+03 -9.999000e+03 -9.999000e+03 -9.999000e+03 1.371090e+00 9.066834e-01 1.152448e+00 1.284115e+00 1.168357e+00 1.442772e+00 1.569958e+00 1.625444e+00 1.630981e+00 1.532798e+00 1.395842e+00 1.320927e+00 1.434400e+00 1.763653e+00 1.764437e+00 1.919135e+00 2.000304e+00 1.993412e+00 2.393939e+00 2.664261e+00 2.708894e+00 4.687278e+00 4.846905e+00 5.240232e+00 5.404018e+00 2.657059e+00 2.758221e+00 2.963679e+00 3.201735e+00 3.436397e+00 3.707084e+00 4.014424e+00 4.266896e+00 4.511998e+00 4.732714e+00 4.892066e+00 4.998053e+00 5.065964e+00 5.001567e+00 4.765038e+00 4.521880e+00 4.327472e+00 4.101882e+00 3.747946e+00 3.415499e+00 3.262965e+00
-9.999000e+03 -9.999000e+03 -9.999000e+03 -9.999000e+03 -9.999000e+03 4.719207e-01 7.924345e-01 1.225145e+00 1.055867e+00 1.101605e+00 1.289366e+00 1.403592e+00 1.554060e+00 1.659592e+00 1.689316e+00 1.626431e+00 1.482466e+00 1.353990e+00 1.438384e+00 1.739660e+00 2.374094e+00 2.945401e+00 3.462282e+00 3.928723e+00 4.250127e+00 4.626398e+00 4.894270e+00 2.652192e+00 2.649233e+00 2.780188e+00 2.822105e+00 2.790418e+00 2.893622e+00 3.069024e+00 3.243023e+00 3.406117e+00 3.624244e+00 3.940314e+00 4.206756e+00 4.426502e+00 4.654671e+00 4.873340e+00 5.055691e+00 5.188653e+00 5.205590e+00 5.059956e+00 4.814911e+00 4.547690e+00 4.345935e+00 4.112770e+00 3.787066e+00 3.495831e+00
-9.999000e+03 -9.999000e+03 -9.999000e+03 -9.999000e+03 8.961704e-01 8.250274e-01 1.143499e+00 1.356847e+00 9.229146e-01 8.366578e-01 1.024349e+00 1.145709e+00 1.365254e+00 1.498149e+00 1.583283e+00 1.620187e+00 1.564087e+00 1.437583e+00 1.523096e+00 1.816638e+00 2.080819e+00 2.298303e+00 2.546731e+00 2.788293e+00 2.887224e+00 2.887719e+00 2.904026e+00 2.888698e+00 2.859713e+00 2.889635e+00 2.908712e+00 2.866291e+00 2.871312e+00 2.933431e+00 3.031023e+00 3.151120e+00 3.355365e+00 3.710003e+00 4.041451e+00 4.285264e+00 4.477270e+00 4.652481e+00 4.849680e+00 5.044737e+00 5.173263e+00 5.186534e+00 5.029660e+00 4.727335e+00 4.510265e+00 4.396630e+00 4.144320e+00 3.783895e+00
-9.999000e+03 -9.999000e+03 -9.999000e+03 -9.999000e+03 5.731775e-01 1.006366e+00 1.153006e+00 1.084762e+00 8.235717e-01 6.938333e-01 8.513344e-01 1.104376e+00 1.034840e+00 1.374805e+00 1.528273e+00 1.628472e+00 1.605286e+00 1.467043e+00 1.548753e+00 1.853015e+00 2.176558e+00 2.473335e+00 2.774721e+00 3.099772e+00 3.232782e+00 3.206826e+00 3.239141e+00 3.287648e+00 3.243808e+00 3.183833e+00 3.187483e+00 3.168071e+00 3.124385e+00 3.090367e+00 3.092326e+00 3.136848e+00 3.258532e+00 3.526085e+00 3.853907e+00 4.150774e+00 4.314783e+00 4.392426e+00 4.542474e+00 4.747292e+00 4.943659e+00 5.087817e+00 5.052795e+00 4.815929e+00 4.640629e+00 4.621934e+00 4.434820e+00 4.045287e+00
-9.999000e+03 -9.999000e+03 -9.999000e+03 5.017751e-01 5.945570e-01 8.885391e-01 7.797503e-01 7.339081e-01 6.067299e-01 6.918038e-01 8.407727e-01 8.385505e-01 8.937943e-01 1.251179e+00 1.479801e+00 1.609401e+00 1.608847e+00 1.488620e+00 1.548001e+00 1.848385e+00 2.340282e+00 2.682766e+00 3.072965e+00 3.415490e+00 3.607121e+00 3.633146e+00 3.698339e+00 3.793282e+00 3.766798e+00 3.662089e+00 3.628618e+00 3.617026e+00 3.579292e+00 3.502818e+00 3.411219e+00 3.355061e+00 3.344922e+00 3.438181e+00 3.699433e+00 4.042160e+00 4.181063e+00 4.138410e+00 4.194271e+00 4.350447e+00 4.560895e+00 4.793762e+00 4.896962e+00 4.814800e+00 4.694469e+00 4.705539e+00 4.568123e+00 4.225339e+00
-9.999000e+03 -9.999000e+03 -9.999000e+03 4.113041e-01 6.272533e-01 6.723599e-01 5.395391e-01 4.083484e-01 4.638677e-01 5.026337e-01 6.201953e-01 6.743033e-01 7.170102e-01 1.091976e+00 1.372454e+00 1.507184e+00 1.544894e+00 1.473266e+00 1.459140e+00 2.009001e+00 1.802032e+00 2.501508e+00 2.924644e+00 3.304938e+00 3.599415e+00 3.735491e+00 3.840050e+00 3.951054e+00 3.936622e+00 3.804303e+00 3.720370e+00 3.693334e+00 3.697522e+00 3.688759e+00 3.640657e+00 3.601980e+00 3.540667e+00 3.485403e+00 3.651628e+00 4.015644e+00 4.164394e+00 4.063344e+00 4.027568e+00 4.080088e+00 4.222509e+00 4.444885e+00 4.625626e+00 4.540050e+00 4.532306e+00 4.487842e+00 4.368267e+00 7.015663e+00
-9.999000e+03 -9.999000e+03 2.603301e-01 2.342549e-01 5.587519e-01 5.442791e-01 2.951077e-01 2.311481e-01 2.817238e-01 2.043607e-01 3.363138e-01 4.395541e-01 4.922154e-01 8.914276e-01 1.191656e+00 1.328997e+00 1.433852e+00 1.432867e+00 1.478610e+00 1.233416e+00 1.297743e+00 1.856712e+00 2.306843e+00 2.740341e+00 3.176527e+00 3.474743e+00 3.634631e+00 3.748906e+00 3.745555e+00 3.598212e+00 3.460561e+00 3.405798e+00 3.480114e+00 3.619900e+00 3.720841e+00 3.799149e+00 3.786495e+00 3.666892e+00 3.713414e+00 4.018517e+00 4.206755e+00 4.155253e+00 4.062118e+00 3.986861e+00 4.016623e+00 4.171137e+00 3.488950e+00 3.640943e+00 3.664363e+00 3.570409e+00 7.580714e+00 4.240639e+00
-9.999000e+03 -9.999000e+03 2.436643e-01 4.682535e-01 5.251930e-01 3.086378e-01 1.772765e-01 3.001489e-01 2.655015e-01 4.914244e-02 2.278136e-01 2.957018e-01 3.343323e-01 6.988792e-01 9.416108e-01 1.029551e+00 1.150336e+00 1.234287e+00 1.065682e+00 8.772967e-01 8.015982e-01 1.206035e+00 1.623828e+00 2.012311e+00 2.467846e+00 2.895714e+00 3.178504e+00 3.363539e+00 3.429488e+00 3.344839e+00 3.207909e+00 3.109176e+00 3.190812e+00 3.399222e+00 3.577034e+00 3.721836e+00 3.769447e+00 3.697767e+00 3.728124e+00 3.943531e+00 4.121435e+00 4.156680e+00 4.105330e+00 4.018317e+00 4.040859e+00 4.198875e+00 4.351357e+00 4.516097e+00 7.551502e+00 7.939741e+00 4.268236e+00 4.258062e+00
-9.999000e+03 1.942555e-01 7.997386e-01 5.892356e-01 4.500020e-01 1.046820e-01 3.447835e-01 3.411732e-01 -9.999000e+03 -9.999000e+03 -9.999000e+03 2.195449e-01 2.748666e-01 5.228985e-01 6.623432e-01 6.708617e-01 7.438299e-01 8.812644e-01 7.388400e-01 3.561177e-01 2.904809e-01 5.768784e-01 9.445882e-01 1.218237e+00 1.574744e+00 2.054091e+00 2.475195e+00 2.794923e+00 2.977126e+00 3.009500e+00 2.932024e+00 2.812523e+00 2.861055e+00 3.076340e+00 3.274450e+00 3.441383e+00 3.521118e+00 3.520095e+00 3.639209e+00 3.856574e+00 3.995578e+00 4.061066e+00 4.080288e+00 4.056927e+00 4.139235e+00 4.343459e+00 5.699496e+00 6.805908e+00 4.524357e+00 4.334004e+00 4.320512e+00 4.429219e+00
-9.999000e+03 4.650420e-01 3.861969e-01 4.436315e-01 2.652406e-01 2.840786e-01 -9.999000e+03 -9.999000e+03 -9.999000e+03 -9.999000e+03 -9.999000e+03 -9.999000e+03 3.265699e-01 4.659825e-01 5.908901e-01 6.465541e-01 6.704866e-01 8.616694e-01 7.336085e-01 3.212227e-01 2.087855e-01 2.247087e-01 3.969082e-01 6.643070e-01 9.984256e-01 1.381448e+00 1.780282e+00 2.146473e+00 2.381026e+00 2.491189e+00 2.550875e+00 2.474767e+00 2.549748e+00 2.798449e+00 3.029169e+00 3.224680e+00 3.313853e+00 3.302632e+00 3.478248e+00 3.804425e+00 3.980891e+00 4.026327e+00 4.051667e+00 4.058494e+00 4.182668e+00 4.430758e+00 4.579782e+00 4.622793e+00 4.561842e+00 4.396821e+00 4.473959e+00 4.732805e+00
5.109605e-01 9.503052e-01 4.871297e-01 2.751891e-01 8.872441e-02 4.641235e-01 -9.999000e+03 -9.999000e+03 -9.999000e+03 -9.999000e+03 -9.999000e+03 -9.999000e+03 -9.999000e+03 -9.999000e+03 -9.999000e+03 7.084618e-01 8.966095e-01 8.234481e-01 7.105343e-01 5.578667e-01 5.840428e-01 -9.999000e+03 -9.999000e+03 3.963296e-01 6.720733e-01 8.775425e-01 1.134687e+00 1.425663e+00 1.586749e+00 1.915929e+00 1.997922e+00 2.089395e+00 2.237450e+00 2.544616e+00 2.811648e+00 3.020886e+00 3.118823e+00 3.090116e+00 3.293317e+00 3.736982e+00 3.986254e+00 3.998192e+00 3.999657e+00 4.017685e+00 4.159013e+00 4.445189e+00 4.645992e+00 4.722865e+00 4.667125e+00 4.509972e+00 4.683928e+00 5.127610e+00
3.168232e-01 2.436267e-01 2.071085e-01 2.051045e-01 4.850209e-01 -9.999000e+03 -9.999000e+03 -9.999000e+03 -9.999000e+03 -9.999000e+03 -9.999000e+03 -9.999000e+03 -9.999000e+03 -9.999000e+03 -9.999000e+03 -9.999000e+03 -9.999000e+03 -9.999000e+03 -9.999000e+03 -9.999000e+03 -9.999000e+03 -9.999000e+03 -9.999000e+03 3.416560e-01 5.962799e-01 7.136226e-01 9.935617e-01 1.303074e+00 1.401447e+00 1.160183e+00 1.409105e+00 1.546051e+00 1.785908e+00 2.177479e+00 2.468285e+00 2.641962e+00 2.756745e+00 2.841746e+00 3.071444e+00 3.588516e+00 3.781090e+00 3.795359e+00 3.907482e+00 3.855572e+00 3.948548e+00 4.200426e+00 4.379086e+00 4.503326e+00 4.479671e+00 4.333736e+00 4.578788e+00 5.284114e+00
-9.999000e+03 5.384913e-01 4.655233e-01 7.072086e-01 -9.999000e+03 -9.999000e+03 -9.999000e+03 -9.999000e+03 -9.999000e+03 -9.999000e+03 -9.999000e+03 -9.999000e+03 -9.999000e+03 -9.999000e+03 -9.999000e+03 -9.999000e+03 -9.999000e+03 -9.999000e+03 -9.999000e+03 -9.999000e+03 -9.999000e+03 -9.999000e+03 -9.999000e+03 -9.999000e+03 -9.999000e+03 -9.999000e+03 8.809076e-01 1.065424e+00 1.166021e+00 9.000741e-01 7.603935e-01 9.143297e-01 1.208752e+00 1.642721e+00 1.869486e+00 1.927181e+00 2.408780e+00 2.514028e+00 2.800089e+00 2.818150e+00 3.042692e+00 3.753831e+00 3.635919e+00 3.589616e+00 3.722131e+00 3.698464e+00 3.783160e+00 3.861999e+00 4.026076e+00 3.906501e+00 4.244269e+00 4.978479e+00
-9.999000e+03 -9.999000e+03 -9.999000e+03 -9.999000e+03 -9.999000e+03 -9.999000e+03 -9.999000e+03 -9.999000e+03 -9.999000e+03 -9.999000e+03 -9.999000e+03 -9.999000e+03 -9.999000e+03 -9.999000e+03 -9.999000e+03 -9.999000e+03 -9.999000e+03 -9.999000e+03 -9.999000e+03 -9.999000e+03 -9.999000e+03 -9.999000e+03 -9.999000e+03 -9.999000e+03 -9.999000e+03 -9.999000e+03 -9.999000e+03 -9.999000e+03 9.601624e-01 7.685147e-01 6.094194e-01 7.354494e-01 1.042731e+00 1.697809e+00 1.947190e+00 1.825231e+00 1.661087e+00 1.945571e+00 2.240606e+00 3.017082e+00 3.369867e+00 2.844734e+00 2.909617e+00 3.598703e+00 2.961750e+00 2.970677e+00 2.937946e+00 3.546258e+00 3.478913e+00 3.664013e+00 3.310124e+00 3.992393e+00
-9.999000e+03 -9.999000e+03 -9.999000e+03 -9.999000e+03 -9.999000e+03 -9.999000e+03 -9.999000e+03 -9.999000e+03 -9.999000e+03 -9.999000e+03 -9.999000e+03 -9.999000e+03 -9.999000e+03 -9.999000e+03 -9.999000e+03 -9.999000e+03 -9.999000e+03 -9.999000e+03 -9.999000e+03 -9.999000e+03 -9.999000e+03 -9.999000e+03 -9.999000e+03 -9.999000e+03 -9.999000e+03 -9.999000e+03 -9.999000e+03 -9.999000e+03 -9.999000e+03 6.816914e-01 7.823201e-01 9.798535e-01 1.343207e+00 1.649657e+00 1.748648e+00 1.507169e+00 1.521862e+00 1.836775e+00 2.439050e+00 2.784170e+00 2.969193e+00 3.039226e+00 3.223209e+00 2.856155e+00 3.490263e+00 3.598345e+00 3.467194e+00 2.615237e+00 3.260124e+00 2.964251e+00 3.924603e+00 4.687235e+00
-9.999000e+03 -9.999000e+03 -9.999000e+03 -9.999000e+03 -9.999000e+03 -9.999000e+03 -9.999000e+03 -9.999000e+03 -9.999000e+03 -9.999000e+03 -9.999000e+03 -9.999000e+03 -9.999000e+03 -9.999000e+03 -9.999000e+03 -9.999000e+03 -9.999000e+03 -9.999000e+03 -9.999000e+03 -9.999000e+03 -9.999000e+03 -9.999000e+03 -9.999000e+03 -9.999000e+03 -9.999000e+03 -9.999000e+03 -9.999000e+03 -9.999000e+03 -9.999000e+03 -9.999000e+03 1.080857e+00 -9.999000e+03 -9.999000e+03 -9.999000e+03 -9.999000e+03 -9.999000e+03 -9.999000e+03 -9.999000e+03 2.085254e+00 2.558135e+00 2.663206e+00 2.612359e+00 2.789660e+00 3.193389e+00 3.427082e+00 3.466789e+00 3.276635e+00 2.865052e+00 2.466613e+00 3.523604e+00 4.100182e+00 4.413722e+00
-9.999000e+03 -9.999000e+03 -9.999000e+03 -9.999000e+03 -9.999000e+03 -9.999000e+03 -9.999000e+03 -9.999000e+03 -9.999000e+03 -9.999000e+03 -9.999000e+03 -9.999000e+03 -9.999000e+03 -9.999000e+03 -9.999000e+03 -9.999000e+03 -9.999000e+03 -9.999000e+03 -9.999000e+03 -9.999000e+03 -9.999000e+03 -9.999000e+03 -9.999000e+03 -9.999000e+03 -9.999000e+03 -9.999000e+03 -9.999000e+03 -9.999000e+03 -9.999000e+03 -9.999000e+03 -9.999000e+03 -9.999000e+03 -9.999000e+03 -9.999000e+03 -9.999000e+03 -9.999000e+03 -9.999000e+03 -9.999000e+03 -9.999000e+03 -9.999000e+03 -9.999000e+03 2.110374e+00 2.232539e+00 2.587625e+00 3.257624e+00 3.347221e+00 3.138384e+00 2.699469e+00 2.868178e+00 3.679330e+00 4.081872e+00 3.998906e+00
-9.999000e+03 -9.999000e+03 -9.999000e+03 -9.999000e+03 -9.999000e+03 -9.999000e+03 -9.999000e+03 -9.999000e+03 -9.999000e+03 -9.999000e+03 -9.999000e+03 -9.999000e+03 -9.999000e+03 -9.999000e+03 -9.999000e+03 -9.999000e+03 -9.999000e+03 -9.999000e+03 -9.999000e+03 -9.999000e+03 -9.999000e+03 -9.999000e+03 -9.999000e+03 -9.999000e+03 -9.999000e+03 -9.999000e+03 -9.999000e+03 -9.999000e+03 -9.999000e+03 -9.999000e+03 -9.999000e+03 -9.999000e+03 -9.999000e+03 -9.999000e+03 -9.999000e+03 -9.999000e+03 -9.999000e+03 -9.999000e+03 -9.999000e+03 -9.999000e+03 -9.999000e+03 -9.999000e+03 -9.999000e+03 -9.999000e+03 2.852678e+00 2.755772e+00 3.033127e+00 2.783112e+00 2.479691e+00 3.636059e+00 3.932284e+00 3.482634e+00
-9.999000e+03 -9.999000e+03 -9.999000e+03 -9.999000e+03 -9.999000e+03 -9.999000e+03 -9.999000e+03 -9.999000e+03 -9.999000e+03 -9.999000e+03 -9.999000e+03 -9.999000e+03 -9.999000e+03 -9.999000e+03 -9.999000e+03 -9.999000e+03 -9.999000e+03 -9.999000e+03 -9.999000e+03 -9.999000e+03 -9.999000e+03 -9.999000e+03 -9.999000e+03 -9.999000e+03 -9.999000e+03 -9.999000e+03 -9.999000e+03 -9.999000e+03 -9.999000e+03 -9.999000e+03 -9.999000e+03 -9.999000e+03 -9.999000e+03 -9.999000e+03 -9.999000e+03 -9.999000e+03 -9.999000e+03 -9.999000e+03 -9.999000e+03 -9.999000e+03 -9.999000e+03 -9.999000e+03 -9.999000e+03 -9.999000e+03 -9.999000e+03 -9.999000e+03 -9.999000e+03 -9.999000e+03 -9.999000e+03 -9.999000e+03 3.106150e+00 2.960352e+00
-9.999000e+03 -9.999000e+03 -9.999000e+03 -9.999000e+03 -9.999000e+03 -9.999000e+03 -9.999000e+03 -9.999000e+03 -9.999000e+03 -9.999000e+03 -9.999000e+03 -9.999000e+03 -9.999000e+03 -9.999000e+03 -9.999000e+03 -9.999000e+03 -9.999000e+03 -9.999000e+03 -9.999000e+03 -9.999000e+03 -9.999000e+03 -9.999000e+03 -9.999000e+03 -9.999000e+03 -9.999000e+03 -9.999000e+03 -9.999000e+03 -9.999000e+03 -9.999000e+03 -9.999000e+03 -9.999000e+03 -9.999000e+03 -9.999000e+03 -9.999000e+03 -9.999000e+03 -9.999000e+03 -9.999000e+03 -9.999000e+03 -9.999000e+03 -9.999000e+03 -9.999000e+03 -9.999000e+03 -9.999000e+03 -9.999000e+03 -9.999000e+03 -9.999000e+03 -9.999000e+03 -9.999000e+03 -9.999000e+03 -9.999000e+03 -9.999000e+03 2.289545e+00
-9.999000e+03 -9.999000e+03 -9.999000e+03 -9.999000e+03 -9.999000e+03 -9.999000e+03 -9.999000e+03 -9.999000e+03 -9.999000e+03 -9.999000e+03 -9.999000e+03 -9.999000e+03 -9.999000e+03 -9.999000e+03 -9.999000e+03 -9.999000e+03 -9.999000e+03 -9.999000e+03 -9.999000e+03 -9.999000e+03 -9.999000e+03 -9.999000e+03 -9.999000e+03 -9.999000e+03 -9.999000e+03 -9.999000e+03 -9.999000e+03 -9.999000e+03 -9.999000e+03 -9.999000e+03 -9.999000e+03 -9.999000e+03 -9.999000e+03 -9.999000e+03 -9.999000e+03 -9.999000e+03 -9.999000e+03 -9.999000e+03 -9.999000e+03 -9.999000e+03 -9.999000e+03 -9.999000e+03 -9.999000e+03 -9.999000e+03 -9.999000e+03 -9.999000e+03 -9.999000e+03 -9.999000e+03 -9.999000e+03 -9.999000e+03 -9.999000e+03 -9.999000e+03
-9.999000e+03 -9.999000e+03 -9.999000e+03 -9.999000e+03 -9.999000e+03 -9.999000e+03 -9.999000e+03 -9.999000e+03 -9.999000e+03 -9.999000e+03 -9.999000e+03 -9.999000e+03 -9.999000e+03 -9.999000e+03 -9.999000e+03 -9.999000e+03 -9.999000e+03 -9.999000e+03 -9.999000e+03 -9.999000e+03 -9.999000e+03 -9.999000e+03 -9.999000e+03 -9.999000e+03 -9.999000e+03 -9.999000e+03 -9.999000e+03 -9.999000e+03 -9.999000e+03 -9.999000e+03 -9.999000e+03 -9.999000e+03 -9.999000e+03 -9.999000e+03 -9.999000e+03 -9.999000e+03 -9.999000e+03 -9.999000e+03 -9.999000e+03 -9.999000e+03 -9.999000e+03 -9.999000e+03 -9.999000e+03 -9.999000e+03 -9.999000e+03 -9.999000e+03 -9.999000e+03 -9.999000e+03 -9.999000e+03 -9.999000e+03 -9.999000e+03 -9.999000e+03
