tests/data/reference/gistest/full/cvsur_m3.asc
ncols        125
nrows        78
xllcorner    -713756.799299980048
yllcorner    -1061032.369616159936
cellsize     10.000000000000
NODATA_value  -9999
[rows 38 to 56 of 78, columns 43 to 85 of 125]
8.9541234970092773438 13.42191314697265625 17.88251495361328125 22.3361053466796875 26.78255462646484375 31.22167205810546875 4.4834570884704589844 4.4812979698181152344 4.4813008308410644531 4.6522235870361328125 9.2978296279907226562 13.937930107116699219 18.57195281982421875 2386.091064453125 2482.23974609375 2595.441162109375 2695.879150390625 2796.304931640625 2892.405517578125 2962.431640625 3032.404052734375 3102.321044921875 3172.379638671875 3220.524658203125 3268.614990234375 3316.695556640625 3320.291259765625 9463.5517578125 9566.2216796875 127.43631744384765625 110.621551513671875 102.0207061767578125 1150.9283447265625 84.80821990966796875 71.5697784423828125 75.8922271728515625 66.97330474853515625 769.37127685546875 62.18061065673828125 179.8138275146484375 448.2960205078125 13.422029495239257812 8.957851409912109375
8.9567203521728515625 13.428141593933105469 17.893701553344726562 22.351396560668945312 26.8008270263671875 31.242496490478515625 35.67665863037109375 40.103443145751953125 44.524257659912109375 48.939861297607421875 53.349300384521484375 2271.888916015625 2363.501953125 92.17000579833984375 109.226715087890625 96.4942779541015625 96.53650665283203125 92.26607513427734375 66.246429443359375 66.24420166015625 66.23731231689453125 66.43511199951171875 44.5853118896484375 44.587375640869140625 44.592906951904296875 44.599002838134765625 111.2400970458984375 160.38623046875 164.9352874755859375 9732.7734375 9861.396484375 9973.0859375 10075.7548828125 1240.0982666015625 76.14098358154296875 80.46283721923828125 71.553619384765625 773.60894775390625 66.3444366455078125 185.602142333984375 452.5355224609375 26.834218978881835938 8.9588708877563476562
13.4089202880859375 17.867345809936523438 22.319501876831054688 26.767297744750976562 31.208395004272460938 35.643032073974609375 40.07143402099609375 44.493804931640625 48.910259246826171875 53.319522857666015625 2214.7119140625 87.835540771484375 87.84902191162109375 104.93365478515625 92.175689697265625 92.21600341796875 87.937774658203125 61.8775177001953125 61.875331878662109375 61.868625640869140625 61.866481781005859375 39.988773345947265625 39.991504669189453125 39.997631072998046875 40.003940582275390625 62.077999114990234375 44.59139251708984375 607.9072265625 700.25250244140625 744.817626953125 784.961669921875 0 4.6471486091613769531 10080.302734375 1320.5501708984375 85.02352142333984375 76.12497711181640625 4.6468515396118164062 845.645751953125 190.085601806640625 456.777313232421875 40.237438201904296875 4.4846906661987304688
31.131748199462890625 35.548900604248046875 39.960052490234375 44.366207122802734375 48.768001556396484375 53.1667938232421875 57.561527252197265625 61.950008392333984375 2074.58837890625 2157.572509765625 83.51049041748046875 83.52288818359375 100.63576507568359375 87.8523406982421875 87.89067840576171875 83.60419464111328125 57.502330780029296875 57.49977874755859375 57.492832183837890625 57.49015045166015625 35.570529937744140625 35.5733489990234375 35.579479217529296875 35.585811614990234375 57.503810882568359375 39.99492645263671875 603.49652099609375 87.95743560791015625 40.205963134765625 35.798366546630859375 35.798229217529296875 84.99237060546875 0 0 10080.8623046875 1324.79736328125 89.57232666015625 80.25089263916015625 853.49346923828125 194.5672607421875 461.255706787109375 49.1579437255859375 4.4856967926025390625
411.644866943359375 415.7689208984375 419.8873291015625 424.003204345703125 428.114532470703125 432.2269287109375 436.327667236328125 2008.76171875 79.17083740234375 79.1814117431640625 79.19234466552734375 96.334197998046875 83.5255889892578125 83.56243896484375 79.267730712890625 53.123455047607421875 53.120361328125 53.1128387451171875 53.109180450439453125 31.146251678466796875 31.14861297607421875 31.154039382934570312 31.1596221923828125 53.119060516357421875 35.576602935791015625 599.3067626953125 83.62104034423828125 35.60251617431640625 31.190771102905273438 31.190904617309570312 44.606189727783203125 31.380811691284179688 31.565174102783203125 31.569158554077148438 0 0 1328.255859375 1423.5135498046875 937.78143310546875 199.0360565185546875 465.7293701171875 53.76763916015625 8.9627056121826171875
83.548583984375 87.89141845703125 92.22954559326171875 96.5637664794921875 100.89434051513671875 105.2175750732421875 1568.547119140625 74.834869384765625 74.847076416015625 74.85686492919921875 92.0284881591796875 79.1946868896484375 79.23046112060546875 74.9279937744140625 48.740932464599609375 48.73749542236328125 48.7294921875 48.72466278076171875 26.716981887817382812 26.718505859375 26.722881317138671875 26.727331161499023438 48.7288055419921875 31.151571273803710938 595.105224609375 79.27837371826171875 31.174434661865234375 26.754426956176757812 26.755084991455078125 40.008533477783203125 26.765064239501953125 26.951419830322265625 26.95843505859375 27.133020401000976562 27.13274383544921875 53.99103546142578125 0 0 1426.8372802734375 941.74615478515625 669.19342041015625 58.3701019287109375 13.429315567016601562
1104.56298828125 1108.666015625 1112.763427734375 1116.8480224609375 1389.19921875 1459.3270263671875 70.49399566650390625 70.50690460205078125 70.51584625244140625 87.7184295654296875 74.8593597412109375 74.89414215087890625 70.583953857421875 44.35382843017578125 44.35051727294921875 44.342433929443359375 44.336811065673828125 22.28326416015625 22.28366851806640625 22.286607742309570312 22.28968048095703125 44.33422088623046875 26.721118927001953125 590.8968505859375 74.93145751953125 26.7400054931640625 22.310853958129882812 22.31092071533203125 35.589252471923828125 22.319517135620117188 22.328826904296875 22.336553573608398438 22.51425933837890625 22.515584945678710938 22.687841415405273438 22.26377105712890625 58.849674224853515625 63.399505615234375 0 0 1614.8232421875 62.9652862548828125 18.060184478759765625
61.72475433349609375 136.2678070068359375 202.2708282470703125 268.298797607421875 66.11663818359375 66.1466522216796875 66.160675048828125 66.16902923583984375 83.403228759765625 70.51877593994140625 70.5527496337890625 66.23456573486328125 39.960407257080078125 39.957614898681640625 39.949787139892578125 39.943634033203125 17.843509674072265625 17.843450546264648438 17.845056533813476562 17.846584320068359375 39.935497283935546875 22.285564422607421875 586.6839599609375 70.5812225341796875 22.300294876098632812 17.86175537109375 17.860931396484375 31.164243698120117188 17.866926193237304688 17.875116348266601562 17.882547378540039062 17.886266708374023438 17.888776779174804688 18.06345367431640625 18.065277099609375 53.051036834716796875 10.027623176574707031 18.866556167602539062 23.48319244384765625 28.098283767700195312 0 0 22.684827804565429688
70.211273193359375 61.681640625 61.718555450439453125 61.75957489013671875 61.790317535400390625 61.805484771728515625 61.81512451171875 79.08270263671875 66.17240142822265625 66.20552825927734375 61.879467010498046875 35.560192108154296875 35.5576324462890625 35.550128936767578125 35.54351806640625 13.395171165466308594 13.395246505737304688 13.396501541137695312 13.397053718566894531 35.53215789794921875 17.84430694580078125 582.46673583984375 66.2276611328125 17.855220794677734375 13.40738677978515625 13.40583038330078125 26.734577178955078125 13.408576011657714844 13.415278434753417969 13.422022819519042969 13.424922943115234375 13.4270477294921875 13.430694580078125 13.433369636535644531 48.882720947265625 4.2282624244689941406 4.2276520729064941406 4.6526584625244140625 9.2968006134033203125 13.934533119201660156 18.567396163940429688 23.190311431884765625 0
57.31829071044921875 57.35379791259765625 57.39432525634765625 57.424869537353515625 57.44020843505859375 57.4505767822265625 74.75319671630859375 61.818210601806640625 61.850910186767578125 57.517120361328125 31.152772903442382812 31.150964736938476562 31.143392562866210938 31.135894775390625 8.937351226806640625 8.937397003173828125 8.9381694793701171875 8.9382581710815429688 31.122356414794921875 13.395787239074707031 578.242431640625 61.869388580322265625 13.403264045715332031 8.9464092254638671875 8.9448022842407226562 22.300006866455078125 8.9444074630737304688 8.9490900039672851562 8.9550647735595703125 8.9572420120239257812 8.9580593109130859375 8.9608707427978515625 8.9640979766845703125 44.471691131591796875 4.4876089096069335938 8.5220088958740234375 12.726393699645996094 17.320249557495117188 21.916332244873046875 26.514791488647460938 31.115041732788085938 35.715656280517578125 63.498149871826171875
52.98218536376953125 53.021236419677734375 53.051113128662109375 53.0663299560546875 53.076648712158203125 70.4137420654296875 57.453227996826171875 57.4866180419921875 53.145275115966796875 26.734762191772460938 26.735546112060546875 26.729444503784179688 26.720499038696289062 4.468799591064453125 4.4692263603210449219 4.469539642333984375 4.4691777229309082031 26.703983306884765625 8.93778228759765625 574.00946044921875 57.505168914794921875 8.9424152374267578125 4.4771075248718261719 4.47599029541015625 17.858692169189453125 4.474781036376953125 4.4770102500915527344 4.481021881103515625 4.4826493263244628906 4.4827489852905273438 4.48394012451171875 4.4858794212341308594 40.053112030029296875 8.965755462646484375 13.4381866455078125 17.4698638916015625 284.83575439453125 339.602020263671875 344.07183837890625 348.5408935546875 353.008880615234375 357.47528076171875 361.93170166015625
48.641605377197265625 48.670009613037109375 48.684528350830078125 48.69451141357421875 66.06642913818359375 53.078922271728515625 53.11196136474609375 48.7629852294921875 22.30467987060546875 22.306917190551757812 22.304086685180664062 22.2964630126953125 4.4674472808837890625 8.935245513916015625 13.392825126647949219 17.839908599853515625 22.276853561401367188 4.4689569473266601562 569.76605224609375 53.1347198486328125 4.4731841087341308594 4.4759802818298339844 8.9461507797241210938 13.407434463500976562 4.4751186370849609375 8.9449110031127929688 13.40785980224609375 17.86461639404296875 22.315145492553710938 26.759124755859375 31.196779251098632812 35.62819671630859375 4.4865350723266601562 4.4890003204345703125 75.291290283203125 263.546539306640625 50.293491363525390625 14.746311187744140625 19.383365631103515625 24.01602935791015625 28.644941329956054688 33.27043914794921875 37.888645172119140625
44.282867431640625 44.296092987060546875 44.305027008056640625 61.7119293212890625 48.696613311767578125 48.728733062744140625 44.370975494384765625 17.862979888916015625 17.865966796875 17.864955902099609375 17.8600616455078125 203.778533935546875 208.0930023193359375 212.3992919921875 216.6974029541015625 220.9873199462890625 225.26885986328125 565.51226806640625 48.757175445556640625 4.4702324867248535156 8.9403600692749023438 13.402853965759277344 17.856439590454101562 22.300874710083007812 26.7368316650390625 31.165304183959960938 35.58765411376953125 40.0052642822265625 44.418560028076171875 48.8277435302734375 53.232936859130859375 57.633251190185546875 62.02805328369140625 66.41767120361328125 184.4005889892578125 45.89156341552734375 10.273317337036132812 4.4887690544128417969 9.1377716064453125 13.782420158386230469 18.423364639282226562 23.060428619384765625 27.690801620483398438
39.901828765869140625 39.909412384033203125 57.35146331787109375 44.306903839111328125 44.337589263916015625 39.970722198486328125 13.410861015319824219 13.413701057434082031 13.413897514343261719 13.410834312438964844 199.4545745849609375 44.380008697509765625 88.7415313720703125 97.58846282958984375 146.32373046875 243.6869354248046875 335.978271484375 44.372509002685546875 39.948207855224609375 44.341640472412109375 48.73021697998046875 53.11322021484375 57.48980712890625 61.859588623046875 66.2228546142578125 70.58005523681640625 149.8714599609375 154.2039642333984375 158.5313568115234375 162.8548431396484375 167.17498779296875 171.4903411865234375 175.7993621826171875 180.1023406982421875 40.0926666259765625 5.7992234230041503906 4.4884552955627441406 8.9703397750854492188 13.446766853332519531 18.088573455810546875 22.726617813110351562 27.360528945922851562 31.988695144653320312
35.50783538818359375 52.98586273193359375 39.9109039306640625 39.9391632080078125 35.562419891357421875 8.94928741455078125 8.951465606689453125 8.95186614990234375 8.9502687454223632812 195.119384765625 39.98018646240234375 39.9769287109375 4.4743113517761230469 44.37641143798828125 93.0251312255859375 87.9849700927734375 39.980052947998046875 35.54930877685546875 44.35919952392578125 48.74687957763671875 53.12996673583984375 57.507274627685546875 61.87818145751953125 66.24256134033203125 70.60050201416015625 74.952239990234375 4.4786791801452636719 8.95270538330078125 13.421490669250488281 17.885089874267578125 22.343004226684570312 26.792682647705078125 31.233015060424804688 35.66576385498046875 4.4846401214599609375 10.283776283264160156 14.744081497192382812 19.212614059448242188 23.678758621215820312 28.142137527465820312 32.776012420654296875 37.4048919677734375 42.02814483642578125
48.614429473876953125 35.508701324462890625 35.534183502197265625 31.146587371826171875 4.478481292724609375 4.4799551963806152344 4.4802279472351074219 4.4793467521667480469 190.7736053466796875 35.571590423583984375 35.568576812744140625 35.568508148193359375 39.97774505615234375 88.66388702392578125 83.66033935546875 35.578155517578125 31.142305374145507812 39.96672821044921875 53.15167236328125 93.06268310546875 97.42913055419921875 101.7887725830078125 106.14200592041015625 110.48895263671875 114.8294830322265625 119.1640472412109375 123.49399566650390625 127.8205718994140625 132.1439361572265625 136.4640960693359375 140.7793121337890625 145.08514404296875 263.330657958984375 272.085906982421875 276.361419677734375 282.16033935546875 286.427764892578125 290.696990966796875 294.966033935546875 299.2340087890625 303.49951171875 307.996612548828125 312.487701416015625
31.098939895629882812 31.121974945068359375 26.723178863525390625 26.726511001586914062 31.152591705322265625 35.572086334228515625 128.905303955078125 186.417236328125 31.1545562744140625 31.152185440063476562 31.151103973388671875 48.75774383544921875 84.2919921875 79.32788848876953125 31.167055130004882812 26.725706100463867188 35.56659698486328125 48.772312164306640625 35.5386199951171875 61.9203643798828125 66.2853240966796875 70.64453887939453125 74.99798583984375 79.3450927734375 83.6859893798828125 88.02182769775390625 92.35390472412109375 96.6830291748046875 101.0091094970703125 105.33196258544921875 109.64969635009765625 113.9580535888671875 4.4753317832946777344 4.4829316139221191406 8.9622955322265625 14.761434555053710938 19.217454910278320312 23.68173980712890625 28.143390655517578125 32.6018218994140625 37.056304931640625 41.505626678466796875 46.1270904541015625
26.701253890991210938 22.291431427001953125 22.293420791625976562 35.557369232177734375 62.255458831787109375 88.94561767578125 53.1445159912109375 26.729236602783203125 26.727695465087890625 26.72618865966796875 44.364475250244140625 31.150678634643554688 74.98571014404296875 26.746278762817382812 22.29956817626953125 31.157251358032226562 44.38562774658203125 31.1274566650390625 57.550384521484375 4.478565216064453125 71.152313232421875 106.69625091552734375 111.07953643798828125 177.745361328125 283.125640869140625 287.422607421875 291.714935302734375 296.003753662109375 300.289337158203125 304.57171630859375 308.849456787109375 313.12030029296875 317.388671875 321.6546630859375 325.91802978515625 329.744232177734375 333.9818115234375 338.21990966796875 342.45751953125 346.694671630859375 350.930938720703125 355.16473388671875 359.394561767578125
17.850643157958984375 17.852277755737304688 31.14141082763671875 22.290981292724609375 22.292234420776367188 48.75868988037109375 22.295610427856445312 22.294897079467773438 22.293172836303710938 39.96465301513671875 26.723802566528320312 70.63338470458984375 22.31357574462890625 17.862979888916015625 26.738393783569335938 39.9900360107421875 26.708343505859375 53.17522430419921875 31.136871337890625 62.271160125732421875 31.151355743408203125 31.15381622314453125 62.2955169677734375 101.076629638671875 35.569622039794921875 71.1318359375 75.5290374755859375 79.92018890380859375 84.3061370849609375 88.68740081787109375 93.06351470947265625 97.434417724609375 101.8015899658203125 106.164306640625 110.09780120849609375 114.0113983154296875 118.32451629638671875 122.64215087890625 126.9604034423828125 131.2784271240234375 135.59625244140625 139.913421630859375 144.2288360595703125
