tests/data/reference/gistest/full/cvsur_m3.asc
ncols        125
nrows        78
xllcorner    -713756.799299980048
yllcorner    -1061032.369616159936
cellsize     10.000000000000
NODATA_value  -9999
[rows 19 to 37 of 78, columns 43 to 85 of 125]
70.64589691162109375 44.2808685302734375 39.923694610595703125 22.319944381713867188 26.731679916381835938 44.41448211669921875 13.413686752319335938 4.4825615882873535156 8.9525804519653320312 17.857488632202148438 22.288579940795898438 44.174747467041015625 26.730234146118164062 17.8801727294921875 17.88539886474609375 13.428984642028808594 8.9602680206298828125 8.95928955078125 8.95801544189453125 8.9563627243041992188 8.9542264938354492188 35.6577911376953125 13.408779144287109375 13.404725074768066406 13.4014739990234375 62.107509613037109375 17.841320037841796875 115.11722564697265625 17.82074737548828125 17.802043914794921875 4.4632673263549804688 8.91584014892578125 690.97113037109375 80.1448516845703125 17.86737823486328125 13.409822463989257812 8.9441747665405273438 4.4771642684936523438 -9999 -9999 -9999 -9999 -9999
75.022247314453125 48.689777374267578125 44.33834075927734375 26.770978927612304688 31.171237945556640625 48.826221466064453125 17.875431060791015625 4.4845910072326660156 8.9574384689331054688 13.417844772338867188 22.304445266723632812 26.725778579711914062 48.560352325439453125 31.161638259887695312 22.330173492431640625 22.3359375 17.887401580810546875 13.426423072814941406 13.424764633178710938 13.422594070434570312 13.420124053955078125 13.417328834533691406 40.075626373291015625 17.861392974853515625 17.856866836547851562 17.853147506713867188 84.3208160400390625 119.44979095458984375 22.259962081909179688 22.238037109375 8.93123626708984375 4.4642620086669921875 4.4626102447509765625 695.1324462890625 102.401336669921875 17.866292953491210938 13.413486480712890625 8.9526281356811523438 4.4784984588623046875 4.4723496437072753906 -9999 -9999 -9999
79.39636993408203125 53.095947265625 48.750244140625 31.21787261962890625 35.606964111328125 53.23432159423828125 22.331460952758789062 8.9620599746704101562 4.4856171607971191406 13.424365043640136719 17.875127792358398438 26.74422454833984375 31.156581878662109375 52.941226959228515625 35.5862884521484375 26.772420883178710938 26.778436660766601562 22.337152481079101562 17.883441925048828125 17.881122589111328125 17.878387451171875 17.87542724609375 17.871992111206054688 44.485904693603515625 22.305074691772460938 22.299390792846679688 106.53809356689453125 123.7791748046875 26.694776535034179688 26.66883087158203125 13.393835067749023438 8.9334402084350585938 4.4679131507873535156 8.9259462356567382812 699.28619384765625 106.77825164794921875 35.72071075439453125 13.421045303344726562 8.9550037384033203125 8.948314666748046875 4.47553253173828125 -9999 -9999
83.76753997802734375 57.49900054931640625 53.159149169921875 35.660373687744140625 40.03875732421875 57.638336181640625 26.781536102294921875 13.432457923889160156 8.9632205963134765625 4.485645294189453125 17.88333892822265625 22.325120925903320312 31.177442550659179688 35.580883026123046875 57.3169403076171875 40.004085540771484375 31.206922531127929688 31.212841033935546875 26.778532028198242188 22.3321075439453125 22.329351425170898438 22.325960159301757812 22.322225570678710938 22.317867279052734375 48.887477874755859375 26.738927841186523438 133.19287109375 128.1049346923828125 31.123851776123046875 31.094572067260742188 17.850833892822265625 13.396638870239257812 8.9405765533447265625 13.382601737976074219 4.4686160087585449219 703.42626953125 111.14510345458984375 53.57016754150390625 13.423502922058105469 13.420294761657714844 8.9492273330688476562 4.4701480865478515625 -9999
88.13442230224609375 61.898288726806640625 57.564289093017578125 40.0979156494140625 44.46636199951171875 62.037792205810546875 31.225324630737304688 17.8955841064453125 13.432932853698730469 4.486240386962890625 8.9629335403442382812 22.335115432739257812 26.76806640625 35.6037139892578125 39.998432159423828125 61.687374114990234375 44.415069580078125 35.633708953857421875 35.639438629150390625 31.212080001831054688 26.772626876831054688 26.76920318603515625 26.7650604248046875 26.76029205322265625 26.754224777221679688 53.279689788818359375 164.277252197265625 132.4252166748046875 35.547931671142578125 35.51644134521484375 22.30242919921875 17.853729248046875 13.407317161560058594 17.835390090942382812 4.4752078056335449219 8.93743896484375 707.55267333984375 115.4996490478515625 71.4044189453125 17.881591796875 13.41588592529296875 8.9447240829467773438 4.4694623947143554688
92.49652099609375 66.2934417724609375 61.965663909912109375 44.5306396484375 48.88964080810546875 66.4326324462890625 35.6630401611328125 22.351919174194335938 4.4868555068969726562 17.895147323608398438 8.9644346237182617188 13.432356834411621094 26.779674530029296875 31.203769683837890625 40.02309417724609375 44.40929412841796875 66.0522308349609375 48.818920135498046875 40.052845001220703125 40.058559417724609375 35.637905120849609375 31.205165863037109375 31.200878143310546875 31.195398330688476562 31.188901901245117188 31.18088531494140625 221.8928680419921875 136.739715576171875 39.967052459716796875 39.93427276611328125 26.748180389404296875 22.304935455322265625 17.868030548095703125 22.284576416015625 8.9499464035034179688 13.400115966796875 4.4695649147033691406 711.6571044921875 119.84198760986328125 75.804351806640625 35.745452880859375 13.411886215209960938 8.9425411224365234375
96.853729248046875 70.6843109130859375 66.36351776123046875 48.958984375 53.308452606201171875 70.82292938232421875 40.09502410888671875 26.802034378051757812 8.9662771224975585938 4.488269805908203125 22.350454330444335938 13.434869766235351562 17.894098281860351562 31.217182159423828125 35.63226318359375 44.435260772705078125 48.81287384033203125 70.410980224609375 53.2158660888671875 44.4649505615234375 44.470607757568359375 40.056262969970703125 35.629459381103515625 35.623523712158203125 35.616504669189453125 35.6089324951171875 257.40240478515625 141.0496063232421875 44.380615234375 44.346950531005859375 31.187799453735351562 26.75030517578125 22.322938919067382812 26.730043411254882812 13.422153472900390625 17.858926773071289062 8.944263458251953125 715.78302001953125 4.4724111557006835938 124.1800689697265625 115.94084930419921875 17.870174407958984375 13.407102584838867188
101.20569610595703125 75.07048797607421875 70.75728607177734375 53.3826141357421875 57.722644805908203125 75.20888519287109375 44.521579742431640625 31.246150970458984375 13.438706398010253906 4.4890961647033691406 8.9683580398559570312 26.799007415771484375 17.897642135620117188 22.3480682373046875 35.647136688232421875 40.052974700927734375 48.839962005615234375 53.209598541259765625 74.764404296875 57.60655975341796875 48.870189666748046875 48.875316619873046875 44.466510772705078125 40.045116424560546875 40.03778076171875 40.02982330322265625 297.332122802734375 145.35430908203125 48.788116455078125 48.7536773681640625 35.620609283447265625 31.189243316650390625 26.771646499633789062 31.171380996704101562 17.889329910278320312 22.313730239868164062 13.415513992309570312 719.9207763671875 8.9461421966552734375 128.517333984375 120.32682037353515625 22.318986892700195312 17.86592864990234375
105.5518951416015625 79.45127105712890625 75.14612579345703125 57.800739288330078125 62.13204193115234375 79.5908660888671875 48.943157196044921875 35.68451690673828125 17.904415130615234375 8.9703578948974609375 13.44123077392578125 4.48858642578125 31.240610122680664062 22.35233306884765625 26.793664932250976562 40.069271087646484375 44.466403961181640625 53.23822021484375 57.60021209716796875 79.11258697509765625 61.990734100341796875 53.26816558837890625 53.272556304931640625 48.869251251220703125 44.45331573486328125 44.444568634033203125 341.673858642578125 149.652374267578125 53.1883087158203125 53.15340423583984375 40.04557037353515625 35.620574951171875 31.21307373046875 35.607513427734375 22.350931167602539062 26.7636566162109375 17.881275177001953125 724.062255859375 13.417833328247070312 132.8544158935546875 124.710357666015625 26.761974334716796875 22.317413330078125
109.89250946044921875 83.82672119140625 79.52984619140625 62.2130584716796875 66.53644561767578125 83.96892547607421875 53.359958648681640625 40.117259979248046875 22.363565444946289062 13.444275856018066406 17.907222747802734375 8.9690599441528320312 35.67596435546875 26.799915313720703125 4.4847598075866699219 31.231235504150390625 44.484241485595703125 48.873172760009765625 57.630260467529296875 61.98468017578125 83.45539093017578125 66.36835479736328125 57.659114837646484375 57.662639617919921875 53.264438629150390625 48.853603363037109375 390.42144775390625 153.9438018798828125 57.58127593994140625 57.546665191650390625 44.463542938232421875 40.045013427734375 35.647563934326171875 40.0379638671875 26.806028366088867188 31.20790863037109375 22.341077804565429688 728.20361328125 17.885417938232421875 137.188568115234375 129.0887298583984375 31.199579238891601562 26.761587142944335938
114.22789764404296875 88.1974639892578125 83.9090118408203125 66.6199798583984375 70.93592071533203125 88.3430328369140625 57.77204132080078125 44.54442596435546875 26.816255569458007812 17.911077499389648438 22.366443634033203125 13.441946983337402344 40.105464935302734375 31.24105072021484375 4.4854955673217773438 8.9607334136962890625 35.661098480224609375 48.8923492431640625 53.2736053466796875 62.016315460205078125 66.36318206787109375 87.7928466796875 70.7393951416015625 62.042507171630859375 62.04434967041015625 57.651012420654296875 53.24611663818359375 548.641357421875 61.9677886962890625 61.934459686279296875 48.875980377197265625 44.464176177978515625 40.076488494873046875 44.463245391845703125 31.254583358764648438 35.64591217041015625 26.794536590576171875 732.343017578125 22.346858978271484375 141.518310546875 133.4606475830078125 35.6295318603515625 31.197137832641601562
728.93975830078125 92.7609405517578125 88.4796295166015625 71.01909637451171875 75.32865142822265625 92.71178436279296875 62.17858123779296875 48.96555328369140625 31.262073516845703125 22.370431900024414062 26.818532943725585938 17.907077789306640625 44.528865814208984375 35.6756744384765625 8.962917327880859375 4.4853839874267578125 13.428007125854492188 40.083850860595703125 53.294063568115234375 57.6675262451171875 66.39575958251953125 70.7347412109375 92.12371063232421875 75.102447509765625 66.417388916015625 66.418243408203125 62.031040191650390625 57.63314056396484375 614.87713623046875 66.31719970703125 53.283222198486328125 48.878509521484375 44.500415802001953125 48.883747100830078125 35.69687652587890625 40.07750701904296875 31.241445541381835938 736.48004150390625 26.80159759521484375 145.84332275390625 137.8263397216796875 40.052280426025390625 35.624637603759765625
3547.821533203125 4280.09375 4376.091796875 93.038299560546875 150.9194488525390625 97.07167816162109375 66.57764434814453125 53.379726409912109375 35.700176239013671875 26.821390151977539062 31.262357711791992188 22.363338470458984375 48.9452056884765625 40.10333251953125 13.432200431823730469 8.9626483917236328125 4.4860029220581054688 17.887208938598632812 44.499378204345703125 57.688243865966796875 62.05333709716796875 70.7666168212890625 75.09737396240234375 96.44664764404296875 79.4579010009765625 70.78597259521484375 70.7871551513671875 66.40679168701171875 676.77105712890625 70.6953887939453125 57.68558502197265625 53.28829193115234375 48.9196319580078125 53.2995147705078125 40.133098602294921875 44.502864837646484375 35.681797027587890625 740.61309814453125 31.249725341796875 150.163909912109375 142.186553955078125 44.468524932861328125 102.333251953125
76.01905059814453125 107.50040435791015625 138.9824981689453125 4518.568359375 4614.86962890625 4768.94140625 101.62522125244140625 124.53493499755859375 40.1267242431640625 31.2608184814453125 35.695140838623046875 26.808170318603515625 53.35211181640625 44.522159576416015625 4.4833984375 17.892396926879882812 13.43085479736328125 8.9622545242309570312 22.33747100830078125 48.90666961669921875 62.074329376220703125 66.4309844970703125 75.129791259765625 79.4532318115234375 100.76461029052734375 83.8084716796875 75.14987945556640625 75.15158843994140625 747.43072509765625 75.06836700439453125 62.08269500732421875 57.69347381591796875 53.33422088623046875 57.7104034423828125 44.56334686279296875 48.922332763671875 40.11586761474609375 744.73834228515625 35.691059112548828125 154.479583740234375 146.540679931640625 151.192901611328125 44.4522857666015625
26.9063262939453125 26.913341522216796875 27.095272064208984375 54.18784332275390625 76.83614349365234375 99.64730072021484375 4890.1767578125 4994.99609375 5122.3076171875 44.719844818115234375 35.682743072509765625 40.113040924072265625 31.239513397216796875 57.747653961181640625 48.930377960205078125 8.9558591842651367188 22.342382431030273438 17.888946533203125 13.428339958190917969 26.77919769287109375 53.306976318359375 66.4544525146484375 70.80353546142578125 79.4886322021484375 83.805023193359375 105.07901763916015625 88.1544189453125 79.50843048095703125 79.51021575927734375 826.7430419921875 66.473236083984375 62.093219757080078125 57.74371337890625 62.116138458251953125 48.987766265869140625 53.33635711669921875 44.544216156005859375 748.849853515625 40.12474822998046875 158.789093017578125 302.07684326171875 48.8545074462890625 17.858110427856445312
22.29636383056640625 22.479312896728515625 22.487117767333984375 18.051929473876953125 18.222347259521484375 18.225067138671875 18.227970123291015625 36.612720489501953125 54.984966278076171875 5180.3681640625 5227.798828125 5266.123046875 44.706577301025390625 35.84267425537109375 62.133502960205078125 53.329524993896484375 13.418302536010742188 26.78340911865234375 22.33840179443359375 17.886030197143554688 31.21402740478515625 57.701938629150390625 70.830169677734375 75.17208099365234375 83.8436126708984375 88.1526641845703125 109.38932037353515625 92.49481201171875 83.8604736328125 910.72271728515625 70.85581207275390625 66.4858245849609375 62.146575927734375 66.51557159423828125 53.40569305419921875 57.74472808837890625 48.967071533203125 752.9405517578125 44.550048828125 163.0918731689453125 355.26416015625 22.304042816162109375 17.86109161376953125
17.855478286743164062 17.86229705810546875 13.421173095703125 13.592728614807128906 13.595017433166503906 13.598084449768066406 13.766788482666015625 13.765400886535644531 44.854976654052734375 63.200527191162109375 81.532501220703125 86.10755157470703125 5355.16064453125 49.293338775634765625 40.438568115234375 66.70886993408203125 57.9142303466796875 18.046537399291992188 31.397335052490234375 26.95842742919921875 22.511962890625 35.8248138427734375 62.2859344482421875 75.4013671875 79.73842620849609375 88.4004364013671875 92.70379638671875 113.91449737548828125 97.0391845703125 88.41214752197265625 986.029541015625 71.0640716552734375 66.73247528076171875 71.09980010986328125 57.8156890869140625 62.146732330322265625 53.384410858154296875 757.00494384765625 48.9666595458984375 167.3878936767578125 381.891326904296875 22.30695343017578125 12.507724761962890625
13.405748367309570312 8.9558038711547851562 8.9561252593994140625 8.9577045440673828125 8.9599828720092773438 9.1295766830444335938 9.1297578811645507812 40.258544921875 13.759720802307128906 13.754987716674804688 4.6480717658996582031 9.2905731201171875 13.928797721862792969 5372.04541015625 5424.18359375 5467.48876953125 5537.013671875 62.492267608642578125 22.66706085205078125 36.003330230712890625 31.570278167724609375 27.129638671875 40.427532196044921875 66.8619842529296875 159.6929931640625 92.94944000244140625 97.2470703125 118.4319000244140625 101.57546234130859375 92.95566558837890625 4.6461730003356933594 990.46319580078125 142.362518310546875 75.67595672607421875 62.4070892333984375 66.7343902587890625 57.794780731201171875 761.0504150390625 53.3757781982421875 171.6780853271484375 408.512847900390625 16.49678802490234375 11.597580909729003906
4.4823784828186035156 4.4823145866394042969 4.4829506874084472656 4.4841570854187011719 4.4849534034729003906 4.4853792190551757812 35.65277862548828125 9.125797271728515625 9.1225900650024414062 9.1228694915771484375 13.75849151611328125 18.390476226806640625 23.01927947998046875 27.641893386840820312 32.258007049560546875 36.869354248046875 41.475830078125 5581.4208984375 5646.7294921875 5672.0927734375 5710.69140625 5744.7900390625 5774.34619140625 5817.0283203125 5885.9130859375 6047.3525390625 6141.91845703125 101.77790069580078125 122.93896484375 106.1030731201171875 97.49207305908203125 9.2846040725708007812 1137.246826171875 80.24566650390625 66.991424560546875 71.316162109375 62.387134552001953125 765.09381103515625 57.779697418212890625 175.9639739990234375 428.867401123046875 15.607365608215332031 8.9564218521118164062
