tests/data/reference/gistest/full/cvsur_m3.asc
ncols        125
nrows        78
xllcorner    -713756.799299980048
yllcorner    -1061032.369616159936
cellsize     10.000000000000
NODATA_value  -9999
[rows 19 to 37 of 78, columns 0 to 42 of 125]
-9999 -9999 -9999 -9999 -9999 -9999 -9999 -9999 -9999 -9999 -9999 -9999 -9999 -9999 -9999 -9999 -9999 4.4658303260803222656 8.9405393600463867188 22.317958831787109375 31.202219009399414062 142.1875 8.9264469146728515625 4.466983795166015625 4.4717621803283691406 10.266537666320800781 146.3021697998046875 135.0990753173828125 130.887054443359375 4.4688329696655273438 110.7809600830078125 17.866437911987304688 4.4794611930847167969 35.71248626708984375 119.11367034912109375 13.417318344116210938 85.61319732666015625 115.51990509033203125 54.405605316162109375 70.80513763427734375 79.50319671630859375 61.718647003173828125 31.191188812255859375
-9999 -9999 -9999 -9999 -9999 -9999 -9999 -9999 -9999 -9999 -9999 -9999 -9999 -9999 -9999 -9999 4.6306395530700683594 9.1037435531616210938 13.572299957275390625 26.935590744018554688 177.7342529296875 13.367648124694824219 4.4614734649658203125 8.9367046356201171875 5.7989430427551269531 20.536298751831054688 150.58355712890625 139.4219970703125 135.187347412109375 8.941638946533203125 115.12059783935546875 22.313741683959960938 4.4795160293579101562 44.625415802001953125 123.40009307861328125 17.874599456787109375 89.93466949462890625 119.89395904541015625 58.789867401123046875 75.17864990234375 83.86505126953125 66.09120941162109375 35.62990570068359375
-9999 -9999 -9999 -9999 -9999 -9999 -9999 -9999 -9999 -9999 -9999 -9999 -9999 -9999 -9999 -9999 9.2599534988403320312 13.731060981750488281 18.1905364990234375 209.2077484130859375 22.594470977783203125 4.6249327659606933594 4.6285710334777832031 8.47240447998046875 14.735401153564453125 30.75244903564453125 154.8649444580078125 143.7399139404296875 139.486358642578125 13.406766891479492188 119.45432281494140625 4.4778923988342285156 26.751882553100585938 53.528675079345703125 127.68161773681640625 22.32375335693359375 94.2524871826171875 124.2602386474609375 63.167179107666015625 79.5453948974609375 88.22110748291015625 70.4592132568359375 40.064174652099609375
-9999 -9999 -9999 -9999 -9999 -9999 -9999 -9999 -9999 -9999 -9999 -9999 -9999 -9999 -9999 -9999 13.876607894897460938 18.342565536499023438 22.786472320556640625 240.9203643798828125 4.6215167045593261719 4.6228127479553222656 4.2026519775390625 10.427661895751953125 27.378290176391601562 35.3608551025390625 159.14080810546875 148.0494842529296875 143.77850341796875 17.861021041870117188 123.78170013427734375 4.4776101112365722656 8.9484577178955078125 31.1815185546875 185.48504638671875 26.764776229858398438 98.56678009033203125 128.619415283203125 4.4801926612854003906 147.0673370361328125 92.5710601806640625 74.8220977783203125 44.492702484130859375
-9999 -9999 -9999 -9999 -9999 -9999 -9999 -9999 -9999 -9999 -9999 -9999 -9999 -9999 -9999 4.6117525100708007812 18.475202560424804688 45.69744873046875 250.0312652587890625 4.6169247627258300781 4.5707764625549316406 4.196872711181640625 10.421895980834960938 8.3860883712768554688 42.36824798583984375 39.962642669677734375 163.6422119140625 152.5723724365234375 148.2899322509765625 22.3050079345703125 128.102142333984375 4.4770488739013671875 8.9478425979614257812 13.410373687744140625 35.603328704833984375 216.5184783935546875 102.8774871826171875 132.972412109375 4.4817762374877929688 155.893524169921875 96.9150848388671875 79.1795806884765625 48.91472625732421875
-9999 -9999 -9999 -9999 -9999 -9999 -9999 -9999 -9999 -9999 -9999 -9999 -9999 -9999 -9999 9.1721582412719726562 336.917938232421875 314.063629150390625 9.2378721237182617188 4.6154808998107910156 4.6277980804443359375 10.369450569152832031 20.417049407958984375 4.6395239830017089844 12.976064682006835938 46.9318695068359375 208.0996551513671875 157.0889892578125 152.795318603515625 26.919528961181640625 4.6471371650695800781 132.4160003662109375 8.9467926025390625 13.409076690673828125 17.863149642944335938 256.382904052734375 107.18352508544921875 137.3186187744140625 4.4822249412536621094 164.713104248046875 101.253082275390625 83.53157806396484375 53.330112457275390625
-9999 -9999 -9999 -9999 -9999 -9999 -9999 -9999 -9999 -9999 -9999 -9999 -9999 -9999 -9999 387.236419677734375 9.2103672027587890625 4.6210322380065917969 4.6208882331848144531 4.6199293136596679688 4.2096471786499023438 14.636422157287597656 14.956406593322753906 24.999391555786132812 9.2717542648315429688 17.572635650634765625 51.494205474853515625 369.675537109375 157.29583740234375 31.527318954467773438 4.6480584144592285156 9.2856626510620117188 136.9415435791015625 13.578874588012695312 17.860284805297851562 22.306079864501953125 367.81829833984375 4.4800662994384765625 141.657470703125 8.9557361602783203125 270.28680419921875 87.87787628173828125 57.738922119140625
-9999 -9999 -9999 -9999 -9999 -9999 -9999 -9999 -9999 -9999 -9999 -9999 -9999 4.6264677047729492188 4.6168818473815917969 36.839244842529296875 9.2271671295166015625 4.6216721534729003906 4.5877490043640136719 4.1970944404602050781 10.418966293334960938 14.598845481872558594 33.812068939208984375 19.556173324584960938 29.592111587524414062 13.894873619079589844 22.167364120483398438 425.64288330078125 161.7892608642578125 36.12726593017578125 9.2868070602416992188 4.6467499732971191406 13.915307044982910156 141.4588623046875 18.201578140258789062 22.478054046630859375 26.739393234252929688 372.06219482421875 8.9521093368530273438 145.9893035888671875 13.420598983764648438 362.47406005859375 62.140918731689453125
-9999 -9999 -9999 -9999 -9999 -9999 -9999 -9999 -9999 -9999 -9999 -9999 -9999 -9999 4.6253838539123535156 9.21018218994140625 9.1956663131713867188 4.6009912490844726562 4.1856060028076171875 14.571696281433105469 22.912317276000976562 27.466920852661132812 32.02921295166015625 70.3998565673828125 94.508270263671875 128.644622802734375 147.0753631591796875 173.769287109375 430.093048095703125 166.27130126953125 40.71738433837890625 13.915569305419921875 9.2833166122436523438 18.535467147827148438 145.9673919677734375 22.814908981323242188 27.087461471557617188 31.3467254638671875 376.53582763671875 13.415521621704101562 150.314697265625 380.19366455078125 66.5358123779296875
-9999 -9999 -9999 -9999 -9999 -9999 -9999 -9999 -9999 -9999 -9999 -9999 -9999 -9999 -9999 -9999 4.6123838424682617188 4.1280875205993652344 5.7987957000732421875 11.596880912780761719 16.208345413208007812 20.827381134033203125 25.440160751342773438 30.047822952270507812 34.64892578125 39.244594573974609375 43.8347625732421875 48.416484832763671875 226.70404052734375 661.2210693359375 170.74127197265625 45.2976837158203125 18.533327102661132812 13.908336639404296875 23.145122528076171875 150.4676361083984375 27.420919418334960938 31.689661026000976562 35.945652008056640625 380.994964599609375 18.043039321899414062 534.7940673828125 70.92353057861328125
-9999 -9999 -9999 -9999 -9999 -9999 -9999 -9999 -9999 -9999 -9999 -9999 -9999 -9999 -9999 -9999 -9999 4.1808066368103027344 14.105463027954101562 18.653264999389648438 23.225833892822265625 27.80438232421875 32.384368896484375 36.962249755859375 41.537220001220703125 46.109455108642578125 50.679309844970703125 55.246234893798828125 59.80857086181640625 64.36490631103515625 730.00775146484375 905.12786865234375 954.76220703125 23.139467239379882812 18.521951675415039062 27.745361328125 154.9622039794921875 186.8721771240234375 223.04315185546875 40.53635406494140625 385.43951416015625 22.662496566772460938 610.22137451171875
-9999 -9999 -9999 -9999 -9999 -9999 -9999 -9999 -9999 -9999 -9999 -9999 -9999 -9999 -9999 -9999 -9999 5.7985053062438964844 9.972660064697265625 14.564496994018554688 19.1645660400390625 23.760976791381835938 466.152923583984375 470.466461181640625 474.778167724609375 479.088165283203125 483.391998291015625 487.678192138671875 491.938262939453125 496.190704345703125 500.457366943359375 504.72796630859375 508.9415283203125 1467.7386474609375 1494.8282470703125 1517.2723388671875 1548.9796142578125 1552.985595703125 1557.0047607421875 1784.034423828125 1828.5159912109375 2217.806396484375 2244.2509765625
-9999 -9999 -9999 -9999 -9999 -9999 -9999 -9999 -9999 -9999 -9999 -9999 -9999 -9999 -9999 -9999 5.7985076904296875 9.7959423065185546875 14.2162017822265625 114.50341796875 169.4279327392578125 438.064697265625 35.7601165771484375 75.87831878662109375 124.6721038818359375 129.2072296142578125 252.5791168212890625 301.41552734375 410.8636474609375 415.328094482421875 419.786407470703125 424.23870849609375 428.682952880859375 433.11492919921875 437.52581787109375 441.922637939453125 446.309814453125 1136.1663818359375 1153.8936767578125 1176.0689697265625 1224.629638671875 1264.4715576171875 1299.901123046875
-9999 -9999 -9999 -9999 -9999 -9999 -9999 -9999 -9999 -9999 -9999 -9999 -9999 -9999 -9999 5.7983174324035644531 11.595571517944335938 58.555019378662109375 95.970611572265625 50.405910491943359375 264.307220458984375 31.187395095825195312 35.56127166748046875 44.250484466552734375 53.094417572021484375 118.86164093017578125 44.33713531494140625 104.9717254638671875 82.6480712890625 86.922454833984375 91.42494964599609375 95.92203521728515625 451.391693115234375 486.816253662109375 530.9638671875 583.81207275390625 685.67694091796875 13.564355850219726562 18.019695281982421875 44.407810211181640625 35.70610809326171875 31.316740036010742188 31.321191787719726562
-9999 -9999 -9999 -9999 -9999 -9999 -9999 -9999 -9999 -9999 -9999 -9999 -9999 -9999 -9999 5.7984590530395507812 42.639560699462890625 33.094333648681640625 46.07526397705078125 260.199676513671875 26.60533905029296875 30.9853515625 39.687152862548828125 48.547298431396484375 61.243473052978515625 39.768100738525390625 100.47560882568359375 78.37065887451171875 90.88880157470703125 233.0696868896484375 311.493865966796875 351.09881591796875 31.091127395629882812 39.86431884765625 48.60646820068359375 97.64984893798828125 8.938549041748046875 13.398408889770507812 39.82581329345703125 31.107278823852539062 26.7095184326171875 26.713092803955078125 40.113803863525390625
-9999 -9999 -9999 -9999 -9999 -9999 -9999 -9999 -9999 -9999 -9999 -9999 -9999 -9999 11.595312118530273438 32.923992156982421875 28.713558197021484375 41.73336029052734375 256.071868896484375 22.202442169189453125 26.593584060668945312 35.315647125244140625 43.99332427978515625 56.925838470458984375 35.38832855224609375 96.2049102783203125 74.08921051025390625 86.63315582275390625 138.00347900390625 74.2596893310546875 35.45822906494140625 26.67768096923828125 35.47310638427734375 44.2337646484375 93.279632568359375 4.4735240936279296875 8.9424829483032226562 35.4309234619140625 26.68862152099609375 22.278472900390625 22.279941558837890625 35.519866943359375 22.2902679443359375
-9999 -9999 -9999 -9999 -9999 -9999 -9999 -9999 -9999 -9999 -9999 -9999 -9999 5.79827117919921875 17.390375137329101562 24.325262069702148438 37.382129669189453125 251.9237518310546875 17.785778045654296875 22.189605712890625 30.934640884399414062 39.63597869873046875 52.602367401123046875 31.000692367553710938 91.9270477294921875 69.80211639404296875 82.37450408935546875 133.8158416748046875 69.9549713134765625 31.05611419677734375 22.253992080688476562 31.07117462158203125 39.85042572021484375 75.49517822265625 13.401334762573242188 4.4747323989868164062 31.027835845947265625 22.261762619018554688 17.839788436889648438 17.83962249755859375 31.108297348022460938 17.845722198486328125 17.8499603271484375
-9999 -9999 -9999 -9999 -9999 -9999 -9999 -9999 -9999 -9999 -9999 -9999 -9999 11.594728469848632812 19.931753158569335938 33.02268218994140625 247.764007568359375 13.356606483459472656 17.773387908935546875 26.542537689208984375 35.2692413330078125 48.271251678466796875 26.604368209838867188 87.64279937744140625 65.50894927978515625 78.11126708984375 129.6263580322265625 65.6462860107421875 26.6468048095703125 17.821165084838867188 26.659908294677734375 35.458469390869140625 66.62461090087890625 4.4761366844177246094 8.9397020339965820312 26.617406845092773438 17.826234817504882812 13.392249107360839844 13.390933990478515625 26.6899566650390625 13.393514633178710938 13.396238327026367188 13.4003448486328125
-9999 -9999 -9999 -9999 -9999 -9999 -9999 -9999 -9999 -9999 -9999 -9999 5.7979383468627929688 15.546762466430664062 28.655626296997070312 243.5917205810546875 8.9145145416259765625 13.345520973205566406 22.140039443969726562 30.8927764892578125 43.930999755859375 22.197217941284179688 83.350372314453125 61.209087371826171875 73.84256744384765625 125.43206024169921875 61.333477020263671875 22.230348587036132812 13.379590988159179688 22.240995407104492188 31.06011199951171875 22.225896835327148438 39.994853973388671875 4.4701113700866699219 22.200042724609375 13.382173538208007812 8.9358263015747070312 8.9340410232543945312 22.2653656005859375 8.9339733123779296875 8.9351816177368164062 8.9375209808349609375 8.9412374496459960938
