tests/data/reference/gistest/full/cvsur_m3.asc
ncols        125
nrows        78
xllcorner    -713756.799299980048
yllcorner    -1061032.369616159936
cellsize     10.000000000000
NODATA_value  -9999
[rows 38 to 56 of 78, columns 0 to 42 of 125]
-9999 -9999 -9999 -9999 -9999 -9999 -9999 -9999 -9999 -9999 -9999 -9999 -9999 8.88350677490234375 123.5352020263671875 4.4582548141479492188 8.9050798416137695312 17.72655487060546875 26.505117416381835938 39.57860565185546875 17.776885986328125 79.0402984619140625 56.894954681396484375 69.55976104736328125 95.73388671875 57.008861541748046875 17.804353713989257812 8.92771148681640625 17.812307357788085938 26.653169631958007812 17.799077987670898438 17.792083740234375 17.783008575439453125 17.774707794189453125 8.927898406982421875 4.4690523147583007812 4.4675536155700683594 17.832439422607421875 4.4666595458984375 4.4668526649475097656 4.4673910140991210938 4.4695882797241210938 4.4792666435241699219
-9999 -9999 -9999 -9999 -9999 -9999 -9999 -9999 -9999 -9999 -9999 -9999 4.4480009078979492188 110.35358428955078125 8.8910999298095703125 4.4538292884826660156 13.306682586669921875 22.111989974975585938 35.22267913818359375 13.347468376159667969 74.72943878173828125 52.57883453369140625 65.2775115966796875 91.48016357421875 52.68310546875 13.3698272705078125 4.4653830528259277344 13.375256538391113281 22.239953994750976562 13.366540908813476562 13.359989166259765625 13.351490974426269531 13.344844818115234375 4.4639744758605957031 4.4675097465515136719 8.9356660842895507812 13.391751289367675781 4.46480560302734375 8.9300584793090820312 13.386988639831542969 17.83577728271484375 4.469066619873046875 4.47998046875
-9999 -9999 -9999 -9999 -9999 -9999 -9999 -9999 -9999 -9999 -9999 -9999 92.745208740234375 13.308506965637207031 4.4522237777709960938 8.881221771240234375 17.711408615112304688 30.859876632690429688 8.907184600830078125 70.409942626953125 48.254512786865234375 60.988048553466796875 87.2190093994140625 48.349094390869140625 8.92365264892578125 4.4646334648132324219 8.9264011383056640625 17.815347671508789062 8.922100067138671875 8.9186296463012695312 8.9122343063354492188 8.9071779251098632812 4.46135711669921875 8.923458099365234375 13.380016326904296875 17.830602645874023438 22.274606704711914062 26.708112716674804688 31.129529953002929688 4.4666337966918945312 4.4690976142883300781 22.27416229248046875 8.9420232772827148438
-9999 -9999 -9999 -9999 -9999 -9999 -9999 -9999 -9999 -9999 -9999 66.28551483154296875 22.146562576293945312 8.8781080245971679688 4.4510254859924316406 13.301820755004882812 26.490259170532226562 4.4556450843811035156 66.0820465087890625 43.92279815673828125 56.691570281982421875 82.9501800537109375 44.006351470947265625 4.46389007568359375 4.4649000167846679688 8.928218841552734375 13.3783721923828125 4.4633092880249023438 4.4628305435180664062 4.4611611366271972656 4.4577350616455078125 4.4579563140869140625 8.9189252853393554688 13.374890327453613281 17.823839187622070312 22.26531219482421875 26.697902679443359375 31.120229721069335938 4.4675955772399902344 35.540493011474609375 8.9355115890502929688 8.9403791427612304688 26.705125808715820312
-9999 -9999 -9999 -9999 -9999 -9999 -9999 -9999 -9999 -9999 -9999 61.950672149658203125 17.740291595458984375 4.4499835968017578125 8.8796138763427734375 22.110912322998046875 26.5105133056640625 61.745578765869140625 39.584072113037109375 52.3889007568359375 78.6740264892578125 39.65477752685546875 8.9206361770629882812 13.3675384521484375 17.80510711669921875 22.232839584350585938 228.937255859375 255.4347381591796875 259.691680908203125 263.937835693359375 268.171661376953125 272.401458740234375 276.628448486328125 280.85028076171875 285.067108154296875 289.277740478515625 293.47991943359375 297.670867919921875 332.965484619140625 341.5960693359375 381.293731689453125 394.379241943359375 407.460357666015625
-9999 -9999 -9999 -9999 -9999 -9999 -9999 -9999 -9999 -9999 48.696292877197265625 8.9000492095947265625 13.321188926696777344 4.4511866569519042969 17.718336105346679688 22.127685546875 30.886119842529296875 35.237762451171875 48.080661773681640625 74.39131927490234375 35.294490814208984375 4.4624109268188476562 4.4632396697998046875 8.9241514205932617188 180.326416015625 202.423797607421875 22.229785919189453125 13.373278617858886719 17.809659957885742188 22.236185073852539062 26.653791427612304688 31.06546783447265625 35.470218658447265625 39.8685150146484375 44.260852813720703125 48.64746856689453125 53.02828216552734375 57.40309906005859375 61.771076202392578125 66.13287353515625 70.49036407470703125 74.84401702880859375 79.19391632080078125
-9999 -9999 -9999 -9999 -9999 -9999 -9999 -9999 -9999 4.4511728286743164062 39.875225067138671875 4.4550318717956542969 8.8921098709106445312 13.312259674072265625 17.731719970703125 26.515796661376953125 30.879306793212890625 43.764736175537109375 70.1026458740234375 30.926130294799804688 35.28204345703125 74.89300537109375 118.82978057861328125 167.0975189208984375 17.804906845092773438 17.80683135986328125 8.9258623123168945312 4.4653911590576171875 8.9293813705444335938 13.382685661315917969 17.82648468017578125 22.263261795043945312 26.692571640014648438 31.115278244018554688 35.53231048583984375 39.944732666015625 44.34975433349609375 696.8365478515625 758.3165283203125 819.8287353515625 881.3616943359375 942.8975830078125 1004.42279052734375
-9999 -9999 -9999 -9999 -9999 -9999 -9999 -9999 -9999 17.738346099853515625 17.749120712280273438 4.4519305229187011719 8.8898220062255859375 13.32198333740234375 22.13230133056640625 26.507415771484375 39.436321258544921875 65.8034210205078125 26.549631118774414062 30.912769317626953125 35.261585235595703125 39.60455322265625 43.951629638671875 13.370248794555664062 13.372193336486816406 4.4644527435302734375 4.4658136367797851562 8.93187713623046875 13.387356758117675781 17.832342147827148438 22.268077850341796875 26.6971435546875 31.120183944702148438 35.5354766845703125 547.02496337890625 595.4962158203125 648.2987060546875 57.3048553466796875 57.3472137451171875 57.3760986328125 57.391490936279296875 57.3974456787109375 66.0059814453125
-9999 -9999 -9999 -9999 -9999 -9999 -9999 -9999 -9999 13.327739715576171875 13.33321380615234375 4.4524555206298828125 8.8963718414306640625 17.734258651733398438 22.120853424072265625 35.095623016357421875 61.490123748779296875 22.15917205810546875 26.534942626953125 30.893346786499023438 35.24332427978515625 39.5970916748046875 8.9233264923095703125 8.9254903793334960938 8.9257764816284179688 13.375014305114746094 17.816074371337890625 22.249034881591796875 26.672290802001953125 31.08570098876953125 35.490581512451171875 39.887531280517578125 463.17987060546875 507.271636962890625 44.267688751220703125 48.615139007568359375 52.943874359130859375 52.98354339599609375 53.010272979736328125 53.023998260498046875 53.028919219970703125 61.654468536376953125 57.356975555419921875
-9999 -9999 -9999 -9999 -9999 -9999 -9999 -9999 39.792758941650390625 8.89795684814453125 8.90189361572265625 4.4560513496398925781 13.320653915405273438 17.718439102172851562 30.741884231567382812 57.163951873779296875 17.75482940673828125 22.145421981811523438 26.517305374145507812 30.875139236450195312 35.2349853515625 4.4631032943725585938 4.4644556045532226562 4.4651122093200683594 4.4650578498840332031 8.9287347793579101562 13.38236236572265625 17.825292587280273438 300.06610107421875 339.687957763671875 379.357696533203125 419.056121826171875 39.868946075439453125 39.886058807373046875 44.240802764892578125 48.57541656494140625 48.61220550537109375 48.636882781982421875 48.64942169189453125 48.653350830078125 57.29610443115234375 52.988262176513671875 57.293560028076171875
-9999 -9999 -9999 -9999 -9999 -9999 -9999 -9999 35.40688323974609375 4.4542078971862792969 4.4549856185913085938 8.892047882080078125 13.301243782043457031 26.3755950927734375 52.823551177978515625 13.335264205932617188 17.742937088012695312 22.130802154541015625 26.499584197998046875 30.8657989501953125 30.895524978637695312 66.1405181884765625 101.38410186767578125 136.6318511962890625 198.390380859375 220.51373291015625 247.049591064453125 277.96435546875 35.356891632080078125 35.41471099853515625 35.454326629638671875 35.47888946533203125 35.49544525146484375 39.85747528076171875 44.19857025146484375 44.2331390380859375 44.256374359130859375 44.2681121826171875 44.2713775634765625 52.93189239501953125 48.613117218017578125 52.92617034912109375 52.943820953369140625
-9999 -9999 -9999 -9999 -9999 -9999 -9999 13.320651054382324219 26.560869216918945312 4.4516844749450683594 4.4497914314270019531 8.8751382827758789062 22.000583648681640625 48.472270965576171875 8.9010334014892578125 13.325116157531738281 17.728933334350585938 22.111707687377929688 26.488674163818359375 26.514530181884765625 30.883769989013671875 30.896759033203125 30.913732528686523438 57.4379119873046875 17.813978195190429688 22.237199783325195312 26.627676010131835938 30.96054840087890625 31.017301559448242188 31.054677963256835938 31.078296661376953125 31.09433746337890625 35.46469879150390625 39.81330108642578125 39.84616851806640625 39.868419647216796875 39.879863739013671875 39.882755279541015625 48.561931610107421875 44.23209381103515625 48.553192138671875 48.56888580322265625 48.600170135498046875
-9999 -9999 -9999 -9999 -9999 -9999 22.101434707641601562 8.8883638381958007812 13.282444000244140625 8.8669214248657226562 4.4460496902465820312 17.618982315063476562 44.112354278564453125 4.4538359642028808594 8.8945827484130859375 13.313090324401855469 17.708675384521484375 22.098932266235351562 22.12523651123046875 26.503068923950195312 26.511777877807617188 26.524950027465820312 53.071475982666015625 13.375874519348144531 17.808780670166015625 22.210668563842773438 26.55467987060546875 26.609699249267578125 26.645050048828125 26.667165756225585938 26.682178497314453125 31.062284469604492188 35.419750213623046875 35.451442718505859375 35.47296905517578125 35.484375 35.487407684326171875 44.186153411865234375 39.844940185546875 44.174560546875 44.188426971435546875 44.217479705810546875 44.252262115478515625
-9999 -9999 -9999 -9999 -9999 -9999 17.695018768310546875 4.4484033584594726562 8.8532114028930664062 4.4432592391967773438 13.228780746459960938 26.469491958618164062 13.273112297058105469 4.4510707855224609375 8.885616302490234375 13.293527603149414062 17.69435882568359375 17.72356414794921875 22.112951278686523438 22.11811065673828125 22.127483367919921875 48.695652008056640625 8.9262943267822265625 13.369443893432617188 17.78330230712890625 22.139545440673828125 22.191679000854492188 22.224016189575195312 22.244367599487304688 22.258296966552734375 26.648876190185546875 31.01599884033203125 31.046672821044921875 31.067766189575195312 31.079496383666992188 31.083349227905273438 39.80364990234375 35.45131683349609375 39.78997802734375 39.80194854736328125 39.828739166259765625 39.861492156982421875 39.88629913330078125
-9999 -9999 -9999 -9999 -9999 22.053838729858398438 8.8410482406616210938 4.4407401084899902344 4.4344577789306640625 8.8248291015625 8.8334360122680664062 13.251184463500976562 8.8515405654907226562 4.4467191696166992188 8.8696384429931640625 13.277246475219726562 13.307990074157714844 17.71002197265625 17.714277267456054688 17.720903396606445312 44.30889129638671875 4.4634451866149902344 8.91878509521484375 13.346197128295898438 17.716327667236328125 17.763948440551757812 17.792356491088867188 17.81005096435546875 17.822483062744140625 22.224872589111328125 26.602643966674804688 26.631799697875976562 26.651983261108398438 26.663845062255859375 26.66867828369140625 35.412235260009765625 31.049530029296875 35.398754119873046875 35.40926361083984375 35.433475494384765625 35.46384429931640625 35.48724365234375 35.498165130615234375
-9999 -9999 -9999 -9999 -9999 8.8387422561645507812 8.8183345794677734375 4.4265599250793457031 4.4201817512512207031 4.4253778457641601562 4.4168138504028320312 4.4275941848754882812 4.4345593452453613281 4.4387178421020507812 8.8505840301513671875 8.8814668655395507812 13.293290138244628906 13.298933029174804688 13.3056640625 22.182661056518554688 17.729318618774414062 4.457916259765625 8.9010686874389648438 13.288685798645019531 13.328874588012695312 13.352093696594238281 13.366395950317382812 13.376832962036132812 17.792331695556640625 22.182115554809570312 22.209300994873046875 22.228010177612304688 22.2392578125 22.244279861450195312 31.0118408203125 26.638135910034179688 30.999057769775390625 31.009138107299804688 31.031511306762695312 31.059041976928710938 31.080310821533203125 31.090494155883789062 31.096271514892578125
-9999 -9999 -9999 -9999 8.8506155014038085938 4.440151214599609375 4.4276885986328125 4.4127945899963378906 -9999 -9999 -9999 -9999 -9999 4.4296708106994628906 4.4448513984680175781 8.8653354644775390625 8.8739862442016601562 8.880260467529296875 8.8858308792114257812 8.8828058242797851562 13.308749198913574219 4.4489507675170898438 8.8589849472045898438 8.8883600234985351562 8.90476226806640625 8.9145374298095703125 8.9223680496215820312 13.352408409118652344 17.755725860595703125 17.78022003173828125 17.79709625244140625 17.807292938232421875 17.811723709106445312 26.603984832763671875 22.217922210693359375 26.590906143188476562 26.600248336791992188 26.621286392211914062 26.646959304809570312 26.665857315063476562 26.674432754516601562 26.679380416870117188 44.23160552978515625
-9999 -9999 -9999 -9999 13.264746665954589844 4.4366979598999023438 -9999 -9999 -9999 -9999 -9999 -9999 -9999 -9999 4.4400553703308105469 4.4450936317443847656 4.4453577995300292969 4.4474606513977050781 4.4507994651794433594 4.4473252296447753906 4.4312076568603515625 4.4261593818664550781 4.4421854019165039062 4.4509797096252441406 4.4554195404052734375 4.4596123695373535156 8.9053955078125 13.323999404907226562 13.344115257263183594 13.358331680297851562 13.36737060546875 13.371136665344238281 22.189664840698242188 17.790079116821289062 22.1759490966796875 22.18402862548828125 22.202833175659179688 22.226373672485351562 22.243679046630859375 22.250730514526367188 22.254222869873046875 39.845760345458984375 26.678249359130859375
-9999 -9999 -9999 17.628513336181640625 4.4363722801208496094 4.4238219261169433594 -9999 -9999 -9999 -9999 -9999 -9999 -9999 -9999 -9999 -9999 -9999 4.4453463554382324219 8.8704891204833984375 13.296787261962890625 17.662679672241210938 -9999 -9999 -9999 -9999 4.4517226219177246094 8.8876981735229492188 8.9011659622192382812 8.9112577438354492188 8.9182786941528320312 8.9213962554931640625 17.768825531005859375 13.354494094848632812 17.754743576049804688 17.761266708374023438 17.7771148681640625 17.797475814819335938 17.81288909912109375 17.818843841552734375 17.820974349975585938 35.45284271240234375 22.251958847045898438 22.269727706909179688
