tests/data/reference/gistest/full/cvsur_m3.asc
ncols        125
nrows        78
xllcorner    -713756.799299980048
yllcorner    -1061032.369616159936
cellsize     10.000000000000
NODATA_value  -9999
[rows 38 to 56 of 78, columns 0 to 42 of 125]
-9999 -9999 -9999 -9999 -9999 -9999 -9999 -9999 -9999 -9999 -9999 5.7977819442749023438 11.593510627746582031 24.283868789672851562 239.411529541015625 4.4585771560668945312 8.90576934814453125 17.727994918823242188 26.507419586181640625 39.58226776123046875 17.778360366821289062 79.04834747314453125 56.900814056396484375 69.5670166015625 121.2299957275390625 57.01454925537109375 17.805864334106445312 8.92840576171875 17.81381988525390625 26.655572891235351562 17.800588607788085938 17.793588638305664062 17.784482955932617188 17.776166915893554688 8.9285888671875 4.4693760871887207031 4.4678769111633300781 17.833984375 4.4669828414916992188 4.4671764373779296875 4.4677143096923828125 4.4699125289916992188 4.4795918464660644531
-9999 -9999 -9999 -9999 -9999 -9999 -9999 -9999 -9999 -9999 -9999 5.7974925041198730469 19.908491134643554688 226.33648681640625 8.8917837142944335938 4.4541506767272949219 13.3077239990234375 22.113878250122070312 35.22589874267578125 13.348544120788574219 74.73687744140625 52.584163665771484375 65.2841796875 117.01888275146484375 52.68829345703125 13.370923042297363281 4.46570587158203125 13.376351356506347656 22.241914749145507812 13.367635726928710938 13.361090660095214844 13.352576255798339844 13.345920562744140625 4.4642977714538574219 4.4678330421447753906 8.9363603591918945312 13.392857551574707031 4.4651284217834472656 8.9307546615600585938 13.388079643249511719 17.837278366088867188 4.4693913459777832031 4.480304718017578125
-9999 -9999 -9999 -9999 -9999 -9999 -9999 -9999 -9999 -9999 5.7975268363952636719 15.538128852844238281 208.83734130859375 13.309569358825683594 4.452545166015625 8.88189697265625 17.712877273559570312 30.8626556396484375 8.9078760147094726562 70.416778564453125 48.25933074951171875 60.994152069091796875 112.7987823486328125 48.353786468505859375 8.924346923828125 4.4649567604064941406 8.9270954132080078125 17.81687164306640625 8.9227952957153320312 8.9193296432495117188 8.9129323959350585938 8.907871246337890625 4.4616799354553222656 8.9241466522216796875 13.381079673767089844 17.83205413818359375 22.276464462280273438 26.710409164428710938 31.132289886474609375 4.46695709228515625 4.46942138671875 22.276088714599609375 8.942707061767578125
-9999 -9999 -9999 -9999 -9999 -9999 -9999 -9999 -9999 -9999 5.7978940010070800781 182.4886627197265625 22.1484375 8.8787813186645507812 4.4513463973999023438 13.302875518798828125 26.49259185791015625 4.455966949462890625 66.0883026123046875 43.927112579345703125 56.697124481201171875 108.56986236572265625 44.010562896728515625 4.4642128944396972656 4.4652233123779296875 8.928913116455078125 13.3794708251953125 4.4636321067810058594 4.4631533622741699219 4.4614834785461425781 4.4580569267272949219 4.4582781791687011719 8.919612884521484375 13.375946998596191406 17.825283050537109375 22.267160415649414062 26.700176239013671875 31.122951507568359375 4.4679188728332519531 35.54373931884765625 8.936199188232421875 8.9410676956176757812 26.707483291625976562
-9999 -9999 -9999 -9999 -9999 -9999 -9999 -9999 -9999 11.59424591064453125 15.544185638427734375 162.7235107421875 17.741741180419921875 4.4503045082092285156 8.8802881240844726562 22.112806320190429688 26.512857437133789062 61.751262664794921875 39.58788299560546875 52.393924713134765625 104.3332061767578125 39.658519744873046875 8.9213314056396484375 13.36862945556640625 17.806604385375976562 22.234754562377929688 228.95977783203125 255.4600830078125 259.717926025390625 263.96502685546875 268.199951171875 272.4307861328125 276.658782958984375 280.88165283203125 285.09954833984375 289.311309814453125 293.5146484375 297.70684814453125 333.005615234375 341.637969970703125 381.34033203125 394.427947998046875 407.511199951171875
-9999 -9999 -9999 -9999 -9999 -9999 -9999 -9999 5.7977490425109863281 11.593564987182617188 149.5860443115234375 8.9007358551025390625 13.322243690490722656 4.451507568359375 17.719804763793945312 22.129590988159179688 30.888914108276367188 35.24106597900390625 48.08515167236328125 100.090240478515625 35.29776763916015625 4.4627332687377929688 4.4635624885559082031 8.9248476028442382812 180.3439483642578125 202.4436187744140625 22.2317352294921875 13.374381065368652344 17.811182022094726562 22.23813629150390625 26.656177520751953125 31.068286895751953125 35.47347259521484375 39.8722076416015625 44.264987945556640625 48.65204620361328125 53.033306121826171875 57.40857696533203125 61.777011871337890625 66.1392669677734375 70.49721527099609375 74.851318359375 79.2016754150390625
-9999 -9999 -9999 -9999 -9999 -9999 -9999 -9999 5.7973923683166503906 8.389919281005859375 136.9521484375 4.4553532600402832031 8.8927936553955078125 13.313320159912109375 17.733198165893554688 26.51812744140625 30.88211822509765625 43.768703460693359375 95.8419647216796875 30.928941726684570312 35.2852783203125 74.899993896484375 118.84105682373046875 167.1136322021484375 17.806427001953125 17.808349609375 8.9265584945678710938 4.4657139778137207031 8.9300756454467773438 13.383782386779785156 17.8280029296875 22.26520538330078125 26.694948196411132812 31.1180877685546875 35.535552978515625 39.94840240478515625 44.35385894775390625 718.296142578125 779.7774658203125 841.29095458984375 902.82525634765625 964.36236572265625 1025.8885498046875
-9999 -9999 -9999 -9999 -9999 -9999 -9999 -9999 3.9901804924011230469 114.9509735107421875 17.750604629516601562 4.4522519111633300781 8.8905057907104492188 13.323052406311035156 22.134185791015625 26.509748458862304688 39.43979644775390625 91.58402252197265625 26.55197906494140625 30.9155426025390625 35.264804840087890625 39.608226776123046875 43.95577239990234375 13.371347427368164062 13.373291969299316406 4.4647760391235351562 4.466136932373046875 8.9325714111328125 13.388454437255859375 17.833864212036132812 22.270036697387695312 26.6995391845703125 31.123016357421875 35.538753509521484375 559.8968505859375 612.67681884765625 669.7579345703125 57.310283660888671875 57.352657318115234375 57.38159942626953125 57.397022247314453125 57.402988433837890625 74.56514739990234375
-9999 -9999 -9999 -9999 -9999 -9999 -9999 5.7976222038269042969 97.3697052001953125 13.328804969787597656 13.33428955078125 4.4527769088745117188 8.8970594406127929688 17.7357177734375 22.1227264404296875 35.0986328125 87.31301116943359375 22.161075592041015625 26.537261962890625 30.896106719970703125 35.246532440185546875 39.60076904296875 8.9240217208862304688 8.9261837005615234375 8.92647552490234375 13.3761138916015625 17.817583084106445312 22.250959396362304688 26.67464447021484375 31.088497161865234375 35.49382781982421875 39.891231536865234375 471.760772705078125 520.14349365234375 48.580169677734375 52.897983551025390625 52.948795318603515625 52.988491058349609375 53.01528167724609375 53.02904510498046875 53.033985137939453125 70.23246002197265625 57.36237335205078125
-9999 -9999 -9999 -9999 -9999 -9999 -9999 53.319675445556640625 39.796161651611328125 8.89864349365234375 8.9025812149047851562 4.4563732147216796875 13.321710586547851562 17.71987152099609375 30.744462966918945312 83.0302581787109375 17.756305694580078125 22.14730072021484375 26.519605636596679688 30.877880096435546875 35.23819732666015625 4.4634261131286621094 4.464778900146484375 4.4654355049133300781 4.4653806686401367188 8.9294309616088867188 13.383457183837890625 17.82680511474609375 304.3616943359375 343.983734130859375 383.65386962890625 427.63629150390625 44.16333770751953125 44.207424163818359375 48.532169342041015625 48.57984161376953125 48.616664886474609375 48.64141082763671875 48.653995513916015625 48.6579437255859375 65.8933563232421875 52.993194580078125 65.87018585205078125
-9999 -9999 -9999 -9999 -9999 -9999 5.7971405982971191406 43.673198699951171875 35.409801483154296875 4.4545292854309082031 4.4553074836730957031 8.892730712890625 13.30226898193359375 26.377771377563476562 78.73462677001953125 13.336334228515625 17.74439239501953125 22.132656097412109375 26.501855850219726562 30.868549346923828125 35.20766448974609375 70.4478912353515625 105.68807220458984375 140.9331512451171875 202.692413330078125 224.813385009765625 251.3476409912109375 282.261444091796875 35.359874725341796875 35.417766571044921875 39.741085052490234375 39.782566070556640625 39.8261871337890625 44.15769195556640625 44.20250701904296875 44.23712158203125 44.26042938232421875 44.272220611572265625 44.275508880615234375 61.548831939697265625 48.61759185791015625 61.52341461181640625 52.948642730712890625
-9999 -9999 -9999 -9999 -9999 37.535003662109375 26.016918182373046875 13.321687698364257812 26.562992095947265625 4.4520058631896972656 4.4501123428344726562 8.8758087158203125 22.002370834350585938 74.42975616455078125 8.901721954345703125 13.326176643371582031 17.730365753173828125 22.113529205322265625 26.490962982177734375 30.839746475219726562 30.886541366577148438 30.899505615234375 30.916418075561523438 57.443096160888671875 17.81549835205078125 22.239122390747070312 26.629926681518554688 30.963069915771484375 31.019903182983398438 35.351245880126953125 35.391864776611328125 35.435085296630859375 39.774139404296875 39.81676483154296875 39.849689483642578125 39.87201690673828125 39.88350677490234375 39.886432647705078125 57.19899749755859375 44.23612213134765625 57.17174530029296875 48.573253631591796875 48.604579925537109375
-9999 -9999 -9999 -9999 -9999 31.746534347534179688 22.10323333740234375 8.8890447616577148438 13.283465385437011719 8.8675889968872070312 4.4463701248168945312 17.620388031005859375 70.1182861328125 4.4541573524475097656 8.8952684402465820312 13.314133644104003906 17.710073471069335938 22.100772857666015625 26.463993072509765625 26.50539398193359375 26.5140838623046875 26.5272064208984375 53.07613372802734375 13.376973152160644531 17.810276031494140625 22.212495803833007812 26.556758880615234375 26.611865997314453125 30.951963424682617188 30.991424560546875 31.033758163452148438 35.381366729736328125 35.422748565673828125 35.45450592041015625 35.476108551025390625 35.487560272216796875 35.490627288818359375 52.843791961669921875 39.848522186279296875 52.81517791748046875 44.19234466552734375 44.221446990966796875 44.256290435791015625
-9999 -9999 -9999 -9999 5.7972722053527832031 25.95368194580078125 17.696392059326171875 4.4487242698669433594 8.853870391845703125 4.4435791969299316406 13.229802131652832031 43.8221588134765625 21.977508544921875 4.4513921737670898438 8.8862962722778320312 13.294541358947753906 17.695774078369140625 22.076280593872070312 22.114831924438476562 22.119976043701171875 22.1293182373046875 48.699798583984375 8.9269866943359375 13.370524406433105469 17.784730911254882812 22.141210556030273438 22.193437576293945312 26.541980743408203125 26.580509185791015625 26.621831893920898438 30.978122711181640625 31.018556594848632812 31.049297332763671875 31.070461273193359375 31.08223724365234375 31.08612060546875 48.482295989990234375 35.454456329345703125 48.453460693359375 39.80542755126953125 39.83226776123046875 39.865081787109375 39.88994598388671875
-9999 -9999 -9999 -9999 5.796825408935546875 22.055547714233398438 8.8416996002197265625 4.4410600662231445312 4.4347767829895019531 8.8254804611206054688 8.8340911865234375 30.658647537231445312 17.588483810424804688 4.4470396041870117188 8.8703088760375976562 13.278258323669433594 17.6747589111328125 17.711473464965820312 17.715709686279296875 17.72232818603515625 44.31255340576171875 4.46376800537109375 8.9194707870483398438 13.347245216369628906 17.717622756958007812 17.765331268310546875 22.122348785400390625 22.159952163696289062 22.199560165405273438 26.564950942993164062 26.6047821044921875 26.63401031494140625 26.654254913330078125 26.666154861450195312 26.67101287841796875 44.112316131591796875 31.052234649658203125 44.085979461669921875 35.4123077392578125 35.436565399169921875 35.4669952392578125 35.490447998046875 35.501392364501953125
-9999 -9999 -9999 83.0681610107421875 3.9580368995666503906 8.8393983840942382812 8.8189744949340820312 4.4268779754638671875 4.4204983711242675781 4.4256958961486816406 4.4171299934387207031 21.899921417236328125 13.192651748657226562 4.4390377998352050781 8.8512334823608398438 13.261868476867675781 13.294328689575195312 13.299957275390625 13.306699752807617188 22.184421539306640625 17.730756759643554688 4.4582381248474121094 8.9017496109008789062 13.2896575927734375 13.329901695251464844 17.6956634521484375 17.73297119140625 17.76952362060546875 22.144163131713867188 22.183858871459960938 22.211114883422851562 22.229871749877929688 22.24114990234375 22.24619293212890625 39.733745574951171875 26.64041900634765625 39.71100616455078125 31.011753082275390625 31.03417205810546875 31.061761856079101562 31.083080291748046875 31.093282699584960938 31.09905242919921875
-9999 -9999 -9999 77.3226776123046875 8.851287841796875 4.4404711723327636719 4.4280066490173339844 4.4131102561950683594 4.4273056983947753906 8.820819854736328125 13.132740020751953125 4.4201064109802246094 8.8130559921264648438 4.4299893379211425781 8.8400392532348632812 8.8659963607788085938 8.8746557235717773438 8.8809385299682617188 8.8865118026733398438 8.8834857940673828125 13.309785842895507812 4.4492716789245605469 8.8596429824829101562 8.889034271240234375 13.264979362487792969 13.302176475524902344 13.333353996276855469 17.717527389526367188 17.757099151611328125 17.781648635864257812 17.798555374145507812 17.808774948120117188 17.813220977783203125 35.34804534912109375 22.21979522705078125 35.328609466552734375 26.602453231811523438 26.623531341552734375 26.64925384521484375 26.6681976318359375 26.676790237426757812 26.681732177734375 44.23571014404296875
-9999 -9999 5.79447174072265625 51.58202362060546875 13.265765190124511719 4.4370169639587402344 4.3968944549560546875 4.4307417869567871094 4.4304852485656738281 -9999 -9999 -9999 4.4191026687622070312 4.4250621795654296875 4.4403748512268066406 4.4454140663146972656 4.4456782341003417969 4.4477815628051757812 4.4511203765869140625 4.4476456642150878906 4.43152618408203125 4.4264769554138183594 4.4425053596496582031 8.8370456695556640625 8.8694658279418945312 8.8918914794921875 13.28725433349609375 13.325023651123046875 13.3451690673828125 13.35939788818359375 13.368448257446289062 13.372224807739257812 30.956134796142578125 17.7915496826171875 30.940416336059570312 22.1858367919921875 22.20467376708984375 22.228252410888671875 22.245594024658203125 22.252658843994140625 22.2561492919921875 39.84942626953125 26.680566787719726562
-9999 -9999 25.729181289672851562 17.629894256591796875 4.4366917610168457031 4.4241394996643066406 4.4259085655212402344 -9999 -9999 -9999 -9999 -9999 -9999 4.4294109344482421875 4.437808990478515625 8.8533458709716796875 13.270071029663085938 4.4456667900085449219 8.871158599853515625 13.29784393310546875 17.664157867431640625 4.4177231788635253906 4.419734954833984375 4.4341111183166503906 4.4454755783081054688 8.8589944839477539062 8.888378143310546875 8.901851654052734375 8.9119434356689453125 8.9189672470092773438 8.9220895767211914062 26.5578460693359375 13.355568885803222656 26.546911239624023438 17.762689590454101562 17.778560638427734375 17.798948287963867188 17.81438446044921875 17.820348739624023438 17.822479248046875 35.456066131591796875 22.253856658935546875 22.271648406982421875
