tests/data/reference/gistest/full/cvsur_m3.asc
ncols        125
nrows        78
xllcorner    -713756.799299980048
yllcorner    -1061032.369616159936
cellsize     10.000000000000
NODATA_value  -9999
[rows 19 to 37 of 78, columns 0 to 42 of 125]
-9999 -9999 -9999 -9999 -9999 -9999 -9999 -9999 -9999 -9999 -9999 -9999 -9999 -9999 -9999 -9999 -9999 4.4400072097778320312 8.88889312744140625 22.1888427734375 31.021455764770507812 141.3611297607421875 8.8748006820678710938 4.4411606788635253906 4.4459390640258789062 10.24071502685546875 145.475799560546875 134.376007080078125 130.215606689453125 4.4430098533630371094 110.2644805908203125 17.76314544677734375 4.4536380767822265625 35.505901336669921875 118.4422149658203125 13.339848518371582031 85.17417144775390625 114.84848785400390625 54.1215362548828125 70.3919525146484375 79.038360595703125 61.3571014404296875 31.010425567626953125
-9999 -9999 -9999 -9999 -9999 -9999 -9999 -9999 -9999 -9999 -9999 -9999 -9999 -9999 -9999 -9999 4.5876002311706542969 9.0348806381225585938 13.477613449096679688 26.763433456420898438 176.7012939453125 13.290178298950195312 4.4356503486633300781 8.885059356689453125 5.7989430427551269531 20.484653472900390625 149.7313690185546875 138.673095703125 134.490081787109375 8.8899936676025390625 114.57828521728515625 22.184625625610351562 4.4536929130554199219 44.367183685302734375 122.70281219482421875 17.771305084228515625 89.46981048583984375 119.19671630859375 58.47997283935546875 74.7396392822265625 83.37438201904296875 65.70383453369140625 35.42331695556640625
-9999 -9999 -9999 -9999 -9999 -9999 -9999 -9999 -9999 -9999 -9999 -9999 -9999 -9999 -9999 -9999 9.1738748550415039062 13.619158744812011719 18.0528106689453125 207.9595947265625 22.430919647216796875 4.5818934440612792969 4.5855321884155273438 8.420757293701171875 14.683754920959472656 30.67498016357421875 153.986907958984375 142.965179443359375 138.763275146484375 13.329298019409179688 118.8861846923828125 4.4520692825317382812 26.596942901611328125 53.2187957763671875 126.95850372314453125 22.194637298583984375 93.76180267333984375 123.53717041015625 62.83145904541015625 79.08055877685546875 87.70461273193359375 70.0460205078125 39.831760406494140625
-9999 -9999 -9999 -9999 -9999 -9999 -9999 -9999 -9999 -9999 -9999 -9999 -9999 -9999 -9999 -9999 13.747488975524902344 18.1876220703125 22.605703353881835938 239.422576904296875 4.5784773826599121094 4.5797739028930664062 4.1753153800964355469 10.384622573852539062 27.247655868530273438 35.240345001220703125 158.2369537353515625 147.2489166259765625 143.0295867919921875 17.757726669311523438 123.18773651123046875 4.4517869949340820312 8.8968114852905273438 31.00075531005859375 184.4262237548828125 26.609834671020507812 98.0502777099609375 127.8705291748046875 4.4543695449829101562 146.2409515380859375 92.02873992919921875 74.38307952880859375 44.234466552734375
-9999 -9999 -9999 -9999 -9999 -9999 -9999 -9999 -9999 -9999 -9999 -9999 -9999 -9999 -9999 4.5687127113342285156 18.303041458129882812 45.318691253662109375 248.4473876953125 4.5738854408264160156 4.5277352333068847656 4.1695361137390136719 10.378856658935546875 8.3314151763916015625 42.151531219482421875 39.7990875244140625 162.6952972412109375 151.7287750244140625 147.4979705810546875 22.175891876220703125 127.48235321044921875 4.4512257575988769531 8.8961963653564453125 13.332903861999511719 35.396739959716796875 215.2788848876953125 102.33515167236328125 132.19769287109375 4.4559535980224609375 155.0154876708984375 96.3469390869140625 78.71472930908203125 48.630664825439453125
-9999 -9999 -9999 -9999 -9999 -9999 -9999 -9999 -9999 -9999 -9999 -9999 -9999 -9999 -9999 9.0860767364501953125 334.56793212890625 311.9288330078125 9.1517925262451171875 4.57244110107421875 4.584758758544921875 10.32640838623046875 20.346673965454101562 4.5964846611022949219 12.878350257873535156 46.672107696533203125 206.946136474609375 156.2023468017578125 151.960296630859375 26.747371673583984375 4.6040983200073242188 131.7703704833984375 8.8951463699340820312 13.331606864929199219 17.759855270385742188 254.910888671875 106.61536407470703125 136.51806640625 4.456401824951171875 163.783416748046875 100.65911102294921875 83.04090118408203125 53.020229339599609375
-9999 -9999 -9999 -9999 -9999 -9999 -9999 -9999 -9999 -9999 -9999 -9999 -9999 -9999 -9999 384.412933349609375 9.1242876052856445312 4.5779929161071777344 4.5778489112854003906 4.5768899917602539062 4.1823110580444335938 14.566046714782714844 14.870324134826660156 24.885974884033203125 9.1856756210327148438 17.431880950927734375 51.191402435302734375 367.592315673828125 156.4177703857421875 31.312120437622070312 4.6050195693969726562 9.1995849609375 136.2528839111328125 13.484189033508300781 17.756992340087890625 22.17696380615234375 365.7523193359375 4.4542436599731445312 140.8311004638671875 8.9040899276733398438 268.737335205078125 87.36138153076171875 57.4032135009765625
-9999 -9999 -9999 -9999 -9999 -9999 -9999 -9999 -9999 -9999 -9999 -9999 -9999 4.5834283828735351562 4.5738420486450195312 36.494922637939453125 9.141086578369140625 4.5786328315734863281 4.544708251953125 4.1697583198547363281 10.375926971435546875 14.528468132019042969 33.62827301025390625 19.427051544189453125 29.4356536865234375 13.765755653381347656 21.983570098876953125 423.21380615234375 160.868133544921875 35.86902618408203125 9.2007293701171875 4.6037106513977050781 13.786189079284667969 140.727142333984375 18.063852310180664062 22.331720352172851562 26.584453582763671875 369.970367431640625 8.900463104248046875 145.1371002197265625 13.343129158020019531 360.38226318359375 61.779384613037109375
-9999 -9999 -9999 -9999 -9999 -9999 -9999 -9999 -9999 -9999 -9999 -9999 -9999 -9999 4.5823450088500976562 9.1241025924682617188 9.109584808349609375 4.5579509735107421875 4.1582689285278320312 14.501317977905273438 22.787263870239257812 27.298824310302734375 31.818073272705078125 69.961883544921875 93.89813232421875 127.83498382568359375 146.09356689453125 172.560638427734375 427.62091064453125 165.30712890625 40.41609954833984375 13.786451339721679688 9.197238922119140625 18.363309860229492188 145.192626953125 22.634141921997070312 26.8980865478515625 31.14874267578125 374.40093994140625 13.338052749633789062 149.436676025390625 377.998565673828125 66.1484527587890625
-9999 -9999 -9999 -9999 -9999 -9999 -9999 -9999 -9999 -9999 -9999 -9999 -9999 -9999 -9999 -9999 4.5693445205688476562 4.1007480621337890625 5.7987957000732421875 11.596880912780761719 16.165304183959960938 20.741300582885742188 25.311038970947265625 29.875658035278320312 34.433719635009765625 38.986347198486328125 43.533473968505859375 48.07215118408203125 225.1080169677734375 657.10986328125 169.7340545654296875 44.953357696533203125 18.361169815063476562 13.779218673706054688 22.92992401123046875 149.6498260498046875 27.197111129760742188 31.457244873046875 35.70462799072265625 378.817047119140625 17.922529220581054688 531.69512939453125 70.510345458984375
-9999 -9999 -9999 -9999 -9999 -9999 -9999 -9999 -9999 -9999 -9999 -9999 -9999 -9999 -9999 -9999 -9999 4.1534695625305175781 14.050786972045898438 18.555545806884765625 23.085073471069335938 27.620580673217773438 32.157527923583984375 36.6923675537109375 41.22429656982421875 45.753490447998046875 50.280300140380859375 54.804180145263671875 59.32347869873046875 63.836772918701171875 725.32537841796875 899.39520263671875 948.6422119140625 22.924268722534179688 18.34979248046875 27.48712158203125 154.101348876953125 185.7444610595703125 221.63995361328125 40.252288818359375 383.218536376953125 22.498945236206054688 606.6661376953125
-9999 -9999 -9999 -9999 -9999 -9999 -9999 -9999 -9999 -9999 -9999 -9999 -9999 -9999 -9999 -9999 -9999 5.7985053062438964844 9.9453210830688476562 14.494116783142089844 19.051145553588867188 23.60451507568359375 463.852935791015625 468.123443603515625 472.392120361328125 476.6590576171875 480.919830322265625 485.1629638671875 489.3800048828125 493.589385986328125 497.813018798828125 502.040557861328125 506.211090087890625 1458.8450927734375 1485.676513671875 1507.9053955078125 1539.3114013671875 1543.2744140625 1547.25048828125 1772.833984375 1816.9884033203125 2204.0146484375 2230.2529296875
-9999 -9999 -9999 -9999 -9999 -9999 -9999 -9999 -9999 -9999 -9999 -9999 -9999 -9999 -9999 -9999 5.7985076904296875 9.7701177597045898438 14.164552688598632812 114.19350433349609375 168.8425445556640625 435.9642333984375 35.519084930419921875 75.37042999267578125 123.84571075439453125 128.337799072265625 250.917694091796875 299.435577392578125 408.20361328125 412.625 417.040283203125 421.44952392578125 425.850738525390625 430.239654541015625 434.607513427734375 438.961273193359375 443.305419921875 1128.94384765625 1146.5333251953125 1168.545166015625 1216.7872314453125 1256.3623046875 1291.5509033203125
-9999 -9999 -9999 -9999 -9999 -9999 -9999 -9999 -9999 -9999 -9999 -9999 -9999 -9999 -9999 5.7983174324035644531 11.595571517944335938 58.4775390625 95.7381744384765625 50.1734771728515625 262.835205078125 30.989408493041992188 35.337459564208984375 43.9750213623046875 52.750080108642578125 118.112701416015625 44.061672210693359375 104.33469390869140625 82.15738677978515625 86.40593719482421875 90.86537933349609375 95.3194122314453125 448.654144287109375 483.854888916015625 527.72698974609375 580.24810791015625 681.5018310546875 13.469669342041015625 17.8991851806640625 44.132350921630859375 35.4822998046875 31.118757247924804688 31.123210906982421875
-9999 -9999 -9999 -9999 -9999 -9999 -9999 -9999 -9999 -9999 -9999 -9999 -9999 -9999 -9999 5.7984590530395507812 42.5879058837890625 32.9652099609375 45.86865997314453125 258.75347900390625 26.450395584106445312 30.804582595825195312 39.454738616943359375 48.246006011962890625 60.88191986083984375 39.53568267822265625 99.881622314453125 77.905792236328125 90.3464508056640625 231.6750640869140625 309.6343994140625 349.006927490234375 30.910360336303710938 39.63190460205078125 48.3224029541015625 97.08172607421875 8.8869028091430664062 13.320939064025878906 39.593395233154296875 30.926511764526367188 26.554578781127929688 26.558153152465820312 39.864170074462890625
-9999 -9999 -9999 -9999 -9999 -9999 -9999 -9999 -9999 -9999 -9999 -9999 -9999 -9999 11.595312118530273438 32.898166656494140625 28.610260009765625 41.552581787109375 254.6515045166015625 22.073324203491210938 26.438640594482421875 35.1090545654296875 43.735080718994140625 56.59011077880859375 35.181735992431640625 95.636749267578125 73.650177001953125 86.11663055419921875 137.1770477294921875 73.8206634521484375 35.251636505126953125 26.522739410400390625 35.266513824462890625 43.975521087646484375 92.737335205078125 4.4477009773254394531 8.8908367156982421875 35.224330902099609375 26.533679962158203125 22.149356842041015625 22.150823593139648438 35.3132781982421875 22.161149978637695312
-9999 -9999 -9999 -9999 -9999 -9999 -9999 -9999 -9999 -9999 -9999 -9999 -9999 5.79827117919921875 17.390375137329101562 24.2477874755859375 37.227176666259765625 250.5292205810546875 17.682483673095703125 22.060487747192382812 30.753873825073242188 39.403560638427734375 52.292469024658203125 30.81992340087890625 91.3847198486328125 69.38890838623046875 81.8838043212890625 133.015228271484375 69.5417633056640625 30.875347137451171875 22.124874114990234375 30.890407562255859375 39.618007659912109375 75.05617523193359375 13.323865890502929688 4.4489092826843261719 30.84706878662109375 22.1326446533203125 17.736494064331054688 17.736330032348632812 30.927530288696289062 17.742429733276367188 17.746667861938476562
-9999 -9999 -9999 -9999 -9999 -9999 -9999 -9999 -9999 -9999 -9999 -9999 -9999 11.594728469848632812 19.88010406494140625 32.8935546875 246.395294189453125 13.279135704040527344 17.670093536376953125 26.387594223022460938 35.062648773193359375 47.987178802490234375 26.44942474365234375 87.1262969970703125 65.1215667724609375 77.64640045166015625 128.8515777587890625 65.25890350341796875 26.491863250732421875 17.71787261962890625 26.50496673583984375 35.251880645751953125 66.2372589111328125 4.450313568115234375 8.8880567550659179688 26.46246337890625 17.722942352294921875 13.314779281616210938 13.313464164733886719 26.535013198852539062 13.316044807434082031 13.318768501281738281 13.322875022888183594
-9999 -9999 -9999 -9999 -9999 -9999 -9999 -9999 -9999 -9999 -9999 -9999 5.7979383468627929688 15.520936965942382812 28.552326202392578125 242.24884033203125 8.8628673553466796875 13.2680511474609375 22.010921478271484375 30.712009429931640625 43.67275238037109375 22.0680999755859375 82.8596954345703125 60.8475341796875 73.403533935546875 124.68310546875 60.971927642822265625 22.101230621337890625 13.302121162414550781 22.11187744140625 30.879344940185546875 22.09677886962890625 39.762439727783203125 4.4442882537841796875 22.070924758911132812 13.304703712463378906 8.8841800689697265625 8.8823947906494140625 22.136247634887695312 8.882328033447265625 8.8835353851318359375 8.885875701904296875 8.889591217041015625
