tests/data/reference/gistest/full/cvsur_m3.asc
ncols        125
nrows        78
xllcorner    -713756.799299980048
yllcorner    -1061032.369616159936
cellsize     10.000000000000
NODATA_value  -9999
[rows 57 to 75 of 78, columns 43 to 85 of 125]
13.401230812072753906 26.7159881591796875 17.84754180908203125 17.848155975341796875 35.554622650146484375 17.8515167236328125 17.851778030395507812 17.850254058837890625 35.55423736572265625 22.287410736083984375 48.771564483642578125 17.867368698120117188 13.413042068481445312 22.307123184204101562 35.581775665283203125 22.278093338012695312 48.788013458251953125 26.71157073974609375 26.721147537231445312 26.722787857055664062 26.724420547485351562 26.725278854370117188 88.06909942626953125 31.14989471435546875 31.154645919799804688 74.98299407958984375 110.4794464111328125 145.9744720458984375 229.72509765625 234.0473480224609375 238.3634796142578125 242.67425537109375 246.9826507568359375 251.2884521484375 255.1651763916015625 259.022186279296875 263.28045654296875 267.54400634765625 271.809326171875 276.074371337890625 280.337066650390625 284.597564697265625 288.85595703125
22.285398483276367188 13.398151397705078125 13.398154258728027344 31.140199661254882812 13.400483131408691406 13.400967597961425781 13.400140762329101562 31.140476226806640625 17.84529876708984375 44.377666473388671875 13.413206100463867188 8.9528865814208984375 17.866785049438476562 31.16724395751953125 17.840429306030273438 44.398426055908203125 22.281126022338867188 22.28890228271484375 22.289976119995117188 22.291116714477539062 22.290803909301757812 83.73545074462890625 26.724637985229492188 26.729455947875976562 70.6323089599609375 31.15206146240234375 31.156576156616210938 79.42159271240234375 35.579410552978515625 71.16085052490234375 75.5673370361328125 79.96782684326171875 84.36380767822265625 88.7565155029296875 92.72662353515625 96.68084716796875 101.0321807861328125 105.38629150390625 109.73848724365234375 114.08667755126953125 338.192047119140625 342.524627685546875 346.85186767578125
8.9395132064819335938 8.9397478103637695312 26.718524932861328125 8.9408788681030273438 8.9411363601684570312 8.940525054931640625 26.719213485717773438 13.395895004272460938 39.977016448974609375 8.948833465576171875 4.4823274612426757812 13.416629791259765625 26.743032455444335938 13.392527580261230469 40.0003662109375 17.842229843139648438 17.848287582397460938 17.84868621826171875 17.849887847900390625 17.849092483520507812 79.39595794677734375 22.290256500244140625 22.295289993286132812 66.27568817138671875 26.725528717041015625 26.728147506713867188 75.0698394775390625 31.155672073364257812 31.167833328247070312 31.1819305419921875 57.941287994384765625 66.84780120849609375 75.747955322265625 98.05445098876953125 102.0289154052734375 106.40258026123046875 110.7783660888671875 132.5850677490234375 165.0885772705078125 219.7668609619140625 17.904890060424804688 31.3309326171875 44.75180816650390625
4.4722447395324707031 22.288555145263671875 4.4729619026184082031 4.4731259346008300781 4.47260284423828125 22.289384841918945312 8.9379034042358398438 35.5712127685546875 4.4766941070556640625 4.4824929237365722656 8.9561328887939453125 22.310506820678710938 8.9351282119750976562 35.593578338623046875 13.393789291381835938 13.398825645446777344 13.398859024047851562 13.399997711181640625 13.398969650268554688 75.05080413818359375 17.847925186157226562 17.852184295654296875 61.91204833984375 22.29138946533203125 22.292722702026367188 70.71307373046875 26.726131439208984375 26.735837936401367188 26.7469940185546875 22.332614898681640625 4.4868783950805664062 4.4868693351745605469 17.8991241455078125 4.4894728660583496094 8.5283994674682617188 12.978466987609863281 17.434513092041015625 28.13709259033203125 50.31874847412109375 13.440211296081542969 8.9685506820678710938 8.97039031982421875 8.9721918106079101562
17.848978042602539062 4.4716806411743164062 8.9403591156005859375 13.400469779968261719 17.8503570556640625 4.469203948974609375 31.157945632934570312 4.4730248451232910156 8.94385528564453125 13.40985870361328125 17.867162704467773438 4.4691686630249023438 31.17877197265625 8.9352321624755859375 8.9391193389892578125 8.9397077560424804688 8.9414167404174804688 8.9403524398803710938 70.69942474365234375 13.397091865539550781 13.400530815124511719 57.54177093505859375 17.848873138427734375 17.849325180053710938 66.3505859375 22.290081024169921875 22.297597885131835938 22.305982589721679688 17.88051605224609375 4.486724853515625 8.9654588699340820312 13.436032295227050781 4.4875664710998535156 8.9684381484985351562 14.76766204833984375 19.223234176635742188 23.683172225952148438 45.89781951904296875 8.968677520751953125 4.4884181022644042969 4.4890265464782714844 4.4899039268493652344 4.4907317161560058594
4.4674501419067382812 8.9391498565673828125 13.402493476867675781 17.857038497924804688 22.302061080932617188 26.735551834106445312 4.4683337211608886719 8.9414949417114257812 13.408780097961425781 17.86902618408203125 22.3195343017578125 26.755899429321289062 4.4672350883483886719 4.4690990447998046875 4.4714360237121582031 4.4736371040344238281 4.4733486175537109375 66.342193603515625 8.9374370574951171875 8.9394178390502929688 53.164875030517578125 13.398115158081054688 13.3976593017578125 61.981716156005859375 17.846569061279296875 17.852268218994140625 17.858152389526367188 13.421588897705078125 4.4862961769104003906 8.9651842117309570312 13.436891555786132812 17.901094436645507812 22.358814239501953125 26.811315536499023438 32.61041259765625 37.03836822509765625 41.470836639404296875 4.4888978004455566406 4.4885907173156738281 8.9694967269897460938 13.443393707275390625 17.910579681396484375 22.371458053588867188
-9999 -9999 -9999 4.4706883430480957031 8.9421072006225585938 13.404616355895996094 17.8589324951171875 22.307813644409179688 26.75157928466796875 31.18877410888671875 35.61595916748046875 40.030872344970703125 44.43526458740234375 48.832000732421875 53.221424102783203125 57.603649139404296875 61.97772216796875 4.469005584716796875 4.4692072868347167969 48.780925750732421875 8.9384183883666992188 8.937747955322265625 57.6068878173828125 13.395275115966796875 13.399231910705566406 13.402903556823730469 8.9552249908447265625 4.4858441352844238281 8.9645433425903320312 13.436621665954589844 17.902103424072265625 22.360868453979492188 26.813711166381835938 31.261228561401367188 37.060276031494140625 41.482814788818359375 45.910335540771484375 50.33400726318359375 54.753894805908203125 59.170284271240234375 63.583087921142578125 67.99192047119140625 72.39650726318359375
-9999 -9999 -9999 -9999 -9999 -9999 -9999 -9999 -9999 4.4720864295959472656 8.9428930282592773438 13.403612136840820312 17.854761123657226562 22.298013687133789062 26.73372650146484375 31.161640167236328125 35.580677032470703125 39.989772796630859375 44.38974761962890625 4.4688487052917480469 4.4690365791320800781 53.225811004638671875 8.9361362457275390625 8.9382228851318359375 8.9398622512817382812 4.4813632965087890625 4.4843287467956542969 8.9623136520385742188 13.434305191040039062 17.900186538696289062 22.35977935791015625 26.812887191772460938 31.259828567504882812 35.70084381103515625 41.4998321533203125 45.91607666015625 50.33800506591796875 54.75720977783203125 59.173656463623046875 63.587360382080078125 67.99822235107421875 72.405792236328125 76.80974578857421875
-9999 -9999 -9999 -9999 -9999 -9999 -9999 -9999 -9999 -9999 4.4665951728820800781 8.9391231536865234375 13.403795242309570312 17.860704421997070312 22.308958053588867188 26.749094009399414062 31.18218231201171875 35.60829925537109375 40.02696990966796875 44.436885833740234375 48.836589813232421875 4.4679102897644042969 4.4687948226928710938 4.4699258804321289062 4.4756073951721191406 8.9487237930297851562 13.417777061462402344 17.881982803344726562 22.340974807739257812 26.794218063354492188 31.241146087646484375 35.68105316162109375 102.1181640625 110.98937225341796875 116.7879486083984375 121.15068817138671875 125.5193939208984375 129.886627197265625 134.251953125 138.615081787109375 142.9759521484375 147.3341827392578125 151.6889495849609375
-9999 -9999 -9999 -9999 -9999 -9999 -9999 -9999 -9999 -9999 -9999 -9999 -9999 -9999 -9999 -9999 -9999 -9999 4.4669432640075683594 8.93343353271484375 13.391965866088867188 17.841602325439453125 22.282764434814453125 26.717502593994140625 31.147775650024414062 35.57444000244140625 39.997478485107421875 44.416942596435546875 48.832416534423828125 53.243061065673828125 57.6479644775390625 62.046062469482421875 4.4861593246459960938 4.4878635406494140625 10.287064552307128906 14.749381065368652344 19.217878341674804688 23.6829833984375 28.14408111572265625 32.600894927978515625 37.053607940673828125 41.502223968505859375 45.94537353515625
-9999 -9999 -9999 -9999 -9999 -9999 -9999 -9999 -9999 -9999 -9999 -9999 -9999 -9999 -9999 -9999 -9999 -9999 -9999 -9999 -9999 4.4651346206665039062 8.9337568283081054688 13.395480155944824219 17.850475311279296875 22.299936294555664062 26.745363235473632812 31.187765121459960938 35.626171112060546875 40.05916595458984375 44.485736846923828125 48.9050750732421875 53.318332672119140625 57.727466583251953125 61.710205078125 66.08971405029296875 70.4710540771484375 74.85153961181640625 79.2303314208984375 83.60703277587890625 87.98163604736328125 92.3541259765625 96.72275543212890625
-9999 -9999 -9999 -9999 -9999 -9999 -9999 -9999 -9999 -9999 -9999 -9999 -9999 -9999 -9999 -9999 -9999 -9999 -9999 -9999 -9999 -9999 -9999 4.4733414649963378906 8.94411468505859375 13.408761978149414062 17.867773056030273438 22.322643280029296875 26.773622512817382812 31.219940185546875 35.659809112548828125 40.092746734619140625 44.52016448974609375 48.94380950927734375 52.94301605224609375 57.337558746337890625 61.733123779296875 66.1273345947265625 70.51944732666015625 74.90918731689453125 79.29639434814453125 83.6808624267578125 88.0622406005859375
-9999 -9999 -9999 -9999 -9999 -9999 -9999 -9999 -9999 -9999 -9999 -9999 -9999 -9999 -9999 -9999 -9999 -9999 -9999 -9999 -9999 -9999 -9999 -9999 4.4786939620971679688 4.4786205291748046875 8.951324462890625 13.419112205505371094 17.881776809692382812 22.3390960693359375 26.7918548583984375 31.238634109497070312 35.680347442626953125 39.69736480712890625 44.10900115966796875 -9999 -9999 -9999 -9999 -9999 -9999 -9999 -9999
-9999 -9999 -9999 -9999 -9999 -9999 -9999 -9999 -9999 -9999 -9999 -9999 -9999 -9999 -9999 -9999 -9999 -9999 -9999 -9999 -9999 -9999 -9999 -9999 -9999 -9999 4.4791865348815917969 8.9530687332153320312 13.421030044555664062 17.882183074951171875 22.337268829345703125 26.786998748779296875 31.2321014404296875 -9999 -9999 -9999 -9999 -9999 -9999 -9999 -9999 -9999 -9999
-9999 -9999 -9999 -9999 -9999 -9999 -9999 -9999 -9999 -9999 -9999 -9999 -9999 -9999 -9999 -9999 -9999 -9999 -9999 -9999 -9999 -9999 -9999 -9999 -9999 -9999 -9999 4.4812426567077636719 8.9552392959594726562 13.421185493469238281 17.87972259521484375 22.331876754760742188 -9999 -9999 -9999 -9999 -9999 -9999 -9999 -9999 -9999 -9999 -9999
-9999 -9999 -9999 -9999 -9999 -9999 -9999 -9999 -9999 -9999 -9999 -9999 -9999 -9999 -9999 -9999 -9999 -9999 -9999 -9999 -9999 -9999 -9999 -9999 -9999 -9999 -9999 -9999 4.479671478271484375 8.9516448974609375 13.416004180908203125 17.873582839965820312 -9999 -9999 -9999 -9999 -9999 -9999 -9999 -9999 -9999 -9999 -9999
-9999 -9999 -9999 -9999 -9999 -9999 -9999 -9999 -9999 -9999 -9999 -9999 -9999 -9999 -9999 -9999 -9999 -9999 -9999 -9999 -9999 -9999 -9999 -9999 -9999 -9999 -9999 -9999 -9999 4.4781899452209472656 4.4806246757507324219 8.955043792724609375 -9999 -9999 -9999 -9999 -9999 -9999 -9999 -9999 -9999 -9999 -9999
-9999 -9999 -9999 -9999 -9999 -9999 -9999 -9999 -9999 -9999 -9999 -9999 -9999 -9999 -9999 -9999 -9999 -9999 -9999 -9999 -9999 -9999 -9999 -9999 -9999 -9999 -9999 -9999 -9999 -9999 8.9500408172607421875 -9999 -9999 -9999 -9999 -9999 -9999 -9999 -9999 -9999 -9999 -9999 -9999
-9999 -9999 -9999 -9999 -9999 -9999 -9999 -9999 -9999 -9999 -9999 -9999 -9999 -9999 -9999 -9999 -9999 -9999 -9999 -9999 -9999 -9999 -9999 -9999 -9999 -9999 -9999 -9999 -9999 -9999 -9999 -9999 -9999 -9999 -9999 -9999 -9999 -9999 -9999 -9999 -9999 -9999 -9999
