tests/data/reference/gistest/full/cvsur_m3.asc
ncols        125
nrows        78
xllcorner    -713756.799299980048
yllcorner    -1061032.369616159936
cellsize     10.000000000000
NODATA_value  -9999
[rows 57 to 75 of 78, columns 43 to 85 of 125]
13.324834823608398438 26.563447952270507812 17.745756149291992188 17.74636077880859375 44.107852935791015625 17.749711990356445312 17.749979019165039062 17.748455047607421875 35.350978851318359375 22.160234451293945312 65.88642120361328125 17.765558242797851562 13.336655616760253906 22.179960250854492188 35.378570556640625 22.150915145874023438 48.508884429931640625 26.55902862548828125 26.568616867065429688 26.570241928100585938 26.571859359741210938 26.572694778442382812 96.19338226318359375 30.971960067749023438 30.976732254028320312 87.55389404296875 122.82965850830078125 158.1042938232421875 249.996063232421875 254.2777252197265625 258.55352783203125 262.82415771484375 267.092559814453125 271.358489990234375 275.195556640625 279.010711669921875 283.231536865234375 287.455780029296875 291.681732177734375 295.907501220703125 300.131011962890625 304.35235595703125 308.571533203125
22.158239364624023438 13.321763038635253906 13.321763992309570312 39.7342529296875 13.324083328247070312 13.324571609497070312 13.323741912841796875 30.962581634521484375 17.743520736694335938 61.54587554931640625 13.336789131164550781 8.9019289016723632812 17.765003204345703125 30.9893798828125 17.738641738891601562 44.14461517333984375 22.153964996337890625 22.161748886108398438 22.162809371948242188 22.163934707641601562 22.163606643676757812 91.8965606689453125 26.572076797485351562 26.576910018920898438 83.2462921142578125 30.974124908447265625 30.978631973266601562 87.6038665771484375 35.376049041748046875 70.754180908203125 75.13535308837890625 79.510528564453125 83.881195068359375 88.24858856201171875 92.193511962890625 96.122589111328125 100.4486541748046875 104.77750396728515625 109.10445404052734375 113.42740631103515625 336.313934326171875 340.621368408203125 344.923492431640625
8.88854217529296875 8.8887786865234375 35.353763580322265625 8.8899049758911132812 8.8901653289794921875 8.8895511627197265625 26.566684722900390625 13.319523811340332031 57.199199676513671875 8.8978452682495117188 4.4568305015563964844 13.340243339538574219 26.590511322021484375 13.316144943237304688 39.771877288818359375 17.74045562744140625 17.746519088745117188 17.746904373168945312 17.7480926513671875 17.747285842895507812 87.59404754638671875 22.163080215454101562 22.168121337890625 78.93292999267578125 26.572971343994140625 26.57558441162109375 83.289093017578125 30.977701187133789062 30.989866256713867188 31.00396728515625 57.61075592041015625 66.46643829345703125 75.31578826904296875 97.49517059326171875 101.44446563720703125 105.79286956787109375 110.14340972900390625 131.8228759765625 164.174041748046875 218.57318115234375 17.803083419799804688 31.152788162231445312 44.497356414794921875
4.4467439651489257812 30.965402603149414062 4.4474620819091796875 4.4476289749145507812 4.4471035003662109375 22.16222381591796875 8.886951446533203125 52.848052978515625 4.45119476318359375 4.4569935798645019531 8.9051637649536132812 22.183332443237304688 8.8841714859008789062 35.390411376953125 13.317414283752441406 13.322453498840332031 13.322472572326660156 13.323603630065917969 13.322568893432617188 83.2860260009765625 17.746143341064453125 17.750406265258789062 74.61273193359375 22.164216995239257812 22.1655426025390625 78.96950531005859375 26.573551177978515625 26.58325958251953125 26.594415664672851562 22.205392837524414062 4.4613804817199707031 4.4613733291625976562 17.7973175048828125 4.4639725685119628906 8.4774503707885742188 12.901984214782714844 17.33252716064453125 28.0099639892578125 50.064815521240234375 13.363816261291503906 8.9175844192504882812 8.919422149658203125 8.9212284088134765625
26.56795501708984375 4.4461808204650878906 8.8893861770629882812 13.324075698852539062 17.748569488525390625 4.4437050819396972656 48.490207672119140625 4.4475259780883789062 8.8928709030151367188 13.333441734313964844 17.765346527099609375 4.4436697959899902344 31.0009307861328125 8.8842782974243164062 8.8881635665893554688 8.8887386322021484375 8.890445709228515625 8.88938140869140625 78.971954345703125 13.320714950561523438 13.324153900146484375 70.2861175537109375 17.74709320068359375 17.747539520263671875 74.64440155029296875 22.162893295288085938 22.17041015625 22.178791046142578125 17.778688430786132812 4.4612240791320800781 8.9144887924194335938 13.359631538391113281 4.4620676040649414062 8.9174652099609375 14.716694831848144531 19.146890640258789062 23.581422805786132812 45.6692352294921875 8.917713165283203125 4.4629182815551757812 4.4635267257690429688 4.4644083976745605469 4.465236663818359375
22.155364990234375 26.564580917358398438 30.96659088134765625 35.36133575439453125 39.747898101806640625 44.12409210205078125 4.4428343772888183594 8.8905363082885742188 13.3323974609375 17.767236709594726562 22.192365646362304688 26.60338592529296875 4.4417357444763183594 4.443599700927734375 4.4459381103515625 4.4481382369995117188 4.4478487968444824219 74.65219879150390625 8.8864841461181640625 8.888462066650390625 65.95310211181640625 13.321740150451660156 13.321279525756835938 70.313140869140625 17.744783401489257812 17.750478744506835938 17.75635528564453125 13.345175743103027344 4.4608001708984375 8.914218902587890625 13.3604888916015625 17.799283981323242188 22.2316131591796875 26.658731460571289062 32.45783233642578125 36.860485076904296875 41.267604827880859375 4.4633965492248535156 4.4630880355834960938 8.9185247421264648438 13.366986274719238281 17.8087615966796875 22.244245529174804688
4.4413218498229980469 4.4435482025146484375 8.89068603515625 13.3296966552734375 17.760171890258789062 22.181192398071289062 26.594747543334960938 31.003459930419921875 35.407527923583984375 39.805393218994140625 44.19353485107421875 48.569622039794921875 52.935390472412109375 57.29370880126953125 61.644916534423828125 65.98912811279296875 70.32537841796875 4.4435067176818847656 4.4437079429626464844 61.61328125 8.8874635696411132812 8.8867893218994140625 65.976165771484375 13.31890106201171875 13.322851181030273438 13.326512336730957031 8.9042510986328125 4.4603457450866699219 8.9135713577270507812 13.360208511352539062 17.800275802612304688 22.233648300170898438 26.661108016967773438 31.083253860473632812 36.8823089599609375 41.279552459716796875 45.681735992431640625 50.080059051513671875 54.4745941162109375 58.865627288818359375 63.253070831298828125 67.63654327392578125 72.0157623291015625
-9999 -9999 4.4459347724914550781 4.4446148872375488281 8.8863649368286132812 13.316615104675292969 4.4429135322570800781 8.8905391693115234375 13.331103324890136719 17.764217376708984375 22.18798065185546875 26.600816726684570312 31.004713058471679688 35.401336669921875 39.790958404541015625 44.1732330322265625 48.547016143798828125 52.91117095947265625 57.266483306884765625 4.4433493614196777344 4.443538665771484375 61.633197784423828125 8.88518524169921875 8.88726806640625 8.8888940811157226562 4.4558663368225097656 4.4588284492492675781 8.9113330841064453125 13.357877731323242188 17.79833984375 22.23253631591796875 26.660264968872070312 31.08184051513671875 35.49749755859375 41.2964935302734375 45.6874542236328125 50.08404541015625 54.4779052734375 58.86899566650390625 63.257343292236328125 67.6428375244140625 72.0250396728515625 76.40362548828125
-9999 -9999 -9999 -9999 -9999 -9999 -9999 -9999 4.4497556686401367188 8.8914165496826171875 13.324709892272949219 17.752401351928710938 22.173101425170898438 26.5872039794921875 30.9936065673828125 35.39264678955078125 39.785251617431640625 44.171405792236328125 48.55057525634765625 52.9214019775390625 57.282379150390625 4.4424109458923339844 4.4432954788208007812 4.4444260597229003906 4.4501099586486816406 8.8977298736572265625 13.341343879699707031 17.7801361083984375 22.2137298583984375 26.6415863037109375 31.063142776489257812 35.477695465087890625 135.9885711669921875 144.7581634521484375 150.5559844970703125 154.844390869140625 159.138427734375 163.431640625 167.7236175537109375 172.0140228271484375 176.302825927734375 180.589599609375 184.8735504150390625
-9999 -9999 -9999 -9999 -9999 -9999 -9999 -9999 -9999 4.441707611083984375 4.4396886825561523438 8.8813114166259765625 13.3145751953125 17.739126205444335938 22.154401779174804688 26.5597991943359375 30.956027984619140625 35.3437957763671875 39.722766876220703125 44.0932769775390625 48.45862579345703125 52.8176116943359375 57.170215606689453125 61.51816558837890625 65.863189697265625 70.20599365234375 74.5464324951171875 78.8844146728515625 83.21942901611328125 87.55051422119140625 91.87667083740234375 96.19675445556640625 4.4606609344482421875 4.4623618125915527344 10.261567115783691406 14.698467254638671875 19.141550064086914062 23.581281661987304688 28.017030715942382812 32.448516845703125 36.87591552734375 41.29921722412109375 45.717067718505859375
-9999 -9999 -9999 -9999 -9999 -9999 -9999 -9999 -9999 -9999 -9999 -9999 -9999 -9999 -9999 -9999 -9999 4.4429960250854492188 4.4421863555908203125 4.4397568702697753906 4.438594818115234375 4.4396347999572753906 8.8828020095825195312 13.319094657897949219 17.748670578002929688 22.172716140747070312 26.592723846435546875 31.00970458984375 35.42269134521484375 39.8302764892578125 44.231449127197265625 48.625400543212890625 53.01328277587890625 57.397037506103515625 61.354511260986328125 65.70867919921875 70.06467437744140625 74.4198150634765625 78.77325439453125 83.124603271484375 87.47385406494140625 91.82099151611328125 96.16428375244140625
-9999 -9999 -9999 -9999 -9999 -9999 -9999 -9999 -9999 -9999 -9999 -9999 -9999 -9999 -9999 -9999 -9999 -9999 -9999 -9999 8.8737268447875976562 8.8737916946411132812 4.4423475265502929688 4.4478445053100585938 8.8931322097778320312 13.332354545593261719 17.765956878662109375 22.195421218872070312 26.62099456787109375 31.041913986206054688 35.45639801025390625 39.86396026611328125 44.266010284423828125 48.664276123046875 52.638217926025390625 57.007427215576171875 61.377655029296875 65.74652099609375 70.1132965087890625 74.477691650390625 78.8395538330078125 83.19867706298828125 87.554718017578125
-9999 -9999 -9999 -9999 -9999 -9999 -9999 -9999 -9999 -9999 -9999 -9999 -9999 -9999 -9999 -9999 -9999 -9999 -9999 -9999 -9999 -9999 13.298928260803222656 8.8870382308959960938 4.4531970024108886719 4.4531207084655761719 8.9003438949584960938 13.342683792114257812 17.779924392700195312 22.2118377685546875 26.639204025268554688 31.060606002807617188 35.47695159912109375 39.468700408935546875 43.854999542236328125 48.241504669189453125 52.625640869140625 57.007266998291015625 61.38602447509765625 65.7617340087890625 70.13409423828125 74.50274658203125 78.86773681640625
-9999 -9999 -9999 -9999 -9999 -9999 -9999 -9999 -9999 -9999 -9999 -9999 -9999 -9999 -9999 -9999 -9999 -9999 -9999 -9999 -9999 -9999 -9999 17.717138290405273438 13.323002815246582031 8.8976087570190429688 4.4536919593811035156 8.9020872116088867188 13.3446044921875 17.780347824096679688 22.210041046142578125 26.63439178466796875 31.054117202758789062 35.05117034912109375 39.44255828857421875 43.83461761474609375 -9999 -9999 -9999 -9999 -9999 -9999 -9999
-9999 -9999 -9999 -9999 -9999 -9999 -9999 -9999 -9999 -9999 -9999 -9999 -9999 -9999 -9999 -9999 -9999 -9999 -9999 -9999 -9999 -9999 -9999 -9999 -9999 17.748804092407226562 13.332941055297851562 4.4557409286499023438 8.9042615890502929688 13.344775199890136719 17.777904510498046875 22.2046661376953125 26.625883102416992188 32.42482757568359375 -9999 -9999 -9999 -9999 -9999 -9999 -9999 -9999 -9999
-9999 -9999 -9999 -9999 -9999 -9999 -9999 -9999 -9999 -9999 -9999 -9999 -9999 -9999 -9999 -9999 -9999 -9999 -9999 -9999 -9999 -9999 -9999 -9999 -9999 -9999 22.16558074951171875 17.759626388549804688 4.4541697502136230469 8.900669097900390625 13.33959197998046875 17.771757125854492188 22.197702407836914062 -9999 -9999 -9999 -9999 -9999 -9999 -9999 -9999 -9999 -9999
-9999 -9999 -9999 -9999 -9999 -9999 -9999 -9999 -9999 -9999 -9999 -9999 -9999 -9999 -9999 -9999 -9999 -9999 -9999 -9999 -9999 -9999 -9999 -9999 -9999 -9999 -9999 26.573125839233398438 22.1768341064453125 4.4526920318603515625 4.4551239013671875 8.9040613174438476562 4.4599499702453613281 -9999 -9999 -9999 -9999 -9999 -9999 -9999 -9999 -9999 -9999
-9999 -9999 -9999 -9999 -9999 -9999 -9999 -9999 -9999 -9999 -9999 -9999 -9999 -9999 -9999 -9999 -9999 -9999 -9999 -9999 -9999 -9999 -9999 -9999 -9999 -9999 -9999 -9999 30.971094131469726562 26.585470199584960938 8.8990621566772460938 4.4590587615966796875 17.366609573364257812 -9999 -9999 -9999 -9999 -9999 -9999 -9999 -9999 -9999 -9999
-9999 -9999 -9999 -9999 -9999 -9999 -9999 -9999 -9999 -9999 -9999 -9999 -9999 -9999 -9999 -9999 -9999 -9999 -9999 -9999 -9999 -9999 -9999 -9999 -9999 -9999 -9999 -9999 -9999 35.361499786376953125 30.987668991088867188 13.3394927978515625 -9999 -9999 -9999 -9999 -9999 -9999 -9999 -9999 -9999 -9999 -9999
