tests/data/reference/gistest/full/cvsur_m3.asc
ncols        125
nrows        78
xllcorner    -713756.799299980048
yllcorner    -1061032.369616159936
cellsize     10.000000000000
NODATA_value  -9999
[rows 38 to 56 of 78, columns 43 to 85 of 125]
8.902477264404296875 13.34444427490234375 17.779222488403320312 22.206989288330078125 26.627614974975585938 31.0409088134765625 4.45763397216796875 4.455474853515625 4.4554777145385742188 4.6091852188110351562 9.2117519378662109375 13.808813095092773438 18.3997955322265625 2371.95654296875 2467.519775390625 2580.032470703125 2679.859375 2779.673828125 2875.18896484375 2944.784912109375 3014.326904296875 3083.8134765625 3153.42431640625 3201.250732421875 3249.022705078125 3296.784912109375 3300.33740234375 9404.09375 9506.0751953125 126.6184844970703125 109.90704345703125 101.35784912109375 1144.041748046875 84.248687744140625 71.1049346923828125 75.40155792236328125 66.551513671875 764.83477783203125 61.8190765380859375 178.7549896240234375 445.73944091796875 13.344560623168945312 8.9062051773071289062
8.9050741195678710938 13.350672721862792969 17.790409088134765625 22.222280502319335938 26.645887374877929688 31.061733245849609375 35.47006988525390625 39.87103271484375 44.266021728515625 48.655803680419921875 53.039417266845703125 2258.51171875 2349.58251953125 91.627685546875 108.58107757568359375 95.92612457275390625 95.968353271484375 91.72374725341796875 65.85906219482421875 65.856842041015625 65.849945068359375 66.03052520751953125 44.309856414794921875 44.311920166015625 44.31745147705078125 44.32354736328125 110.54283905029296875 159.3704681396484375 163.8764801025390625 9671.525390625 9799.2880859375 9910.21875 10012.1826171875 1232.6092529296875 75.6331024169921875 79.9291229248046875 71.088775634765625 769.02935791015625 65.95556640625 184.543304443359375 449.953125 26.679281234741210938 8.9072246551513671875
13.331452369689941406 17.7640533447265625 22.190387725830078125 26.61235809326171875 31.027631759643554688 35.436443328857421875 39.839023590087890625 44.235569000244140625 48.626201629638671875 53.00963592529296875 2201.670654296875 87.3190460205078125 87.33252716064453125 104.3138427734375 91.63336944580078125 91.67368316650390625 87.4212799072265625 61.515979766845703125 61.5137939453125 61.507083892822265625 61.504940032958984375 39.756359100341796875 39.759090423583984375 39.765216827392578125 39.771526336669921875 61.699237823486328125 44.315937042236328125 604.326171875 696.1119384765625 740.38433837890625 780.2615966796875 0 4.6041097640991210938 10016.64453125 1312.5101318359375 84.44676971435546875 75.617095947265625 4.6038126945495605469 840.67730712890625 188.9837188720703125 454.1690673828125 40.005031585693359375 4.4588680267333984375
30.95098114013671875 35.34230804443359375 39.72763824462890625 44.107967376708984375 48.48394012451171875 52.856906890869140625 57.225811004638671875 61.588470458984375 2062.373291015625 2144.866943359375 83.01981353759765625 83.0322113037109375 100.04178619384765625 87.335845947265625 87.37418365478515625 83.11351776123046875 57.166614532470703125 57.164066314697265625 57.157115936279296875 57.1544342041015625 35.363941192626953125 35.366764068603515625 35.372890472412109375 35.3792266845703125 57.168094635009765625 39.76251220703125 599.95855712890625 87.44094085693359375 39.956333160400390625 35.57456207275390625 35.57442474365234375 84.45006561279296875 0 0 10017.1611328125 1316.7142333984375 88.95252227783203125 79.71566009521484375 848.4547119140625 193.4223175048828125 458.60443115234375 48.873889923095703125 4.4598736763000488281
409.217315673828125 413.315582275390625 417.40814208984375 421.4981689453125 425.583709716796875 429.67022705078125 433.74517822265625 1996.93408203125 78.70599365234375 78.71656036376953125 78.7274932861328125 95.7660369873046875 83.03491973876953125 83.0717620849609375 78.802886962890625 52.813568115234375 52.810474395751953125 52.802947998046875 52.799289703369140625 30.965486526489257812 30.9678497314453125 30.97327423095703125 30.97885894775390625 52.809169769287109375 35.3700103759765625 595.79461669921875 83.13037109375 35.39592742919921875 31.010007858276367188 31.01013946533203125 44.3307342529296875 31.182830810546875 31.349977493286132812 31.353960037231445312 0 0 1320.1455078125 1414.7833251953125 932.16436767578125 197.84808349609375 463.0350341796875 53.440540313720703125 8.9110593795776367188
83.05791473388671875 87.37491607666015625 91.68721771240234375 95.9956207275390625 100.3003692626953125 104.59777069091796875 1559.3277587890625 74.39585113525390625 74.40805816650390625 74.4178466796875 91.4861602783203125 78.7298431396484375 78.76561737060546875 74.48897552490234375 48.456867218017578125 48.45343017578125 48.44542694091796875 48.4405975341796875 26.562042236328125 26.563566207885742188 26.567941665649414062 26.572391510009765625 48.44474029541015625 30.970806121826171875 591.618896484375 78.81352996826171875 30.993669509887695312 26.599485397338867188 26.600145339965820312 39.776119232177734375 26.610124588012695312 26.779262542724609375 26.786279678344726562 26.943647384643554688 26.943368911743164062 53.61077117919921875 0 0 1418.0797119140625 936.0860595703125 665.26806640625 57.99996185302734375 13.351846694946289062
1098.0810546875 1102.158203125 1106.2298583984375 1110.2886962890625 1381.03857421875 1450.7532958984375 70.08080291748046875 70.09371185302734375 70.10265350341796875 87.20192718505859375 74.42034149169921875 74.4551239013671875 70.1707611083984375 44.09558868408203125 44.09227752685546875 44.084194183349609375 44.078571319580078125 22.154148101806640625 22.154554367065429688 22.157491683959960938 22.160564422607421875 44.07598114013671875 26.566179275512695312 587.43634033203125 74.49243927001953125 26.585065841674804688 22.181735992431640625 22.181804656982421875 35.382663726806640625 22.190401077270507812 22.199710845947265625 22.207437515258789062 22.36792755126953125 22.369253158569335938 22.5242919921875 22.115922927856445312 58.538272857666015625 63.0450592041015625 0 0 1605.1947021484375 62.552104949951171875 17.939676284790039062
61.36321258544921875 135.4672393798828125 201.0829010009765625 266.7235107421875 65.72927093505859375 65.75928497314453125 65.77330780029296875 65.7816619873046875 82.91255950927734375 70.10558319091796875 70.139556884765625 65.847198486328125 39.727993011474609375 39.725200653076171875 39.717372894287109375 39.71121978759765625 17.740217208862304688 17.7401580810546875 17.741762161254882812 17.743291854858398438 39.703083038330078125 22.156446456909179688 583.24932861328125 70.16802978515625 22.171178817749023438 17.758462905883789062 17.757638931274414062 30.983478546142578125 17.76363372802734375 17.771823883056640625 17.779254913330078125 17.7829742431640625 17.78548431396484375 17.942945480346679688 17.944766998291015625 52.739635467529296875 10.000288009643554688 18.768846511840820312 23.342443466186523438 27.914493560791015625 0 0 22.52127838134765625
69.7980804443359375 61.320098876953125 61.357013702392578125 61.39803314208984375 61.428775787353515625 61.443943023681640625 61.453586578369140625 78.61785125732421875 65.7850341796875 65.81816864013671875 61.5179290771484375 35.353603363037109375 35.351043701171875 35.343540191650390625 35.336925506591796875 13.317702293395996094 13.317778587341308594 13.319031715393066406 13.319584846496582031 35.32556915283203125 17.741014480590820312 579.05792236328125 65.84029388427734375 17.751928329467773438 13.32991790771484375 13.328360557556152344 26.579637527465820312 13.331107139587402344 13.337809562683105469 13.344553947448730469 13.347454071044921875 13.349578857421875 13.3532257080078125 13.355900764465332031 48.598659515380859375 4.2009272575378417969 4.2003164291381835938 4.6096200942993164062 9.2107229232788085938 13.805417060852050781 18.39524078369140625 22.975114822387695312 0
56.982574462890625 57.0180816650390625 57.0586090087890625 57.089153289794921875 57.1044921875 57.11486053466796875 74.314178466796875 61.45667266845703125 61.489368438720703125 57.181407928466796875 30.97200775146484375 30.9701995849609375 30.962627410888671875 30.955129623413085938 8.8857059478759765625 8.8857517242431640625 8.886524200439453125 8.8866128921508789062 30.941591262817382812 13.318317413330078125 574.85943603515625 61.507846832275390625 13.325794219970703125 8.8947629928588867188 8.8931560516357421875 22.170888900756835938 8.89276123046875 8.8974437713623046875 8.9034185409545898438 8.9055957794189453125 8.9064130783081054688 8.9092245101928710938 8.9124517440795898438 44.213451385498046875 4.4617857933044433594 8.4703626632690429688 12.647408485412597656 17.198221206665039062 21.751264572143554688 26.306682586669921875 30.863893508911132812 35.421466827392578125 62.9457244873046875
52.67229461669921875 52.711345672607421875 52.741222381591796875 52.756439208984375 52.76676177978515625 70.00054168701171875 57.11751556396484375 57.15090179443359375 52.83538818359375 26.579820632934570312 26.58060455322265625 26.574502944946289062 26.565557479858398438 4.4429769515991210938 4.4434041976928710938 4.4437170028686523438 4.4433550834655761719 26.549041748046875 8.8861360549926757812 570.65228271484375 57.169452667236328125 8.8907690048217773438 4.4512844085693359375 4.4501671791076660156 17.755397796630859375 4.4489579200744628906 4.4511871337890625 4.4551987648010253906 4.4568262100219726562 4.4569263458251953125 4.4581170082092285156 4.460056304931640625 39.820697784423828125 8.9141101837158203125 13.3607177734375 17.366571426391601562 283.15716552734375 337.622100830078125 342.04888916015625 346.474884033203125 350.89984130859375 355.323150634765625 359.736541748046875
48.357540130615234375 48.385944366455078125 48.400463104248046875 48.4104461669921875 65.67905426025390625 52.769031524658203125 52.80207061767578125 48.47891998291015625 22.175563812255859375 22.177801132202148438 22.174970626831054688 22.167346954345703125 4.4416246414184570312 8.8835992813110351562 13.315355300903320312 17.736616134643554688 22.147737503051757812 4.4431338310241699219 566.4346923828125 52.8248291015625 4.447360992431640625 4.45015716552734375 8.894504547119140625 13.329964637756347656 4.4492955207824707031 8.8932647705078125 13.330389976501464844 17.761323928833007812 22.186029434204101562 26.604185104370117188 31.016016006469726562 35.42160797119140625 4.4607119560241699219 4.4631776809692382812 74.8522796630859375 261.997039794921875 50.03525543212890625 14.694664955139160156 19.288679122924804688 23.87830352783203125 28.464176177978515625 33.046630859375 37.621799468994140625
44.024627685546875 44.037853240966796875 44.046783447265625 61.350383758544921875 48.412548065185546875 48.444667816162109375 44.112735748291015625 17.759687423706054688 17.76267242431640625 17.761663436889648438 17.756769180297851562 202.5906219482421875 206.8792724609375 211.15972900390625 215.4320068359375 219.69610595703125 223.951812744140625 562.20672607421875 48.473110198974609375 4.4444093704223632812 8.8887147903442382812 13.325385093688964844 17.753147125244140625 22.171758651733398438 26.581892013549804688 30.984539031982421875 35.38106536865234375 39.772853851318359375 44.160320281982421875 48.543682098388671875 52.923053741455078125 57.297542572021484375 61.6665191650390625 66.03031158447265625 183.3159332275390625 45.659152984619140625 10.247493743896484375 4.4629464149475097656 9.0689096450805664062 13.670519828796386719 18.26842498779296875 22.86244964599609375 27.4497833251953125
39.669414520263671875 39.676998138427734375 57.015743255615234375 44.048664093017578125 44.079349517822265625 39.738307952880859375 13.333392143249511719 13.336231231689453125 13.336427688598632812 13.333365440368652344 198.2924957275390625 44.121768951416015625 88.2250518798828125 97.0203399658203125 145.4715423583984375 242.2666168212890625 334.015625 44.1142730712890625 39.715793609619140625 44.083400726318359375 48.4461517333984375 52.8033294677734375 57.154094696044921875 61.498050689697265625 65.83548736572265625 70.16686248779296875 148.9934234619140625 153.30010986328125 157.6016693115234375 161.8993377685546875 166.1936492919921875 170.4831695556640625 174.766357421875 179.04351806640625 39.860256195068359375 5.7992234230041503906 4.4626326560974121094 8.91869354248046875 13.369297981262207031 17.968065261840820312 22.563070297241210938 27.153940200805664062 31.73906707763671875
35.301242828369140625 52.675968170166015625 39.67848968505859375 39.70674896240234375 35.355831146240234375 8.8976411819458007812 8.8998193740844726562 8.9002208709716796875 8.8986225128173828125 193.983123779296875 39.747772216796875 39.74451446533203125 4.4484882354736328125 44.11817169189453125 92.48282623291015625 87.468475341796875 39.747638702392578125 35.34272003173828125 44.10095977783203125 48.4628143310546875 52.82007598876953125 57.171558380126953125 61.51663970947265625 65.85520172119140625 70.18730926513671875 74.51322174072265625 4.4528560638427734375 8.9010591506958007812 13.344020843505859375 17.781797409057617188 22.213888168334960938 26.637742996215820312 31.052251815795898438 35.45917510986328125 4.4588174819946289062 10.257953643798828125 14.692435264587402344 19.135143280029296875 23.575466156005859375 28.013021469116210938 32.603855133056640625 37.189697265625 41.769908905029296875
48.33036041259765625 35.3021087646484375 35.327594757080078125 30.965822219848632812 4.4526581764221191406 4.454132080078125 4.4544048309326171875 4.4535236358642578125 189.663177490234375 35.365001678466796875 35.361988067626953125 35.361919403076171875 39.745330810546875 88.14740753173828125 83.16967010498046875 35.3715667724609375 30.961538314819335938 39.73431396484375 52.8417816162109375 92.52037811279296875 96.86100006103515625 101.19482421875 105.52222442626953125 109.84334564208984375 114.158050537109375 118.46678924560546875 122.77091217041015625 127.07166290283203125 131.3691864013671875 135.6635284423828125 139.952911376953125 144.23291015625 261.781158447265625 270.4847412109375 274.73443603515625 280.533355712890625 284.774932861328125 289.018341064453125 293.261566162109375 297.503692626953125 301.743377685546875 306.197418212890625 310.64544677734375
30.918172836303710938 30.941209793090820312 26.5682373046875 26.57157135009765625 30.971826553344726562 35.3654937744140625 128.1564178466796875 185.3326263427734375 30.973791122436523438 30.9714202880859375 30.970340728759765625 48.473682403564453125 83.80133819580078125 78.86304473876953125 30.98628997802734375 26.570764541625976562 35.360004425048828125 48.488246917724609375 35.332027435302734375 61.5588226318359375 65.89795684814453125 70.23134613037109375 74.55896759033203125 78.8802490234375 83.19532012939453125 87.50533294677734375 91.81158447265625 96.11487579345703125 100.415130615234375 104.71216583251953125 109.00406646728515625 113.286590576171875 4.4495086669921875 4.4571084976196289062 8.9106492996215820312 14.709788322448730469 19.139986038208007812 23.578447341918945312 28.01427459716796875 32.446880340576171875 36.87554168701171875 41.299041748046875 45.87746429443359375
26.546312332153320312 22.16231536865234375 22.164302825927734375 35.350780487060546875 61.89392852783203125 88.42913818359375 52.834625244140625 26.574296951293945312 26.57275390625 26.571249008178710938 44.106235504150390625 30.969913482666015625 74.54669189453125 26.591339111328125 22.170452117919921875 30.9764862060546875 44.12738800048828125 30.946691513061523438 57.214672088623046875 4.4527420997619628906 70.7391357421875 106.07648468017578125 110.4339447021484375 176.7124176025390625 281.472869873046875 285.744049072265625 290.010528564453125 294.273529052734375 298.53326416015625 302.789825439453125 307.041748046875 311.286773681640625 315.529327392578125 319.769439697265625 324.006988525390625 327.807373046875 332.01910400390625 336.23138427734375 340.44317626953125 344.65447998046875 348.86492919921875 353.0728759765625 357.27691650390625
17.747350692749023438 17.74898529052734375 30.960645675659179688 22.161863327026367188 22.163118362426757812 48.474628448486328125 22.166494369506835938 22.165781021118164062 22.164056777954101562 39.73223876953125 26.568861007690429688 70.22019195556640625 22.184457778930664062 17.759687423706054688 26.583454132080078125 39.757625579833984375 26.553403854370117188 52.865337371826171875 30.956106185913085938 61.90962982177734375 30.970590591430664062 30.973051071166992188 61.933986663818359375 100.48265838623046875 35.363033294677734375 70.718658447265625 75.09003448486328125 79.45536041259765625 83.81548309326171875 88.17092132568359375 92.521209716796875 96.8662872314453125 101.20763397216796875 105.544525146484375 109.4521942138671875 113.3399658203125 117.62725830078125 121.91905975341796875 126.21148681640625 130.5036773681640625 134.795684814453125 139.0870208740234375 143.376617431640625
