tests/data/reference/gistest/full/cvsur_m3.asc
ncols        125
nrows        78
xllcorner    -713756.799299980048
yllcorner    -1061032.369616159936
cellsize     10.000000000000
NODATA_value  -9999
[rows 38 to 56 of 78, columns 0 to 42 of 125]
-9999 -9999 -9999 -9999 -9999 -9999 -9999 -9999 -9999 -9999 -9999 5.7977819442749023438 11.593510627746582031 24.206392288208007812 238.0944671630859375 4.4327540397644042969 8.8541231155395507812 17.624700546264648438 26.352476119995117188 39.34984588623046875 17.675065994262695312 78.58349609375 56.56508636474609375 69.15380859375 120.50687408447265625 56.678821563720703125 17.702569961547851562 8.8767595291137695312 17.710527420043945312 26.500629425048828125 17.697294235229492188 17.690294265747070312 17.681188583374023438 17.672872543334960938 8.8769426345825195312 4.4435529708862304688 4.4420542716979980469 17.730691909790039062 4.4411602020263671875 4.4413533210754394531 4.4418916702270507812 4.4440894126892089844 4.4537687301635742188
-9999 -9999 -9999 -9999 -9999 -9999 -9999 -9999 -9999 -9999 -9999 5.7974925041198730469 19.856840133666992188 225.0969085693359375 8.8401365280151367188 4.4283280372619628906 13.230253219604492188 21.984758377075195312 35.0193023681640625 13.271073341369628906 74.2978515625 52.274265289306640625 64.89679718017578125 116.32158660888671875 52.378391265869140625 13.293453216552734375 4.4398832321166992188 13.29888153076171875 22.112796783447265625 13.290165901184082031 13.283619880676269531 13.275106430053710938 13.268449783325195312 4.4384746551513671875 4.4420104026794433594 8.8847141265869140625 13.315387725830078125 4.4393057823181152344 8.879108428955078125 13.310609817504882812 17.733983993530273438 4.4435682296752929688 4.4544816017150878906
-9999 -9999 -9999 -9999 -9999 -9999 -9999 -9999 -9999 -9999 5.7975268363952636719 15.512303352355957031 207.7010498046875 13.232098579406738281 4.4267220497131347656 8.830249786376953125 17.609582901000976562 30.681884765625 8.8562297821044921875 70.0035858154296875 47.97525787353515625 60.632595062255859375 112.12731170654296875 48.069713592529296875 8.8727006912231445312 4.4391336441040039062 8.8754491806030273438 17.713579177856445312 8.8711490631103515625 8.86768341064453125 8.861286163330078125 8.85622406005859375 4.4358568191528320312 8.8725004196166992188 13.303609848022460938 17.728759765625 22.14734649658203125 26.555467605590820312 30.951524734497070312 4.4411344528198242188 4.4435987472534179688 22.14697265625 8.8910617828369140625
-9999 -9999 -9999 -9999 -9999 -9999 -9999 -9999 -9999 -9999 5.7978940010070800781 181.50732421875 22.019317626953125 8.8271350860595703125 4.4255232810974121094 13.225405693054199219 26.337646484375 4.4301438331604003906 65.70093536376953125 43.668865203857421875 56.361392974853515625 107.924224853515625 43.752315521240234375 4.4383902549743652344 4.4394001960754394531 8.8772668838500976562 13.302000999450683594 4.4378094673156738281 4.4373307228088378906 4.4356608390808105469 4.4322338104248046875 4.4324555397033691406 8.8679666519165039062 13.2984771728515625 17.721988677978515625 22.138044357299804688 26.54523468017578125 30.942186355590820312 4.4420962333679199219 35.337146759033203125 8.8845529556274414062 8.8894224166870117188 26.552541732788085938
-9999 -9999 -9999 -9999 -9999 -9999 -9999 -9999 -9999 11.59424591064453125 15.518360137939453125 161.7938232421875 17.638446807861328125 4.4244813919067382812 8.8286409378051757812 21.983686447143554688 26.357912063598632812 61.389720916748046875 39.35546112060546875 52.08402252197265625 103.7133941650390625 39.426097869873046875 8.8696851730346679688 13.291159629821777344 17.703311920166015625 22.1056365966796875 227.616912841796875 253.9622650146484375 258.19427490234375 262.415557861328125 266.6246337890625 270.82965087890625 275.031829833984375 279.2288818359375 283.420928955078125 287.606842041015625 291.78436279296875 295.95074462890625 331.04290771484375 339.62359619140625 379.09356689453125 392.10369873046875 405.1094970703125
-9999 -9999 -9999 -9999 -9999 -9999 -9999 -9999 5.7977490425109863281 11.593564987182617188 148.73382568359375 8.8490896224975585938 13.244772911071777344 4.4256844520568847656 17.61650848388671875 22.000471115112304688 30.7081451416015625 35.034473419189453125 47.801074981689453125 99.49625396728515625 35.0911712646484375 4.4369106292724609375 4.4377393722534179688 8.8732013702392578125 179.2851409912109375 201.25567626953125 22.102617263793945312 13.296911239624023438 17.707889556884765625 22.109018325805664062 26.5012359619140625 30.887521743774414062 35.266880035400390625 39.63979339599609375 44.006748199462890625 48.367977142333984375 52.723415374755859375 57.0728607177734375 61.415470123291015625 65.75189971923828125 70.08402252197265625 74.41230010986328125 78.73682403564453125
-9999 -9999 -9999 -9999 -9999 -9999 -9999 -9999 5.7973923683166503906 8.3382701873779296875 136.1774139404296875 4.4295301437377929688 8.8411464691162109375 13.235849380493164062 17.629901885986328125 26.36318206787109375 30.701349258422851562 43.5104522705078125 95.27381134033203125 30.748170852661132812 35.07868194580078125 74.4609832763671875 118.143798828125 166.132293701171875 17.70313262939453125 17.70505523681640625 8.874912261962890625 4.4398913383483886719 8.878429412841796875 13.30631256103515625 17.724710464477539062 22.136087417602539062 26.540006637573242188 30.937322616577148438 35.3289642333984375 39.7159881591796875 44.09561920166015625 714.0867919921875 775.20654296875 836.3585205078125 897.53125 958.70684814453125 1019.8714599609375
-9999 -9999 -9999 -9999 -9999 -9999 -9999 -9999 3.9643561840057373047 114.30535888671875 17.647310256958007812 4.4264287948608398438 8.8388586044311523438 13.245581626892089844 22.00506591796875 26.35480499267578125 39.207370758056640625 91.04169464111328125 26.397035598754882812 30.734773635864257812 35.058208465576171875 39.3758087158203125 43.6975250244140625 13.293877601623535156 13.2958221435546875 4.4389529228210449219 4.4403138160705566406 8.8809251785278320312 13.310984611511230469 17.730571746826171875 22.140918731689453125 26.544597625732421875 30.942251205444335938 35.332164764404296875 556.61712646484375 609.08721923828125 665.8326416015625 56.974567413330078125 57.016941070556640625 57.045879364013671875 57.061305999755859375 57.067272186279296875 74.12612152099609375
-9999 -9999 -9999 -9999 -9999 -9999 -9999 5.7976222038269042969 96.827392578125 13.251334190368652344 13.256817817687988281 4.4269537925720214844 8.8454132080078125 17.632421493530273438 21.9936065673828125 34.89203643798828125 86.79651641845703125 22.031955718994140625 26.38231658935546875 30.715335845947265625 35.039936065673828125 39.36834716796875 8.87237548828125 8.8745374679565429688 8.8748292922973632812 13.298644065856933594 17.714288711547851562 22.1218414306640625 26.519702911376953125 30.907732009887695312 35.287235260009765625 39.658817291259765625 468.99755859375 517.09625244140625 48.29610443115234375 52.58809661865234375 52.638904571533203125 52.678600311279296875 52.70539093017578125 52.71915435791015625 52.724094390869140625 69.81926727294921875 57.0266571044921875
-9999 -9999 -9999 -9999 -9999 -9999 -9999 53.035602569580078125 39.563747406005859375 8.846996307373046875 8.8509340286254882812 4.4305500984191894531 13.24423980712890625 17.6165771484375 30.563690185546875 82.539581298828125 17.653009414672851562 22.01818084716796875 26.364660263061523438 30.697109222412109375 35.0316009521484375 4.437602996826171875 4.4389557838439941406 4.4396123886108398438 4.4395580291748046875 8.8777856826782226562 13.305987358093261719 17.723512649536132812 302.579833984375 341.969451904296875 381.40716552734375 425.131317138671875 43.90509796142578125 43.949184417724609375 48.248104095458984375 48.2957763671875 48.332599639892578125 48.3573455810546875 48.369930267333984375 48.37387847900390625 65.50598907470703125 52.6833038330078125 65.48281097412109375
-9999 -9999 -9999 -9999 -9999 -9999 5.7971405982971191406 43.41495513916015625 35.203212738037109375 4.4287061691284179688 4.4294843673706054688 8.841083526611328125 13.224798202514648438 26.2228240966796875 78.269775390625 13.258863449096679688 17.6410980224609375 22.003536224365234375 26.346912384033203125 30.687780380249023438 35.001068115234375 70.03470611572265625 105.06829071044921875 140.1067657470703125 201.5045013427734375 223.496337890625 249.8756561279296875 280.60870361328125 35.15328216552734375 35.21117401123046875 39.508670806884765625 39.550151824951171875 39.59377288818359375 43.89945220947265625 43.94426727294921875 43.978878021240234375 44.00218963623046875 44.013980865478515625 44.017269134521484375 61.187286376953125 48.333526611328125 61.161869049072265625 52.638751983642578125
-9999 -9999 -9999 -9999 -9999 37.38005828857421875 25.861972808837890625 13.2442169189453125 26.408050537109375 4.4261827468872070312 4.4242892265319824219 8.824161529541015625 21.873250961303710938 73.9907379150390625 8.8500757217407226562 13.248705863952636719 17.627071380615234375 21.984411239624023438 26.336017608642578125 30.658977508544921875 30.70577239990234375 30.718736648559570312 30.73564910888671875 57.10738372802734375 17.712205886840820312 22.110004425048828125 26.474985122680664062 30.7823028564453125 30.839136123657226562 35.144657135009765625 35.185272216796875 35.228496551513671875 39.54172515869140625 39.584346771240234375 39.61727142333984375 39.639598846435546875 39.651092529296875 39.65401458740234375 56.863277435302734375 43.977878570556640625 56.836025238037109375 48.2891845703125 48.320514678955078125
-9999 -9999 -9999 -9999 -9999 31.591587066650390625 21.974115371704101562 8.8373966217041015625 13.205994606018066406 8.8159418106079101562 4.4205470085144042969 17.517091751098632812 69.7050933837890625 4.4283342361450195312 8.8436212539672851562 13.236662864685058594 17.606779098510742188 21.971654891967773438 26.309047698974609375 26.350450515747070312 26.359140396118164062 26.372262954711914062 52.766246795654296875 13.299503326416015625 17.706981658935546875 22.083377838134765625 26.40181732177734375 26.456922531127929688 30.771200180053710938 30.810657501220703125 30.852993011474609375 35.174777984619140625 35.216159820556640625 35.247913360595703125 35.2695159912109375 35.280971527099609375 35.28403472900390625 52.53389739990234375 39.616107940673828125 52.505283355712890625 43.93410491943359375 43.963207244873046875 43.998050689697265625
-9999 -9999 -9999 -9999 5.7972722053527832031 25.798736572265625 17.593097686767578125 4.422901153564453125 8.80222320556640625 4.4177560806274414062 13.152330398559570312 43.563915252685546875 21.848386764526367188 4.4255690574645996094 8.8346490859985351562 13.217070579528808594 17.592479705810546875 21.947162628173828125 21.985713958740234375 21.990856170654296875 22.0001983642578125 48.415737152099609375 8.8753414154052734375 13.293054580688476562 17.681436538696289062 22.012090682983398438 22.064319610595703125 26.3870391845703125 26.425567626953125 26.466890335083007812 30.797357559204101562 30.837789535522460938 30.868532180786132812 30.8896942138671875 30.901470184326171875 30.905353546142578125 48.1982269287109375 35.247867584228515625 48.169391632080078125 39.5730133056640625 39.599849700927734375 39.632663726806640625 39.65753173828125
-9999 -9999 -9999 -9999 5.796825408935546875 21.92642974853515625 8.7900524139404296875 4.4152369499206542969 4.4089536666870117188 8.7738332748413085938 8.782444000244140625 30.477876663208007812 17.485187530517578125 4.4212164878845214844 8.8186616897583007812 13.200787544250488281 17.57146453857421875 17.60817718505859375 17.612415313720703125 17.6190338134765625 44.054317474365234375 4.4379448890686035156 8.867824554443359375 13.269775390625 17.614328384399414062 17.662036895751953125 21.99323272705078125 22.030834197998046875 22.07044219970703125 26.41001129150390625 26.449840545654296875 26.479068756103515625 26.4993133544921875 26.511213302612304688 26.516071319580078125 43.85407257080078125 30.87146759033203125 43.82773590087890625 35.205715179443359375 35.229976654052734375 35.260402679443359375 35.2838592529296875 35.2947998046875
-9999 -9999 -9999 82.7066192626953125 3.9322121143341064453 8.7877511978149414062 8.7673273086547851562 4.40105438232421875 4.3946747779846191406 4.3998723030090332031 4.3913064002990722656 21.770799636840820312 13.115180015563964844 4.4132142066955566406 8.7995862960815429688 13.184397697448730469 13.21685791015625 13.222486495971679688 13.229228973388671875 22.055303573608398438 17.627462387084960938 4.4324154853820800781 8.8501024246215820312 13.212185859680175781 13.252430915832519531 17.592370986938476562 17.62967681884765625 17.666231155395507812 22.015045166015625 22.05474090576171875 22.081996917724609375 22.1007537841796875 22.112031936645507812 22.117074966430664062 39.501331329345703125 26.485475540161132812 39.47858428955078125 30.83098602294921875 30.853404998779296875 30.8809967041015625 30.902315139770507812 30.912515640258789062 30.918287277221679688
-9999 -9999 -9999 76.9611358642578125 8.7996416091918945312 4.4146480560302734375 4.4021830558776855469 4.3872866630554199219 4.4014825820922851562 8.7691717147827148438 13.055267333984375 4.3942828178405761719 8.7614078521728515625 4.4041657447814941406 8.7883930206298828125 8.814350128173828125 8.8230085372924804688 8.8292913436889648438 8.8348646163940429688 8.8318376541137695312 13.2323150634765625 4.4234485626220703125 8.8079957962036132812 8.8373880386352539062 13.187509536743164062 13.224705696105957031 13.255883216857910156 17.61423492431640625 17.653804779052734375 17.678354263305664062 17.695262908935546875 17.705480575561523438 17.709928512573242188 35.141452789306640625 22.090677261352539062 35.12201690673828125 26.447509765625 26.46858978271484375 26.494312286376953125 26.513256072998046875 26.521848678588867188 26.526790618896484375 43.977466583251953125
-9999 -9999 5.79447174072265625 51.375423431396484375 13.18829345703125 4.41119384765625 4.3710703849792480469 4.4049181938171386719 4.4046616554260253906 -9999 -9999 -9999 4.3932790756225585938 4.3992390632629394531 4.4145517349243164062 4.4195909500122070312 4.4198551177978515625 4.4219584465026855469 4.4252972602844238281 4.4218225479125976562 4.4057030677795410156 4.4006533622741699219 4.4166822433471679688 8.7853984832763671875 8.8178186416625976562 8.8402452468872070312 13.209783554077148438 13.247552871704101562 13.267699241638183594 13.281928062438964844 13.290978431701660156 13.294754981994628906 30.775365829467773438 17.68825531005859375 30.759647369384765625 22.056718826293945312 22.075555801391601562 22.099134445190429688 22.116476058959960938 22.123540878295898438 22.127031326293945312 39.617008209228515625 26.525625228881835938
-9999 -9999 25.677532196044921875 17.526597976684570312 4.4108681678771972656 4.3983159065246582031 4.40008544921875 -9999 -9999 -9999 -9999 -9999 -9999 4.40358734130859375 4.4119853973388671875 8.8016986846923828125 13.192600250244140625 4.4198436737060546875 8.8195123672485351562 13.220373153686523438 17.560861587524414062 4.3919000625610351562 4.3939113616943359375 4.4082875251770019531 4.4196524620056152344 8.8073472976684570312 8.83673095703125 8.8502054214477539062 8.8602972030639648438 8.867321014404296875 8.8704433441162109375 26.402902603149414062 13.27809906005859375 26.391965866088867188 17.659395217895507812 17.675266265869140625 17.695653915405273438 17.711090087890625 17.7170562744140625 17.71918487548828125 35.24947357177734375 22.124738693237304688 22.1425323486328125
