tests/data/reference/gistest/full/cvsur_m3.asc
ncols        125
nrows        78
xllcorner    -713756.799299980048
yllcorner    -1061032.369616159936
cellsize     10.000000000000
NODATA_value  -9999
[rows 19 to 37 of 78, columns 43 to 85 of 125]
70.63944244384765625 44.277095794677734375 39.920246124267578125 22.31805419921875 26.729394912719726562 44.410442352294921875 13.412632942199707031 4.4822382926940917969 8.95191192626953125 17.85597991943359375 22.286670684814453125 39.84632110595703125 26.727901458740234375 17.878704071044921875 17.883920669555664062 13.427908897399902344 8.95958709716796875 8.958614349365234375 8.957332611083984375 8.9556884765625 8.9535474777221679688 35.6544189453125 13.407712936401367188 13.403660774230957031 13.400411605834960938 62.101001739501953125 17.839813232421875 115.10533905029296875 17.819253921508789062 17.80055999755859375 4.4629445075988769531 8.9151487350463867188 522.74725341796875 49.06201171875 8.94199371337890625 4.4761672019958496094 -9999 -9999 -9999 -9999 -9999 -9999 -9999
75.01534271240234375 48.6856231689453125 44.3345184326171875 26.768678665161132812 31.168552398681640625 48.8217315673828125 17.873964309692382812 4.4842653274536132812 8.9567699432373046875 13.416790008544921875 22.302507400512695312 26.723445892333984375 44.242401123046875 31.158872604370117188 22.32826995849609375 22.334024429321289062 17.885906219482421875 13.425349235534667969 13.423696517944335938 13.42151641845703125 13.419055938720703125 13.416256904602050781 40.071758270263671875 17.859912872314453125 17.855390548706054688 17.8516693115234375 84.3122406005859375 119.437286376953125 22.258068084716796875 22.236173629760742188 8.9305486679077148438 4.4639387130737304688 4.4622874259948730469 526.93536376953125 62.411808013916015625 8.9465789794921875 4.4798784255981445312 -9999 -9999 -9999 -9999 -9999 -9999
79.3890228271484375 53.0914154052734375 48.74605560302734375 31.215158462524414062 35.6038818359375 53.2293853759765625 22.32956695556640625 8.9613866806030273438 4.4852967262268066406 13.423309326171875 17.8736572265625 26.741849899291992188 31.153820037841796875 48.63339996337890625 35.5830841064453125 26.77007293701171875 26.776071548461914062 22.335218429565429688 17.881948471069335938 17.879636764526367188 17.87689208984375 17.873941421508789062 17.870504379272460938 44.481536865234375 22.303163528442382812 22.297479629516601562 106.52747344970703125 123.76605987548828125 26.692483901977539062 26.6665802001953125 13.392764091491699219 8.9327573776245117188 4.4675893783569335938 8.9252567291259765625 531.11627197265625 66.8076934814453125 17.88332366943359375 4.4786314964294433594 4.4831256866455078125 -9999 -9999 -9999 -9999
83.759735107421875 57.494091033935546875 53.154590606689453125 35.657238006591796875 40.03527069091796875 57.6329498291015625 26.779205322265625 13.431399345397949219 8.9625463485717773438 4.4853224754333496094 17.881870269775390625 22.32321929931640625 31.17462921142578125 35.577686309814453125 53.01892852783203125 40.000438690185546875 31.2041168212890625 31.210012435913085938 26.776142120361328125 22.33017730712890625 22.327428817749023438 22.324029922485351562 22.320308685302734375 22.315944671630859375 48.882602691650390625 26.736566543579101562 133.1797637939453125 128.0912017822265625 31.121150970458984375 31.091932296752929688 17.849369049072265625 13.39556884765625 8.9398937225341796875 13.381526947021484375 4.468292236328125 535.2855224609375 71.19365692138671875 26.8072967529296875 8.9576692581176757812 4.4811916351318359375 -9999 -9999 -9999
88.12615966796875 61.89299774169921875 57.559360504150390625 40.094348907470703125 44.462467193603515625 62.031951904296875 31.222545623779296875 17.89411163330078125 13.431868553161621094 4.4859189987182617188 8.9622583389282226562 22.333215713500976562 26.765720367431640625 35.60045623779296875 39.9947967529296875 57.39890289306640625 44.410976409912109375 35.630435943603515625 35.636142730712890625 31.209230422973632812 26.770246505737304688 26.7668304443359375 26.762681961059570312 26.757923126220703125 26.751852035522460938 53.274295806884765625 164.2611846923828125 132.4108734130859375 35.544818878173828125 35.513408660888671875 22.300563812255859375 17.852262496948242188 13.406239509582519531 17.83393096923828125 4.4748859405517578125 8.9367437362670898438 539.44305419921875 75.5675201416015625 40.193218231201171875 8.9531946182250976562 4.4740233421325683594 -9999 -9999
92.48778533935546875 66.28777313232421875 61.960357666015625 44.526641845703125 48.88533782958984375 66.42633056640625 35.659809112548828125 22.350015640258789062 4.4865331649780273438 17.89366912841796875 8.9637613296508789062 13.431293487548828125 26.777332305908203125 31.200971603393554688 40.01938629150390625 44.40521240234375 61.773044586181640625 48.814365386962890625 40.049102783203125 40.054790496826171875 35.634586334228515625 31.202327728271484375 31.198047637939453125 31.192562103271484375 31.18607330322265625 31.178049087524414062 221.8708038330078125 136.7247314453125 39.963527679443359375 39.930843353271484375 26.745899200439453125 22.303060531616210938 17.866546630859375 22.282733917236328125 8.9493045806884765625 13.399027824401855469 4.469242095947265625 543.58209228515625 79.92935943603515625 44.61086273193359375 17.887666702270507812 4.4745011329650878906 4.4731707572937011719
96.844512939453125 70.678253173828125 66.3578338623046875 48.954547882080078125 53.30373382568359375 70.81616973876953125 40.09133148193359375 26.799686431884765625 8.965602874755859375 4.4879469871520996094 22.348545074462890625 13.433808326721191406 17.892621994018554688 31.214385986328125 35.62900543212890625 44.43109893798828125 48.808338165283203125 66.14086151123046875 53.210849761962890625 44.460735321044921875 44.46636199951171875 40.0524749755859375 35.62615203857421875 35.6202239990234375 35.613201141357421875 35.605632781982421875 257.376861572265625 141.0339813232421875 44.376667022705078125 44.343120574951171875 31.185094833374023438 26.748012542724609375 22.32103729248046875 26.727815628051757812 13.421125411987304688 17.857446670532226562 8.9435892105102539062 547.737060546875 4.4720873832702636719 84.2868194580078125 66.90765380859375 8.945384979248046875 8.9438152313232421875
101.19599151611328125 75.0640411376953125 70.751220703125 53.3777313232421875 57.717502593994140625 75.20166015625 44.517425537109375 31.243349075317382812 13.437645912170410156 4.4887747764587402344 8.9676790237426757812 26.796655654907226562 17.896165847778320312 22.346158981323242188 35.643878936767578125 40.04925537109375 48.835338592529296875 53.204601287841796875 70.50315093994140625 57.60107421875 48.865497589111328125 48.870586395263671875 44.46224212646484375 40.041339874267578125 40.034008026123046875 40.026042938232421875 297.302642822265625 145.3380279541015625 48.783733367919921875 48.7494354248046875 35.61746978759765625 31.1865234375 26.769317626953125 31.168758392333984375 17.887882232666015625 22.311853408813476562 13.414443016052246094 551.9010009765625 8.9454898834228515625 88.643218994140625 71.3117218017578125 13.407860755920410156 13.410062789916992188
105.54167938232421875 79.444427490234375 75.13967132568359375 57.795406341552734375 62.12647247314453125 79.58318328857421875 48.938541412353515625 35.6812591552734375 17.902942657470703125 8.9696788787841796875 13.440163612365722656 4.4882645606994628906 31.237806320190429688 22.350416183471679688 26.791299819946289062 40.06554412841796875 44.46221160888671875 53.23313140869140625 57.594753265380859375 74.8600006103515625 61.98477935791015625 53.262989044189453125 53.26734161376953125 48.864501953125 44.44905853271484375 44.44031524658203125 341.639923095703125 149.635406494140625 53.1834869384765625 53.148731231689453125 40.041980743408203125 35.617412567138671875 31.210296630859375 35.604488372802734375 22.34905242919921875 26.761371612548828125 17.879791259765625 556.06768798828125 13.416790962219238281 92.9991912841796875 75.71321868896484375 17.864366531372070312 17.868923187255859375
109.88176727294921875 83.81946563720703125 79.522979736328125 62.207263946533203125 66.53043365478515625 83.96077728271484375 53.35488128662109375 40.113536834716796875 22.361663818359375 13.443207740783691406 17.905742645263671875 8.9683809280395507812 35.672702789306640625 26.797548294067382812 4.4844384193420410156 31.228403091430664062 44.480037689208984375 48.86850738525390625 57.62470245361328125 61.97875213623046875 79.2112884521484375 66.36191558837890625 57.653453826904296875 57.65692901611328125 53.2592010498046875 48.848865509033203125 390.38250732421875 153.9261322021484375 57.576000213623046875 57.5415496826171875 44.45949554443359375 40.041400909423828125 35.6443328857421875 40.034519195556640625 26.8036956787109375 31.205204010009765625 22.33916473388671875 560.2342529296875 17.883966445922851562 97.3520660400390625 80.10953521728515625 22.315275192260742188 22.320188522338867188
114.2166290283203125 88.18979644775390625 83.90174102783203125 66.6137237548828125 70.929473876953125 88.33441162109375 57.76650238037109375 44.540241241455078125 26.81391143798828125 17.9095916748046875 22.364534378051757812 13.440876007080078125 40.101741790771484375 31.23822021484375 4.4851703643798828125 8.9600572586059570312 35.6577911376953125 48.887668609619140625 53.268463134765625 62.010288238525390625 66.35677337646484375 83.5570526123046875 70.73246002197265625 62.036346435546875 62.03813934326171875 57.645275115966796875 53.240886688232421875 548.5838623046875 61.9620513916015625 61.92890167236328125 48.871471405029296875 44.460109710693359375 40.0727996826171875 44.45937347412109375 31.2517852783203125 35.6427764892578125 26.792181015014648438 564.39923095703125 22.344980239868164062 101.70044708251953125 84.4994354248046875 26.758356094360351562 26.762540817260742188
701.49749755859375 92.75289154052734375 88.47198486328125 71.0123443603515625 75.32173919677734375 92.70269012451171875 62.172573089599609375 48.96089935302734375 31.25926971435546875 22.368509292602539062 26.816173553466796875 17.905584335327148438 44.524677276611328125 35.672374725341796875 8.9622373580932617188 4.4850592613220214844 13.426939010620117188 40.0800628662109375 53.28890228271484375 57.661907196044921875 66.389251708984375 70.72785186767578125 87.89604949951171875 75.0950164794921875 66.4107208251953125 66.41152191162109375 62.02480316162109375 57.6274261474609375 614.81304931640625 66.31119537353515625 53.27825164794921875 48.873992919921875 44.49626922607421875 48.879444122314453125 35.693603515625 40.073925018310546875 31.238634109497070312 568.5621337890625 26.7992706298828125 106.04402923583984375 88.88317108154296875 31.19405364990234375 31.196592330932617188
3210.929931640625 3915.98291015625 4012.205810546875 93.030242919921875 150.9053192138671875 97.06207275390625 66.5711517333984375 53.37459564208984375 35.6968994140625 26.81900787353515625 31.259527206420898438 22.361398696899414062 48.94054412841796875 40.09955596923828125 13.43112945556640625 8.9619684219360351562 4.485683441162109375 17.8857269287109375 44.495105743408203125 57.68259429931640625 62.0472259521484375 70.759613037109375 75.0899810791015625 92.22693634033203125 79.449951171875 70.77878570556640625 70.7799224853515625 66.400054931640625 676.7003173828125 70.68892669677734375 57.680149078369140625 53.283321380615234375 48.9150238037109375 53.294773101806640625 40.12934112548828125 44.498828887939453125 35.678516387939453125 572.72186279296875 31.246934890747070312 110.38312530517578125 93.2614288330078125 35.623081207275390625 80.1996917724609375
76.012298583984375 107.49095916748046875 138.9703521728515625 4154.85107421875 4251.3603515625 4405.64697265625 101.61517333984375 124.522857666015625 40.122951507568359375 31.257944107055664062 35.6918182373046875 26.805751800537109375 53.34696197509765625 44.5178985595703125 4.4830727577209472656 17.890903472900390625 13.429779052734375 8.9615726470947265625 22.335554122924804688 48.901905059814453125 62.068180084228515625 66.42436981201171875 75.12227630615234375 79.4453277587890625 96.55271148681640625 83.80001068115234375 75.142181396484375 75.14385223388671875 747.35235595703125 75.06143951416015625 62.07678985595703125 57.688045501708984375 53.329151153564453125 57.705211639404296875 44.559101104736328125 48.917835235595703125 40.112117767333984375 576.8751220703125 35.687793731689453125 114.717254638671875 97.63362884521484375 120.2266845703125 35.578746795654296875
26.904058456420898438 26.911069869995117188 27.093048095703125 54.18332672119140625 76.82977294921875 99.6391143798828125 4527.06201171875 4632.08349609375 4759.65625 44.715641021728515625 35.67934417724609375 40.10919189453125 31.236591339111328125 57.741992950439453125 48.9256134033203125 8.9551715850830078125 22.340440750122070312 17.88744354248046875 13.427255630493164062 26.776824951171875 53.301715850830078125 66.4477996826171875 70.796417236328125 79.48061370849609375 83.7966156005859375 100.874786376953125 88.14544677734375 79.5002288818359375 79.5019683837890625 826.65667724609375 66.46685028076171875 62.0873260498046875 57.738178253173828125 62.1104888916015625 48.9830322265625 53.331394195556640625 44.539989471435546875 581.01715087890625 40.12099456787109375 119.04521942138671875 222.221435546875 39.991725921630859375 17.856603622436523438
22.29445648193359375 22.477460861206054688 22.485248565673828125 18.050516128540039062 18.220996856689453125 18.223705291748046875 18.226606369018554688 36.609973907470703125 54.98078155517578125 4817.93310546875 4865.630859375 4904.22705078125 44.70229339599609375 35.83933258056640625 62.127323150634765625 53.324249267578125 13.4172210693359375 26.781002044677734375 22.336456298828125 17.884525299072265625 31.2111968994140625 57.696178436279296875 70.82302093505859375 75.1644744873046875 83.8350982666015625 88.14374542236328125 105.19261932373046875 92.4853057861328125 83.85175323486328125 910.62701416015625 70.84893798828125 66.47945404052734375 62.140567779541015625 66.50945281982421875 53.400463104248046875 57.73929595947265625 48.962371826171875 585.14215087890625 44.5457916259765625 123.36646270751953125 266.563751220703125 22.30210113525390625 17.85959625244140625
17.853984832763671875 17.8607940673828125 13.420108795166015625 13.591729164123535156 13.594012260437011719 13.597078323364257812 13.765821456909179688 13.764418601989746094 44.8508758544921875 63.195018768310546875 81.52556610107421875 86.10018157958984375 4993.486328125 49.288616180419921875 40.434795379638671875 66.70226287841796875 57.908535003662109375 18.04510498046875 31.394540786743164062 26.956102371215820312 22.510091781616210938 35.82160186767578125 62.279773712158203125 75.39380645751953125 79.73040771484375 88.39150238037109375 92.69445037841796875 109.72271728515625 97.02923583984375 88.40297698974609375 985.92572021484375 71.05728912353515625 66.7260589599609375 71.0932769775390625 57.809955596923828125 62.14081573486328125 53.3792266845703125 589.24530029296875 48.961894989013671875 127.6809539794921875 293.206695556640625 22.30501556396484375 12.50664520263671875
13.404666900634765625 8.955127716064453125 8.955455780029296875 8.95703125 8.9593095779418945312 9.1289472579956054688 9.1291208267211914062 40.254856109619140625 13.758747100830078125 13.754012107849121094 4.6477770805358886719 9.2899637222290039062 13.9278564453125 5010.591796875 5062.958984375 5106.48779296875 5176.2373046875 62.486141204833984375 22.665262222290039062 36.0001373291015625 31.567560195922851562 27.12738800048828125 40.423923492431640625 66.85540008544921875 159.676910400390625 92.94005584716796875 97.23726654052734375 114.2449493408203125 101.56502532958984375 92.9460296630859375 4.6458792686462402344 990.35797119140625 142.348846435546875 75.66900634765625 62.400936126708984375 66.7280731201171875 57.789112091064453125 593.3321533203125 53.3704986572265625 131.9896240234375 319.843841552734375 16.495288848876953125 11.597567558288574219
4.4820547103881835938 4.4819951057434082031 4.4826288223266601562 4.48383331298828125 4.4846296310424804688 4.4850521087646484375 35.64948272705078125 9.1251659393310546875 9.121959686279296875 9.1222391128540039062 13.757528305053710938 18.389169692993164062 23.017618179321289062 27.639852523803710938 32.2555694580078125 36.86651611328125 41.472576141357421875 5220.85400390625 5286.3818359375 5311.9814453125 5350.82568359375 5385.17578125 5414.99365234375 5457.95458984375 5527.14013671875 5688.8994140625 5783.80224609375 101.76758575439453125 118.75673675537109375 106.0921173095703125 97.4819488525390625 9.2839946746826171875 1137.1265869140625 80.23827362060546875 66.98484039306640625 71.30942535400390625 62.3810577392578125 597.41632080078125 57.77390289306640625 136.2939453125 340.21527099609375 15.60678863525390625 8.9557476043701171875
