tests/data/reference/gistest/full/cvsur_m3.asc
ncols        125
nrows        78
xllcorner    -713756.799299980048
yllcorner    -1061032.369616159936
cellsize     10.000000000000
NODATA_value  -9999
[rows 38 to 56 of 78, columns 43 to 85 of 125]
8.9534626007080078125 13.420864105224609375 17.881048202514648438 22.334199905395507812 26.7801971435546875 31.218851089477539062 4.4831357002258300781 4.4809756278991699219 4.4809775352478027344 4.651927947998046875 9.297210693359375 13.936966896057128906 18.57062530517578125 2347.47705078125 2443.62060546875 2556.815185546875 2657.248046875 2757.6689453125 2853.765869140625 2923.792236328125 2993.76513671875 3063.68359375 3133.744384765625 3181.894775390625 3229.9912109375 3278.078369140625 3281.68310546875 9067.1220703125 9170.1123046875 123.25872039794921875 110.61005401611328125 102.01006317138671875 1150.8057861328125 84.800384521484375 71.562744140625 75.88506317138671875 66.9668121337890625 601.735107421875 62.174312591552734375 140.164093017578125 359.6666259765625 13.420965194702148438 8.9571771621704101562
8.9560699462890625 13.4271087646484375 17.892248153686523438 22.34949493408203125 26.79845428466796875 31.239643096923828125 35.67331695556640625 40.099609375 44.519931793212890625 48.93505096435546875 53.34400177001953125 2233.27685546875 2324.885009765625 92.16046905517578125 109.2152099609375 96.484161376953125 96.5262451171875 92.2562713623046875 66.23970794677734375 66.23748779296875 66.23061370849609375 66.428558349609375 44.581302642822265625 44.5833740234375 44.588901519775390625 44.594989776611328125 111.229736328125 160.3714141845703125 164.920013427734375 9336.9111328125 9461.6533203125 9573.634765625 9676.6298828125 1239.966064453125 76.13350677490234375 80.45523834228515625 71.54669189453125 606.01983642578125 66.33762359619140625 145.9568328857421875 363.92047119140625 26.832019805908203125 8.95819091796875
13.407831192016601562 17.865831375122070312 22.317552566528320312 26.764911651611328125 31.205560684204101562 35.639739990234375 40.067684173583984375 44.489589691162109375 48.905574798583984375 53.314361572265625 2176.1015625 87.82654571533203125 87.8400115966796875 104.922698974609375 92.16609954833984375 92.206268310546875 87.92848968505859375 61.871273040771484375 61.86908721923828125 61.862396240234375 61.860317230224609375 39.985126495361328125 39.9878692626953125 39.99399566650390625 40.000301361083984375 62.072071075439453125 44.5873870849609375 581.86981201171875 674.21868896484375 718.7947998046875 758.95037841796875 762.6953125 767.029052734375 10443.8671875 1320.408203125 85.01546478271484375 76.1175994873046875 4.6465563774108886719 678.06988525390625 150.4503021240234375 368.179290771484375 40.2340545654296875 4.4843692779541015625
31.12895965576171875 35.545680999755859375 39.956401824951171875 44.362125396728515625 48.763500213623046875 53.161876678466796875 57.55619049072265625 61.944244384765625 2035.983154296875 2118.96337890625 83.50200653076171875 83.5143890380859375 100.62534332275390625 87.8432769775390625 87.88146209716796875 83.59540557861328125 57.496551513671875 57.493999481201171875 57.487064361572265625 57.48443603515625 35.5673065185546875 35.570140838623046875 35.576274871826171875 35.582607269287109375 57.49826812744140625 39.991283416748046875 577.4471435546875 87.94799041748046875 40.20238494873046875 35.795253753662109375 35.795124053955078125 84.984771728515625 120.50702667236328125 156.6075897216796875 10601.287109375 1324.652587890625 89.5637664794921875 80.242889404296875 686.0615234375 154.944854736328125 372.671722412109375 49.15370941162109375 4.4853739738464355469
411.592498779296875 415.71502685546875 419.831878662109375 423.946258544921875 428.05609130859375 432.167022705078125 436.2662353515625 1970.15869140625 79.1629180908203125 79.17343902587890625 79.18436431884765625 96.32430267333984375 83.5170440673828125 83.55373382568359375 79.2594451904296875 53.118152618408203125 53.11505126953125 53.1075286865234375 53.103916168212890625 31.1434478759765625 31.145824432373046875 31.15125274658203125 31.15683746337890625 53.113956451416015625 35.57338714599609375 573.246826171875 83.6121063232421875 35.599308013916015625 31.1880340576171875 31.188177108764648438 44.60211181640625 31.378133773803710938 31.562532424926757812 31.566503524780273438 62.848217010498046875 10659.275390625 11977.20703125 12070.6953125 770.410400390625 159.4309844970703125 377.159942626953125 53.76296234130859375 8.962024688720703125
83.54038238525390625 87.88275909423828125 92.220428466796875 96.55419158935546875 100.884307861328125 105.20705413818359375 1530.001953125 74.82746124267578125 74.83962249755859375 74.849395751953125 92.0191192626953125 79.1866607666015625 79.22228240966796875 74.92022705078125 48.736110687255859375 48.73265838623046875 48.724651336669921875 48.719852447509765625 26.714601516723632812 26.716136932373046875 26.720514297485351562 26.72496795654296875 48.724140167236328125 31.148775100708007812 569.03582763671875 79.26993560791015625 31.171655654907226562 26.7521209716796875 26.752794265747070312 40.004825592041015625 26.76276397705078125 26.949167251586914062 26.956180572509765625 27.1308135986328125 27.130527496337890625 53.986522674560546875 80.38829803466796875 84.511138916015625 12148.580078125 774.45220947265625 541.0491943359375 58.364971160888671875 13.42823028564453125
1074.5428466796875 1078.650634765625 1082.7528076171875 1086.8424072265625 1350.658203125 1420.7861328125 70.487091064453125 70.49996185302734375 70.50888824462890625 87.70958709716796875 74.85186004638671875 74.8864898681640625 70.5767059326171875 44.349491119384765625 44.346164703369140625 44.338069915771484375 44.332469940185546875 22.28131103515625 22.2817230224609375 22.284662246704101562 22.287738800048828125 44.329998016357421875 26.718744277954101562 564.8184814453125 74.92351531982421875 26.737653732299804688 22.30896759033203125 22.309045791625976562 35.585979461669921875 22.317646026611328125 22.326946258544921875 22.334674835205078125 22.512439727783203125 22.513765335083007812 22.686054229736328125 22.26194000244140625 58.844573974609375 63.393951416015625 67.52850341796875 12210.1943359375 13524.5908203125 62.959682464599609375 18.058736801147460938
61.7188873291015625 127.71875762939453125 193.7267608642578125 259.75799560546875 66.11031341552734375 66.14025115966796875 66.15424346923828125 66.16257476806640625 83.3949127197265625 70.5117950439453125 70.54561614990234375 66.2278289794921875 39.956554412841796875 39.9537506103515625 39.9459075927734375 39.939769744873046875 17.84198760986328125 17.841932296752929688 17.843536376953125 17.845066070556640625 39.931720733642578125 22.283611297607421875 560.596923828125 70.5737762451171875 22.298372268676757812 17.86028289794921875 17.859464645385742188 31.161407470703125 17.86547088623046875 17.873661041259765625 17.881092071533203125 17.884807586669921875 17.887327194213867188 18.062047958374023438 18.06385040283203125 53.045955657958984375 10.0273284912109375 18.8656768798828125 23.481996536254882812 28.09673309326171875 32.284526824951171875 13576.6572265625 22.683004379272460938
61.6546173095703125 61.675899505615234375 61.7127685546875 61.753726959228515625 61.78440093994140625 61.799541473388671875 61.809177398681640625 79.0749053955078125 66.1659393310546875 66.19892120361328125 61.873241424560546875 35.55683135986328125 35.55425262451171875 35.54673004150390625 35.540126800537109375 13.394070625305175781 13.394148826599121094 13.395402908325195312 13.395956993103027344 35.528839111328125 17.842782974243164062 556.37115478515625 66.22072601318359375 17.853729248046875 13.406321525573730469 13.404766082763671875 26.732181549072265625 13.407523155212402344 13.414233207702636719 13.4209747314453125 13.42386627197265625 13.426004409790039062 13.429645538330078125 13.432305335998535156 48.878116607666015625 4.2279720306396484375 4.2273616790771484375 4.6523613929748535156 9.2961711883544921875 13.933552742004394531 18.566051483154296875 55.42901611328125 13589.66015625
57.31301116943359375 57.348476409912109375 57.388946533203125 57.41942596435546875 57.434741973876953125 57.445110321044921875 74.74590301513671875 61.812255859375 61.844818115234375 57.51140594482421875 31.149896621704101562 31.148073196411132812 31.140476226806640625 31.132978439331054688 8.9366559982299804688 8.936702728271484375 8.9374742507934570312 8.9375667572021484375 31.119493484497070312 13.394685745239257812 552.13873291015625 61.862957000732421875 13.402194023132324219 8.9457340240478515625 8.944126129150390625 22.29805755615234375 8.943737030029296875 8.9484272003173828125 8.9544010162353515625 8.9565668106079101562 8.9573917388916015625 8.9602022171020507812 8.9634265899658203125 44.46755218505859375 4.4872841835021972656 8.5213098526000976562 12.7253570556640625 17.318937301635742188 21.914777755737304688 26.512987136840820312 31.1129608154296875 35.713275909423828125 95.71611785888671875
52.977321624755859375 53.016315460205078125 53.046131134033203125 53.0613250732421875 53.071651458740234375 70.40692901611328125 57.447765350341796875 57.481029510498046875 53.140064239501953125 26.732366561889648438 26.7331390380859375 26.727014541625976562 26.718057632446289062 4.4684758186340332031 4.468902587890625 4.4692158699035644531 4.4688544273376464844 26.701572418212890625 8.9370870590209960938 547.8984375 57.4992523193359375 8.941745758056640625 4.47678375244140625 4.4756627082824707031 17.857191085815429688 4.4744548797607421875 4.4766831398010253906 4.4807000160217285156 4.4823241233825683594 4.4824266433715820312 4.483615875244140625 4.4855585098266601562 40.049434661865234375 8.9650888442993164062 13.437136650085449219 17.468362808227539062 284.8043212890625 339.56549072265625 344.034515380859375 348.5028076171875 352.97003173828125 357.435638427734375 361.89117431640625
48.6371307373046875 48.665477752685546875 48.679973602294921875 48.689968109130859375 66.0600738525390625 53.07393646240234375 53.106861114501953125 48.7582550048828125 22.3027496337890625 22.304981231689453125 22.302133560180664062 22.294496536254882812 4.4671239852905273438 8.9345521926879882812 13.391729354858398438 17.838388442993164062 22.274892807006835938 4.4686331748962402344 543.6488037109375 53.129314422607421875 4.4728598594665527344 4.4756560325622558594 8.9454803466796875 13.40636444091796875 4.4747920036315917969 8.944240570068359375 13.406798362731933594 17.8631439208984375 22.313249588012695312 26.756793975830078125 31.194005966186523438 35.624973297119140625 4.4862151145935058594 4.4886794090270996094 75.2841033935546875 263.51800537109375 50.28914642333984375 14.745343208312988281 19.382001876831054688 24.014265060424804688 28.6427764892578125 33.267871856689453125 37.885662078857421875
44.278778076171875 44.291980743408203125 44.300922393798828125 61.706027984619140625 48.69208526611328125 48.7241058349609375 44.366718292236328125 17.8614959716796875 17.86447906494140625 17.863460540771484375 17.858554840087890625 195.0098876953125 199.3292388916015625 203.6403350830078125 207.943145751953125 212.2376708984375 216.5237274169921875 539.38922119140625 48.752277374267578125 4.4699087142944335938 8.9396820068359375 13.40177154541015625 17.854932785034179688 22.298925399780273438 26.73442840576171875 31.162445068359375 35.584339141845703125 40.001499176025390625 44.414348602294921875 48.823089599609375 53.227848052978515625 57.62772369384765625 62.0220794677734375 66.41124725341796875 184.380279541015625 45.8877716064453125 10.272820472717285156 4.4884467124938964844 9.1371450424194335938 13.781468391418457031 18.422071456909179688 23.058774948120117188 27.688756942749023438
39.898162841796875 39.905750274658203125 57.34600830078125 44.302825927734375 44.333423614501953125 39.966930389404296875 13.40979766845703125 13.412636756896972656 13.412830352783203125 13.409758567810058594 190.680938720703125 44.37577056884765625 88.7329864501953125 97.57901763916015625 146.309417724609375 243.662872314453125 318.59503173828125 44.3681182861328125 39.944366455078125 44.3373260498046875 48.725437164306640625 53.10797119140625 57.484088897705078125 61.853389739990234375 66.2161712646484375 70.5728912353515625 149.8560333251953125 154.187957763671875 158.5147552490234375 162.8376617431640625 167.1572113037109375 171.4719696044921875 175.7803497314453125 180.0826873779296875 40.0888824462890625 5.7992191314697265625 4.4881296157836914062 8.9696626663208007812 13.445710182189941406 18.087175369262695312 22.724866867065429688 27.3584136962890625 31.986196517944335938
35.50461578369140625 52.98085784912109375 39.907276153564453125 39.935455322265625 35.55908966064453125 8.94861602783203125 8.9507932662963867188 8.95119476318359375 8.94959259033203125 186.34063720703125 39.9764251708984375 39.973163604736328125 4.4739856719970703125 44.37216949462890625 93.0160675048828125 70.61333465576171875 39.976165771484375 35.5459442138671875 44.354885101318359375 48.74208831787109375 53.1247100830078125 57.501537322998046875 61.8719635009765625 66.23586273193359375 70.59331512451171875 74.94455718994140625 4.4783563613891601562 8.9520483016967773438 13.420452117919921875 17.883646011352539062 22.34113311767578125 26.790355682373046875 31.2302093505859375 35.66246795654296875 4.484317779541015625 10.283449172973632812 14.743368148803710938 19.21150970458984375 23.677213668823242188 28.1401214599609375 32.773590087890625 37.40204620361328125 42.0248565673828125
48.609874725341796875 35.50551605224609375 35.530933380126953125 31.143716812133789062 4.47815704345703125 4.4796338081359863281 4.4799075126647949219 4.4790225028991699219 181.9896697998046875 35.56829833984375 35.565273284912109375 35.565212249755859375 39.973979949951171875 88.65537261962890625 66.26334381103515625 35.574764251708984375 31.13941192626953125 39.962894439697265625 53.146289825439453125 93.0534820556640625 97.419403076171875 101.77850341796875 106.1311798095703125 110.4775543212890625 114.8175048828125 119.15148162841796875 123.48082733154296875 127.8068084716796875 132.12957763671875 136.4491424560546875 140.76373291015625 145.0688934326171875 263.301055908203125 272.05517578125 276.32989501953125 282.128753662109375 286.3953857421875 290.663848876953125 294.932159423828125 299.19940185546875 303.46417236328125 307.960601806640625 312.450958251953125
31.096193313598632812 31.119174957275390625 26.720766067504882812 26.724124908447265625 31.14975738525390625 35.568798065185546875 128.8933258056640625 177.6280364990234375 31.15172576904296875 31.14934539794921875 31.148265838623046875 48.7530364990234375 84.28399658203125 61.90520477294921875 31.164155960083007812 26.7232818603515625 35.563243865966796875 48.76743316650390625 35.535320281982421875 61.9138946533203125 66.278350830078125 70.63706207275390625 74.9900054931640625 79.33660125732421875 83.6769866943359375 88.01230621337890625 92.3438720703125 96.6725006103515625 100.99808502197265625 105.3204498291015625 109.63767242431640625 113.94547271728515625 4.4750075340270996094 4.4826102256774902344 8.961650848388671875 14.760784149169921875 19.21637725830078125 23.68027496337890625 28.141521453857421875 32.59952545166015625 37.053554534912109375 41.5023956298828125 46.123439788818359375
26.6988983154296875 22.289470672607421875 22.291479110717773438 35.55406951904296875 62.249744415283203125 88.93746185302734375 44.362155914306640625 26.726861953735351562 26.725311279296875 26.723804473876953125 44.360225677490234375 31.147869110107421875 57.536960601806640625 26.743867874145507812 22.297607421875 31.154371261596679688 44.38124847412109375 31.124614715576171875 57.544422149658203125 4.4782414436340332031 71.1457061767578125 106.686248779296875 111.06896209716796875 177.7284698486328125 274.43743896484375 278.744384765625 283.046356201171875 287.344512939453125 291.639129638671875 295.9302978515625 300.216552734375 304.495574951171875 308.771942138671875 313.04571533203125 317.31671142578125 321.1529541015625 325.396392822265625 329.641265869140625 333.88592529296875 338.130096435546875 342.373382568359375 346.614410400390625 350.851806640625
17.849126815795898438 17.850778579711914062 31.138559341430664062 22.28903961181640625 22.290304183959960938 39.961910247802734375 22.293684005737304688 22.292963027954101562 22.29123687744140625 39.960865020751953125 26.721429824829101562 53.158145904541015625 22.31163787841796875 17.861471176147460938 26.735980987548828125 39.9861602783203125 26.705957412719726562 53.169780731201171875 31.134023666381835938 62.265399932861328125 31.1485137939453125 31.150991439819335938 62.289829254150390625 92.3950347900390625 35.566333770751953125 71.12518310546875 75.52185821533203125 79.9124755859375 84.29788970947265625 88.67861175537109375 93.05417633056640625 97.4245147705078125 101.7911376953125 106.153289794921875 110.08605194091796875 113.9988555908203125 118.31133270263671875 122.6283416748046875 126.9459686279296875 131.26336669921875 135.5805816650390625 139.89715576171875 144.2119598388671875
