tests/data/reference/gistest/full/mqsur_m3_s.asc
ncols        125
nrows        78
xllcorner    -713756.799299980048
yllcorner    -1061032.369616159936
cellsize     10.000000000000
NODATA_value  -9999
[rows 36 to 53 of 78, columns 0 to 40 of 125]
-9999 -9999 -9999 -9999 -9999 -9999 -9999 -9999 -9999 -9999 -9999 -9999 -9999 -9999 0.0028747825417667627335 0.011493713594973087311 0.086149416863918304443 0.0086222672834992408752 0.0114952893927693367 0.017237909138202667236 0.022979624569416046143 0.03159297257661819458 0.017240924760699272156 0.057426624000072479248 0.043069466948509216309 0.051672659814357757568 0.06888510286808013916 0.043075975030660629272 0.017242107540369033813 0.011496510356664657593 0.017242476344108581543 0.022987149655818939209 0.043103758245706558228 0.0028745825402438640594 0.0057484600692987442017 0.017241824418306350708 0.011496698483824729919 0.0086231669411063194275 0.0086231846362352371216 0.017243212088942527771 0.0086233224719762802124
-9999 -9999 -9999 -9999 -9999 -9999 -9999 -9999 -9999 -9999 -9999 -9999 -9999 -9999 0.0086206160485744476318 0.083284035325050354004 0.0057486807927489280701 0.0086220595985651016235 0.014365418814122676849 0.020107824355363845825 0.028722142800688743591 0.014368396252393722534 0.054558679461479187012 0.040200084447860717773 0.048804122954607009888 0.066018044948577880859 0.040205925703048706055 0.01436911802738904953 0.0086228596046566963196 0.01436943933367729187 0.020114600658416748047 0.014369101263582706451 0.025863498449325561523 0.0028740477282553911209 0.014368683099746704102 0.0086229965090751647949 0.0057491362094879150391 0.0057491236366331577301 0.014369966462254524231 0.0057491553016006946564 0.0057491944171488285065
-9999 -9999 -9999 -9999 -9999 -9999 -9999 -9999 -9999 -9999 -9999 -9999 -9999 0.0057474095374345779419 0.080418601632118225098 0.0028747569303959608078 0.0057484731078147888184 0.01149259321391582489 0.017235679551959037781 0.025850931182503700256 0.011495435610413551331 0.051690325140953063965 0.037330366671085357666 0.045935381203889846802 0.063150972127914428711 0.037335835397243499756 0.011495990678668022156 0.0057489811442792415619 0.011496235616505146027 0.017242059111595153809 0.011495824903249740601 0.011495674960315227509 0.011495494283735752106 0.011495342478156089783 0.0057490472681820392609 0.0028748810291290283203 0.002874863799661397934 0.011496664024889469147 0.0028748537879437208176 0.0028748558834195137024 0.0028748621698468923569
-9999 -9999 -9999 -9999 -9999 -9999 -9999 -9999 -9999 -9999 -9999 -9999 0.0028746381867676973343 0.071806162595748901367 0.0057477052323520183563 0.0028747059404850006104 0.0086195273324847221375 0.014363275840878486633 0.022979427129030227661 0.0086221154779195785522 0.048821553587913513184 0.034460306167602539062 0.043066345155239105225 0.060283701866865158081 0.034465588629245758057 0.0086225792765617370605 0.0028748391196131706238 0.0086227608844637870789 0.014369335956871509552 0.0086224768310785293579 0.0086222430691123008728 0.0086220121011137962341 0.0086218947544693946838 0.0028748228214681148529 0.0028748633340001106262 0.0057492163032293319702 0.0086232032626867294312 0.0028748323675245046616 0.0057491133920848369598 0.0086232367902994155884 0.011497148312628269196
-9999 -9999 -9999 -9999 -9999 -9999 -9999 -9999 -9999 -9999 -9999 -9999 0.06031956896185874939 0.0086219562217593193054 0.0028746873140335083008 0.0057465028949081897736 0.011490822769701480865 0.020107790827751159668 0.0057484838180243968964 0.045952539891004562378 0.031589902937412261963 0.04019702225923538208 0.057416211813688278198 0.031595092266798019409 0.0057488707825541496277 0.0028748305048793554306 0.0057489578612148761749 0.011496278457343578339 0.0057488274760544300079 0.0057486901059746742249 0.0057484512217342853546 0.0057483669370412826538 0.0028747927863150835037 0.0057489750906825065613 0.008623166009783744812 0.011497193947434425354 0.014370989985764026642 0.017244286835193634033 0.020117064937949180603 0.0028748533222824335098 0.0028748814947903156281
-9999 -9999 -9999 -9999 -9999 -9999 -9999 -9999 -9999 -9999 -9999 0.043088186532258987427 0.01436634361743927002 0.0057489331811666488647 0.0028746733441948890686 0.0086184302344918251038 0.017236232757568359375 0.0028747268952429294586 0.043083455413579940796 0.02871929854154586792 0.037327405065298080444 0.054548423737287521362 0.028724292293190956116 0.0028748218901455402374 0.0028748335316777229309 0.0057490244507789611816 0.0086228484287858009338 0.0028748151380568742752 0.0028748097829520702362 0.002874790458008646965 0.0028747511096298694611 0.0028747536707669496536 0.0057489392347633838654 0.0086231539025902748108 0.011497136205434799194 0.014370855875313282013 0.017244217917323112488 0.020117150619626045227 0.0028748644981533288956 0.02298954501748085022 0.0057492414489388465881
-9999 -9999 -9999 -9999 -9999 -9999 -9999 -9999 -9999 -9999 -9999 0.040220368653535842896 0.011493901722133159637 0.0028746612370014190674 0.0057458095252513885498 0.014364609494805335999 0.017236990854144096375 0.040214620530605316162 0.025848662480711936951 0.034457657486200332642 0.051680382341146469116 0.025853179395198822021 0.0057488018646836280823 0.0086225848644971847534 0.011496156454086303711 0.014369411394000053406 0.14934374392032623291 0.16657285392284393311 0.16943272948265075684 0.17229215800762176514 0.17515090107917785645 0.17801174521446228027 0.18087379634380340576 0.18373593688011169434 0.18659821152687072754 0.18946035206317901611 0.19232197105884552002 0.19518278539180755615 0.21815855801105499268 0.22389179468154907227 0.24973955750465393066
-9999 -9999 -9999 -9999 -9999 -9999 -9999 -9999 -9999 -9999 0.031603280454874038696 0.0057481210678815841675 0.008620956912636756897 0.0028746752068400382996 0.011492602527141571045 0.014365263283252716064 0.020108839496970176697 0.022978205233812332153 0.031588114798069000244 0.048812322318553924561 0.022981772199273109436 0.0028748048935085535049 0.0028748144395649433136 0.0057489210739731788635 0.11775347590446472168 0.13211256265640258789 0.014369052834808826447 0.0086226640269160270691 0.011496122926473617554 0.014369314536452293396 0.017242254689335823059 0.020115183666348457336 0.02298791147768497467 0.025860473513603210449 0.028732892125844955444 0.031605154275894165039 0.034477226436138153076 0.037349071353673934937 0.040220584720373153687 0.043091911822557449341 0.045963309705257415771
-9999 -9999 -9999 -9999 -9999 -9999 -9999 -9999 -9999 0.0028746749740093946457 0.025858631357550621033 0.0028747196774929761887 0.0057477816008031368256 0.0086203245446085929871 0.01149315759539604187 0.017237555235624313354 0.02010744437575340271 0.028718767687678337097 0.045944802463054656982 0.020110221579670906067 0.022981630638241767883 0.048831943422555923462 0.077550671994686126709 0.1091402396559715271 0.011496001854538917542 0.011496016755700111389 0.0057489420287311077118 0.0028748391196131706238 0.005749052390456199646 0.0086230095475912094116 0.011496712453663349152 0.014370300807058811188 0.017243683338165283203 0.020116904750466346741 0.022990008816123008728 0.025863053277134895325 0.028735680505633354187 0.45371878147125244141 0.49391162395477294922 0.53410452604293823242 0.57429748773574829102
-9999 -9999 -9999 -9999 -9999 -9999 -9999 -9999 -9999 0.011493655852973461151 0.011494113132357597351 0.0028746838215738534927 0.0057475268840789794922 0.0086207129061222076416 0.014365903101861476898 0.017236296087503433228 0.025848910212516784668 0.043077237904071807861 0.017238764092326164246 0.020110042765736579895 0.022981049492955207825 0.025851797312498092651 0.028725052252411842346 0.0086226202547550201416 0.008622623048722743988 0.0028748284094035625458 0.002874844009056687355 0.0057491366751492023468 0.0086231539025902748108 0.011496863327920436859 0.014370317570865154266 0.017243675887584686279 0.020116915926337242126 0.022989835590124130249 0.35610044002532958984 0.38768208026885986328 0.4221325218677520752 0.037344802170991897583 0.037346038967370986938 0.037346795201301574707 0.037347245961427688599
-9999 -9999 -9999 -9999 -9999 -9999 -9999 -9999 -9999 0.0086212838068604469299 0.0086214179173111915588 0.0028746898751705884933 0.0057477527298033237457 0.011493792757391929626 0.01436468958854675293 0.022978601977229118347 0.0402089729905128479 0.014366836287081241608 0.017238393425941467285 0.020109422504901885986 0.022980278357863426208 0.025853730738162994385 0.0057488908059895038605 0.0057489257305860519409 0.0057489103637635707855 0.0086227450519800186157 0.01149643678218126297 0.014369900338351726532 0.017242982983589172363 0.020115712657570838928 0.022988216951489448547 0.025860503315925598145 0.30154597759246826172 0.33025729656219482422 0.028731351718306541443 0.031602803617715835571 0.034473758190870285034 0.034474886953830718994 0.034475527703762054443 0.034475848078727722168 0.034476067870855331421
-9999 -9999 -9999 -9999 -9999 -9999 -9999 -9999 0.025859985500574111938 0.005748175550252199173 0.0057482686825096607208 0.002874731551855802536 0.0086211292073130607605 0.011492487043142318726 0.02010767720639705658 0.037340246140956878662 0.011494504287838935852 0.014366460032761096954 0.01723779924213886261 0.020108684897422790527 0.022982180118560791016 0.0028748128097504377365 0.0028748284094035625458 0.0028748358599841594696 0.0028748353943228721619 0.0057490379549562931061 0.0086230253800749778748 0.011496684513986110687 0.1953026503324508667 0.22114591300487518311 0.24698902666568756104 0.2728309929370880127 0.025859534740447998047 0.025859722867608070374 0.02873142436146736145 0.031602535396814346313 0.03160348162055015564 0.031603973358869552612 0.031604189425706863403 0.03160431981086730957 0.037345651537179946899
-9999 -9999 -9999 -9999 -9999 -9999 -9999 -9999 0.022988710552453994751 0.00287471013143658638 0.0028747192118316888809 0.0057479534298181533813 0.0086196679621934890747 0.017236003652215003967 0.03447063639760017395 0.0086216339841485023499 0.011494188569486141205 0.014366099610924720764 0.017237236723303794861 0.020110582932829856873 0.020109787583351135254 0.043090522289276123047 0.066067464649677276611 0.089044436812400817871 0.12925328314304351807 0.14361244440078735352 0.16084393858909606934 0.18094649910926818848 0.022985722869634628296 0.022986747324466705322 0.022987382486462593079 0.022987714037299156189 0.02298789098858833313 0.02585977502167224884 0.028731027618050575256 0.02873183228075504303 0.028732219710946083069 0.028732348233461380005 0.028732405975461006165 0.034474164247512817383 0.031603857874870300293
-9999 -9999 -9999 -9999 -9999 -9999 -9999 0.0086212484166026115417 0.017242897301912307739 0.0028746810276061296463 0.0028746589086949825287 0.0057465299032628536224 0.014363946393132209778 0.031600549817085266113 0.0057482467964291572571 0.0086212949827313423157 0.01149378996342420578 0.014365506358444690704 0.017239058390259742737 0.017237853258848190308 0.020110951736569404602 0.020109038800001144409 0.020110724493861198425 0.037345279008150100708 0.011496299877762794495 0.014369584619998931885 0.017242183908820152283 0.02011357434093952179 0.020114611834287643433 0.020115183666348457336 0.020115531980991363525 0.020115729421377182007 0.022987825796008110046 0.025859247893095016479 0.025859944522380828857 0.025860264897346496582 0.025860348716378211975 0.025860328227281570435 0.031602531671524047852 0.028731893748044967651 0.031602658331394195557
-9999 -9999 -9999 -9999 -9999 -9999 0.014367663301527500153 0.0057478509843349456787 0.0086219394579529762268 0.0057488125748932361603 0.0028746153693646192551 0.011491912417113780975 0.028730474412441253662 0.0028747059404850006104 0.0057480279356241226196 0.0086209317669272422791 0.011493119411170482635 0.01436719018965959549 0.014365903101861476898 0.017239060252904891968 0.017236985266208648682 0.017238521948456764221 0.034474734216928482056 0.0086228065192699432373 0.01149638742208480835 0.014369329437613487244 0.017241066321730613708 0.017242107540369033813 0.017242692410945892334 0.017243027687072753906 0.017243208363652229309 0.020115597173571586609 0.022987283766269683838 0.022987926378846168518 0.022988203912973403931 0.022988259792327880859 0.022988189011812210083 0.028730832040309906006 0.025859797373414039612 0.028730750083923339844 0.028731293976306915283
-9999 -9999 -9999 -9999 -9999 -9999 0.011495225131511688232 0.0028746428433805704117 0.005748671945184469223 0.0028745830059051513672 0.0086200200021266937256 0.017239233478903770447 0.008621369488537311554 0.0028746738098561763763 0.0057477271184325218201 0.0086202528327703475952 0.011494719423353672028 0.011493613943457603455 0.014367071911692619324 0.014364776201546192169 0.014366068877279758453 0.031603984534740447998 0.0057490020990371704102 0.0086228372529149055481 0.011496075429022312164 0.014368160627782344818 0.014369174838066101074 0.014369734562933444977 0.014370080083608627319 0.0143702654168009758 0.017242925241589546204 0.020114878192543983459 0.020115507766604423523 0.020115802064538002014 0.020115885883569717407 0.020115841180086135864 0.025859056040644645691 0.022987622767686843872 0.025858735665678977966 0.025859167799353599548 0.025859776884317398071
-9999 -9999 -9999 -9999 -9999 0.014367992058396339417 0.0057485490106046199799 0.0028745534364134073257 0.0028744796290993690491 0.0057483329437673091888 0.005748425610363483429 0.0086198477074503898621 0.0057486412115395069122 0.0028746232856065034866 0.0057470919564366340637 0.0086218174546957015991 0.008620760403573513031 0.011494718492031097412 0.011492372490465641022 0.01149336155503988266 0.028732858598232269287 0.0028748167678713798523 0.0057489210739731788635 0.0086224321275949478149 0.011494804173707962036 0.011495788581669330597 0.011496320366859436035 0.011496646329760551453 0.011496829800307750702 0.014369774609804153442 0.017241982743144035339 0.017242582514882087708 0.017242884263396263123 0.017243018373847007751 0.017243050038814544678 0.022986929863691329956 0.020115235820412635803 0.022986615076661109924 0.022986941039562225342 0.022987417876720428467 0.022988002747297286987
-9999 -9999 -9999 -9999 -9999 0.0057484935969114303589 0.0057483073323965072632 0.0028743864968419075012 0.0028743105940520763397 0.0028743722941726446152 0.0028742703143507242203 0.0028743986040353775024 0.0028744807932525873184 0.002874529687687754631 0.0057486835867166519165 0.0057475590147078037262 0.008621889166533946991 0.0086196446791291236877 0.0086205312982201576233 0.014366851188242435455 0.011494857259094715118 0.0028747532051056623459 0.0057485317811369895935 0.0086211767047643661499 0.008622081950306892395 0.0086225699633359909058 0.0086228735744953155518 0.0086230449378490447998 0.011496283113956451416 0.014368776232004165649 0.014369354583323001862 0.01436964329332113266 0.014369783923029899597 0.014369858428835868835 0.020114375278353691101 0.01724245026707649231 0.020114172250032424927 0.020114516839385032654 0.020114930346608161926 0.020115381106734275818 0.020115751773118972778
