tests/data/reference/gistest/full/mqsur_m3_s.asc
ncols        125
nrows        78
xllcorner    -713756.799299980048
yllcorner    -1061032.369616159936
cellsize     10.000000000000
NODATA_value  -9999
[rows 54 to 71 of 78, columns 40 to 79 of 125]
0.017243137583136558533 0.017243301495909690857 0.028732422739267349243 0.020116379484534263611 0.020116781815886497498 0.017243457958102226257 0.017243847250938415527 0.020117040723562240601 0.022990059107542037964 0.083332143723964691162 0.12067788094282150269 0.020116938278079032898 0.020116839557886123657 0.020116820931434631348 0.03160648047924041748 0.054594479501247406006 0.051705472171306610107 0.02011682465672492981 0.017243536189198493958 0.022989224642515182495 0.031605627387762069702 0.022988062351942062378 0.040221575647592544556 0.043093062937259674072 0.04596431925892829895 0.048835363239049911499 0.051706105470657348633 0.054576613008975982666 0.057447087019681930542 0.060317680239677429199 0.063188403844833374023 0.066059112548828125 0.068929739296436309814 0.071799866855144500732 0.074668802320957183838 0.0028745646122843027115 0.0028748456388711929321 0.0057496284134685993195 0.0095867672935128211975 0.011957414448261260986
0.014370078220963478088 0.02586026117205619812 0.017243422567844390869 0.017243821173906326294 0.014370190910995006561 0.014370488002896308899 0.022990077733993530273 0.040232077240943908691 0.057473067194223403931 0.034479204565286636353 0.017243867740035057068 0.017243789508938789368 0.017243737354874610901 0.028734268620610237122 0.020117534324526786804 0.04883550107479095459 0.017244132235646247864 0.014370502904057502747 0.020116731524467468262 0.028733924031257629395 0.020115407183766365051 0.037350017577409744263 0.0028746896423399448395 0.045978873968124389648 0.068965628743171691895 0.071835227310657501221 0.11493460088968276978 0.18385335803031921387 0.18671637773513793945 0.18958003818988800049 0.19244430959224700928 0.19530892372131347656 0.19817371666431427002 0.2010380178689956665 0.20390115678310394287 0.20676548779010772705 0.20963023602962493896 0.21249510347843170166 0.21534346044063568115 0.21820825338363647461
0.02298787236213684082 0.014370183460414409637 0.01437055785208940506 0.011496650055050849915 0.01149690430611371994 0.020117182284593582153 0.014370327815413475037 0.014370452612638473511 0.031607229262590408325 0.014370548538863658905 0.014370492659509181976 0.014370409771800041199 0.025861892849206924438 0.017244350165128707886 0.04596476629376411438 0.014371008612215518951 0.011497180908918380737 0.01724396832287311554 0.025861943140625953674 0.017242560163140296936 0.034478511661291122437 0.020117040723562240601 0.04023281484842300415 0.020116835832595825195 0.020117115229368209839 0.040232732892036437988 0.066056221723556518555 0.022990211844444274902 0.045978873968124389648 0.048850107938051223755 0.051721375435590744019 0.054592654109001159668 0.057463932782411575317 0.060335040092468261719 0.06320597231388092041 0.066077016294002532959 0.068947896361351013184 0.071811355650424957275 0.074674725532531738281 0.077545441687107086182
0.011496668681502342224 0.011497016064822673798 0.008622817695140838623 0.0086230654269456863403 0.017244119197130203247 0.011496683582663536072 0.011496785096824169159 0.0287350434809923172 0.011496929451823234558 0.011496932245790958405 0.011496838182210922241 0.0229892730712890625 0.014370929449796676636 0.043093677610158920288 0.011497407220304012299 0.008623426780104637146 0.014370874501764774323 0.02298968099057674408 0.014369431883096694946 0.031606838107109069824 0.017243985086679458618 0.017244193702936172485 0.01724365726113319397 0.017243884503841400146 0.01724394969642162323 0.063186943531036376953 0.020117454230785369873 0.020117463544011116028 0.057446774095296859741 0.080433391034603118896 0.10341782122850418091 0.16373197734355926514 0.16659750044345855713 0.16946302354335784912 0.1723286360502243042 0.17519523203372955322 0.17806208133697509766 0.18091522157192230225 0.18376851081848144531 0.18663530051708221436
0.0086231837049126625061 0.0057486924342811107635 0.0057489359751343727112 0.014370848424732685089 0.00862284097820520401 0.0086228959262371063232 0.025862658396363258362 0.0086230216547846794128 0.0086230468004941940308 0.0086229881271719932556 0.020116457715630531311 0.01149722561240196228 0.040222276002168655396 0.0086234901100397109985 0.005749268457293510437 0.011497337371110916138 0.020117031410336494446 0.01149598974734544754 0.028734950348734855652 0.014370694756507873535 0.01437085028737783432 0.014370311982929706573 0.014370499178767204285 0.014370501041412353516 0.060317113995552062988 0.017244391143321990967 0.017244415357708930969 0.054576568305492401123 0.020117567852139472961 0.020116394385695457458 0.057448841631412506104 0.022991070523858070374 0.045981034636497497559 0.04885272681713104248 0.051724359393119812012 0.054596066474914550781 0.057467915117740631104 0.060334190726280212402 0.06320060044527053833 0.066072471439838409424
0.0028742633294314146042 0.002874504774808883667 0.011497299186885356903 0.0057487427257001399994 0.0057487888261675834656 0.022990133613348007202 0.0057488624006509780884 0.0057488796301186084747 0.0057488349266350269318 0.017243465408682823181 0.0086233466863632202148 0.037350591272115707397 0.0057492065243422985077 0.0028748062904924154282 0.0086235078051686286926 0.017244020476937294006 0.0086221955716609954834 0.02586279064416885376 0.011497174389660358429 0.011497263796627521515 0.011496702209115028381 0.011496888473629951477 0.011496869847178459167 0.057447094470262527466 0.01437097601592540741 0.014371059834957122803 0.051706288009881973267 0.017244393005967140198 0.017243161797523498535 0.054578244686126708984 0.020117884501814842224 0.020118184387683868408 0.020117705687880516052 0.037361882627010345459 0.043108884245157241821 0.048855639994144439697 0.063225157558917999268 0.066089637577533721924 0.068960897624492645264 0.071831986308097839355
0.0057492987252771854401 0.0086234575137495994568 0.0028743327129632234573 0.0028743916191160678864 0.020117422565817832947 0.0028744442388415336609 0.0028744570445269346237 0.002874417230486869812 0.01437023654580116272 0.005749268457293510437 0.034479040652513504028 0.0028746256139129400253 0.0028748228214681148529 0.0057493983767926692963 0.014370863325893878937 0.005748111288994550705 0.022990319877862930298 0.0086233643814921379089 0.0086234426125884056091 0.0086228549480438232422 0.0086230123415589332581 0.0086229797452688217163 0.054576989263296127319 0.011497326195240020752 0.011497404426336288452 0.048835724592208862305 0.014371001161634922028 0.014369749464094638824 0.051707621663808822632 0.017244560644030570984 0.017244789749383926392 0.017244245857000350952 0.014371789991855621338 0.0028749213088303804398 0.0028749203775078058243 0.011498278938233852386 0.0028749778866767883301 0.0057490924373269081116 0.0086236502975225448608 0.011497979052364826202
0.0086235618218779563904 0.011497552506625652313 0.014371149241924285889 0.0172444172203540802 0.0028743545990437269211 0.0057487920857965946198 0.0086229452863335609436 0.011496770195662975311 0.0028748987242579460144 0.03160743415355682373 0.0028744498267769813538 0.0057489867322146892548 0.0086233643814921379089 0.011497412808239459991 0.0028738381806761026382 0.020117664709687232971 0.0057492405176162719727 0.0057493178173899650574 0.0057487417943775653839 0.0057488982565701007843 0.0057488442398607730865 0.051706708967685699463 0.0086234202608466148376 0.0086235078051686286926 0.045964963734149932861 0.011497336439788341522 0.011496089398860931396 0.048836898058652877808 0.014371071010828018188 0.014371238648891448975 0.014370633289217948914 0.011497860774397850037 0.0028749196790158748627 0.0057496186345815658569 0.0086240591481328010559 0.002874942263588309288 0.0057497047819197177887 0.010429325513541698456 0.01195739302784204483 0.01483179628849029541
0.0057491636835038661957 0.0086232917383313179016 0.011497292667627334595 0.01437098626047372818 0.017244463786482810974 0.020117739215493202209 0.022990778088569641113 0.025863479822874069214 0.028735650703310966492 0.002874888712540268898 0.0057494374923408031464 0.0086238402873277664185 0.011498030275106430054 0.014371835626661777496 0.017244994640350341797 0.0028748761396855115891 0.0028748973272740840912 0.00287432083860039711 0.002874483354389667511 0.002874460071325302124 0.048836469650268554688 0.0057492582127451896667 0.0057493252679705619812 0.043094050139188766479 0.0086234398186206817627 0.0086221750825643539429 0.045965962111949920654 0.011497352272272109985 0.011497482657432556152 0.011496829800307750702 0.0086237359791994094849 0.0028749089688062667847 0.0057496191002428531647 0.0086241047829389572144 0.011498345993459224701 0.014372409321367740631 0.017246361821889877319 0.02057906612753868103 0.02345289476215839386 0.026326486840844154358
-9999 -9999 0.0028748614713549613953 0.0028748714830726385117 0.0028748968616127967834 0.0057494188658893108368 0.008623708970844745636 0.011497744359076023102 0.014371450059115886688 0.017244992777705192566 0.020118542015552520752 0.022992007434368133545 0.025865193456411361694 0.028737796470522880554 0.031609717756509780884 0.034481272101402282715 0.037352789193391799927 0.040224164724349975586 0.043095350265502929688 0.045966174453496932983 0.0028748963959515094757 0.0028748987242579460144 0.040222972631454467773 0.0057493010535836219788 0.0057480474933981895447 0.043094951659440994263 0.0086233979091048240662 0.0086234975606203079224 0.0086228093132376670837 0.0057493778876960277557 0.0028748996555805206299 0.0057496102526783943176 0.0086241168901324272156 0.011498416773974895477 0.014372497797012329102 0.017246415838599205017 0.020120201632380485535 0.023452831432223320007 0.026326457038521766663 0.029199894517660140991
-9999 -9999 -9999 -9999 -9999 0.002874318975955247879 0.0028741448186337947845 0.0057484977878630161285 0.0086224740371108055115 0.0028748896438628435135 0.0057494337670505046844 0.0086237741634249687195 0.011497893370687961578 0.014371668919920921326 0.017245022580027580261 0.020118141546845436096 0.022991120815277099609 0.025863921269774436951 0.028736477717757225037 0.031608663499355316162 0.034480385482311248779 0.037351813167333602905 0.0028748945333063602448 0.0028736866079270839691 0.040223985910415649414 0.0057492493651807308197 0.0057492954656481742859 0.0057485639117658138275 0.002874781610444188118 0.0028748679906129837036 0.0057495767250657081604 0.0086240973323583602905 0.01149842236191034317 0.014372542500495910645 0.017246445640921592712 0.020120158791542053223 0.022993693128228187561 0.026326252147555351257 0.029199676588177680969 0.032072979956865310669
-9999 -9999 -9999 -9999 -9999 -9999 -9999 -9999 -9999 -9999 -9999 0.0028745897579938173294 0.0057489732280373573303 0.0086231241002678871155 0.011497201398015022278 0.014371047727763652802 0.017244696617126464844 0.020118050277233123779 0.022991158068180084229 0.025864103808999061584 0.028736842796206474304 0.031609311699867248535 0.034481368958950042725 0.037352904677391052246 0.0028748838230967521667 0.002874894067645072937 0.0028741094283759593964 0.0028746081516146659851 0.005749234464019536972 0.0086237043142318725586 0.011498029343783855438 0.014372192323207855225 0.017246155068278312683 0.02011988125741481781 0.022993331775069236755 0.089058935642242431641 0.094803176820278167725 0.098134636878967285156 0.10100418329238891602 0.10387381911277770996
-9999 -9999 -9999 -9999 -9999 -9999 -9999 -9999 -9999 -9999 -9999 -9999 0.0028748759068548679352 0.0028748526237905025482 0.0057492074556648731232 0.0086233727633953094482 0.011497284285724163055 0.014370887540280818939 0.017244134098291397095 0.020117091014981269836 0.022989805787801742554 0.025862209498882293701 0.028734331950545310974 0.031606536358594894409 0.03447851911187171936 0.037350296974182128906 0.040222104638814926147 0.043094083666801452637 0.045966193079948425293 0.048838302493095397949 0.051710370928049087524 0.054582301527261734009 0.05745395272970199585 0.060325227677822113037 0.063196033239364624023 0.0028749112971127033234 0.0028749490156769752502 0.0099105499684810638428 0.0090829767286777496338 0.011957651004195213318
-9999 -9999 -9999 -9999 -9999 -9999 -9999 -9999 -9999 -9999 -9999 -9999 -9999 -9999 -9999 -9999 -9999 -9999 -9999 -9999 0.002874890575185418129 0.0028748812619596719742 0.0028748535551130771637 0.0028748402837663888931 0.0028748521581292152405 0.0057492707855999469757 0.0086235506460070610046 0.011497656814754009247 0.014371638186275959015 0.017245566472411155701 0.020119475200772285461 0.022993221879005432129 0.025866689160466194153 0.028739836066961288452 0.031612630933523178101 0.034485258162021636963 0.037357926368713378906 0.040225792676210403442 0.04309825599193572998 0.045970641076564788818
-9999 -9999 -9999 -9999 -9999 -9999 -9999 -9999 -9999 -9999 -9999 -9999 -9999 -9999 -9999 -9999 -9999 -9999 -9999 -9999 -9999 -9999 -9999 0.0057488903403282165527 0.0057489424943923950195 0.0028748831246048212051 0.0028744826558977365494 0.0057490160688757896423 0.0086233299225568771362 0.011497512459754943848 0.014371637254953384399 0.017245674505829811096 0.020119534805417060852 0.022993078455328941345 0.025866327807307243347 0.028739457949995994568 0.031612616032361984253 0.034481599926948547363 0.037354454398155212402 0.040227193385362625122
-9999 -9999 -9999 -9999 -9999 -9999 -9999 -9999 -9999 -9999 -9999 -9999 -9999 -9999 -9999 -9999 -9999 -9999 -9999 -9999 -9999 -9999 -9999 -9999 -9999 0.0086228754371404647827 0.005749322008341550827 0.002874699421226978302 0.0028747015167027711868 0.0057492847554385662079 0.0086237331852316856384 0.011498025618493556976 0.014372145757079124451 0.017246153205633163452 0.020119914785027503967 0.022993549704551696777 0.025863708928227424622 0.028737118467688560486 0.031610328704118728638 0.034483440220355987549
-9999 -9999 -9999 -9999 -9999 -9999 -9999 -9999 -9999 -9999 -9999 -9999 -9999 -9999 -9999 -9999 -9999 -9999 -9999 -9999 -9999 -9999 -9999 -9999 -9999 -9999 0.011496705003082752228 0.0086235199123620986938 0.0057491729967296123505 0.00287471734918653965 0.0057493406347930431366 0.0086237629875540733337 0.011497956700623035431 0.014371982775628566742 0.017245877534151077271 0.020119678229093551636 0.022990308701992034912 0.025863975286483764648 0.028737479820847511292 -9999
-9999 -9999 -9999 -9999 -9999 -9999 -9999 -9999 -9999 -9999 -9999 -9999 -9999 -9999 -9999 -9999 -9999 -9999 -9999 -9999 -9999 -9999 -9999 -9999 -9999 -9999 -9999 -9999 0.011497385799884796143 0.0086233662441372871399 0.0028747804462909698486 0.0057493825443089008331 0.0086237201467156410217 0.011497843079268932343 0.014371804893016815186 0.017245635390281677246 0.020578296855092048645 -9999 -9999 -9999
