tests/data/reference/gistest/full/mqsur_m3_s.asc
ncols        125
nrows        78
xllcorner    -713756.799299980048
yllcorner    -1061032.369616159936
cellsize     10.000000000000
NODATA_value  -9999
[rows 36 to 53 of 78, columns 0 to 39 of 125]
-9999 -9999 -9999 -9999 -9999 -9999 -9999 -9999 -9999 -9999 -9999 -9999 -9999 0.0086599998176097869873 0.015901863574981689453 0.021689541637897491455 0.083683975040912628174 0.010813557542860507965 0.013802536763250827789 0.018083129078149795532 0.020348265767097473145 0.02169916592538356781 0.019085869193077087402 0.027812005952000617981 0.022554516792297363281 0.022814495489001274109 0.024682456627488136292 0.02410906180739402771 0.020035820081830024719 0.014422347769141197205 0.020339246839284896851 0.024139400571584701538 0.050068136304616928101 0.0037412287201732397079 0.0074366787448525428772 0.019766561686992645264 0.014545288868248462677 0.0110260816290974617 0.011014104820787906647 0.020877303555607795715
-9999 -9999 -9999 -9999 -9999 -9999 -9999 -9999 -9999 -9999 -9999 -9999 0.0043299999088048934937 0.012332384474575519562 0.020126752555370330811 0.084469139575958251953 0.0073711429722607135773 0.010693543590605258942 0.015788240358233451843 0.018799923360347747803 0.020669696852564811707 0.016738694161176681519 0.028452122583985328674 0.021901395171880722046 0.022152941673994064331 0.025383608415722846985 0.023426719009876251221 0.017281621694564819336 0.010945579968392848969 0.017481185495853424072 0.022214233875274658203 0.017248312011361122131 0.030793096870183944702 0.0037268956657499074936 0.016915898770093917847 0.011015182361006736755 0.0073963897302746772766 0.0073786140419542789459 0.01779803447425365448 0.0073734004981815814972
-9999 -9999 -9999 -9999 -9999 -9999 -9999 -9999 -9999 -9999 -9999 0.0043299999088048934937 0.0086599998176097869873 0.018059844151139259338 0.085345484316349029541 0.0037405949551612138748 0.0073039182461798191071 0.013109494000673294067 0.016941137611865997314 0.019468428567051887512 0.01390588562935590744 0.029111847281455993652 0.021093808114528656006 0.021398171782493591309 0.026024797931313514709 0.022811902686953544617 0.014241468161344528198 0.0073525267653167247772 0.014339371584355831146 0.020040035247802734375 0.014179325662553310394 0.014086433686316013336 0.013977003283798694611 0.0138655100017786026 0.0073780966922640800476 0.00371534004807472229 0.0037006996572017669678 0.014518318697810173035 0.0036896418314427137375 0.0036917389370501041412
-9999 -9999 -9999 -9999 -9999 -9999 -9999 -9999 -9999 -9999 -9999 0.0043299999088048934937 0.015426375903189182281 0.084287106990814208984 0.0071764374151825904846 0.0037325948942452669144 0.010147906839847564697 0.014817602001130580902 0.018179234117269515991 0.010731640271842479706 0.029791597276926040649 0.020180067047476768494 0.020539177581667900085 0.02665144018828868866 0.022181732580065727234 0.010904056020081043243 0.0036854716017842292786 0.010938075371086597443 0.017430316656827926636 0.010898732580244541168 0.010829989798367023468 0.010728393681347370148 0.010657906532287597656 0.0036806545685976743698 0.00371075398288667202 0.0074062044732272624969 0.011043981648981571198 0.0036978698335587978363 0.0073934867978096008301 0.011056460440158843994
-9999 -9999 -9999 -9999 -9999 -9999 -9999 -9999 -9999 -9999 0.0043299999088048934937 0.012263194657862186432 0.080630950629711151123 0.010260383598506450653 0.0037290479522198438644 0.0070232665166258811951 0.012508762069046497345 0.016893964260816574097 0.007314987480640411377 0.030505737289786338806 0.019222581759095191956 0.019637517631053924561 0.02728524431586265564 0.021483972668647766113 0.0073569533415138721466 0.0036847265437245368958 0.0073581980541348457336 0.014362401328980922699 0.0073771658353507518768 0.0073810238391160964966 0.0073233316652476787567 0.0072907549329102039337 0.0037448084913194179535 0.0074386447668075561523 0.011098269373178482056 0.014702385291457176208 0.018218807876110076904 0.021527009084820747375 0.024464735761284828186 0.0037044191267341375351
-9999 -9999 -9999 -9999 -9999 -9999 -9999 -9999 -9999 -9999 0.0043299999088048934937 0.07127275317907333374 0.015430328436195850372 0.0071393512189388275146 0.0037261603865772485733 0.0099738324061036109924 0.015695827081799507141 0.0037361809518188238144 0.031272269785404205322 0.018363716080784797668 0.018769040703773498535 0.027930390089750289917 0.020710052922368049622 0.0036854594945907592773 0.0036882490385323762894 0.0073691522702574729919 0.010962344706058502197 0.0037021175958216190338 0.0037357192486524581909 0.0037445728667080402374 0.0037397816777229309082 0.003740132087841629982 0.0074270446784794330597 0.011081218719482421875 0.01466620713472366333 0.018144484609365463257 0.021436316892504692078 0.024412635713815689087 0.0037096475716680288315 0.026941854506731033325
-9999 -9999 -9999 -9999 -9999 -9999 -9999 -9999 -9999 0.0086599998176097869873 0.012320763431489467621 0.067251943051815032959 0.01315800938755273819 0.0037234786432236433029 0.0070065311156213283539 0.014340841211378574371 0.016093369573354721069 0.032178562134504318237 0.017752360552549362183 0.018095217645168304443 0.028591811656951904297 0.019879333674907684326 0.0074080787599086761475 0.010951473377645015717 0.014334317296743392944 0.017463060095906257629 0.10364101827144622803 0.11699061095714569092 0.11609591543674468994 0.11519104987382888794 0.11434830725193023682 0.11365800350904464722 0.11302557587623596191 0.1124150007963180542 0.11182366311550140381 0.11124504357576370239 0.11067415773868560791 0.11010778695344924927 0.11053045839071273804 0.10990574955940246582
-9999 -9999 -9999 -9999 -9999 -9999 -9999 -9999 0.0043299999088048934937 0.0086599998176097869873 0.065481878817081451416 0.007248508743941783905 0.010312328115105628967 0.0037265608552843332291 0.012462951242923736572 0.014694392681121826172 0.017068797722458839417 0.017532579600811004639 0.017867103219032287598 0.029278110712766647339 0.018986972048878669739 0.0037460087332874536514 0.0037053416017442941666 0.0073991110548377037048 0.078957535326480865479 0.089769974350929260254 0.0172359514981508255 0.010913804173469543457 0.014287579804658889771 0.017388857901096343994 0.020140428096055984497 0.022646190598607063293 0.02481548115611076355 0.026691162958741188049 0.028332430869340896606 0.029786083847284317017 0.031077304854989051819 0.032223887741565704346 0.033173281699419021606 0.034047339111566543579
-9999 -9999 -9999 -9999 -9999 -9999 -9999 -9999 0.0043299999088048934937 0.0042116725817322731018 0.065152429044246673584 0.0037350181955844163895 0.0071481741033494472504 0.010081537067890167236 0.012742592021822929382 0.016259472817182540894 0.017207602038979530334 0.018067643046379089355 0.03002703934907913208 0.018069136887788772583 0.019144777208566665649 0.037414513528347015381 0.055831074714660644531 0.074913643300533294678 0.014282622374594211578 0.014239942654967308044 0.0073554394766688346863 0.0036894807126373052597 0.00736955227330327034 0.010991075076162815094 0.014507798478007316589 0.017900792881846427917 0.021102143451571464539 0.02407951653003692627 0.026824910193681716919 0.029369017109274864197 0.031483132392168045044 0.33905020356178283691 0.3655033111572265625 0.39234530925750732422
-9999 -9999 -9999 -9999 -9999 -9999 -9999 -9999 0.0010122989770025014877 0.056310359388589859009 0.013184900395572185516 0.0037283608689904212952 0.0071017541922628879547 0.010232797823846340179 0.014953156933188438416 0.016500413417816162109 0.018057342618703842163 0.030833184719085693359 0.017143808305263519287 0.018115721642971038818 0.018896576017141342163 0.019880946725606918335 0.020991181954741477966 0.010958614759147167206 0.010901498608291149139 0.0036825665738433599472 0.0036971853114664554596 0.0073867253959178924561 0.011026958003640174866 0.014567753300070762634 0.017948282882571220398 0.021153351292014122009 0.024145517498254776001 0.026780370622873306274 0.2729912102222442627 0.2971509099006652832 0.32216307520866394043 0.029776040464639663696 0.030470335856080055237 0.030938029289245605469
-9999 -9999 -9999 -9999 -9999 -9999 -9999 0.0043299999088048934937 0.049993526190519332886 0.010506085120141506195 0.010502071119844913483 0.0037295825313776731491 0.0071588144637644290924 0.012972624041140079498 0.015136823989450931549 0.017706021666526794434 0.031672850251197814941 0.015576454810798168182 0.016967220231890678406 0.017800351604819297791 0.018781887367367744446 0.01992375589907169342 0.0074016638100147247314 0.0073534939438104629517 0.0073447953909635543823 0.010918932035565376282 0.014386123046278953552 0.017684578895568847656 0.020685205236077308655 0.023281738162040710449 0.025459613651037216187 0.027201425284147262573 0.23529121279716491699 0.25787749886512756348 0.028011040762066841125 0.028752880170941352844 0.029543666169047355652 0.030148990452289581299 0.030505662783980369568 0.030666720122098922729
-9999 -9999 -9999 -9999 -9999 -9999 -9999 0.025600891560316085815 0.026967791840434074402 0.0073048607446253299713 0.0072930455207824707031 0.0037369241472333669662 0.010315324179828166962 0.012963341549038887024 0.016779137775301933289 0.032583117485046386719 0.013368772342801094055 0.0153691144660115242 0.016667259857058525085 0.017713494598865509033 0.018822109326720237732 0.0037122359499335289001 0.0036834185011684894562 0.0036862031556665897369 0.0036872297059744596481 0.0073678810149431228638 0.010996114462614059448 0.014507546089589595795 0.15348359942436218262 0.17308250069618225098 0.19273164868354797363 0.21357238292694091797 0.027193130925297737122 0.027498446404933929443 0.028371373191475868225 0.029069446027278900146 0.029532046988606452942 0.029772320762276649475 0.029851160943508148193 0.029894599691033363342
-9999 -9999 -9999 -9999 -9999 -9999 0.0043299999088048934937 0.024183366447687149048 0.025677604600787162781 0.0037333786021918058395 0.0037349292542785406113 0.0071664173156023025513 0.010138898156583309174 0.015214947052299976349 0.033510021865367889404 0.010527249425649642944 0.013196511194109916687 0.01522747427225112915 0.016685659065842628479 0.017754871398210525513 0.018682476133108139038 0.036399781703948974609 0.053801562637090682983 0.071344852447509765625 0.10447713732719421387 0.11512266099452972412 0.1287355273962020874 0.14461536705493927002 0.023868331685662269592 0.024388711899518966675 0.025661557912826538086 0.026178220286965370178 0.026535749435424804688 0.027562260627746582031 0.028162345290184020996 0.02853876166045665741 0.028728604316711425781 0.028765177354216575623 0.028755711391568183899 0.029733277857303619385
-9999 -9999 -9999 -9999 -9999 0.020177302882075309753 0.014901077374815940857 0.010449505411088466644 0.020026968792080879211 0.0037277743685990571976 0.0037229654844850301743 0.0069827465340495109558 0.013320869766175746918 0.034499548375606536865 0.0072479099035263061523 0.010373764671385288239 0.01301397569477558136 0.015153289772570133209 0.016659758985042572021 0.017547380179166793823 0.018085258081555366516 0.018714753910899162292 0.019422529265284538269 0.034726567566394805908 0.014420244842767715454 0.017583534121513366699 0.020058643072843551636 0.021848538890480995178 0.022409932687878608704 0.024014262482523918152 0.024555541574954986572 0.024963730946183204651 0.026263110339641571045 0.026783967390656471252 0.027116330340504646301 0.027307461947202682495 0.027356216683983802795 0.027314899489283561707 0.028807988390326499939 0.028268106281757354736
-9999 -9999 -9999 -9999 -9999 0.017305877059698104858 0.015842754393815994263 0.0071798167191445827484 0.010254289023578166962 0.0070582511834800243378 0.0037118461914360523224 0.01135091390460729599 0.035667218267917633057 0.0037326083984225988388 0.0071788607165217399597 0.010222206823527812958 0.012842762283980846405 0.015046281740069389343 0.016374656930565834045 0.016664227470755577087 0.017069723457098007202 0.017582295462489128113 0.034833684563636779785 0.010999110527336597443 0.01442835293710231781 0.017266465350985527039 0.019360292702913284302 0.019934153184294700623 0.021919343620538711548 0.022405810654163360596 0.022817831486463546753 0.024505799636244773865 0.024990122765302658081 0.025322414934635162354 0.025538945570588111877 0.025620372965931892395 0.025583211332559585571 0.027842840179800987244 0.026728238910436630249 0.028056958690285682678
-9999 -9999 -9999 -9999 0.0043299999088048934937 0.014543710276484489441 0.013506687246263027191 0.0037190970033407211304 0.006980310194194316864 0.0037020905874669551849 0.0093120560050010681152 0.023694993928074836731 0.013512364588677883148 0.0037262740079313516617 0.007083035539835691452 0.010026670992374420166 0.012713927775621414185 0.0147982817143201828 0.014986445195972919464 0.015151254832744598389 0.015417358838021755219 0.034079171717166900635 0.007398410700261592865 0.011009072884917259216 0.014144835062325000763 0.01649989001452922821 0.017062481492757797241 0.019344257190823554993 0.019765045493841171265 0.020185239613056182861 0.022235861048102378845 0.02267078496515750885 0.023020053282380104065 0.023280963301658630371 0.023413436487317085266 0.023422621190547943115 0.026834089308977127075 0.024940863251686096191 0.02681426703929901123 0.026284437626600265503
-9999 -9999 -9999 -9999 0.0043299999088048934937 0.015988035127520561218 0.0070234518498182296753 0.0036921708378940820694 0.0036627133376896381378 0.0070229750126600265503 0.0071002049371600151062 0.016731286421418190002 0.011835226789116859436 0.0037139980122447013855 0.0069178375415503978729 0.009875470772385597229 0.012630427256226539612 0.012763590551912784576 0.012851300649344921112 0.012912669219076633453 0.032502792775630950928 0.0036976102273911237717 0.0074196080677211284637 0.010791523382067680359 0.013370264321565628052 0.013907318934798240662 0.016395419836044311523 0.016759429126977920532 0.01717925630509853363 0.01953128911554813385 0.019925620406866073608 0.020270345732569694519 0.020540328696370124817 0.020700616762042045593 0.0207575969398021698 0.025583537295460700989 0.022790955379605293274 0.025501903146505355835 0.024397367611527442932 0.024767473340034484863
-9999 -9999 -9999 0.041510358452796936035 0.00074928067624568939209 0.0071444506756961345673 0.0069611528888344764709 0.0036161092575639486313 0.0035709878429770469666 0.0036082379519939422607 0.0035446418914943933487 0.012458614073693752289 0.0094317225739359855652 0.0036834287457168102264 0.0067367227748036384583 0.010000172071158885956 0.0099865794181823730469 0.010091590695083141327 0.010132228955626487732 0.016998905688524246216 0.013468542136251926422 0.0037400692235678434372 0.0072982907295227050781 0.010117497295141220093 0.010586645454168319702 0.013215309940278530121 0.013563130050897598267 0.013965651392936706543 0.016548460349440574646 0.01693139784038066864 0.01726210862398147583 0.017508869990706443787 0.017654646188020706177 0.01771938614547252655 0.024045424535870552063 0.020210945978760719299 0.023954825475811958313 0.022205758839845657349 0.022537693381309509277 0.022962100803852081299
