tests/data/reference/gistest/full/mqsur_m3_s.asc
ncols        125
nrows        78
xllcorner    -713756.799299980048
yllcorner    -1061032.369616159936
cellsize     10.000000000000
NODATA_value  -9999
[rows 36 to 53 of 78, columns 0 to 39 of 125]
-9999 -9999 -9999 -9999 -9999 -9999 -9999 -9999 -9999 -9999 -9999 -9999 -9999 0.0069980323314666748047 0.012415595352649688721 0.021034836769104003906 0.162122383713722229 0.0086223175749182701111 0.01149535737931728363 0.017238017171621322632 0.022979773581027984619 0.031593177467584609985 0.017241027206182479858 0.057427007704973220825 0.0430697612464427948 0.051673021167516708374 0.086087584495544433594 0.04307626187801361084 0.017242209985852241516 0.011496577411890029907 0.017242578789591789246 0.022987289354205131531 0.0431040152907371521 0.0028745988383889198303 0.0057484931312501430511 0.017241926863789558411 0.011496764607727527618 0.0086232163012027740479 0.0086232339963316917419 0.017243314534425735474
-9999 -9999 -9999 -9999 -9999 -9999 -9999 -9999 -9999 -9999 -9999 -9999 0.0042788363061845302582 0.0095412880182266235352 0.018161753192543983459 0.15926280617713928223 0.0057487138547003269196 0.0086221098899841308594 0.014365508221089839935 0.020107952877879142761 0.028722329065203666687 0.014368481934070587158 0.054559040814638137817 0.040200356394052505493 0.048804461956024169922 0.083222225308418273926 0.040206190198659896851 0.014369202777743339539 0.0086229089647531509399 0.014369524084031581879 0.020114721730351448059 0.01436918601393699646 0.025863651186227798462 0.0028740647248923778534 0.014368768781423568726 0.0086230468004941940308 0.0057491688057780265808 0.0057491562329232692719 0.014370050281286239624 0.0057491874322295188904
-9999 -9999 -9999 -9999 -9999 -9999 -9999 -9999 -9999 -9999 -9999 0.0040313536301255226135 0.0067029497586190700531 0.015288486145436763763 0.15640331804752349854 0.0028747729957103729248 0.0057485061697661876678 0.011492663994431495667 0.017235789448022842407 0.025851095095276832581 0.01149550359696149826 0.051690667867660522461 0.037330616265535354614 0.045935697853565216064 0.080356888473033905029 0.03733607754111289978 0.01149605773389339447 0.0057490137405693531036 0.011496302671730518341 0.017242161557078361511 0.011495892889797687531 0.011495742946863174438 0.011495562270283699036 0.011495410464704036713 0.0057490798644721508026 0.0028748968616127967834 0.002874879864975810051 0.011496731080114841461 0.0028748696204274892807 0.0028748717159032821655
-9999 -9999 -9999 -9999 -9999 -9999 -9999 -9999 -9999 -9999 -9999 0.0036476373206824064255 0.012414980679750442505 0.14779736101627349854 0.0057477392256259918213 0.0028747220057994127274 0.0086195804178714752197 0.01436336711049079895 0.022979574277997016907 0.0086221657693386077881 0.048821870237588882446 0.034460537135601043701 0.043066639453172683716 0.077491395175457000732 0.034465812146663665771 0.0086226286366581916809 0.0028748549520969390869 0.0086228111758828163147 0.014369420707225799561 0.0086225261911749839783 0.0086222933605313301086 0.00862206239253282547 0.0086219459772109985352 0.0028748388867825269699 0.0028748791664838790894 0.0057492484338581562042 0.0086232526227831840515 0.0028748484328389167786 0.0057491459883749485016 0.0086232861503958702087
-9999 -9999 -9999 -9999 -9999 -9999 -9999 -9999 -9999 -9999 0.003688887227326631546 0.0095411716029047966003 0.13631796836853027344 0.0086220065131783485413 0.0028747033793479204178 0.0057465382851660251617 0.011490896344184875488 0.020107919350266456604 0.0057485168799757957458 0.045952837914228439331 0.03159011155366897583 0.0401972942054271698 0.074625693261623382568 0.031595297157764434814 0.0057489033788442611694 0.0028748463373631238937 0.0057489904575049877167 0.011496345512568950653 0.0057488605380058288574 0.0057487231679260730743 0.0057484842836856842041 0.005748400464653968811 0.0028748088516294956207 0.005749007686972618103 0.0086232153698801994324 0.011497260071337223053 0.014371073804795742035 0.017244387418031692505 0.020117182284593582153 0.002874869154766201973
-9999 -9999 -9999 -9999 -9999 -9999 -9999 -9999 -9999 -9999 0.0042053274810314178467 0.11909452080726623535 0.014366431161761283875 0.0057489657774567604065 0.0028746894095093011856 0.008618485182523727417 0.017236340790987014771 0.0028747429605573415756 0.043083731085062026978 0.028719486668705940247 0.037327654659748077393 0.071759700775146484375 0.02872447483241558075 0.0028748377226293087006 0.002874849364161491394 0.0057490570470690727234 0.0086228977888822555542 0.0028748312033712863922 0.0028748256154358386993 0.002874806523323059082 0.0028747669421136379242 0.0028747695032507181168 0.0057489718310534954071 0.0086232032626867294312 0.011497202329337596893 0.014370939694344997406 0.017244318500161170959 0.020117267966270446777 0.0028748803306370973587 0.02298968099057674408
-9999 -9999 -9999 -9999 -9999 -9999 -9999 -9999 -9999 0.0068243187852203845978 0.0095412675291299819946 0.10669333487749099731 0.011493971571326255798 0.0028746773023158311844 0.0057458458468317985535 0.014364698901772499084 0.01723709888756275177 0.040214877575635910034 0.025848830118775367737 0.03445788845419883728 0.068893477320671081543 0.025853343307971954346 0.0057488349266350269318 0.0086226351559162139893 0.011496223509311676025 0.014369495213031768799 0.14934471249580383301 0.16657394170761108398 0.16943386197090148926 0.17229330539703369141 0.17515207827091217041 0.17801295220851898193 0.18087504804134368896 0.18373720347881317139 0.18659949302673339844 0.18946167826652526855 0.19232332706451416016 0.19518415629863739014 0.21816009283065795898 0.22389337420463562012
-9999 -9999 -9999 -9999 -9999 -9999 -9999 -9999 0.0039835283532738685608 0.0066905464045703411102 0.0980833396315574646 0.0057481545954942703247 0.0086210081353783607483 0.0028746912721544504166 0.011492672376334667206 0.014365351758897304535 0.020108966156840324402 0.02297835424542427063 0.031588327139616012573 0.066027306020259857178 0.02298191562294960022 0.0028748209588229656219 0.0028748302720487117767 0.005748954135924577713 0.11775424331426620483 0.13211342692375183105 0.014369137585163116455 0.0086227143183350563049 0.011496189981698989868 0.014369399286806583405 0.017242357134819030762 0.020115302875638008118 0.022988049313426017761 0.02586062997579574585 0.028733067214488983154 0.031605347990989685059 0.034477438777685165405 0.037349302321672439575 0.040220834314823150635 0.043092180043458938599
-9999 -9999 -9999 -9999 -9999 -9999 -9999 -9999 0.0035327896475791931152 0.0057448605075478553772 0.089475832879543304443 0.0028747357428073883057 0.0057478155940771102905 0.0086203766986727714539 0.011493227444589138031 0.017237661406397819519 0.020107571035623550415 0.028718955814838409424 0.063161902129650115967 0.020110346376895904541 0.022981774061918258667 0.048832256346940994263 0.077551171183586120605 0.10914094746112823486 0.011496068909764289856 0.011496083810925483704 0.0057489746250212192535 0.0028748549520969390869 0.0057490849867463111877 0.008623058907687664032 0.011496779508888721466 0.014370384626090526581 0.017243783921003341675 0.020117022097110748291 0.022990144789218902588 0.025863207876682281494 0.028735851868987083435 0.46806409955024719238 0.50825655460357666016 0.54844903945922851562
-9999 -9999 -9999 -9999 -9999 -9999 -9999 -9999 0.0028737643733620643616 0.075117655098438262939 0.011494182050228118896 0.0028746998868882656097 0.0057475613430142402649 0.0086207641288638114929 0.014365991577506065369 0.017236404120922088623 0.025849077850580215454 0.060296546667814254761 0.01723887026309967041 0.020110167562961578369 0.022981194779276847839 0.025851963087916374207 0.02872523479163646698 0.008622669614851474762 0.0086226733401417732239 0.0028748442418873310089 0.0028748598415404558182 0.0057491692714393138885 0.0086232032626867294312 0.011496929451823234558 0.014370401389896869659 0.017243776470422744751 0.020117035135626792908 0.022989971563220024109 0.36470854282379150391 0.3991603553295135498 0.43647834658622741699 0.037345036864280700684 0.037346273660659790039 0.037347029894590377808
-9999 -9999 -9999 -9999 -9999 -9999 -9999 0.0038093398325145244598 0.06363191455602645874 0.0086213350296020507812 0.0086214691400527954102 0.0028747059404850006104 0.0057477867230772972107 0.011493862606585025787 0.014364778995513916016 0.022978749126195907593 0.057430420070886611938 0.014366922900080680847 0.01723849959671497345 0.02010954730212688446 0.022980423644185066223 0.025853894650936126709 0.0057489234022796154022 0.0057489587925374507904 0.005748943425714969635 0.0086227944120764732361 0.011496503837406635284 0.014369984157383441925 0.017243085429072380066 0.020115831866860389709 0.022988354787230491638 0.025860659778118133545 0.30728447437286376953 0.33886566758155822754 0.031602140516042709351 0.034471102058887481689 0.034473970532417297363 0.034475103020668029785 0.034475743770599365234 0.034476060420274734497
-9999 -9999 -9999 -9999 -9999 -9999 -9999 0.034905672073364257812 0.02586014382541179657 0.0057482090778648853302 0.0057483022101223468781 0.002874747617170214653 0.0086211804300546646118 0.011492557823657989502 0.020107803866267204285 0.054563812911510467529 0.011494572274386882782 0.014366547577083110809 0.017237905412912368774 0.020108811557292938232 0.022982323542237281799 0.0028748288750648498535 0.0028748442418873310089 0.0028748519252985715866 0.002874851226806640625 0.0057490705512464046478 0.0086230747401714324951 0.011496751569211483002 0.19817419350147247314 0.2240174412727355957 0.24986055493354797363 0.27856963872909545898 0.028729917481541633606 0.028730798512697219849 0.031600039452314376831 0.031602729111909866333 0.031603675335645675659 0.031604167073965072632 0.031604383140802383423 0.03160451352596282959
-9999 -9999 -9999 -9999 -9999 -9999 0.0033333334140479564667 0.028730168938636779785 0.022988848388195037842 0.002874726196750998497 0.0028747352771461009979 0.0057479869574308395386 0.0086197201162576675415 0.017236111685633659363 0.051696177572011947632 0.0086216852068901062012 0.01149425748735666275 0.014366187155246734619 0.017237344756722450256 0.020110707730054855347 0.022981930524110794067 0.04596252739429473877 0.0689393654465675354 0.091916263103485107422 0.13212515413761138916 0.14648422598838806152 0.16371564567089080811 0.18381813168525695801 0.022985862568020820618 0.022986887022852897644 0.025854881852865219116 0.025858405977487564087 0.025859264656901359558 0.028728710487484931946 0.028731204569339752197 0.028732009232044219971 0.028732394799590110779 0.028732523322105407715 0.028732581064105033875 0.040213473141193389893
-9999 -9999 -9999 -9999 -9999 0.023902922868728637695 0.017238626256585121155 0.0086212996393442153931 0.017242999747395515442 0.0028746970929205417633 0.0028746752068400382996 0.0057465648278594017029 0.014364036731421947479 0.048828039318323135376 0.0057482803240418434143 0.008621346205472946167 0.011493858881294727325 0.014365594834089279175 0.01723916269838809967 0.020110331475734710693 0.020111074671149253845 0.020109165459871292114 0.020110849291086196899 0.037345509976148605347 0.011496366932988166809 0.014369669370353221893 0.017242286354303359985 0.020113697275519371033 0.020114732906222343445 0.022983061149716377258 0.022986533120274543762 0.022987406700849533081 0.025857083499431610107 0.02585940435528755188 0.025860100984573364258 0.025860421359539031982 0.025860505178570747375 0.025860484689474105835 0.037342358380556106567 0.028732068836688995361
-9999 -9999 -9999 -9999 -9999 0.020570674911141395569 0.014367749914526939392 0.0057478845119476318359 0.0086219897493720054626 0.0057488456368446350098 0.0028746316675096750259 0.011491983197629451752 0.045960046350955963135 0.0028747220057994127274 0.0057480619288980960846 0.0086209829896688461304 0.011493189260363578796 0.014367277733981609344 0.017238756641745567322 0.017239164561033248901 0.017237093299627304077 0.017238628119230270386 0.034474946558475494385 0.0086228558793663978577 0.011496454477310180664 0.014369414187967777252 0.017241170629858970642 0.017242209985852241516 0.020110955461859703064 0.020114343613386154175 0.020115189254283905029 0.022985184565186500549 0.02298742346465587616 0.022988064214587211609 0.022988341748714447021 0.02298839762806892395 0.022988326847553253174 0.034471202641725540161 0.025859953835606575012 0.034471858292818069458
-9999 -9999 -9999 -9999 0.0034049092791974544525 0.017238514497876167297 0.011495293118059635162 0.0028746589086949825287 0.0057487050071358680725 0.0028745990712195634842 0.0086200721561908721924 0.028726270422339439392 0.014366214163601398468 0.0028746898751705884933 0.005747761111706495285 0.008620304986834526062 0.011494787409901618958 0.014366853982210159302 0.014367158524692058563 0.014364865608513355255 0.014366156421601772308 0.031604178249835968018 0.0057490346953272819519 0.0086228875443339347839 0.011496143415570259094 0.014368247240781784058 0.014369259588420391083 0.017238371074199676514 0.017241705209016799927 0.017242545261979103088 0.0201128348708152771 0.020114999264478683472 0.020115626975893974304 0.020115921273827552795 0.020116006955504417419 0.020115960389375686646 0.031600009649991989136 0.022987762466073036194 0.031600374728441238403 0.02585932612419128418
-9999 -9999 -9999 -9999 0.0033333334140479564667 0.014368077740073204041 0.0057485820725560188293 0.0028745697345584630966 0.0028744959272444248199 0.0057483660057187080383 0.0057484591379761695862 0.020108705386519432068 0.011494152247905731201 0.0028746393509209156036 0.0057471264153718948364 0.008621867746114730835 0.011494376696646213531 0.011494787409901618958 0.011492443270981311798 0.011493430472910404205 0.028733033686876296997 0.0028748328331857919693 0.005748954135924577713 0.0086224824190139770508 0.011494872160255908966 0.011495855636894702911 0.014365314505994319916 0.01436856389045715332 0.014369392767548561096 0.017239989712834358215 0.017242085188627243042 0.01724268496036529541 0.017242986708879470825 0.017243120819330215454 0.01724315248429775238 0.028728460893034934998 0.020115355029702186584 0.028728820383548736572 0.022987080737948417664 0.022987557575106620789
-9999 -9999 -9999 0.053543258458375930786 0.0028733597137033939362 0.0057485266588628292084 0.0057483408600091934204 0.0028744027949869632721 0.0028743271250277757645 0.0028743888251483440399 0.002874286845326423645 0.014364355243742465973 0.0086217848584055900574 0.0028745459858328104019 0.0057487161830067634583 0.0086215445771813392639 0.0086219394579529762268 0.00861969776451587677 0.0086205834522843360901 0.014366937801241874695 0.011494926176965236664 0.002874769037589430809 0.0057485653087496757507 0.0086212279275059700012 0.0086221322417259216309 0.011491925455629825592 0.011495088227093219757 0.011495894752442836761 0.014366805553436279297 0.014368860982358455658 0.01436943933367729187 0.014369728043675422668 0.014369868673384189606 0.014369942247867584229 0.02585646510124206543 0.017242552712559700012 0.025856941938400268555 0.020114637911319732666 0.020115051418542861938 0.02011550217866897583
