tests/data/reference/gistest/full/mqsur_m3_s.asc
ncols        125
nrows        78
xllcorner    -713756.799299980048
yllcorner    -1061032.369616159936
cellsize     10.000000000000
NODATA_value  -9999
[rows 54 to 71 of 78, columns 80 to 119 of 125]
0.014831997454166412354 0.01770642399787902832 0.020580716431140899658 0.023454844951629638672 0.026328733190894126892 0.029341403394937515259 0.032353643327951431274 0.24293506145477294922 0.11658908426761627197 0.0030138110741972923279 0 0.026003260165452957153 0.014510517939925193787 0.0057493499480187892914 0.0028748265467584133148 0.0086239147931337356567 0.011498215608298778534 0.022992758080363273621 0.025867609307169914246 0.011498489417135715485 0.040227260440587997437 0.060324259102344512939 0.066532514989376068115 0.057458501309156417847 0.060794495046138763428 0.057924259454011917114 0.055052462965250015259 0.051716893911361694336 0.27329921722412109375 0.025862136855721473694 0.069421432912349700928 0.0028747925534844398499 0.0028746288735419511795 0.014370041899383068085 0.011496804654598236084 0.037363424897193908691 0.025868417695164680481 0.0086237685754895210266 0.0057494784705340862274 0.0028748989570885896683
0.22107309103012084961 0.22393809258937835693 0.22680340707302093506 0.22966888546943664551 0.23253402113914489746 0.23539856076240539551 0.23840162158012390137 0.24140287935733795166 0.24593344330787658691 0.12260714173316955566 0 0.0175228901207447052 0.0087626194581389427185 0.0028748684562742710114 0.0057495278306305408478 0.011498236097395420074 0.014372372068464756012 0.025866193696856498718 0.028740845620632171631 0.014372617937624454498 0.043099626898765563965 0.063195541501045227051 0.06940374523401260376 0.060330089181661605835 0.063666358590126037598 0.060796227306127548218 0.057924229651689529419 0.32787606120109558105 0.028734629973769187927 0.072291322052478790283 0.011498157866299152374 0.0057492512278258800507 0.017243454232811927795 0.014370327815413475037 0.057478196918964385986 0.017244726419448852539 0.014371384866535663605 0.011497579514980316162 0.008623469620943069458 0.0057491515763103961945
0.08041607588529586792 0.083286687731742858887 0.086157374083995819092 0.089028239250183105469 0.091899126768112182617 0.094769783318042755127 0.097640149295330047607 0.10064886510372161865 0.34504714608192443848 0.37153062224388122559 0 0.011771570891141891479 0.0030138255096971988678 0.0058885430917143821716 0.0086240870878100395203 0.014372455887496471405 0.017246419563889503479 0.02873952127993106842 0.031613927334547042847 0.017246553674340248108 0.045971836894750595093 0.066066652536392211914 0.072274804115295410156 0.063201487064361572266 0.066537931561470031738 0.063667729496955871582 0.060795366764068603516 0.35946789383888244629 0.075161024928092956543 0.014372023753821849823 0.022990146651864051819 0.020116882398724555969 0.017243789508938789368 0.060348305851221084595 0.020118251442909240723 0.017245128750801086426 0.014371595345437526703 0.011497656814754009247 0.008623491041362285614 0.0057491972111165523529
0.18950210511684417725 0.1923691481351852417 0.19523599743843078613 0.19810217618942260742 0.20096828043460845947 0.20383441448211669922 0.20670045912265777588 0.20970545709133148193 0.21271026134490966797 0.56074154376983642578 0.37452664971351623535 0 0.0060273786075413227081 0.0089019285514950752258 0.011498509906232357025 0.017246549949049949646 0.020120317116379737854 0.031612686812877655029 0.034486837685108184814 0.020120305940508842468 0.048843849450349807739 0.06893749535083770752 0.075145579874515533447 0.066072553396224975586 0.06940902024507522583 0.066538594663143157959 0.42311823368072509766 0.078030340373516082764 0.017245620489120483398 0.025863206014037132263 0.0028749061748385429382 0.020117208361625671387 0.063218653202056884766 0.022991254925727844238 0.025864828377962112427 0.022991957142949104309 0.020118653774261474609 0.017244998365640640259 0.014371217228472232819 0.011497464030981063843
0.068944036960601806641 0.071815185248851776123 0.074685879051685333252 0.2192668914794921875 0.22213232517242431641 0.22499780356884002686 0.25660696625709533691 0.26809528470039367676 0.27109879255294799805 0.27410262823104858398 1.212324976921081543 0.0030139489099383354187 0 0.011914951726794242859 0.014511765912175178528 0.020120458677411079407 0.022994009777903556824 0.03448564186692237854 0.037359561771154403687 0.022993849590420722961 0.051715586334466934204 0.071808002889156341553 0.078016102313995361328 0.068943351507186889648 0.072279661893844604492 0.49251016974449157715 0.080899521708488464355 0.020118901506066322327 0.057472508400678634644 0.028738282620906829834 0.022990465164184570312 0.06608912348747253418 0.025864202529191970825 0.057472281157970428467 0.028736565262079238892 0.02586374431848526001 0.022990560159087181091 0.020117070525884628296 0.017243467271327972412 0.014369959011673927307
0.086200170218944549561 0.10677532106637954712 0.14171586930751800537 0.011498399078845977783 0.02012182772159576416 0.028744829818606376648 0.0086243264377117156982 0.0086243702098727226257 0.017248265445232391357 0.026010731235146522522 0.029022971168160438538 1.2473124265670776367 0 0.014923437498509883881 0.017524648457765579224 0.023133151233196258545 0.025867456570267677307 0.03735836222767829895 0.04023205488920211792 0.025867141783237457275 0.054586999118328094482 0.074678204953670501709 0.080886498093605041504 0.071813985705375671387 0.56764209270477294922 0.083768784999847412109 0.022991985082626342773 0.13503929972648620605 0.074699886143207550049 0.071829766035079956055 0.068959496915340423584 0.0287370290607213974 0.089077979326248168945 0.028736388310790061951 0.025863546878099441528 0.022990452125668525696 0.020117091014981269836 0.017243459820747375488 0.014369628392159938812 0.011495860293507575989
0.017705930396914482117 0.03207286447286605835 0.0086241317912936210632 0.0057496759109199047089 0.0057497234083712100983 0.0057497592642903327942 0.0057497839443385601044 0.0057498230598866939545 0.0057498803362250328064 0.0057499026879668235779 0.0087634809315204620361 0.011776673607528209686 1.2620328664779663086 0 0.020537028089165687561 0.026145316660404205322 0.028740605339407920837 0.040230821818113327026 0.043104294687509536743 0.028740188106894493103 0.05745817720890045166 0.077548228204250335693 0.083756729960441589355 0.074684262275695800781 0.65425843000411987305 0.025864807888865470886 0.17813099920749664307 0.040226660668849945068 0.037354398518800735474 0.03448208048939704895 0.031609665602445602417 0.091947175562381744385 0.0028748954646289348602 0.017245890572667121887 0.014372166246175765991 0.011498188599944114685 0.0086239706724882125854 0.0057495217770338058472 0.0028748787008225917816 0.0057489336468279361725
0.029199797660112380981 0.0057496745139360427856 0.0028749539051204919815 0.0028749681077897548676 0.0028749860357493162155 0.0028750016354024410248 0.0028750167693942785263 0.0028750391211360692978 0.0028750642668455839157 0.02586783282458782196 0.031616136431694030762 0.034628100693225860596 0.037639383226633071899 1.3026088476181030273 0 0.029156729578971862793 0.031752463430166244507 0.04310304298996925354 0.045976292341947555542 0.03161301836371421814 0.060329217463731765747 0.080418154597282409668 0.086626634001731872559 0.73178809881210327148 0.028737356886267662048 0.1896193772554397583 0.0086241103708744049072 0.005749616771936416626 0.0028748870827257633209 0.0028748579788953065872 0.10056539624929428101 0.005749552510678768158 0.020119376480579376221 0.0028749054763466119766 0.0057496069930493831635 0.0028749194461852312088 0.0028748870827257633209 0.0028747792821377515793 -9999 0.0028748428449034690857
0.0028749685734510421753 0.0028749641496688127518 0.005749713163822889328 0.0086242491379380226135 0.011498580686748027802 0.014372724108397960663 0.017246706411242485046 0.020120548084378242493 0.022994259372353553772 0.0028750651981681585312 0.0028750682249665260315 0.0057498817332088947296 0.008763336576521396637 0.011776211671531200409 1.3173131942749023438 0 0.034764219075441360474 0.045975174754858016968 0.048848044127225875854 0.034485589712858200073 0.063200004398822784424 0.083287693560123443604 0.82125759124755859375 0.031609643250703811646 0.20685513317584991455 0.014372327364981174469 0.011498254723846912384 0.0086239511147141456604 0.0057494915090501308441 0.10343363136053085327 0.00287487078458070755 0.022992610931396484375 0.0057495585642755031586 0.0086240246891975402832 0.0028749292250722646713 -9999 -9999 -9999 -9999 -9999
0.032073184847831726074 0.034946385771036148071 0.037819519639015197754 0.040692549198865890503 0.043565422296524047852 0.046438116580247879028 0.049310632050037384033 0.052182983607053756714 0.055055215954780578613 0.057927321642637252808 0.060799293220043182373 0.12734049558639526367 0.13308410346508026123 0.13609111309051513672 0.13909737765789031982 0 0.0377748832106590271 0.048986475914716720581 0.086203269660472869873 0.0028748705517500638962 0.066070310771465301514 0.90738391876220703125 0.034481681883335113525 0.22121550142765045166 0.011498436331748962402 0.0086241634562611579895 0.005749604199081659317 0.0028748849872499704361 0.10630167275667190552 0.0057494658976793289185 0.025865530595183372498 0.0086239213123917579651 0.01149818766862154007 -9999 -9999 -9999 -9999 -9999 -9999 -9999
0.034946221858263015747 0.037819430232048034668 0.040692586451768875122 0.043565664440393447876 0.046438600867986679077 0.049311377108097076416 0.052183907479047775269 0.055056195706129074097 0.057928320020437240601 0.060800276696681976318 0.063672035932540893555 0.0028750465717166662216 0.0028750419151037931442 0.0057498300448060035706 0.0087633384391665458679 0.15086519718170166016 0 0.08976916968822479248 0.092086315155029296875 0.068940266966819763184 0.91022181510925292969 0.03735349699854850769 0.22407712042331695557 0.011498404666781425476 0.0086242249235510826111 0.0057496782392263412476 0.0028749087359756231308 0.10916951298713684082 0.0086237704381346702576 0.028738146647810935974 0.011497962288558483124 -9999 -9999 -9999 -9999 -9999 -9999 -9999 -9999 -9999
0.10674366354942321777 0.10961361974477767944 0.11248359084129333496 0.11535359174013137817 0.11822348088026046753 0.12109307944774627686 0.12396261841058731079 0.12683187425136566162 0.12970073521137237549 0.13256923854351043701 0.13543751835823059082 0.13830570876598358154 0.14117388427257537842 0.14404180645942687988 0.14704847335815429688 0.15005537867546081543 0.30391752719879150391 0 0.16403111815452575684 0.91305977106094360352 0.040225207805633544922 0.22693818807601928711 0.135007515549659729 0.12064255028963088989 0.11777451634407043457 0.1149059683084487915 0.11203746497631072998 0.011497805826365947723 0.031610466539859771729 0.014371698722243309021 -9999 -9999 -9999 -9999 -9999 -9999 -9999 -9999 -9999 -9999
0.014832177199423313141 0.01770655997097492218 0.020580794662237167358 0.023454902693629264832 0.026328882202506065369 0.029202606528997421265 0.032076124101877212524 0.034949544817209243774 0.037822723388671875 0.040695611387491226196 0.043568350374698638916 0.04644098132848739624 0.049313504248857498169 0.052185881882905960083 0.055058117955923080444 0.058069318532943725586 0.06108023226261138916 0.36798971891403198242 0 0.95625960826873779297 0.22979955375194549561 0.13787356019020080566 0.002874915488064289093 0.0028749592602252960205 0.0057496875524520874023 0.0028749487828463315964 0.014371673576533794403 0.034482602030038833618 -9999 -9999 -9999 -9999 -9999 -9999 -9999 -9999 -9999 -9999 -9999 -9999
0.048843044787645339966 0.051715400069952011108 0.054587688297033309937 0.057459939271211624146 0.060332145541906356812 0.0632039681077003479 0.066075451672077178955 0.068946771323680877686 0.071818046271800994873 0.074688941240310668945 0.077559687197208404541 0.080430336296558380127 0.083300948143005371094 0.086171530187129974365 0.089042082428932189941 0.091912500560283660889 0.094921790063381195068 0.097930066287517547607 0 1.1890267133712768555 0.14087828993797302246 0.0057495692744851112366 0.0057496549561619758606 0.0086241690441966056824 0.0028749695047736167908 0.017245443537831306458 -9999 -9999 -9999 -9999 -9999 -9999 -9999 -9999 -9999 -9999 -9999 -9999 -9999 -9999
0.043099921196699142456 0.045972589403390884399 0.048845186829566955566 0.051717713475227355957 0.054590132087469100952 0.057462401688098907471 0.060334242880344390869 0.063205726444721221924 0.066076949238777160645 0.068948179483413696289 0.071819640696048736572 0.074690856039524078369 0.077562004327774047852 0.080433107912540435791 0.083304136991500854492 0.086174994707107543945 0.089045658707618713379 0.092055290937423706055 0.09506200253963470459 0 0.14963190257549285889 0.008624078705906867981 0.011498413980007171631 -9999 -9999 -9999 -9999 -9999 -9999 -9999 -9999 -9999 -9999 -9999 -9999 -9999 -9999 -9999 -9999 -9999
0.037356514483690261841 0.040229506790637969971 0.043102398514747619629 0.04597515985369682312 0.048847746104001998901 0.051720201969146728516 0.054592546075582504272 0.057464361190795898438 0.060335654765367507935 0.0028749273624271154404 0.0028749378398060798645 0.005749722011387348175 0.0086244177073240280151 -9999 -9999 -9999 -9999 -9999 -9999 0.098067648708820343018 0 0.014511360786855220795 -9999 -9999 -9999 -9999 -9999 -9999 -9999 -9999 -9999 -9999 -9999 -9999 -9999 -9999 -9999 -9999 -9999 -9999
-9999 -9999 -9999 -9999 -9999 -9999 -9999 -9999 -9999 -9999 -9999 -9999 -9999 -9999 -9999 -9999 -9999 -9999 -9999 -9999 0 -9999 -9999 -9999 -9999 -9999 -9999 -9999 -9999 -9999 -9999 -9999 -9999 -9999 -9999 -9999 -9999 -9999 -9999 -9999
-9999 -9999 -9999 -9999 -9999 -9999 -9999 -9999 -9999 -9999 -9999 -9999 -9999 -9999 -9999 -9999 -9999 -9999 -9999 -9999 -9999 -9999 -9999 -9999 -9999 -9999 -9999 -9999 -9999 -9999 -9999 -9999 -9999 -9999 -9999 -9999 -9999 -9999 -9999 -9999
