tests/data/reference/gistest/full/mqsur_m3_s.asc
ncols        125
nrows        78
xllcorner    -713756.799299980048
yllcorner    -1061032.369616159936
cellsize     10.000000000000
NODATA_value  -9999
[rows 18 to 35 of 78, columns 40 to 79 of 125]
0.048839125782251358032 0.037349466234445571899 0.017245670780539512634 0.043095611035823822021 0.025862623006105422974 0.022990182042121887207 0.011497850529849529266 0.014371154829859733582 0.025863651186227798462 0.0057490551844239234924 0.0028747038450092077255 0.0086235040798783302307 0.01149722561240196228 0.025859208777546882629 0.014371057040989398956 0.0086236400529742240906 0.008623749949038028717 0.0057494658976793289185 0.0028748444747179746628 0.0028748360928148031235 0.002874822588637471199 0.0028748004697263240814 0.0028747674077749252319 0.020118750631809234619 0.0057491040788590908051 0.0057489713653922080994 0.0057488060556352138519 0.037353157997131347656 0.0086232265457510948181 0.008623189292848110199 0.063201308250427246094 0.0086227674037218093872 0.0086223306134343147278 0.0028747664764523506165 0.43939927220344543457 0.034487232565879821777 0.014371683821082115173 0.0086237648501992225647 0.0057494346983730792999 0.0028748586773872375488
0.051710691303014755249 0.040221929550170898438 0.020119447261095046997 0.045967809855937957764 0.028735911473631858826 0.02586355060338973999 0.014371961355209350586 0.017245030030608177185 0.028736701235175132751 0.0086234360933303833008 0.0028747916221618652344 0.0057492516934871673584 0.01149749755859375 0.014370959252119064331 0.028731737285852432251 0.017244584858417510986 0.01149769313633441925 0.011497813276946544647 0.0086237769573926925659 0.0057494188658893108368 0.0057494011707603931427 0.0057493750937283039093 0.0057493355125188827515 0.0057492754422128200531 0.022991620004177093506 0.0086232582107186317444 0.0086231287568807601929 0.0086229722946882247925 0.040224552154541015625 0.011497013270854949951 0.074693061411380767822 0.011496557854115962982 0.011496094055473804474 0.002874806523323059082 0.0057486779987812042236 0.44798815250396728516 0.051728792488574981689 0.011497800238430500031 0.0086238412186503410339 0.005749505944550037384
0.054582018405199050903 0.043094169348478317261 0.022993108257651329041 0.048839971423149108887 0.031609117984771728516 0.028736848384141921997 0.017245955765247344971 0.020118808373808860779 0.031609699130058288574 0.011497652158141136169 0.0028748475015163421631 0.0057493825443089008331 0.0086235469207167625427 0.014371255412697792053 0.017244476824998855591 0.031604114919900894165 0.02011791616678237915 0.014371503144502639771 0.014371617697179317474 0.011497820727527141571 0.0086237080395221710205 0.0086236707866191864014 0.0086236177012324333191 0.0086235590279102325439 0.0086234919726848602295 0.025864310562610626221 0.0114971967414021492 0.011497055180370807648 0.011496857739984989166 0.05459187924861907959 0.077561959624290466309 0.014370309188961982727 0.014369875192642211914 0.0057491967454552650452 0.0028748179320245981216 0.0028747990727424621582 0.45082938671112060547 0.066095553338527679443 0.011497797444462776184 0.0086238887161016464233
0.057453010231256484985 0.045966137200593948364 0.025866614654660224915 0.05171213299036026001 0.034482222050428390503 0.031610075384378433228 0.020119834691286087036 0.02299246564507484436 0.034482590854167938232 0.014371699653565883636 0.005749505944550037384 0.0028748647309839725494 0.0086237136274576187134 0.01149758417159318924 0.01724480651319026947 0.02011781744658946991 0.034476328641176223755 0.022991022095084190369 0.017245063558220863342 0.017245164141058921814 0.014371585100889205933 0.011497706174850463867 0.011497654952108860016 0.011497600004076957703 0.011497542262077331543 0.011497464030981063843 0.02873679623007774353 0.014370825141668319702 0.014370620250701904297 0.068958215415477752686 0.080431260168552398682 0.017243977636098861694 0.017243448644876480103 0.0086235152557492256165 0.0057492367923259735107 0.0028748598415404558182 0.0057489983737468719482 0.45367339253425598145 0.068964071571826934814 0.022994466125965118408
0.060323681682348251343 0.048837795853614807129 0.028739834204316139221 0.054584119468927383423 0.037355180829763412476 0.034483183175325393677 0.022993560880422592163 0.025865985080599784851 0.037355311214923858643 0.017245553433895111084 0.0086239380761981010437 0.0057495106011629104614 0.002874863799661397934 0.011497793719172477722 0.014371413737535476685 0.020118178799748420715 0.022990942001342773438 0.03734831884503364563 0.025863889604806900024 0.020118368789553642273 0.02011844143271446228 0.017245085909962654114 0.014371457509696483612 0.014371407218277454376 0.014371338300406932831 0.014371254481375217438 0.014371143653988838196 0.031608916819095611572 0.017244083806872367859 0.086197145283222198486 0.08330059051513671875 0.020117411389946937561 0.020116861909627914429 0.011497694067656993866 0.0086235404014587402344 0.0057493643835186958313 0.0086231166496872901917 0.0028748679906129837036 0.45651775598526000977 0.071832478046417236328
0.063194110989570617676 0.05170915648341178894 0.031612738966941833496 0.057455748319625854492 0.040227923542261123657 0.037356078624725341797 0.025867084041237831116 0.028739344328641891479 0.040227822959423065186 0.020119188353419303894 0.011498134583234786987 0.0086239082738757133484 0.0028748793993145227432 0.0057494980283081531525 0.014371668919920921326 0.017245030030608177185 0.022991307079792022705 0.025863824412226676941 0.04022008553147315979 0.028736524283885955811 0.022991415113210678101 0.022991467267274856567 0.020118352025747299194 0.017244953662157058716 0.017244881018996238708 0.017244793474674224854 0.01724467054009437561 0.017244476824998855591 0.034480627626180648804 0.1063080132007598877 0.086169481277465820312 0.022990711033344268799 0.022990219295024871826 0.014371722005307674408 0.011497685685753822327 0.0086237257346510887146 0.011497234925627708435 0.002874570898711681366 0.0057492172345519065857 0.45936238765716552734
0.066064283251762390137 0.054580248892307281494 0.034485366195440292358 0.060327060520648956299 0.043100446462631225586 0.040228806436061859131 0.028740441426634788513 0.031612537801265716553 0.043100148439407348633 0.022992627695202827454 0.014372128061950206757 0.0028748989570885896683 0.011498078703880310059 0.005749538075178861618 0.0086238887161016464233 0.017245315015316009521 0.020118404179811477661 0.025864202529191970825 0.028736473992466926575 0.043091602623462677002 0.031608883291482925415 0.025864204391837120056 0.025864263996481895447 0.022991372272372245789 0.020118197426199913025 0.020118093118071556091 0.020117938518524169922 0.020117729902267456055 0.020117461681365966797 0.14365336298942565918 0.08903805166482925415 0.025863857939839363098 0.025863457471132278442 0.017245547845959663391 0.014371660538017749786 0.011497928760945796967 0.014371284283697605133 0.0057492339983582496643 0.0086234733462333679199 0.0028738465625792741776
0.17568159103393554688 0.057451050728559494019 0.037357740104198455811 0.063198111951351165771 0.045972760766744613647 0.043101418763399124146 0.03161368146538734436 0.034485556185245513916 0.045972313731908798218 0.025865899398922920227 0.017245948314666748047 0.005749593488872051239 0.0028749252669513225555 0.014372048899531364441 0.0086239511147141456604 0.011498037725687026978 0.020118735730648040771 0.022991536185145378113 0.028736826032400131226 0.031608819961547851562 0.045962810516357421875 0.034481007605791091919 0.028736794367432594299 0.02873685397207736969 0.025864159688353538513 0.022991150617599487305 0.022990951314568519592 0.022990735247731208801 0.022990526631474494934 0.16663490235805511475 0.091906666755676269531 0.028736783191561698914 0.028736444190144538879 0.020119156688451766968 0.017245452851057052612 0.014371966943144798279 0.017245225608348846436 0.0086237704381346702576 0.011497708037495613098 0.0057484298013150691986
0.0086235897615551948547 0.23599451780319213867 0.040229834616184234619 0.066068857908248901367 0.048844829201698303223 0.045973818749189376831 0.034486740827560424805 0.037358395755290985107 0.048844348639249801636 0.028739016503095626831 0.020119592547416687012 0.0086240703240036964417 0.002874944126233458519 0.0057496204972267150879 0.017245810478925704956 0.011498121544718742371 0.014371931552886962891 0.022991878911852836609 0.02586436830461025238 0.031609158962965011597 0.034480944275856018066 0.048833876848220825195 0.037352968007326126099 0.031609173864126205444 0.031609181314706802368 0.028736630454659461975 0.025863777846097946167 0.025863543152809143066 0.025863338261842727661 0.19248829782009124756 0.09477504342794418335 0.031609449535608291626 0.031609140336513519287 0.022992489859461784363 0.02011900581419467926 0.017245793715119361877 0.020119013264775276184 0.011498128063976764679 0.01437184307724237442 0.0086229043081402778625
0.097656540572643280029 0.24747915565967559814 0.043101631104946136475 0.068939253687858581543 0.051716577261686325073 0.048845909535884857178 0.037359539419412612915 0.040231037884950637817 0.051716294139623641968 0.031612012535333633423 0.02299306914210319519 0.011498338542878627777 0.0057496675290167331696 0.0086240973323583602905 0.0028749324847012758255 0.020119333639740943909 0.014372016303241252899 0.01724552549421787262 0.025864729657769203186 0.028736969456076622009 0.034481339156627655029 0.037352919578552246094 0.051704771816730499268 0.040224693715572357178 0.034481275826692581177 0.034481234848499298096 0.031608872115612030029 0.028736215084791183472 0.028735943138599395752 0.22121284902095794678 0.097642853856086730957 0.03448173031210899353 0.034481462091207504272 0.0258654765784740448 0.022992227226495742798 0.020119328051805496216 0.022992558777332305908 0.014372303150594234467 0.017245795577764511108 0.011497214436531066895
0.011636291630566120148 0.34799164533615112305 0.045973137021064758301 0.071809403598308563232 0.054588072001934051514 0.05171773955225944519 0.040232077240943908691 0.043103475123643875122 0.054588127881288528442 0.03448488190770149231 0.02586637251079082489 0.014372402802109718323 0.008624164387583732605 0.01149836275726556778 0.005749636329710483551 0.02299267984926700592 0.017245708033442497253 0.0028748428449034690857 0.020118862390518188477 0.028737369924783706665 0.031609393656253814697 0.037353344261646270752 0.04022469744086265564 0.054575446993112564087 0.043096177279949188232 0.037353146821260452271 0.037353057414293289185 0.034480847418308258057 0.031608358025550842285 0.25280833244323730469 0.10051028430461883545 0.037353716790676116943 0.037353549152612686157 0.028738247230648994446 0.025865232571959495544 0.022992629557847976685 0.025865860283374786377 0.017246238887310028076 0.020119519904255867004 0.014371330849826335907
0.25160807371139526367 0.014648620970547199249 0.39695847034454345703 0.07467937469482421875 0.057459447532892227173 0.054589431732892990112 0.043104447424411773682 0.045975726097822189331 0.057459827512502670288 0.037357609719038009644 0.028739498928189277649 0.017246261239051818848 0.011498438194394111633 0.014372414909303188324 0.0086241066455841064453 0.02586586587131023407 0.020119229331612586975 0.0028748649638146162033 0.0057494426146149635315 0.02299195900559425354 0.03160980716347694397 0.034481640905141830444 0.040225178003311157227 0.043096292763948440552 0.057445917278528213501 0.045967418700456619263 0.040224693715572357178 0.040224466472864151001 0.037352420389652252197 0.034480232745409011841 0.35617393255233764648 0.040225524455308914185 0.04022553563117980957 0.031610943377017974854 0.028738170862197875977 0.025865828618407249451 0.028739001601934432983 0.020119953900575637817 0.022992992773652076721 0.017245229333639144897
1.1918216943740844727 1.4463754892349243164 1.463965296745300293 0.47462594509124755859 0.06046886742115020752 0.057599414139986038208 0.045976281166076660156 0.048847522586584091187 0.060331139713525772095 0.040230073034763336182 0.031612388789653778076 0.020119877532124519348 0.014372463338077068329 0.017246220260858535767 0.011498327367007732391 0.028738837689161300659 0.022992543876171112061 0.0057495073415338993073 0.0028748589102178812027 0.0086237685754895210266 0.025864858180284500122 0.034482069313526153564 0.037353664636611938477 0.043096724897623062134 0.045967537909746170044 0.060315947979688644409 0.048838194459676742554 0.043095815926790237427 0.043095599859952926636 0.040223922580480575562 0.037352129817008972168 0.39925453066825866699 0.043097410351037979126 0.034483525902032852173 0.031611017882823944092 0.028738925233483314514 0.031612012535333633423 0.022993473336100578308 0.025866221636533737183 0.020118899643421173096
0.80585891008377075195 0.8319606781005859375 0.85518908500671386719 2.3220844268798828125 2.7996001243591308594 2.8629524707794189453 0.060607898980379104614 0.097830764949321746826 0.06320155411958694458 0.043102059513330459595 0.034484952688217163086 0.022993180900812149048 0.017246171832084655762 0.020119694992899894714 0.014372228644788265228 0.031611494719982147217 0.025865603238344192505 0.0086238915100693702698 0.0057494961656630039215 0.0028748698532581329346 0.011497853323817253113 0.028737517073750495911 0.037353985011577606201 0.040225248783826828003 0.045967727899551391602 0.04883818700909614563 0.063185386359691619873 0.05170866847038269043 0.045966900885105133057 0.045966871082782745361 0.043095573782920837402 0.43946099281311035156 0.045969210565090179443 0.037356000393629074097 0.034483764320611953735 0.031611911952495574951 0.034484874457120895386 0.025866806507110595703 0.028739240020513534546 0.02299234829843044281
0.023128140717744827271 0.020255971699953079224 0.020256169140338897705 0.049266707152128219604 0.069658100605010986328 0.090048752725124359131 2.9559128284454345703 3.0194118022918701172 3.1201252937316894531 0.066209875047206878662 0.080594845116138458252 0.025865854695439338684 0.020119350403547286987 0.022992638871073722839 0.017245655879378318787 0.034483611583709716797 0.028738230466842651367 0.0028748079203069210052 0.011497967876493930817 0.0086238356307148933411 0.0057494617067277431488 0.014371622353792190552 0.031609818339347839355 0.040225528180599212646 0.043096471577882766724 0.048838455229997634888 0.051708735525608062744 0.066054970026016235352 0.054579298943281173706 0.048838078975677490234 0.048838160932064056396 0.48540902137756347656 0.048840779811143875122 0.040228281170129776001 0.03735637664794921875 0.034484770148992538452 0.037357561290264129639 0.028739951550960540771 0.031612079590559005737 0.025865597650408744812
0.017243809998035430908 0.017244024202227592468 0.026000907644629478455 0.017383443191647529602 0.017383610829710960388 0.017522485926747322083 0.035042498260736465454 0.049688346683979034424 0.064471773803234100342 3.1992771625518798828 3.2683775424957275391 3.3518276214599609375 0.028876196593046188354 0.022991599515080451965 0.025864807888865470886 0.020118515938520431519 0.037355080246925354004 0.03161031380295753479 0.0057492977939546108246 0.01437167637050151825 0.011497828178107738495 0.0086237275972962379456 0.01724511757493019104 0.034481950104236602783 0.043097037822008132935 0.045967813581228256226 0.05170942842960357666 0.054579533636569976807 0.068924754858016967773 0.057449914515018463135 0.05170907825231552124 0.051709152758121490479 0.53709977865219116211 0.043100196868181228638 0.040228724479675292969 0.03735742717981338501 0.040230043232440948486 0.031612914055585861206 0.034484770148992538452 0.028738692402839660645
0.014370615594089031219 0.022989196702837944031 0.014370993711054325104 0.014371160417795181274 0.014510268345475196838 0.014509472064673900604 0.011636622250080108643 0.011775357648730278015 0.011775426566600799561 0.011775451712310314178 0.023687895387411117554 0.035598594695329666138 3.3903117179870605469 3.4220449924468994141 3.4478924274444580078 0.028875624760985374451 0.023129981011152267456 0.040226232260465621948 0.034482125192880630493 0.0086234873160719871521 0.017245123162865638733 0.014371577650308609009 0.011497762054204940796 0.020118461921811103821 0.037354066967964172363 0.045968629419803619385 0.048839248716831207275 0.054580476135015487671 0.057450316846370697021 0.071794435381889343262 0.060320265591144561768 0.05457971617579460144 0.59179437160491943359 0.045971628278493881226 0.04310062900185585022 0.04022970050573348999 0.043102174997329711914 0.034485604614019393921 0.037357263267040252686 0.031611628830432891846
0.020116304978728294373 0.011497275903820991516 0.01149739045649766922 0.011497502215206623077 0.01149670034646987915 0.0086236046627163887024 0.0087625719606876373291 0.0087626436725258827209 0.008762729354202747345 0.0089014172554016113281 0.0089012887328863143921 0.029014971107244491577 0.040925379842519760132 0.052834231406450271606 0.055843219161033630371 3.5066180229187011719 0.031886316835880279541 0.026141187176108360291 0.043236438184976577759 0.037492904812097549438 0.011636410839855670929 0.020257409662008285522 0.017384147271513938904 0.014510598033666610718 0.023130698129534721375 0.040365193039178848267 0.048979260027408599854 0.051849704235792160034 0.057590484619140625 0.060459949076175689697 0.074802808463573455811 0.063329212367534637451 0.057588919997215270996 0.64074802398681640625 0.046110864728689193726 0.043240360915660858154 0.046112772077322006226 0.037357881665229797363 0.040229462087154388428 0.034484378993511199951
