tests/data/reference/gistest/full/mqsur_m3_s.asc
ncols        125
nrows        78
xllcorner    -713756.799299980048
yllcorner    -1061032.369616159936
cellsize     10.000000000000
NODATA_value  -9999
[rows 18 to 35 of 78, columns 0 to 39 of 125]
-9999 -9999 -9999 -9999 -9999 -9999 -9999 -9999 -9999 -9999 -9999 -9999 -9999 -9999 -9999 -9999 -9999 -9999 0.0028748679906129837036 0.011497123166918754578 0.017245018854737281799 0.022992057725787162781 0.066088058054447174072 0.0028748398181051015854 0.0028748610056936740875 0.086181052029132843018 0.0079581644386053085327 0.084232784807682037354 0.078933894634246826172 0.002874867292121052742 0.067916795611381530762 0.0086237573996186256409 0.011497667990624904633 0.0086232051253318786621 0.075119964778423309326 0.0057492568157613277435 0.052620649337768554688 0.071836613118648529053 0.032069548964500427246 0.04309706762433052063
-9999 -9999 -9999 -9999 -9999 -9999 -9999 -9999 -9999 -9999 -9999 -9999 -9999 -9999 -9999 -9999 -9999 0.0028748402837663888931 0.005749375559389591217 0.014370900578796863556 0.020118156448006629944 0.091946721076965332031 0.0057488940656185150146 0.0028748535551130771637 0.0028743140865117311478 0.0077345161698758602142 0.095244430005550384521 0.08710177987813949585 0.08467769622802734375 0.0028748747427016496658 0.070787943899631500244 0.011497763916850090027 0.0028747115284204483032 0.022993937134742736816 0.077989339828491210938 0.0086235590279102325439 0.055491942912340164185 0.074706532061100006104 0.034942258149385452271 0.045968871563673019409
-9999 -9999 -9999 -9999 -9999 -9999 -9999 -9999 -9999 -9999 -9999 -9999 -9999 -9999 -9999 -9999 0.0030135314445942640305 0.0058880206197500228882 0.0087623177096247673035 0.017383227124810218811 0.11492906510829925537 0.0086222961544990539551 0.0028747902251780033112 0.005749268457293510437 0.0073581053875386714935 0.012415319681167602539 0.098111733794212341309 0.089970722794532775879 0.087546415627002716064 0.0057493844069540500641 0.073658607900142669678 0.014371477067470550537 0.002874706638976931572 0.028741240501403808594 0.080858461558818817139 0.011497600004076957703 0.058363020420074462891 0.077576212584972381592 0.037814728915691375732 0.048840429633855819702
-9999 -9999 -9999 -9999 -9999 -9999 -9999 -9999 -9999 -9999 -9999 -9999 -9999 -9999 -9999 -9999 0.0060258312150835990906 0.0089004989713430404663 0.011774275451898574829 0.135313376784324646 0.014646550640463829041 0.0030134010594338178635 0.0030134844128042459488 0.0057484591379761695862 0.0090822307392954826355 0.018622906878590583801 0.10097783058881759644 0.092839010059833526611 0.090415820479393005371 0.0086236847564578056335 0.07652889937162399292 0.0028746544849127531052 0.017244899645447731018 0.034488059580326080322 0.083727300167083740234 0.014371384866535663605 0.06123385205864906311 0.080445475876331329346 0.040686797350645065308 0.051711570471525192261
-9999 -9999 -9999 -9999 -9999 -9999 -9999 -9999 -9999 -9999 -9999 -9999 -9999 -9999 -9999 -9999 0.0090372841805219650269 0.011911702342331409454 0.014784153550863265991 0.15596231818199157715 0.0030133228283375501633 0.0030133523978292942047 0.0030125058256089687347 0.0077601815573871135712 0.017836619168519973755 0.021635675802826881409 0.10384341329336166382 0.095706410706043243408 0.093284197151660919189 0.011497607454657554626 0.079398840665817260742 0.0028746393509209156036 0.0057491348125040531158 0.020118067041039466858 0.12108205258846282959 0.017244907096028327942 0.064104512333869934082 0.08331454545259475708 0.0028747289907187223434 0.095267079770565032959
-9999 -9999 -9999 -9999 -9999 -9999 -9999 -9999 -9999 -9999 -9999 -9999 -9999 -9999 -9999 0.0030130969826132059097 0.012046987190842628479 0.029701638966798782349 0.16197101771831512451 0.0030132168903946876526 0.0030121230520308017731 0.0030123672913759946823 0.007890788838267326355 0.0060242577455937862396 0.027194319292902946472 0.024648016318678855896 0.1068485751748085022 0.098712943494319915771 0.096291355788707733154 0.014371206983923912048 0.082268387079238891602 0.0028746125753968954086 0.0057491087354719638824 0.0086233308538794517517 0.022991012781858444214 0.14119268953800201416 0.066974997520446777344 0.086183555424213409424 0.0028747722972184419632 0.10101020336151123047
-9999 -9999 -9999 -9999 -9999 -9999 -9999 -9999 -9999 -9999 -9999 -9999 -9999 -9999 -9999 0.0060243341140449047089 0.21870824694633483887 0.2036987990140914917 0.0060252766124904155731 0.0030131833627820014954 0.0030134667176753282547 0.0077034505084156990051 0.012691515497863292694 0.0030128227081149816513 0.009036258794367313385 0.030205277726054191589 0.13450087606906890869 0.10171943157911300659 0.099298402667045593262 0.017383525148034095764 0.0030134350527077913284 0.085137672722339630127 0.0057490663602948188782 0.0086232796311378479004 0.011497233062982559204 0.16704773902893066406 0.069845095276832580566 0.089052282273769378662 0.002874781610444188118 0.10675299912691116333
-9999 -9999 -9999 -9999 -9999 -9999 -9999 -9999 -9999 -9999 -9999 -9999 -9999 -9999 -9999 0.25177353620529174805 0.0060254689306020736694 0.0030133116524666547775 0.0030133081600069999695 0.0030132862739264965057 0.0030126720666885375977 0.0093588968738913536072 0.0093579534441232681274 0.015703892335295677185 0.0060254824347794055939 0.012048023752868175507 0.033216092735528945923 0.23921982944011688232 0.10230536758899688721 0.020395498722791671753 0.0030134886037558317184 0.0060264370404183864594 0.088145673274993896484 0.0087620951235294342041 0.011497113853693008423 0.014370796270668506622 0.23975324630737304688 0.0028747196774929761887 0.091920621693134307861 0.0057493280619382858276
-9999 -9999 -9999 -9999 -9999 -9999 -9999 -9999 -9999 -9999 -9999 -9999 -9999 0.0030134362168610095978 0.0030132159590721130371 0.024092828854918479919 0.0060221557505428791046 0.0030133263207972049713 0.0030125319026410579681 0.0030123726464807987213 0.0076809511519968509674 0.0093584870919585227966 0.021728541702032089233 0.012370000593364238739 0.018715640529990196228 0.0090375328436493873596 0.01505913957953453064 0.27543175220489501953 0.10531131178140640259 0.023406872525811195374 0.006026473361998796463 0.0030134071130305528641 0.0090388534590601921082 0.09115304797887802124 0.011774484999477863312 0.014509496279060840607 0.017244052141904830933 0.2426134645938873291 0.0057492367923259735107 0.09478870779275894165
-9999 -9999 -9999 -9999 -9999 -9999 -9999 -9999 -9999 -9999 -9999 -9999 -9999 -9999 0.0030134115368127822876 0.0060256654396653175354 0.0060254400596022605896 0.0030128455255180597305 0.003012094646692276001 0.0093572903424501419067 0.015380009077489376068 0.018391087651252746582 0.021401684731245040894 0.046138387173414230347 0.061514943838119506836 0.083235211670398712158 0.095275573432445526123 0.11333487182855606079 0.27842399477958679199 0.10831551253795623779 0.026417374610900878906 0.0090387985110282897949 0.006026266142725944519 0.012050597928464412689 0.094159536063671112061 0.014786228537559509277 0.017521400004625320435 0.020256070420145988464 0.24561268091201782227 0.0086234733462333679199
-9999 -9999 -9999 -9999 -9999 -9999 -9999 -9999 -9999 -9999 -9999 -9999 -9999 -9999 -9999 -9999 0.0030131116509437561035 0.0030106441117823123932 0.0055572078563272953033 0.0080402912572026252747 0.0096804834902286529541 0.012693649157881736755 0.015706317499279975891 0.018718667328357696533 0.021730514243245124817 0.024742051959037780762 0.027753230184316635132 0.030763538554310798645 0.14709606766700744629 0.42850035429000854492 0.11131885647773742676 0.029427092522382736206 0.012050329707562923431 0.0090383216738700866699 0.015061539597809314728 0.097165331244468688965 0.017797593027353286743 0.020532883703708648682 0.023267535492777824402 0.24861088395118713379
-9999 -9999 -9999 -9999 -9999 -9999 -9999 -9999 -9999 -9999 -9999 -9999 -9999 -9999 -9999 -9999 -9999 0.0030119775328785181046 0.0093552023172378540039 0.012367448769509792328 0.015379304997622966766 0.018390763550996780396 0.021401867270469665527 0.024412382394075393677 0.02742257341742515564 0.030432613566517829895 0.033442597836256027222 0.036452334374189376831 0.039461433887481689453 0.042469751089811325073 0.47395312786102294922 0.58824670314788818359 0.62064248323440551758 0.015060987323522567749 0.012049602344632148743 0.018071886152029037476 0.10017119348049163818 0.12097311019897460938 0.14450821280479431152 0.026278413832187652588
-9999 -9999 -9999 -9999 -9999 -9999 -9999 -9999 -9999 -9999 -9999 -9999 -9999 -9999 -9999 -9999 -9999 0.0055579482577741146088 0.006346279289573431015 0.0093593187630176544189 0.012371690943837165833 0.015383378602564334869 0.30160275101661682129 0.30459654331207275391 0.30759140849113464355 0.31058713793754577637 0.31358319520950317383 0.31657844781875610352 0.31957238912582397461 0.32256659865379333496 0.32556268572807312012 0.32855963706970214844 0.33155301213264465332 0.95515143871307373047 0.97316151857376098633 0.9881604313850402832 1.0091881752014160156 1.0121512413024902344 1.0151174068450927734 1.1625866889953613281
-9999 -9999 -9999 -9999 -9999 -9999 -9999 -9999 -9999 -9999 -9999 -9999 -9999 -9999 -9999 -9999 0.0055656079202890396118 0.0062078842893242835999 0.0090822568163275718689 0.071148201823234558105 0.10667877644300460815 0.28322559595108032227 0.023261832073330879211 0.049392685294151306152 0.081261262297630310059 0.084266595542430877686 0.16521732509136199951 0.19708204269409179688 0.2691116034984588623 0.2721055150032043457 0.2751013636589050293 0.27809801697731018066 0.28109452128410339355 0.28408989310264587402 0.28708258271217346191 0.29007485508918762207 0.29306751489639282227 0.74767285585403442383 0.75940626859664916992 0.77401489019393920898
-9999 -9999 -9999 -9999 -9999 -9999 -9999 -9999 -9999 -9999 -9999 -9999 -9999 -9999 -9999 0.0050480859354138374329 0.0074904523789882659912 0.035286400467157363892 0.059194505214691162109 0.032522924244403839111 0.17355357110500335693 0.02025146782398223877 0.023123230785131454468 0.028863277286291122437 0.034741509705781936646 0.077951252460479736328 0.028867524117231369019 0.069036751985549926758 0.054546594619750976562 0.057416103780269622803 0.06042478606104850769 0.063433103263378143311 0.29890838265419006348 0.32201394438743591309 0.35085886716842651367 0.38544377684593200684 0.45163381099700927734 0.0087613975629210472107 0.011635433882474899292 0.028870748355984687805
-9999 -9999 -9999 -9999 -9999 -9999 -9999 -9999 -9999 -9999 -9999 -9999 -9999 -9999 -9999 0.0054217362776398658752 0.025745337828993797302 0.021035924553871154785 0.029651617631316184998 0.17069673538208007812 0.017240613698959350586 0.020112542435526847839 0.025853075087070465088 0.031731892377138137817 0.040203839540481567383 0.025857023894786834717 0.066030070185661315918 0.05167725682258605957 0.060278739780187606812 0.15496009588241577148 0.20663638412952423096 0.23248185217380523682 0.020115718245506286621 0.025859704241156578064 0.031602852046489715576 0.063210457563400268555 0.0057487082667648792267 0.0086228568106889724731 0.025859586894512176514 0.020116318017244338989
-9999 -9999 -9999 -9999 -9999 -9999 -9999 -9999 -9999 -9999 -9999 -9999 -9999 -9999 0.0073632597923278808594 0.019539536908268928528 0.018162852153182029724 0.026779729872941970825 0.16783909499645233154 0.014368315227329730988 0.017240561544895172119 0.022981660440564155579 0.028722034767270088196 0.037333592772483825684 0.022985151037573814392 0.063162386417388916016 0.048808075487613677979 0.057409849017858505249 0.091818794608116149902 0.048816449940204620361 0.02298756130039691925 0.017243027687072753906 0.022987758740782737732 0.028731489554047584534 0.060341529548168182373 0.0028744384180754423141 0.0057488894090056419373 0.022987328469753265381 0.017243370413780212402 0.014370501041412353516
-9999 -9999 -9999 -9999 -9999 -9999 -9999 -9999 -9999 -9999 -9999 -9999 -9999 0.0049380171112716197968 0.010276718065142631531 0.015289431437849998474 0.023907417431473731995 0.16498029232025146484 0.011495487764477729797 0.01436814572662115097 0.020110005512833595276 0.025851001963019371033 0.034463364630937576294 0.020113114267587661743 0.060294445604085922241 0.045938804745674133301 0.054541222751140594482 0.088952608406543731689 0.045946210622787475586 0.020114943385124206543 0.014369923621416091919 0.020115317776799201965 0.025859538465738296509 0.048849172890186309814 0.0086226183921098709106 0.0028745059389621019363 0.020114716142416000366 0.014370172284543514252 0.011496968567371368408 0.0114970402792096138
