tests/data/reference/gistest/full/mqsur_m3_s.asc
ncols        125
nrows        78
xllcorner    -713756.799299980048
yllcorner    -1061032.369616159936
cellsize     10.000000000000
NODATA_value  -9999
[rows 54 to 71 of 78, columns 82 to 122 of 125]
0.020580619573593139648 0.023454731330275535583 0.026328600943088531494 0.029341245070099830627 0.032353457063436508179 0.24293339252471923828 9.5146465301513671875 0.59650593996047973633 0.11561391502618789673 0.026003096252679824829 0.014510424807667732239 0.0057493173517286777496 0.0028748107142746448517 0.0086238654330372810364 0.01149815041571855545 0.022992623969912528992 0.025867460295557975769 0.011498424224555492401 0.040227018296718597412 0.060323879122734069824 0.057456500828266143799 0.057458147406578063965 0.054588224738836288452 0.051717720925807952881 0.048845805227756500244 0.048845373094081878662 0.21836170554161071777 0.022989777848124504089 0.048852354288101196289 0.0028747764881700277328 0.0028746128082275390625 0.011496859602630138397 0.0086229965090751647949 0.022993689402937889099 0.014371975325047969818 0.0057492493651807308197 0.0028747105970978736877 -9999 -9999 -9999 -9999
0.22106605768203735352 0.22393172979354858398 0.22679705917835235596 0.22966179251670837402 0.23266506195068359375 0.23566654324531555176 0.24593174457550048828 10.113889694213867188 0.14460641145706176758 0.017522769048810005188 0.0087625607848167419434 0.0028748526237905025482 0.0057494957000017166138 0.011498170904815196991 0.01437229011207818985 0.025866042822599411011 0.028740677982568740845 0.014372536912560462952 0.043099366128444671631 0.063195139169692993164 0.06032795831561088562 0.060329716652631759644 0.057460151612758636475 0.054589752107858657837 0.051717646420001983643 0.27006807923316955566 0.025862490758299827576 0.051723279058933258057 0.011498092673718929291 0.0057492186315357685089 0.01437051873654127121 0.011496788822114467621 0.0402355976402759552 0.014370618388056755066 0.011497038416564464569 0.0086230123415589332581 0.0057486817240715026855 0.0028741292189806699753 -9999 -9999 -9999
0.086156815290451049805 0.08902765810489654541 0.091898523271083831787 0.094769157469272613525 0.097639501094818115234 0.10064819455146789551 0.3393103480339050293 10.362508773803710938 0.16513295471668243408 0.011771479621529579163 0.0030137991998344659805 0.0058885007165372371674 0.0086240386590361595154 0.014372373931109905243 0.017246320843696594238 0.028739351779222488403 0.031613741070032119751 0.017246454954147338867 0.045971553772687911987 0.06606623530387878418 0.063199244439601898193 0.063201092183589935303 0.06033179163932800293 0.057461328804492950439 0.054588865488767623901 0.29878899455070495605 0.054594017565250396729 0.014371941797435283661 0.020117625594139099121 0.017244158312678337097 0.014370487071573734283 0.04310687631368637085 0.017243841663002967834 0.014370501041412353516 0.011496763676404953003 0.0086226323619484901428 0.0057482654228806495667 0.0028737490065395832062 -9999 -9999 -9999
0.1808923184871673584 0.18375904858112335205 0.18662568926811218262 0.18949234485626220703 0.19235894083976745605 0.19536446034908294678 0.19836977124214172363 0.54066514968872070312 10.530408859252929688 0.01478036586195230484 0.0060273259878158569336 0.0089018587023019790649 0.011498444713652133942 0.017246451228857040405 0.020120201632380485535 0.031612500548362731934 0.034486632794141769409 0.020120188593864440918 0.048843551427125930786 0.068937055766582489014 0.066070251166820526123 0.066072136163711547852 0.063202947378158569336 0.060332272201776504517 0.35623407363891601562 0.057464398443698883057 0.017245521768927574158 0.022990880534052848816 0.0028748903423547744751 0.017244115471839904785 0.045978296548128128052 0.020117044448852539062 0.020118664950132369995 0.017245361581444740295 0.014371655881404876709 0.011497616767883300781 0.0086234230548143386841 0.0057491767220199108124 0.0028748461045324802399 -9999 -9999
0.074685409665107727051 0.21926558017730712891 0.22213098406791687012 0.22499643266201019287 0.25660541653633117676 0.26809367537498474121 0.27109712362289428711 0.27410092949867248535 11.347818374633789062 0.017792908474802970886 0.0090367132797837257385 0.011914854869246482849 0.014511673711240291595 0.020120343193411827087 0.022993877530097961426 0.034485436975955963135 0.037359341979026794434 0.022993717342615127563 0.051715265959501266479 0.071807540953159332275 0.068941012024879455566 0.068942911922931671143 0.06607367098331451416 0.4194208681583404541 0.060334619134664535522 0.020118784159421920776 0.051727794110774993896 0.025865556672215461731 0.020117569714784622192 0.048849757760763168335 0.022990174591541290283 0.045981809496879577637 0.022991541773080825806 0.020118316635489463806 0.017244748771190643311 0.014370887540280818939 0.011496886610984802246 0.0086229015141725540161 0.0057489192113280296326 0.0028747864998877048492 -9999
0.14171504974365234375 0.0114983338862657547 0.020121714100241661072 0.028744664043188095093 0.0086242780089378356934 0.0086243217810988426208 0.017248166725039482117 0.026010574772953987122 0.029022786766290664673 11.397263526916503906 0.01204403955489397049 0.014923308975994586945 0.017524529248476028442 0.023133009672164916992 0.0258673056960105896 0.037358138710260391235 0.040231816470623016357 0.025866990908980369568 0.054586660116910934448 0.074677728116512298584 0.071811638772487640381 0.071813531219959259033 0.4883479773998260498 0.063204877078533172607 0.022991850972175598145 0.11205922812223434448 0.057463396340608596802 0.054592333734035491943 0.051721107214689254761 0.025863174349069595337 0.074716545641422271729 0.025864647701382637024 0.02299160882830619812 0.020118318498134613037 0.017244761809706687927 0.014370939694344997406 0.011496911756694316864 0.0086229061707854270935 0.0057488423772156238556 0.0028747653122991323471 -9999
0.0086240833625197410583 0.0057496437802910804749 0.0057496912777423858643 0.0057497275993227958679 0.0057497518137097358704 0.0057497909292578697205 0.0057498486712574958801 0.0057498710229992866516 0.0087634231895208358765 0.011776587925851345062 11.423676490783691406 0.017930440604686737061 0.020536880940198898315 0.026145145297050476074 0.028740437701344490051 0.040230583399534225464 0.043104037642478942871 0.028740018606185913086 0.057457819581031799316 0.077547729015350341797 0.074682109057903289795 0.074683785438537597656 0.55440217256546020508 0.025864655151963233948 0.15227888524532318115 0.037353448569774627686 0.034481033682823181152 0.031608559191226959229 0.02873597852885723114 0.077586516737937927246 0.0028748796321451663971 0.011498127132654190063 0.00862396974116563797 0.0057495492510497570038 0.002874874509871006012 -9999 -9999 -9999 0.0028747695032507181168 0.0028747410979121923447 -9999
0.0028749380726367235184 0.0028749522753059864044 0.0028749704360961914062 0.0028749858029186725616 0.002875001169741153717 0.0028750235214829444885 0.0028750486671924591064 0.025867681950330734253 0.031615953892469406128 0.034627888351678848267 0.037639144808053970337 11.481805801391601562 0.023542266339063644409 0.029156530275940895081 0.031752265989780426025 0.043102785944938659668 0.04597601667046546936 0.031612832099199295044 0.060328841209411621094 0.080417625606060028076 0.077552251517772674561 0.63193303346633911133 0.028737187385559082031 0.16376838088035583496 0.0086240619421005249023 0.0057495851069688796997 0.0028748712502419948578 0.0028748419135808944702 0.086205467581748962402 0.005749520380049943924 0.01437203679233789444 0.0028748896438628435135 -9999 -9999 -9999 -9999 -9999 -9999 -9999 -9999 -9999
0.005749681033194065094 0.0086242007091641426086 0.011498515494167804718 0.014372642152011394501 0.017246607691049575806 0.020120432600378990173 0.022994127124547958374 0.0028750495985150337219 0.0028750526253134012222 0.0057498500682413578033 0.0087632779031991958618 0.011776125058531761169 11.519639968872070312 0.032160852104425430298 0.034763995558023452759 0.045974899083375930786 0.048847749829292297363 0.034485384821891784668 0.063199602067470550537 0.083287149667739868164 0.71232998371124267578 0.031609453260898590088 0.18100520968437194824 0.014372245408594608307 0.011498189531266689301 0.0086239026859402656555 0.0057494593784213066101 0.089074499905109405518 0.0028748549520969390869 0.017245691269636154175 -9999 -9999 -9999 -9999 -9999 -9999 -9999 -9999 -9999 -9999 -9999
0.037819314748048782349 0.04069232940673828125 0.043565180152654647827 0.046437859535217285156 0.049310356378555297852 0.052182689309120178223 0.055054903030395507812 0.057926990091800689697 0.060798943042755126953 0.12733975052833557129 0.13308332860469818115 0.13609030842781066895 0.13909654319286346436 11.52156829833984375 0.069932922720909118652 0.048986170440912246704 0.086202748119831085205 0.002874854719266295433 0.066069893538951873779 0.79845756292343139648 0.034481473267078399658 0.19536674022674560547 0.011498371139168739319 0.0086241150274872779846 0.005749572068452835083 0.002874869154766201973 0.091943331062793731689 0.0057494333013892173767 -9999 -9999 -9999 -9999 -9999 -9999 -9999 -9999 -9999 -9999 -9999 -9999 -9999
0.040692362934350967407 0.043565426021814346313 0.046438343822956085205 0.049311101436614990234 0.052183613181114196777 0.055055882781744003296 0.05792798846960067749 0.060799926519393920898 0.063671670854091644287 0.0028750312048941850662 0.002875026315450668335 0.0057497979141771793365 0.0087632797658443450928 0.1508642733097076416 11.523594856262207031 0.12192483991384506226 0.092085748910903930664 0.068939827382564544678 0.80129730701446533203 0.037353269755840301514 0.19822958111763000488 0.011498339474201202393 0.0086241774260997772217 0.0057496465742588043213 0.0028748929034918546677 0.094811968505382537842 0.0086237210780382156372 -9999 -9999 -9999 -9999 -9999 -9999 -9999 -9999 -9999 -9999 -9999 -9999 -9999 -9999
0.089524745941162109375 0.092395700514316558838 0.095266543328762054443 0.098137117922306060791 0.10100762546062469482 0.10387787967920303345 0.10674777626991271973 0.10961733758449554443 0.1124866977334022522 0.11535596102476119995 0.11822518706321716309 0.12109418213367462158 0.12410192191600799561 0.1271098405122756958 0.28097221255302429199 11.647524833679199219 0.1640300750732421875 0.80413699150085449219 0.040224961936473846436 0.20109193027019500732 0.1206534653902053833 0.10628782212734222412 0.10341908037662506104 0.10054986923933029175 0.097680673003196716309 -9999 -9999 -9999 -9999 -9999 -9999 -9999 -9999 -9999 -9999 -9999 -9999 -9999 -9999 -9999 -9999
0.020580695942044258118 0.023454789072275161743 0.026328749954700469971 0.029202457517385482788 0.032075956463813781738 0.034949362277984619141 0.037822522222995758057 0.040695391595363616943 0.043568111956119537354 0.04644072800874710083 0.049313232302665710449 0.052185591310262680054 0.055057808756828308105 0.058068983256816864014 0.061079867184162139893 0.34504523873329162598 11.814232826232910156 0.84733843803405761719 0.20395451784133911133 0.12352029979228973389 0.0028748996555805206299 0.0028749434277415275574 0.0028749578632414340973 -9999 -9999 -9999 -9999 -9999 -9999 -9999 -9999 -9999 -9999 -9999 -9999 -9999 -9999 -9999 -9999 -9999 -9999
0.054587353020906448364 0.057459585368633270264 0.06033177301287651062 0.063203580677509307861 0.066075041890144348145 0.068946339190006256104 0.071817599236965179443 0.074688471853733062744 0.077559195458889007568 0.080429829657077789307 0.083300419151782989502 0.086170978844165802002 0.08904151618480682373 0.091911911964416503906 0.094921171665191650391 0.097929418087005615234 12.259059906005859375 1.054262995719909668 0.12652581930160522461 0.0057495371438562870026 -9999 -9999 -9999 -9999 -9999 -9999 -9999 -9999 -9999 -9999 -9999 -9999 -9999 -9999 -9999 -9999 -9999 -9999 -9999 -9999 -9999
0.048844892531633377075 0.051717396825551986694 0.05458979681134223938 0.057462047785520553589 0.060333870351314544678 0.063205339014530181885 0.066076539456844329834 0.068947747349739074707 0.071819193661212921143 0.074690386652946472168 -9999 -9999 -9999 -9999 -9999 -9999 -9999 -9999 0.13528017699718475342 -9999 -9999 -9999 -9999 -9999 -9999 -9999 -9999 -9999 -9999 -9999 -9999 -9999 -9999 -9999 -9999 -9999 -9999 -9999 -9999 -9999 -9999
-9999 -9999 -9999 -9999 -9999 -9999 -9999 -9999 -9999 -9999 -9999 -9999 -9999 -9999 -9999 -9999 -9999 -9999 -9999 -9999 -9999 -9999 -9999 -9999 -9999 -9999 -9999 -9999 -9999 -9999 -9999 -9999 -9999 -9999 -9999 -9999 -9999 -9999 -9999 -9999 -9999
-9999 -9999 -9999 -9999 -9999 -9999 -9999 -9999 -9999 -9999 -9999 -9999 -9999 -9999 -9999 -9999 -9999 -9999 -9999 -9999 -9999 -9999 -9999 -9999 -9999 -9999 -9999 -9999 -9999 -9999 -9999 -9999 -9999 -9999 -9999 -9999 -9999 -9999 -9999 -9999 -9999
-9999 -9999 -9999 -9999 -9999 -9999 -9999 -9999 -9999 -9999 -9999 -9999 -9999 -9999 -9999 -9999 -9999 -9999 -9999 -9999 -9999 -9999 -9999 -9999 -9999 -9999 -9999 -9999 -9999 -9999 -9999 -9999 -9999 -9999 -9999 -9999 -9999 -9999 -9999 -9999 -9999
