tests/data/reference/gistest/full/mqsur_m3_s.asc
ncols        125
nrows        78
xllcorner    -713756.799299980048
yllcorner    -1061032.369616159936
cellsize     10.000000000000
NODATA_value  -9999
[rows 36 to 53 of 78, columns 80 to 119 of 125]
0.49645626544952392578 0.034483954310417175293 0.11199183762073516846 0.26429933309555053711 0.011491110548377037048 0.01157119404524564743 0.0028748034965246915817 0.0090831518173217773438 0.01483150385320186615 0.028734270483255386353 0.028733402490615844727 0.13493447005748748779 0.01149736158549785614 0.0086216544732451438904 0.014370381832122802734 0.0057492996565997600555 0.0028740686830133199692 0.020114948973059654236 0.037816960364580154419 0.0057491944171488285065 0.01149619370698928833 0.0086229816079139709473 0.014830662868916988373 0.0057490938343107700348 0.0090827858075499534607 0.0062082228250801563263 0.0050766193307936191559 -9999 -9999 -9999 -9999 -9999 -9999 -9999 -9999 -9999 -9999 -9999 -9999 -9999
0.49930664896965026855 0.037356242537498474121 0.1148592829704284668 0.27862578630447387695 0.0095415506511926651001 0.0057493806816637516022 0.0028748284094035625458 0.011957659386098384857 0.01770560629665851593 0.03160700574517250061 0.031605862081050872803 0.14929854869842529297 0.011495530605316162109 0.017243728041648864746 0.0086234491318464279175 0.0057484740391373634338 0.022987585514783859253 0.040688380599021911621 0.0028748814947903156281 0.0086231594905257225037 0.014369511045515537262 0.011496662162244319916 0.017704276368021965027 0.0086232498288154602051 0.011957182548940181732 0.0090829180553555488586 0.0062083131633698940277 0.0028748183976858854294 0.0053569157607853412628 -9999 -9999 -9999 -9999 -9999 -9999 -9999 -9999 -9999 -9999 -9999
0.50229632854461669922 0.040228728204965591431 0.11771460622549057007 0.29100301861763000488 0.0086236931383609771729 0.0057494197972118854523 0.0028748470358550548553 0.01483194250613451004 0.020579488947987556458 0.034479495137929916382 0.18376979231834411621 0.014369199052453041077 0.020116889849305152893 0.011497369967401027679 0.0086226314306259155273 0.025860061869025230408 0.04355969652533531189 0.0057492428459227085114 0.01149684470146894455 0.0028748754411935806274 0.017242535948753356934 0.014370095916092395782 0.020577700808644294739 0.011497182771563529968 0.014831261709332466125 0.011957268230617046356 0.0090829851105809211731 0.0057492842897772789001 0.0062082083895802497864 0.0053248521871864795685 -9999 -9999 -9999 -9999 -9999 -9999 -9999 -9999 -9999 -9999
0.50528299808502197266 0.043233554810285568237 0.12104547768831253052 0.29386293888092041016 0.01724671386182308197 0.0057494477368891239166 0.0028748598415404558182 0.017706017941236495972 0.023453155532479286194 0.037351753562688827515 0.20100353658199310303 0.022989906370639801025 0.014371091499924659729 0.011496579274535179138 0.028732422739267349243 0.046430911868810653687 0.0086233550682663917542 0.014370341785252094269 0.0057492400519549846649 0.0028748922049999237061 0.020115336403250694275 0.017243281006813049316 0.023450834676623344421 0.014370765537023544312 0.017704952508211135864 0.014831302687525749207 0.011957439593970775604 0.0086236111819744110107 0.0090829394757747650146 0.0028748502954840660095 0.0076169548556208610535 -9999 -9999 -9999 -9999 -9999 -9999 -9999 -9999 -9999
0.0030134459957480430603 0.55183655023574829102 0.12405265122652053833 0.29672259092330932617 0.025869131088256835938 0.002874860074371099472 0.0057495236396789550781 0.020579895004630088806 0.026326596736907958984 0.040223777294158935547 0.22685682773590087891 0.017244620248675346375 0.014370315708220005035 0.03160466998815536499 0.04930208250880241394 0.011497231200337409973 0.017243603244423866272 0.0086233532056212425232 0.005749289877712726593 0.022987933829426765442 0.0028748915065079927444 0.020116265863180160522 0.026323724538087844849 0.017244068905711174011 0.020578369498252868652 0.017705125734210014343 0.014831584878265857697 0.011497690342366695404 0.011957387439906597137 0.0057493955828249454498 0.0095416735857725143433 0.0052462923340499401093 -9999 -9999 -9999 -9999 -9999 -9999 -9999 -9999
0.052396517246961593628 0.55777925252914428711 0.12705910205841064453 0.29972103238105773926 0.031616594642400741577 0.0028748901095241308212 0.0086239743977785110474 0.023453565314412117004 0.029199803248047828674 0.26994264125823974609 0.020117977634072303772 0.01724385283887386322 0.034476779401302337646 0.05217316746711730957 0.014370900578796863556 0.020116679370403289795 0.011497193016111850739 0.0086234072223305702209 0.025860359892249107361 0.0057493047788739204407 0.0028743001166731119156 0.022989125922322273254 0.029196469113230705261 0.02011719532310962677 0.023451594635844230652 0.020578775554895401001 0.017705358564853668213 0.014371434226632118225 0.014831578359007835388 0.0086236698552966117859 0.012416504323482513428 0.006207930389791727066 0.0028741459827870130539 -9999 -9999 -9999 -9999 -9999 -9999 -9999
0.92597603797912597656 0.613147735595703125 0.13006268441677093506 0.30272001028060913086 0.034628026187419891357 0.0057495357468724250793 0.011498163454234600067 0.026326980441808700562 0.032072789967060089111 0.2929217219352722168 0.020117210224270820618 0.037348743528127670288 0.055044170469045639038 0.017244394868612289429 0.022989610210061073303 0.014370820485055446625 0.011497256346046924591 0.02873255312442779541 0.0086234239861369132996 0.002874524332582950592 0.0057487562298774719238 0.02586179785430431366 0.032069005072116851807 0.022990105673670768738 0.02632464282214641571 0.023452302441000938416 0.020578879863023757935 0.017244897782802581787 0.017705617472529411316 0.011497768573462963104 0.015291076153516769409 0.0090826759114861488342 0.0057478034868836402893 0.0028741792775690555573 0.0051280464977025985718 -9999 -9999 -9999 -9999 -9999
0 0.92886412143707275391 0.61611586809158325195 0.43577077984809875488 0.037639047950506210327 0.0086238309741020202637 0.014372027479112148285 0.02920014597475528717 0.034945596009492874146 0.31589925289154052734 0.04022059217095375061 0.057915009558200836182 0.020117690786719322205 0.02586242184042930603 0.017244286835193634033 0.014370907098054885864 0.031604554504156112671 0.011497248895466327667 0.0057489406317472457886 0.0028745171148329973221 0.0086229331791400909424 0.028734238818287849426 0.034941285848617553711 0.025862785056233406067 0.029197629541158676147 0.026325739920139312744 0.023452302441000938416 0.020118195563554763794 0.020579481497406959534 0.014371794648468494415 0.01816545240581035614 0.011957146227359771729 0.0086219850927591323853 0.0090815033763647079468 0.0028741722926497459412 0.0053531462326645851135 -9999 -9999 -9999 -9999
0.040959179401397705078 0 0 1.0548359155654907227 0.040649548172950744629 0.011636832728981971741 0.017245741561055183411 0.03207319602370262146 0.037818238139152526855 0.35897836089134216309 0.060785770416259765625 0.022990781813859939575 0.028735050931572914124 0.020117593929171562195 0.017244413495063781738 0.034476540982723236084 0.014370871707797050476 0.0086230933666229248047 0.0057489615865051746368 0.0028745660092681646347 0.011496849358081817627 0.031606465578079223633 0.037813369184732437134 0.028735369443893432617 0.032070711255073547363 0.029198968783020973206 0.02632565423846244812 0.022991416975855827332 0.023453088477253913879 0.017245698720216751099 0.021039633080363273621 0.014831358566880226135 0.020577007904648780823 0.0057485578581690788269 0.0028748863842338323593 0.0062079336494207382202 0.0058138151653110980988 -9999 -9999 -9999
0.012372229248285293579 0.015384688973426818848 0.018396897241473197937 0 0 0.014649489894509315491 0.020258534699678421021 0.034946165978908538818 0.04069067537784576416 0.42261993885040283203 0.025863677263259887695 0.031607497483491897583 0.022990705445408821106 0.020117744803428649902 0.037348482757806777954 0.017244368791580200195 0.011497055180370807648 0.0086231790482997894287 0.0057490603066980838776 0.0028746481984853744507 0.014370515942573547363 0.034478489309549331665 0.040685385465621948242 0.031608033925294876099 0.034943707287311553955 0.032072041183710098267 0.029198922216892242432 0.025864589959383010864 0.026326533406972885132 0.020119367167353630066 0.02391361631453037262 0.017705341801047325134 0.029198473319411277771 0.0057493946515023708344 0.002874570898711681366 0.0090825492516160011292 0.0062082717195153236389 0.0028741750866174697876 -9999 -9999
0.0030137363355606794357 0.0060269939713180065155 0.0090398900210857391357 0.012052531354129314423 0.015064242295920848846 0 0.02327074296772480011 0.037957798689603805542 0.043562758713960647583 0.45133739709854125977 0.034479677677154541016 0.025863593444228172302 0.022990865632891654968 0.040220268070697784424 0.020117683336138725281 0.014370826072990894318 0.011497187428176403046 0.0086233299225568771362 0.0057491902261972427368 0.0028747306205332279205 0.017243977636098861694 0.037350408732891082764 0.043557483702898025513 0.034480821341276168823 0.037816520780324935913 0.034944966435432434082 0.03207204863429069519 0.028737643733620643616 0.029199855402112007141 0.022992882877588272095 0.026787409558892250061 0.020579073578119277954 0.037820126861333847046 0.0057490980252623558044 0.002874669153243303299 0.018164886161684989929 0.0057484810240566730499 0.0028748686891049146652 0.0028740577399730682373 0.0033333334140479564667
0.01177051197737455368 0.014782942831516265869 0.017795152962207794189 0.020807201042771339417 0.023819062858819961548 0.041891984641551971436 0 0.040968675166368484497 0.046434294432401657104 0.48866775631904602051 0.028736110776662826538 0.025863721966743469238 0.043091859668493270874 0.022990787401795387268 0.017244365066289901733 0.014370962977409362793 0.011497368104755878448 0.0086235031485557556152 0.0057493182830512523651 0.0028748037293553352356 0.020117295905947685242 0.040222313255071640015 0.046429689973592758179 0.037353452295064926147 0.040689133107662200928 0.037817731499671936035 0.034945003688335418701 0.031610526144504547119 0.032073017209768295288 0.02586627565324306488 0.029660932719707489014 0.061270214617252349854 0.00862329825758934021 0.0057491650804877281189 0.021038673818111419678 0.0086224889382719993591 0.0057490910403430461884 0.0057481741532683372498 0.0062081445939838886261 0.0028747979085892438889
0.22172439098358154297 0.22472633421421051025 0.22772911190986633301 0.23073244094848632812 0.23373602330684661865 0.23673759400844573975 0.0030136529821902513504 0 0.049444653093814849854 0.52025192975997924805 0.028736123815178871155 0.045963097363710403442 0.025863660499453544617 0.020117690786719322205 0.017244499176740646362 0.014371157623827457428 0.011497572995722293854 0.0086236707866191864014 0.0057494258508086204529 0.0028748488985002040863 0.022990478202700614929 0.043094202876091003418 0.049301914870738983154 0.040225915610790252686 0.043561566621065139771 0.040690317749977111816 0.03781779855489730835 0.034483250230550765991 0.03494599461555480957 0.028739498928189277649 0.032534088939428329468 0.072763524949550628662 0.0086233234032988548279 0.023912208154797554016 0.011496326886117458344 0.0086231548339128494263 0.0086220847442746162415 0.0090825399383902549744 0.0057488782331347465515 -9999
0.0090832309797406196594 0.01209679432213306427 0.015110103413462638855 0.01812317967414855957 0.021136036142706871033 0.024148140102624893188 0.23973432183265686035 0 0.052455089986324310303 0.55183404684066772461 0.0488336905837059021 0.028736138716340065002 0.022990746423602104187 0.020117815583944320679 0.017244705930352210999 0.014371390454471111298 0.011497778818011283875 0.0086238151416182518005 0.0057494966313242912292 0.0028748789336532354355 0.025863545015454292297 0.045966096222400665283 0.052174065262079238892 0.04309835284948348999 0.04643389582633972168 0.043562725186347961426 0.040690395981073379517 0.037355799227952957153 0.037818800657987594604 0.03161237761378288269 0.10816637426614761353 0.011497224681079387665 0.026785453781485557556 0.01436987612396478653 0.011497017927467823029 0.011495912447571754456 0.01195674017071723938 0.0086227487772703170776 -9999 -9999
0.002874958328902721405 0.0058886990882456302643 0.0089021557942032814026 0.011915373615920543671 0.014928318560123443604 0.017940625548362731934 0.045097947120666503906 0.24272909760475158691 0 0.60365021228790283203 0.031608100980520248413 0.025863388553261756897 0.022990826517343521118 0.020118007436394691467 0.017244953662157058716 0.014371626079082489014 0.0028748807962983846664 0.011497984640300273895 0.01149854809045791626 0.0028749045450240373611 0.028736516833305358887 0.048837956041097640991 0.055046055465936660767 0.045970737934112548828 0.049306288361549377441 0.04643510282039642334 0.043562840670347213745 0.040228202939033508301 0.04069156944751739502 0.034484900534152984619 0.12253128737211227417 0.029658442363142967224 0.017243122681975364685 0.014370550401508808136 0.014369457028806209564 0.01483072526752948761 0.011496578343212604523 0.002874249359592795372 -9999 -9999
0.0057497317902743816376 0.0086243469268083572388 0.011637860909104347229 0.01465115230530500412 0.017664141952991485596 0.020676622167229652405 0.023688225075602531433 0.048105817288160324097 0 0.63823962211608886719 0.028874585404992103577 0.025863446295261383057 0.022990992292761802673 0.02011824585497379303 0.017245208844542503357 0.0057495110668241977692 0.0028748894110321998596 0.01437192969024181366 0.017247201874852180481 0.0028749289922416210175 0.031609386205673217773 0.051709704101085662842 0.057917881757020950317 0.048842918127775192261 0.052178528159856796265 0.049307543784379959106 0.046435233205556869507 0.043100528419017791748 0.043564129620790481567 0.037357121706008911133 0.15505586564540863037 0.020116077736020088196 0.017243776470422744751 0.017242694273591041565 0.017704367637634277344 0.014370115473866462708 0.0057487008161842823029 0.0028745618183165788651 0.0028748861514031887054 -9999
0.011957596056163311005 0.014832157641649246216 0.017706621438264846802 0.020720029249787330627 0.023733062669634819031 0.026745654642581939697 0.029757570475339889526 0.026698822155594825745 0.051113434135913848877 0 0.057747185230255126953 0.025863649323582649231 0.022991215810179710388 0.020118474960327148438 0.0086238328367471694946 0.0028748670592904090881 0.0057495497167110443115 0.017245674505829811096 0.020120790228247642517 0.0057496516965329647064 0.034482132643461227417 0.054581321775913238525 0.060789577662944793701 0.051714945584535598755 0.055050574243068695068 0.052179805934429168701 0.049307681620121002197 0.045972898602485656738 0.046436391770839691162 0.19527779519557952881 0.022988833487033843994 0.020116733387112617493 0.02011567726731300354 0.020577760413289070129 0.017243318259716033936 0.0086227860301733016968 0.0057490048930048942566 0.0057493257336318492889 0.0028743152506649494171 0.0028748468030244112015
0.18996508419513702393 0.1928326338529586792 0.19570022821426391602 0.19856739044189453125 0.20157292485237121582 0.20457758009433746338 0.20758092403411865234 0.032768629491329193115 0.080817423760890960693 0 0.086618602275848388672 0.026002949103713035583 0.022991435602307319641 0.011497810482978820801 0.0028747925534844398499 0.0057494896464049816132 0.0086239660158753395081 0.020119262859225273132 0.022994253784418106079 0.0086241671815514564514 0.037354756146669387817 0.057452846318483352661 0.063661135733127593994 0.054586801677942276001 0.05792253836989402771 0.055052053183317184448 0.052180204540491104126 0.048845130950212478638 0.049308259040117263794 0.2211294025182723999 0.022989507764577865601 0.0665513649582862854 0.0435656718909740448 0.020116318017244338989 0.011496532708406448364 0.0086230738088488578796 0.0086234761402010917664 0.014371922239661216736 0.0086239567026495933533 0.0028748810291290283203
