tests/data/reference/gistest/full/mqsur_m3_s.asc
ncols        125
nrows        78
xllcorner    -713756.799299980048
yllcorner    -1061032.369616159936
cellsize     10.000000000000
NODATA_value  -9999
[rows 18 to 35 of 78, columns 41 to 81 of 125]
0.03447838127613067627 0.017245696857571601868 0.043095670640468597412 0.025862660259008407593 0.022990215569734573364 0.01149786822497844696 0.014371176250278949738 0.025863690301775932312 0.0057490640319883823395 0.002874708268791437149 0.0086235171183943748474 0.011497243307530879974 0.022987963631749153137 0.014371078461408615112 0.0086236530914902687073 0.0086237629875540733337 0.0057494747452437877655 0.0028748491313308477402 0.002874840516597032547 0.0028748270124197006226 0.0028748048935085535049 0.0028747718315571546555 0.020118780434131622314 0.0057491129264235496521 0.0057489797472953796387 0.005748814903199672699 0.037353213876485824585 0.0086232395842671394348 0.0086232023313641548157 0.06320139765739440918 0.0086227795109152793884 0.0086223436519503593445 0.00287477090023458004 0.3302727043628692627 0.022993678227066993713 0.0057491846382617950439 0.0028742009308189153671 -9999 -9999 -9999 -9999
0.037351019680500030518 0.020119477063417434692 0.045967876911163330078 0.028735952451825141907 0.02586358971893787384 0.014371983706951141357 0.017245056107640266418 0.028736742213368415833 0.0086234491318464279175 0.0028747960459440946579 0.0057492605410516262054 0.011497514322400093079 0.014370980672538280487 0.025860736146569252014 0.01724461093544960022 0.011497710831463336945 0.011497830972075462341 0.0086237899959087371826 0.0057494277134537696838 0.0057494100183248519897 0.0057493839412927627563 0.0057493443600833415985 0.0057492842897772789001 0.022991653531789779663 0.0086232712492346763611 0.0086231417953968048096 0.0086229853332042694092 0.040224608033895492554 0.01149703003466129303 0.07469317317008972168 0.011496574617922306061 0.011496111750602722168 0.0028748109471052885056 0.0057486868463456630707 0.33886829018592834473 0.031614445149898529053 0.005748716648668050766 0.0028746966272592544556 -9999 -9999 -9999
0.040223438292741775513 0.022993143647909164429 0.048840042203664779663 0.031609162688255310059 0.028736889362335205078 0.017245981842279434204 0.020118838176131248474 0.031609747558832168579 0.011497668921947479248 0.0028748519252985715866 0.0057493913918733596802 0.0086235599592328071594 0.014371276833117008209 0.017244502902030944824 0.02873335033655166626 0.020117945969104766846 0.014371524564921855927 0.014371640048921108246 0.01149783749133348465 0.0086237210780382156372 0.0086236838251352310181 0.0086236307397484779358 0.0086235720664262771606 0.0086235059425234794617 0.025864349678158760071 0.011497214436531066895 0.011497072875499725342 0.01149687543511390686 0.05459195747971534729 0.077562063932418823242 0.014370330609381198883 0.01436989661306142807 0.0057492051273584365845 0.0028748223558068275452 0.0028748034965246915817 0.34171593189239501953 0.040234129875898361206 0.0057491911575198173523 0.0028747781179845333099 -9999 -9999
0.04309558868408203125 0.025866653770208358765 0.051712207496166229248 0.03448227420449256897 0.031610123813152313232 0.020119864493608474731 0.022992499172687530518 0.034482639282941818237 0.014371721073985099792 0.0057495147921144962311 0.002874869154766201973 0.0086237266659736633301 0.011497601866722106934 0.017244832590222358704 0.020117847248911857605 0.031605791300535202026 0.022991055622696876526 0.017245089635252952576 0.017245190218091011047 0.014371606521308422089 0.011497723869979381561 0.01149767264723777771 0.011497617699205875397 0.011497559025883674622 0.011497480794787406921 0.028736839070916175842 0.014370846562087535858 0.014370641671121120453 0.068958319723606109619 0.080431371927261352539 0.017244003713130950928 0.017243474721908569336 0.0086235282942652702332 0.0057492456398904323578 0.0028748642653226852417 0.0057490072213113307953 0.34456580877304077148 0.043104704469442367554 0.01149778999388217926 0.0028747413307428359985 0.0028748842887580394745
0.045967437326908111572 0.028739877045154571533 0.054584197700023651123 0.037355236709117889404 0.034483235329389572144 0.022993596270680427551 0.025866024196147918701 0.037355363368988037109 0.017245579510927200317 0.0086239511147141456604 0.0057495194487273693085 0.0028748682234436273575 0.011497810482978820801 0.014371435157954692841 0.020118208602070808411 0.022990977391600608826 0.034478005021810531616 0.025863928720355033875 0.020118398591876029968 0.020118471235036849976 0.017245110124349594116 0.014371478930115699768 0.014371428638696670532 0.014371359720826148987 0.014371275901794433594 0.014371165074408054352 0.031608961522579193115 0.017244109883904457092 0.086197271943092346191 0.083300702273845672607 0.020117441192269325256 0.020116891711950302124 0.01149771176278591156 0.0086235534399747848511 0.0057493732310831546783 0.0086231296882033348083 0.0028748724143952131271 0.347415924072265625 0.045975115150213241577 0.017245819792151451111 0.0057494817301630973816
0.048838991671800613403 0.031612787395715713501 0.057455830276012420654 0.040227983146905899048 0.037356130778789520264 0.025867123156785964966 0.028739387169480323792 0.040227878838777542114 0.020119218155741691589 0.011498151347041130066 0.0086239213123917579651 0.0028748838230967521667 0.0057495068758726119995 0.014371690340340137482 0.017245056107640266418 0.022991340607404708862 0.02586386166512966156 0.037349998950958251953 0.028736565262079238892 0.022991448640823364258 0.022991502657532691956 0.02011838182806968689 0.017244979739189147949 0.017244907096028327942 0.017244817689061164856 0.017244696617126464844 0.017244502902030944824 0.034480676054954528809 0.1063081696629524231 0.086169600486755371094 0.022990744560956954956 0.022990254685282707214 0.014371743425726890564 0.011497703380882740021 0.0086237387731671333313 0.011497251689434051514 0.0028745753224939107895 0.0057492260821163654327 0.35026624798774719238 0.048844926059246063232 0.025867359712719917297
0.051710277795791625977 0.034485414624214172363 0.060327146202325820923 0.043100509792566299438 0.040228866040706634521 0.028740484267473220825 0.031612586230039596558 0.043100211769342422485 0.022992661222815513611 0.014372150413691997528 0.0028749033808708190918 0.011498096399009227753 0.0057495469227433204651 0.00862390175461769104 0.017245341092348098755 0.020118433982133865356 0.025864239782094955444 0.028736516833305358887 0.040221743285655975342 0.031608927994966506958 0.025864241644740104675 0.025864303112030029297 0.022991405799984931946 0.02011822722852230072 0.020118122920393943787 0.020117968320846557617 0.02011775970458984375 0.020117491483688354492 0.14365357160568237305 0.089038178324699401855 0.025863897055387496948 0.025863494724035263062 0.017245573922991752625 0.014371682889759540558 0.011497946456074714661 0.014371305704116821289 0.0057492428459227085114 0.0086234873160719871521 0.0028738507535308599472 0.35311540961265563965 0.051714237779378890991
0.054581280797719955444 0.037357795983552932739 0.063198201358318328857 0.045972827821969985962 0.043101482093334197998 0.031613729894161224365 0.034485608339309692383 0.045972380787134170532 0.025865936651825904846 0.01724597439169883728 0.0057496023364365100861 0.0028749296907335519791 0.014372071251273155212 0.0086239641532301902771 0.011498054489493370056 0.020118765532970428467 0.02299156971275806427 0.028736868873238563538 0.031608868390321731567 0.043093182146549224854 0.034481056034564971924 0.028736837208271026611 0.028736896812915802002 0.025864198803901672363 0.022991184145212173462 0.02299098484218120575 0.022990770637989044189 0.022990562021732330322 0.16663514077663421631 0.091906793415546417236 0.028736826032400131226 0.028736487030982971191 0.020119186490774154663 0.017245478928089141846 0.014371988363564014435 0.017245251685380935669 0.0086237834766507148743 0.011497725732624530792 0.0057484386488795280457 0.35596999526023864746 0.0028743783477693796158
0.21830850839614868164 0.04022989422082901001 0.066068954765796661377 0.048844899982213973999 0.045973885804414749146 0.034486792981624603271 0.037358451634645462036 0.048844419419765472412 0.028739059343934059143 0.020119622349739074707 0.0086240833625197410583 0.0028749485500156879425 0.0057496293447911739349 0.017245836555957794189 0.011498139239847660065 0.014371952973306179047 0.022991912439465522766 0.025864405557513237 0.031609207391738891602 0.034480992704629898071 0.045964471995830535889 0.037353023886680603027 0.031609218567609786987 0.031609226018190383911 0.028736673295497894287 0.025863816961646080017 0.025863582268357276917 0.025863377377390861511 0.19248858094215393066 0.094775177538394927979 0.031609494239091873169 0.03160918503999710083 0.022992525249719619751 0.020119035616517066956 0.017245819792151451111 0.020119043067097663879 0.011498144827783107758 0.014371864497661590576 0.0086229173466563224792 0.35882741212844848633 0.0057489974424242973328
0.22979380190372467041 0.043101694434881210327 0.068939350545406341553 0.051716651767492294312 0.048845980316400527954 0.037359595298767089844 0.040231097489595413208 0.051716368645429611206 0.031612060964107513428 0.022993102669715881348 0.011498356238007545471 0.0057496763765811920166 0.0086241103708744049072 0.002874936908483505249 0.020119363442063331604 0.014372037723660469055 0.017245551571249961853 0.025864768773317337036 0.028737012296915054321 0.034481391310691833496 0.037352975457906723022 0.048835586756467819214 0.040224753320217132568 0.034481327980756759644 0.034481283277273178101 0.031608916819095611572 0.028736257925629615784 0.028735984116792678833 0.22121316194534301758 0.097642987966537475586 0.034481782466173171997 0.034481510519981384277 0.025865513831377029419 0.022992262616753578186 0.020119357854127883911 0.022992592304944992065 0.014372324571013450623 0.017245821654796600342 0.011497231200337409973 0.36168614029884338379 0.0086235208436846733093
0.3303070366382598877 0.045973204076290130615 0.071809500455856323242 0.054588150233030319214 0.051717814058065414429 0.040232136845588684082 0.043103538453578948975 0.054588206112384796143 0.034484930336475372314 0.02586641162633895874 0.014372425153851509094 0.0086241774260997772217 0.011498380452394485474 0.0057496451772749423981 0.022992715239524841309 0.017245734110474586487 0.0028748472686856985092 0.020118892192840576172 0.028737412765622138977 0.031609442085027694702 0.037353396415710449219 0.04022475704550743103 0.051706485450267791748 0.043096240609884262085 0.037353198975324630737 0.037353109568357467651 0.034480899572372436523 0.03160840645432472229 0.25280869007110595703 0.10051041841506958008 0.037353772670030593872 0.037353605031967163086 0.028738290071487426758 0.025865269824862480164 0.022992664948105812073 0.025865897536277770996 0.01724626496434211731 0.0201195497065782547 0.014371352270245552063 0.36454543471336364746 0.011497921310365200043
0.014648647978901863098 0.37927451729774475098 0.074679479002952575684 0.057459529489278793335 0.054589509963989257812 0.043104507029056549072 0.045975793153047561646 0.05745990946888923645 0.03735766187310218811 0.028739541769027709961 0.017246287316083908081 0.011498455889523029327 0.01437243632972240448 0.008624119684100151062 0.025865903124213218689 0.02011925913393497467 0.0028748696204274892807 0.0057494509965181350708 0.022991992533206939697 0.031609851866960525513 0.034481693059206008911 0.040225233882665634155 0.043096352368593215942 0.054577175527811050415 0.045967482030391693115 0.040224753320217132568 0.04022452235221862793 0.037352476269006729126 0.034480284899473190308 0.35617440938949584961 0.040225580334663391113 0.040225595235824584961 0.031610988080501556396 0.028738211840391159058 0.025865867733955383301 0.028739044442772865295 0.020119983702898025513 0.022993026301264762878 0.017245255410671234131 0.36740499734878540039 0.014372080564498901367
1.2427713871002197266 1.2603664398193359375 0.45694270730018615723 0.060468956828117370605 0.057599499821662902832 0.045976348221302032471 0.048847597092390060425 0.060331225395202636719 0.040230132639408111572 0.031612433493137359619 0.020119907334446907043 0.014372484758496284485 0.017246246337890625 0.01149834413081407547 0.028738880529999732971 0.022992577403783798218 0.0057495161890983581543 0.0028748635668307542801 0.0086237816140055656433 0.025864897295832633972 0.034482121467590332031 0.037353720515966415405 0.043096788227558135986 0.045967601239681243896 0.057447429746389389038 0.04883826524019241333 0.043095879256725311279 0.043095663189888000488 0.040223982185125350952 0.037352185696363449097 0.3992550969123840332 0.043097473680973052979 0.03448357805609703064 0.031611066311597824097 0.028738968074321746826 0.031612060964107513428 0.022993508726358413696 0.025866260752081871033 0.020118929445743560791 0.37026479840278625488 0.017245996743440628052
0.81477659940719604492 0.83800578117370605469 2.101306915283203125 2.5611450672149658203 2.6245036125183105469 0.0606079883873462677 0.097830913960933685303 0.063201643526554107666 0.043102122843265533447 0.034485001116991043091 0.022993216291069984436 0.017246197909116744995 0.02011972479522228241 0.014372250065207481384 0.031611543148756027222 0.025865640491247177124 0.0086239045485854148865 0.0057495050132274627686 0.0028748742770403623581 0.011497870087623596191 0.028737559914588928223 0.03735404089093208313 0.040225304663181304932 0.045967794954776763916 0.048838257789611816406 0.060317110270261764526 0.051708742976188659668 0.045966967940330505371 0.045966938138008117676 0.043095633387565612793 0.43946158885955810547 0.045969277620315551758 0.037356056272983551025 0.034483816474676132202 0.031611960381269454956 0.034484926611185073853 0.025866845622658729553 0.028739282861351966858 0.022992381826043128967 0.37312456965446472168 0.020119691267609596252
0.020256005227565765381 0.020256202667951583862 0.049266785383224487305 0.069658219814300537109 0.090048901736736297607 2.7174687385559082031 2.7809731960296630859 2.8816924095153808594 0.066209964454174041748 0.080594964325428009033 0.025865893810987472534 0.020119380205869674683 0.022992672398686408997 0.01724568195641040802 0.034483663737773895264 0.028738273307681083679 0.0028748123440891504288 0.011497985571622848511 0.0086238486692309379578 0.0057494705542922019958 0.014371644705533981323 0.03160986676812171936 0.040225587785243988037 0.043096531182527542114 0.048838526010513305664 0.051708810031414031982 0.063186921179294586182 0.054579373449087142944 0.048838146030902862549 0.048838227987289428711 0.48540970683097839355 0.048840850591659545898 0.040228340774774551392 0.037356428802013397217 0.034484822303056716919 0.037357617169618606567 0.028739992529153823853 0.03161212429404258728 0.025865634903311729431 0.37598389387130737305 0.022993147373199462891
0.017244050279259681702 0.026000948622822761536 0.017383472993969917297 0.017383638769388198853 0.017522517591714859009 0.035042561590671539307 0.04968843609094619751 0.064471893012523651123 2.9608488082885742188 3.0299546718597412109 3.1134111881256103516 0.028876241296529769897 0.022991634905338287354 0.025864847004413604736 0.020118545740842819214 0.037355136126279830933 0.031610362231731414795 0.0057493066415190696716 0.014371697790920734406 0.011497845873236656189 0.0086237406358122825623 0.017245143651962280273 0.03448200225830078125 0.043097101151943206787 0.045967876911163330078 0.051709502935409545898 0.054579608142375946045 0.066056922078132629395 0.057449996471405029297 0.051709152758121490479 0.051709227263927459717 0.5371004939079284668 0.04310026019811630249 0.040228784084320068359 0.037357483059167861938 0.040230102837085723877 0.031612958759069442749 0.034484822303056716919 0.028738733381032943726 0.37884217500686645508 0.025866288691759109497
0.022989230230450630188 0.014371016062796115875 0.01437118183821439743 0.014510292559862136841 0.014509496279060840607 0.011636642739176750183 0.011775380931794643402 0.011775449849665164948 0.011775474995374679565 0.023687943816184997559 0.035598669201135635376 3.1519002914428710938 3.1836397647857666016 3.2094933986663818359 0.028875669464468955994 0.023130018264055252075 0.040226288139820098877 0.034482173621654510498 0.0086235003545880317688 0.017245149239897727966 0.014371599070727825165 0.01149777974933385849 0.020118491724133491516 0.037354122847318649292 0.045968696475028991699 0.048839319497346878052 0.054580550640821456909 0.057450398802757263184 0.06892681121826171875 0.06032034754753112793 0.054579790681600570679 0.59179514646530151367 0.04597169533371925354 0.043100692331790924072 0.040229760110378265381 0.043102238327264785767 0.034485656768083572388 0.037357319146394729614 0.031611673533916473389 0.38169878721237182617 0.028739076107740402222
0.011497292667627334595 0.011497408151626586914 0.011497519910335540771 0.011496717110276222229 0.0086236177012324333191 0.0087625877931714057922 0.0087626604363322257996 0.0087627451866865158081 0.0089014358818531036377 0.0089013073593378067017 0.029015019536018371582 0.040925450623035430908 0.052834331989288330078 0.055843323469161987305 3.2682240009307861328 0.031886368989944458008 0.026141230016946792603 0.043236505240201950073 0.037492960691452026367 0.011636431328952312469 0.020257441326975822449 0.017384177073836326599 0.014510623179376125336 0.023130735382437705994 0.040365252643823623657 0.048979334533214569092 0.051849782466888427734 0.057590566575527191162 0.060460034757852554321 0.071935392916202545166 0.063329309225082397461 0.057589001953601837158 0.64074885845184326172 0.046110935509204864502 0.043240427970886230469 0.046112842857837677002 0.03735793381929397583 0.040229521691799163818 0.034484431147575378418 0.38455346226692199707 0.031611509621143341064
