tests/data/reference/gistest/full/mqsur_m3_s.asc
ncols        125
nrows        78
xllcorner    -713756.799299980048
yllcorner    -1061032.369616159936
cellsize     10.000000000000
NODATA_value  -9999
[rows 54 to 71 of 78, columns 80 to 119 of 125]
0.014831933192908763885 0.017706342041492462158 0.020580619573593139648 0.023454729467630386353 0.026328600943088531494 0.029341243207454681396 0.032353457063436508179 0.24293337762355804443 9.9907588958740234375 0.64715093374252319336 0.1156139075756072998 0.026003096252679824829 0.014510423876345157623 0.0057493173517286777496 0.0028748107142746448517 0.0086238654330372810364 0.01149815041571855545 0.022992623969912528992 0.025867458432912826538 0.011498423293232917786 0.04022701457142829895 0.060323875397443771362 0.066532112658023834229 0.057458143681287765503 0.060794137418270111084 0.05792392045259475708 0.055052146315574645996 0.051716573536396026611 0.27329766750335693359 0.025861980393528938293 0.069421030580997467041 0.0028747764881700277328 0.0028746125753968954086 0.014369957149028778076 0.01149673759937286377 0.037363205105066299438 0.025868266820907592773 0.0086237192153930664062 0.0057494458742439746857 0.0028748831246048212051
0.22107157111167907715 0.22393654286861419678 0.22680182754993438721 0.22966729104518890381 0.23253239691257476807 0.23539690673351287842 0.23839993774890899658 0.24140115082263946533 0.24593172967433929443 10.640639305114746094 0.14460639655590057373 0.017522767186164855957 0.0087625598534941673279 0.0028748523909598588943 0.0057494957000017166138 0.011498169973492622375 0.014372289180755615234 0.02586604095995426178 0.028740676119923591614 0.014372535981237888336 0.043099362403154373169 0.063195139169692993164 0.069403328001499176025 0.060329712927341461182 0.063665986061096191406 0.060795869678258895874 0.057923894375562667847 0.32787415385246276855 0.028734456747770309448 0.072290897369384765625 0.011498092673718929291 0.0057492186315357685089 0.017243351787328720093 0.014370243996381759644 0.05747785419225692749 0.017244625836610794067 0.014371301978826522827 0.011497513391077518463 0.0086234202608466148376 0.005749118514358997345
0.080415546894073486328 0.083286143839359283447 0.086156807839870452881 0.089027650654315948486 0.091898515820503234863 0.094769157469272613525 0.097639501094818115234 0.10064818710088729858 0.34504467248916625977 10.889247894287109375 0.16513293981552124023 0.011771478690207004547 0.0030137991998344659805 0.0058885002508759498596 0.0086240386590361595154 0.014372372999787330627 0.017246318981051445007 0.028739351779222488403 0.031613737344741821289 0.017246454954147338867 0.045971553772687911987 0.06606623530387878418 0.07227436453104019165 0.063201092183589935303 0.066537536680698394775 0.063667356967926025391 0.060795009136199951172 0.35946577787399291992 0.075160577893257141113 0.014371940866112709045 0.022990010678768157959 0.020116761326789855957 0.017243687063455581665 0.060347944498062133789 0.020118134096264839172 0.017245026305317878723 0.01437151152640581131 0.011497590690851211548 0.0086234416812658309937 0.0057491646148264408112
0.1895008087158203125 0.19236783683300018311 0.19523465633392333984 0.19810082018375396729 0.20096689462661743164 0.20383298397064208984 0.2066990286111831665 0.20970398187637329102 0.21270874142646789551 0.56073755025863647461 11.057140350341796875 0.014780364930629730225 0.0060273255221545696259 0.0089018587023019790649 0.011498444713652133942 0.017246451228857040405 0.020120199769735336304 0.031612496823072433472 0.034486632794141769409 0.020120188593864440918 0.048843547701835632324 0.06893704831600189209 0.07514511793851852417 0.066072136163711547852 0.069408603012561798096 0.066538199782371520996 0.42311576008796691895 0.078029878437519073486 0.017245519906282424927 0.025863049551844596863 0.0028748901095241308212 0.020117089152336120605 0.06321827322244644165 0.022991118952631950378 0.025864673778414726257 0.022991821169853210449 0.020118536427617073059 0.017244897782802581787 0.014371133409440517426 0.011497397907078266144
0.068943604826927185059 0.07181473076343536377 0.074685402214527130127 0.21926556527614593506 0.22213096916675567627 0.22499641776084899902 0.25660541653633117676 0.26809364557266235352 0.27109709382057189941 0.27410089969635009766 11.894610404968261719 0.017792908474802970886 0.009036712348461151123 0.011914853937923908234 0.014511673711240291595 0.020120343193411827087 0.022993875667452812195 0.034485436975955963135 0.037359338253736495972 0.022993715479969978333 0.051715265959501266479 0.071807533502578735352 0.078015625476837158203 0.068942911922931671143 0.072279222309589385986 0.49250721931457519531 0.080899037420749664307 0.020118784159421920776 0.057472161948680877686 0.028738111257553100586 0.022990327328443527222 0.066088721156120300293 0.025864047929644584656 0.057471934705972671509 0.028736392036080360413 0.025863587856292724609 0.022990424185991287231 0.020116951316595077515 0.017243364825844764709 0.014369874261319637299
0.086199641227722167969 0.10677468776702880859 0.1417150348424911499 0.011498332954943180084 0.020121712237596511841 0.028744662180542945862 0.0086242780089378356934 0.0086243217810988426208 0.017248166725039482117 0.026010572910308837891 0.029022784903645515442 11.944043159484863281 0.012044038623571395874 0.014923307113349437714 0.017524529248476028442 0.023133007809519767761 0.025867303833365440369 0.037358138710260391235 0.040231812745332717896 0.025866989046335220337 0.054586660116910934448 0.07467772066593170166 0.080885991454124450684 0.071813531219959259033 0.56763869524002075195 0.083768270909786224365 0.022991849109530448914 0.13503846526145935059 0.074699424207210540771 0.071829326450824737549 0.068959072232246398926 0.028736855834722518921 0.089077435433864593506 0.028736215084791183472 0.025863392278552055359 0.022990314289927482605 0.020116971805691719055 0.017243357375264167786 0.014369542710483074188 0.011495792306959629059
0.017705848440527915955 0.032072696834802627563 0.0086240824311971664429 0.0057496437802910804749 0.0057496912777423858643 0.0057497271336615085602 0.0057497518137097358704 0.0057497909292578697205 0.0057498486712574958801 0.0057498710229992866516 0.008763422258198261261 0.011776586994528770447 11.9704437255859375 0.01793043874204158783 0.020536879077553749084 0.026145143434405326843 0.02874043583869934082 0.040230579674243927002 0.043104033917188644409 0.028740018606185913086 0.057457815855741500854 0.077547729015350341797 0.083756208419799804688 0.074683777987957000732 0.65425443649291992188 0.025864653289318084717 0.17812989652156829834 0.040226414799690246582 0.037354167550802230835 0.034481871873140335083 0.031609475612640380859 0.091946609318256378174 0.0028748796321451663971 0.017245789989829063416 0.014372083358466625214 0.011498122476041316986 0.0086239222437143325806 0.0057494891807436943054 0.0028748626355081796646 0.005748900584876537323
0.029199644923210144043 0.0057496423833072185516 0.0028749380726367235184 0.0028749522753059864044 0.0028749704360961914062 0.0028749858029186725616 0.0028750009369105100632 0.0028750235214829444885 0.0028750486671924591064 0.025867681950330734253 0.031615950167179107666 0.034627888351678848267 0.037639141082763671875 12.028559684753417969 0.023542264476418495178 0.02915652841329574585 0.031752265989780426025 0.043102782219648361206 0.045976012945175170898 0.031612832099199295044 0.060328837484121322632 0.080417625606060028076 0.086626090109348297119 0.73178362846374511719 0.0287371855229139328 0.18961820006370544434 0.0086240619421005249023 0.005749584641307592392 0.0028748712502419948578 0.0028748419135808944702 0.10056477785110473633 0.005749520380049943924 0.02011925913393497467 0.0028748894110321998596 0.0057495748624205589294 0.0028749033808708190918 0.0028748710174113512039 0.0028747632168233394623 -9999 0.0028748270124197006226
0.002874952973797917366 0.0028749485500156879425 0.005749681033194065094 0.0086242007091641426086 0.011498514562845230103 0.014372641220688819885 0.017246607691049575806 0.020120430737733840942 0.022994125261902809143 0.0028750495985150337219 0.0028750526253134012222 0.0057498500682413578033 0.0087632779031991958618 0.011776124127209186554 12.066377639770507812 0.032160848379135131836 0.034763991832733154297 0.045974895358085632324 0.048847746104001998901 0.034485381096601486206 0.063199602067470550537 0.083287149667739868164 0.82125252485275268555 0.031609453260898590088 0.2068538367748260498 0.014372244477272033691 0.011498188599944114685 0.0086239026859402656555 0.0057494589127600193024 0.10343299061059951782 0.0028748549520969390869 0.022992476820945739746 0.0057495264336466789246 0.0086239753291010856628 0.0028749133925884962082 -9999 -9999 -9999 -9999 -9999
0.032073017209768295288 0.034946199506521224976 0.037819314748048782349 0.040692325681447982788 0.043565180152654647827 0.046437855809926986694 0.049310356378555297852 0.052182685583829879761 0.055054899305105209351 0.057926990091800689697 0.060798939317464828491 0.12733975052833557129 0.1330833137035369873 0.1360902935266494751 0.13909652829170227051 12.068273544311523438 0.069932922720909118652 0.048986166715621948242 0.086202748119831085205 0.0028748544864356517792 0.066069893538951873779 0.90737825632095336914 0.034481469541788101196 0.22121411561965942383 0.011498371139168739319 0.0086241140961647033691 0.005749572068452835083 0.002874869154766201973 0.1063010096549987793 0.0057494333013892173767 0.025865377858281135559 0.0086238719522953033447 0.011498121544718742371 -9999 -9999 -9999 -9999 -9999 -9999 -9999
0.034946035593748092651 0.037819221615791320801 0.040692362934350967407 0.043565422296524047852 0.046438343822956085205 0.049311097711324691772 0.052183613181114196777 0.055055882781744003296 0.05792798846960067749 0.060799922794103622437 0.063671670854091644287 0.0028750309720635414124 0.002875026315450668335 0.0057497979141771793365 0.0087632797658443450928 0.15086425840854644775 12.070270538330078125 0.12192482501268386841 0.09208574146032333374 0.068939827382564544678 0.91021615266799926758 0.037353269755840301514 0.22407570481300354004 0.011498338542878627777 0.0086241764947772026062 0.0057496461085975170135 0.0028748929034918546677 0.10916883498430252075 0.0086237210780382156372 0.028737975284457206726 0.011497896164655685425 -9999 -9999 -9999 -9999 -9999 -9999 -9999 -9999 -9999
0.10674300044775009155 0.10961294174194335938 0.11248289048671722412 0.11535286903381347656 0.11822273582220077515 0.1210923120379447937 0.12396182864904403687 0.12683106958866119385 0.12969991564750671387 0.13256837427616119385 0.13543663918972015381 0.13830481469631195068 0.14117296040058135986 0.14404086768627166748 0.14704748988151550293 0.15005438029766082764 0.30391553044319152832 12.194169998168945312 0.16403006017208099365 0.91305398941040039062 0.040224961936473846436 0.22693675756454467773 0.13500665128231048584 0.12064177542924880981 0.11777376383543014526 0.11490523815155029297 0.11203675717115402222 0.011497739702463150024 0.031610276550054550171 0.014371614903211593628 -9999 -9999 -9999 -9999 -9999 -9999 -9999 -9999 -9999 -9999
0.014832112938165664673 0.017706478014588356018 0.020580695942044258118 0.023454787209630012512 0.02632874809205532074 0.029202457517385482788 0.032075956463813781738 0.034949362277984619141 0.037822522222995758057 0.040695387870073318481 0.043568111956119537354 0.046440724283456802368 0.049313228577375411987 0.052185587584972381592 0.055057808756828308105 0.058068979531526565552 0.061079863458871841431 0.36798727512359619141 12.360868453979492188 0.95625352859497070312 0.22979809343814849854 0.1378726661205291748 0.002874899422749876976 0.0028749434277415275574 0.0057496554218232631683 0.0028749329503625631332 0.014371590688824653625 0.034482393413782119751 -9999 -9999 -9999 -9999 -9999 -9999 -9999 -9999 -9999 -9999 -9999 -9999
0.048842743039131164551 0.051715079694986343384 0.054587349295616149902 0.057459581643342971802 0.060331769287586212158 0.063203573226928710938 0.066075034439563751221 0.068946339190006256104 0.07181759178638458252 0.07468846440315246582 0.077559195458889007568 0.080429822206497192383 0.083300411701202392578 0.086170971393585205078 0.089041508734226226807 0.091911904513835906982 0.094921164214611053467 0.097929410636425018311 12.828602790832519531 1.1890190839767456055 0.14087736606597900391 0.0057495366781949996948 0.0057496223598718643188 0.0086241206154227256775 0.0028749536722898483276 0.017245342954993247986 -9999 -9999 -9999 -9999 -9999 -9999 -9999 -9999 -9999 -9999 -9999 -9999 -9999 -9999
0.04309965670108795166 0.045972306281328201294 0.048844888806343078613 0.051717393100261688232 0.054589793086051940918 0.057462044060230255127 0.060333866626024246216 0.063205331563949584961 0.066076539456844329834 0.068947739899158477783 0.071819186210632324219 0.074690386652946472168 0.077561512589454650879 0.080432601273059844971 0.0833036080002784729 0.086174443364143371582 0.089045085012912750244 0.092054694890975952148 0.095061369240283966064 14.0196533203125 0.14963090419769287109 0.0086240293458104133606 0.011498347856104373932 -9999 -9999 -9999 -9999 -9999 -9999 -9999 -9999 -9999 -9999 -9999 -9999 -9999 -9999 -9999 -9999 -9999
0.037356290966272354126 0.040229264646768569946 0.043102137744426727295 0.045974880456924438477 0.048847448080778121948 0.051719885319471359253 0.0545922107994556427 0.057464007288217544556 0.060335278511047363281 0.0028749112971127033234 0.0028749220073223114014 0.005749689880758523941 0.0086243692785501480103 -9999 -9999 -9999 -9999 -9999 -9999 14.117284774780273438 0.16123968362808227539 0.014511268585920333862 -9999 -9999 -9999 -9999 -9999 -9999 -9999 -9999 -9999 -9999 -9999 -9999 -9999 -9999 -9999 -9999 -9999 -9999
-9999 -9999 -9999 -9999 -9999 -9999 -9999 -9999 -9999 -9999 -9999 -9999 -9999 -9999 -9999 -9999 -9999 -9999 -9999 -9999 0.1787322312593460083 -9999 -9999 -9999 -9999 -9999 -9999 -9999 -9999 -9999 -9999 -9999 -9999 -9999 -9999 -9999 -9999 -9999 -9999 -9999
-9999 -9999 -9999 -9999 -9999 -9999 -9999 -9999 -9999 -9999 -9999 -9999 -9999 -9999 -9999 -9999 -9999 -9999 -9999 -9999 -9999 -9999 -9999 -9999 -9999 -9999 -9999 -9999 -9999 -9999 -9999 -9999 -9999 -9999 -9999 -9999 -9999 -9999 -9999 -9999
