tests/data/reference/gistest/full/mqsur_m3_s.asc
ncols        125
nrows        78
xllcorner    -713756.799299980048
yllcorner    -1061032.369616159936
cellsize     10.000000000000
NODATA_value  -9999
[rows 54 to 71 of 78, columns 80 to 119 of 125]
0.019309896975755691528 0.023042878136038780212 0.026767747476696968079 0.030480487272143363953 0.034172426909208297729 0.037895448505878448486 0.041566047817468643188 0.11827796697616577148 0.1453701406717300415 0.0038152309134602546692 0 0.03174974396824836731 0.018632611259818077087 0.0074863703921437263489 0.0037504376377910375595 0.011229657568037509918 0.014958087354898452759 0.029252221807837486267 0.033399038016796112061 0.014980171807110309601 0.041708033531904220581 0.043610028922557830811 0.045731950551271438599 0.047119084745645523071 0.048310253769159317017 0.049695700407028198242 0.049976177513599395752 0.047037538141012191772 0.28799358010292053223 0.029096122831106185913 0.076871149241924285889 0.0037491302937269210815 0.0037426396738737821579 0.018148502334952354431 0.014704342931509017944 0.047603394836187362671 0.033184379339218139648 0.011158452369272708893 0.0074571873992681503296 0.0037323380820453166962
0.15375821292400360107 0.15319284796714782715 0.15263754129409790039 0.15209068357944488525 0.15154829621315002441 0.15100787580013275146 0.15055680274963378906 0.15010288357734680176 0.11735733598470687866 0.15134215354919433594 0 0.022261934354901313782 0.011269572190940380096 0.0037516807205975055695 0.0074957637116312980652 0.014953066594898700714 0.018666459247469902039 0.032625503838062286377 0.036943726241588592529 0.018701376393437385559 0.043326761573553085327 0.044892422854900360107 0.047047022730112075806 0.048547323793172836304 0.049556754529476165771 0.050382900983095169067 0.050186220556497573853 0.33313870429992675781 0.031094230711460113525 0.077433258295059204102 0.014940966852009296417 0.0074775363318622112274 0.021475350484251976013 0.018161542713642120361 0.072118222713470458984 0.021707151085138320923 0.018317412585020065308 0.014759452082216739655 0.01112155430018901825 0.007440209854394197464
0.053842153400182723999 0.053275842219591140747 0.052718088030815124512 0.052168443799018859863 0.051623925566673278809 0.051082838326692581177 0.050544530153274536133 0.050096701830625534058 0.19974407553672790527 0.26587730646133422852 0 0.013400192372500896454 0.0038151389453560113907 0.0075611686334013938904 0.011235217563807964325 0.018662776798009872437 0.022353906184434890747 0.035869807004928588867 0.040388230234384536743 0.022401042282581329346 0.044817537069320678711 0.04615620151162147522 0.048343300819396972656 0.049898598343133926392 0.050714675337076187134 0.050948288291692733765 0.050155334174633026123 0.36156830191612243652 0.07710205763578414917 0.018628014251589775085 0.027696171775460243225 0.024682110175490379333 0.021489255130290985107 0.074578896164894104004 0.025165557861328125 0.021895458921790122986 0.01841597631573677063 0.01481341291218996048 0.011153603903949260712 0.00746121210977435112
0.11352249234914779663 0.11295941472053527832 0.11240384727716445923 0.11185409873723983765 0.1113092079758644104 0.11076798290014266968 0.11022951453924179077 0.10978078842163085938 0.10933468490839004517 0.30860471725463867188 0.26516076922416687012 0 0.0076263551600277423859 0.011364393867552280426 0.014967217110097408295 0.022352974861860275269 0.02600946277379989624 0.038937289267778396606 0.043684806674718856812 0.026066930964589118958 0.046178512275218963623 0.047332294285297393799 0.049522176384925842285 0.051053185015916824341 0.051603741943836212158 0.051236506551504135132 0.41023391485214233398 0.076274991035461425781 0.022268122062087059021 0.030462857335805892944 0.0037527896929532289505 0.024680497124791145325 0.076666668057441711426 0.028224021196365356445 0.03139001503586769104 0.028387727215886116028 0.025117840617895126343 0.021689832210540771484 0.018189754337072372437 0.014650652185082435608
0.0585192069411277771 0.057910371571779251099 0.057315975427627563477 0.20388375222682952881 0.20296907424926757812 0.20224390923976898193 0.22562961280345916748 0.23187045753002166748 0.23112499713897705078 0.23054668307304382324 0.60975003242492675781 0.0038170004263520240784 0 0.015157733112573623657 0.018750092014670372009 0.026011241599917411804 0.029613083228468894958 0.041767157614231109619 0.046763293445110321045 0.029677188023924827576 0.04736789315938949585 0.04837184026837348938 0.050565764307975769043 0.052013374865055084229 0.052203223109245300293 0.45951741933822631836 0.07559715956449508667 0.025820286944508552551 0.066388204693794250488 0.034235265105962753296 0.027675028890371322632 0.078262507915496826172 0.031061127781867980957 0.065842084586620330811 0.032708268612623214722 0.030096203088760375977 0.02718411572277545929 0.024064496159553527832 0.020842954516410827637 0.017589030787348747253
0.093511350452899932861 0.11594592779874801636 0.15544174611568450928 0.014980170875787734985 0.026201102882623672485 0.03740330040454864502 0.011252621188759803772 0.011254091747105121613 0.02250079624354839325 0.03380177915096282959 0.037583943456411361694 0.62956506013870239258 0 0.017934650182723999023 0.02251196838915348053 0.029679281637072563171 0.033132862299680709839 0.044294152408838272095 0.049513075500726699829 0.033191975206136703491 0.048355363309383392334 0.049270652234554290771 0.051506429910659790039 0.052821744233369827271 0.50936985015869140625 0.074977576732635498047 0.029243115335702896118 0.14287972450256347656 0.078195229172706604004 0.079012446105480194092 0.079119004309177398682 0.033623330295085906982 0.098722368478775024414 0.032228939235210418701 0.02959263138473033905 0.026744844391942024231 0.023715121671557426453 0.020535919815301895142 0.017255565151572227478 0.01396207418292760849
0.023037362843751907349 0.040601864457130432129 0.011246624402701854706 0.0075034359470009803772 0.0075046755373477935791 0.0075056194327771663666 0.0075062308460474014282 0.0075069954618811607361 0.0075079738162457942963 0.007508395705372095108 0.011320244520902633667 0.015126408077776432037 0.63457059860229492188 0 0.026233764365315437317 0.033243589103221893311 0.036514833569526672363 0.046457201242446899414 0.051794763654470443726 0.036556053906679153442 0.049190819263458251953 0.050060506910085678101 0.052305180579423904419 0.053324900567531585693 0.58372694253921508789 0.032443828880786895752 0.18156483769416809082 0.040483530610799789429 0.039167329668998718262 0.037651959806680679321 0.035837583243846893311 0.09884598851203918457 0.003752527991309762001 0.022152436897158622742 0.018536133691668510437 0.014869670383632183075 0.011173128150403499603 0.0074572577141225337982 0.0037292807828634977341 0.0074239405803382396698
0.037329379469156265259 0.0075037628412246704102 0.0037539084441959857941 0.003754194360226392746 0.0037545152008533477783 0.003754758741706609726 0.0037549810949712991714 0.0037552821449935436249 0.0037555850576609373093 0.033365186303853988647 0.040646757930517196655 0.044099550694227218628 0.04727902635931968689 0.66900807619094848633 0 0.036590591073036193848 0.039746433496475219727 0.048234280198812484741 0.053479202091693878174 0.039702460169792175293 0.049929078668355941772 0.050759445875883102417 0.052840493619441986084 0.63455277681350708008 0.035295881330966949463 0.18981763720512390137 0.011240967549383640289 0.0075003057718276977539 0.0037523081991821527481 0.0037513501010835170746 0.10588020086288452148 0.0074987206608057022095 0.025687778368592262268 0.0037527829408645629883 0.0075010722503066062927 0.0037531997077167034149 0.0037523643113672733307 0.0037486439105123281479 -9999 0.0036788443103432655334
0.003754231845960021019 0.0037541638594120740891 0.0075045032426714897156 0.011249922215938568115 0.014988115988671779633 0.018715340644121170044 0.022426191717386245728 0.02611292712390422821 0.02976477891206741333 0.0037555973976850509644 0.0037556281313300132751 0.0075081503018736839294 0.011318182572722434998 0.015117453411221504211 0.67434024810791015625 0 0.042804315686225891113 0.04973872750997543335 0.054468367248773574829 0.042523425072431564331 0.050464589148759841919 0.051185183227062225342 0.68484175205230712891 0.03765203431248664856 0.20467033982276916504 0.018655752763152122498 0.014954086393117904663 0.011230609379708766937 0.0074953199364244937897 0.10508422553539276123 0.003751699347048997879 0.029090385884046554565 0.0074991849251091480255 0.011239872314035892487 0.00375338713638484478 -9999 -9999 -9999 -9999 -9999
0.040756896138191223145 0.043978843837976455688 0.047034122049808502197 0.049884714186191558838 0.052476800978183746338 0.054774995893239974976 0.056772287935018539429 0.058507010340690612793 0.060078900307416915894 0.061571810394525527954 0.063059352338314056396 0.12734445929527282715 0.13080616295337677002 0.13040411472320556641 0.12982675433158874512 0 0.045230098068714141846 0.051244556903839111328 0.096751652657985687256 0.0037517652381211519241 0.050613258033990859985 0.73346149921417236328 0.039386212825775146484 0.21476985514163970947 0.014972741715610027313 0.01124227326363325119 0.0074999411590397357941 0.0037522581405937671661 0.10438351333141326904 0.0074946153908967971802 0.032265003770589828491 0.01123391278088092804 0.014962967485189437866 -9999 -9999 -9999 -9999 -9999 -9999 -9999
0.0439340248703956604 0.04701067507266998291 0.049918208271265029907 0.052630078047513961792 0.05509619787335395813 0.057288084179162979126 0.059147726744413375854 0.060692373663187026978 0.062044762074947357178 0.063295863568782806396 0.06453590095043182373 0.0037553808651864528656 0.0037553221918642520905 0.0075073419138789176941 0.011317616328597068787 0.13961197435855865479 0 0.096242770552635192871 0.099623121321201324463 0.050430361181497573853 0.73279100656509399414 0.040456570684909820557 0.21353653073310852051 0.014976548030972480774 0.011246401816606521606 0.0075025106780230998993 0.0037529540713876485825 0.10374709218740463257 0.0112214675173163414 0.035099882632493972778 0.01494394056499004364 -9999 -9999 -9999 -9999 -9999 -9999 -9999 -9999 -9999
0.086354888975620269775 0.0872785225510597229 0.087981797754764556885 0.088437803089618682861 0.088532388210296630859 0.088082946836948394775 0.087454169988632202148 0.086863338947296142578 0.086286090314388275146 0.085716873407363891602 0.085153892636299133301 0.084595710039138793945 0.084041729569435119629 0.08349122852087020874 0.083023667335510253906 0.082559734582901000977 0.21516108512878417969 0 0.14900889992713928223 0.73215758800506591797 0.041017848998308181763 0.21266269683837890625 0.1057047918438911438 0.10143051296472549438 0.1019978746771812439 0.10256785154342651367 0.10314598679542541504 0.014918870292603969574 0.037470236420631408691 0.018604282289743423462 -9999 -9999 -9999 -9999 -9999 -9999 -9999 -9999 -9999 -9999
0.019323995336890220642 0.023062147200107574463 0.026793217286467552185 0.030515620484948158264 0.034226618707180023193 0.037916615605354309082 0.041580013930797576904 0.04521700739860534668 0.04880955815315246582 0.052339557558298110962 0.05580460280179977417 0.059188500046730041504 0.062451619654893875122 0.06550712883472442627 0.068220004439353942871 0.070482552051544189453 0.071943618357181549072 0.28271064162254333496 0 0.7621930241584777832 0.21193458139896392822 0.10492987930774688721 0.0037529878318309783936 0.0037540358025580644608 0.0075036128982901573181 0.003753815777599811554 0.018574178218841552734 0.039343412965536117554 -9999 -9999 -9999 -9999 -9999 -9999 -9999 -9999 -9999 -9999 -9999 -9999
0.044102918356657028198 0.044560596346855163574 0.044785525649785995483 0.044890601187944412231 0.044983647763729095459 0.044859509915113449097 0.044813740998506546021 0.045230258256196975708 0.046271834522485733032 0.047756619751453399658 0.049719646573066711426 0.051992353051900863647 0.05438666418194770813 0.056723501533269882202 0.058863684535026550293 0.060654580593109130859 0.062055565416812896729 0.06250918656587600708 0 0.97290641069412231445 0.10431595891714096069 0.007499685976654291153 0.0075031043961644172668 0.011246928945183753967 0.0037542048376053571701 0.022176343947649002075 -9999 -9999 -9999 -9999 -9999 -9999 -9999 -9999 -9999 -9999 -9999 -9999 -9999 -9999
0.043748922646045684814 0.044725228101015090942 0.045386396348476409912 0.045781102031469345093 0.045976217836141586304 0.046071797609329223633 0.045985523611307144165 0.046105626970529556274 0.046748299151659011841 0.048099953681230545044 0.050097472965717315674 0.052363514900207519531 0.054797861725091934204 0.057241767644882202148 0.059544257819652557373 0.061551548540592193604 0.063157387077808380127 0.064413309097290039062 0.063583068549633026123 0 0.10437320917844772339 0.011244349181652069092 0.014980046078562736511 -9999 -9999 -9999 -9999 -9999 -9999 -9999 -9999 -9999 -9999 -9999 -9999 -9999 -9999 -9999 -9999 -9999
0.04048773646354675293 0.041972175240516662598 0.043115373700857162476 0.04394521564245223999 0.044544629752635955811 0.045136380940675735474 0.045938514173030853271 0.046812806278467178345 0.04801664501428604126 0.0037534383591264486313 0.003753672819584608078 0.0075041996315121650696 0.011252514086663722992 -9999 -9999 -9999 -9999 -9999 -9999 0.062817275524139404297 0 0.018755547702312469482 -9999 -9999 -9999 -9999 -9999 -9999 -9999 -9999 -9999 -9999 -9999 -9999 -9999 -9999 -9999 -9999 -9999 -9999
-9999 -9999 -9999 -9999 -9999 -9999 -9999 -9999 -9999 -9999 -9999 -9999 -9999 -9999 -9999 -9999 -9999 -9999 -9999 -9999 0 -9999 -9999 -9999 -9999 -9999 -9999 -9999 -9999 -9999 -9999 -9999 -9999 -9999 -9999 -9999 -9999 -9999 -9999 -9999
-9999 -9999 -9999 -9999 -9999 -9999 -9999 -9999 -9999 -9999 -9999 -9999 -9999 -9999 -9999 -9999 -9999 -9999 -9999 -9999 -9999 -9999 -9999 -9999 -9999 -9999 -9999 -9999 -9999 -9999 -9999 -9999 -9999 -9999 -9999 -9999 -9999 -9999 -9999 -9999
