tests/data/reference/gistest/full/mqsur_m3_s.asc
ncols        125
nrows        78
xllcorner    -713756.799299980048
yllcorner    -1061032.369616159936
cellsize     10.000000000000
NODATA_value  -9999
[rows 54 to 71 of 78, columns 80 to 119 of 125]
0.014831915497779846191 0.017706319689750671387 0.020580593496561050415 0.023454699665307998657 0.026328567415475845337 0.029341202229261398315 0.032353408634662628174 0.24293306469917297363 0.11658792942762374878 0.0030137775465846061707 0 0.026003055274486541748 0.014510399661958217621 0.0057493089698255062103 0.0028748062904924154282 0.0086238523945212364197 0.011498132720589637756 0.022992590442299842834 0.025867421180009841919 0.011498406529426574707 0.040226958692073822021 0.0603237934410572052 0.066532030701637268066 0.057458065450191497803 0.060794059187173843384 0.057923845946788787842 0.05505207553505897522 0.051716502755880355835 0.27329730987548828125 0.025861945003271102905 0.069420941174030303955 0.0028747720643877983093 0.002874608384445309639 0.01436993572860956192 0.011496720835566520691 0.03736314922571182251 0.025868229568004608154 0.0086237061768770217896 0.0057494374923408031464 0.0028748787008225917816
0.22107130289077758789 0.22393627464771270752 0.22680155932903289795 0.2296670079231262207 0.23253211379051208496 0.23539662361145019531 0.23839965462684631348 0.24140086770057678223 0.24593141674995422363 0.12260591238737106323 0 0.017522737383842468262 0.0087625440210103988647 0.0028748482000082731247 0.0057494868524372577667 0.011498153209686279297 0.014372268691658973694 0.025866003707051277161 0.028740635141730308533 0.01437251456081867218 0.043099302798509597778 0.063195049762725830078 0.069403238594532012939 0.06032963097095489502 0.063665904104709625244 0.060795791447162628174 0.057923819869756698608 0.32787373661994934082 0.028734415769577026367 0.072290800511837005615 0.011498075909912586212 0.0057492097839713096619 0.01724332757294178009 0.014370222575962543488 0.057477772235870361328 0.017244601622223854065 0.014371280558407306671 0.011497495695948600769 0.0086234072223305702209 0.0057491101324558258057
0.080415442585945129395 0.08328603208065032959 0.086156696081161499023 0.089027538895606994629 0.091898396611213684082 0.09476903080940246582 0.097639374434947967529 0.10064805299043655396 0.34504425525665283203 0.37152731418609619141 0 0.011771457269787788391 0.0030137917492538690567 0.0058884886093437671661 0.0086240256205201148987 0.014372351579368114471 0.017246294766664505005 0.028739310801029205322 0.031613692641258239746 0.017246428877115249634 0.045971490442752838135 0.066066145896911621094 0.072274275124073028564 0.063201002776622772217 0.066537447273731231689 0.063667275011539459229 0.060794930905103683472 0.35946533083915710449 0.075160481035709381104 0.014371920377016067505 0.022989977151155471802 0.020116733387112617493 0.017243662849068641663 0.060347858816385269165 0.020118104293942451477 0.017245002090930938721 0.014371491037309169769 0.011497573927044868469 0.008623428642749786377 0.0057491562329232692719
0.18950057029724121094 0.19236759841442108154 0.19523441791534423828 0.19810056686401367188 0.20096664130687713623 0.20383274555206298828 0.20669877529144287109 0.20970372855663299561 0.2127084881067276001 0.56073683500289916992 0.37452328205108642578 0 0.0060273110866546630859 0.0089018400758504867554 0.011498427018523216248 0.017246425151824951172 0.020120171830058097839 0.031612452119588851929 0.034486584365367889404 0.020120158791542053223 0.04884348064661026001 0.068936958909034729004 0.07514502108097076416 0.066072046756744384766 0.06940851360559463501 0.066538117825984954834 0.42311522364616394043 0.078029774129390716553 0.017245495691895484924 0.025863014161586761475 0.0028748856857419013977 0.020117061212658882141 0.063218183815479278564 0.022991085425019264221 0.025864636525511741638 0.022991787642240524292 0.020118506625294685364 0.017244873568415641785 0.014371112920343875885 0.011497381143271923065
0.068943507969379425049 0.07181463390588760376 0.074685305356979370117 0.21926528215408325195 0.22213068604469299316 0.22499611973762512207 0.25660505890846252441 0.26809328794479370117 0.27109673619270324707 0.27410054206848144531 1.2123147249221801758 0.0030139153823256492615 0 0.011914828792214393616 0.014511649496853351593 0.020120313391089439392 0.022993842139840126038 0.03448538854718208313 0.037359286099672317505 0.022993681952357292175 0.051715191453695297241 0.071807444095611572266 0.078015528619289398193 0.068942815065383911133 0.0722791329026222229 0.49250659346580505371 0.080898933112621307373 0.020118754357099533081 0.057472079992294311523 0.028738070279359817505 0.022990293800830841064 0.066088624298572540283 0.025864010676741600037 0.057471852749586105347 0.028736351057887077332 0.025863552466034889221 0.022990390658378601074 0.02011692337691783905 0.017243338748812675476 0.014369853772222995758
0.086199522018432617188 0.10677454620599746704 0.14171485602855682373 0.011498316191136837006 0.020121682435274124146 0.028744621202349662781 0.0086242649704217910767 0.0086243087425827980042 0.017248140648007392883 0.02601053193211555481 0.029022736474871635437 1.2473018169403076172 0 0.014923276379704475403 0.017524497583508491516 0.023132972419261932373 0.02586726658046245575 0.037358082830905914307 0.040231756865978240967 0.025866951793432235718 0.05458658561110496521 0.07467762380838394165 0.080885894596576690674 0.071813434362411499023 0.56763797998428344727 0.083768166601657867432 0.022991815581917762756 0.13503827154636383057 0.074699319899082183838 0.071829222142696380615 0.068958975374698638916 0.028736816719174385071 0.089077308773994445801 0.028736174106597900391 0.02586335502564907074 0.022990282624959945679 0.020116943866014480591 0.017243333160877227783 0.014369522221386432648 0.011495776474475860596
0.017705827951431274414 0.032072655856609344482 0.0086240703240036964417 0.0057496349327266216278 0.0057496824301779270172 0.0057497187517583370209 0.0057497429661452770233 0.0057497820816934108734 0.0057498398236930370331 0.0057498621754348278046 0.0087634064257144927979 0.011776564642786979675 1.2620221376419067383 0 0.020536841824650764465 0.026145100593566894531 0.028740394860506057739 0.040230523794889450073 0.043103974312543869019 0.028739977627992630005 0.057457737624645233154 0.077547624707221984863 0.083756104111671447754 0.074683681130409240723 0.65425360202789306641 0.025864616036415100098 0.17812965810298919678 0.040226358920335769653 0.03735411912202835083 0.034481823444366455078 0.031609430909156799316 0.091946482658386230469 0.0028748752083629369736 0.017245765775442123413 0.014372061938047409058 0.011498105712234973907 0.0086239092051982879639 0.0057494807988405227661 0.0028748582117259502411 0.0057488922029733657837
0.029199607670307159424 0.0057496335357427597046 0.0028749336488544940948 0.0028749478515237569809 0.0028749660123139619827 0.0028749813791364431381 0.0028749965131282806396 0.0028750188648700714111 0.0028750442434102296829 0.025867644697427749634 0.031615905463695526123 0.0346278361976146698 0.037639081478118896484 1.3025976419448852539 0 0.029156478121876716614 0.031752217561006546021 0.043102722615003585815 0.045975949615240097046 0.031612787395715713501 0.06032875552773475647 0.080417521297931671143 0.086625985801219940186 0.73178273439407348633 0.028737144544720649719 0.18961793184280395508 0.0086240489035844802856 0.0057495762594044208527 0.0028748668264597654343 0.0028748374897986650467 0.10056463629007339478 0.0057495115324854850769 0.020119229331612586975 0.0028748849872499704361 0.0057495664805173873901 0.0028748991899192333221 0.0028748665936291217804 0.0028747587930411100388 -9999 0.002874822588637471199
0.0028749485500156879425 0.002874944126233458519 0.0057496721856296062469 0.0086241876706480979919 0.011498497799038887024 0.014372620731592178345 0.017246581614017486572 0.020120400935411453247 0.022994091734290122986 0.0028750449419021606445 0.0028750479687005281448 0.0057498412206768989563 0.0087632620707154273987 0.011776101775467395782 1.3173017501831054688 0 0.034763935953378677368 0.045974832028150558472 0.048847679048776626587 0.034485332667827606201 0.063199512660503387451 0.083287037909030914307 0.82125151157379150391 0.031609408557415008545 0.2068535536527633667 0.014372223056852817535 0.011498171836137771606 0.0086238896474242210388 0.0057494505308568477631 0.10343284904956817627 0.0028748505283147096634 0.022992443293333053589 0.0057495175860822200775 0.0086239622905850410461 0.0028749089688062667847 -9999 -9999 -9999 -9999 -9999
0.032072972506284713745 0.034946154803037643433 0.037819262593984603882 0.040692273527383804321 0.043565124273300170898 0.046437796205282211304 0.049310289323329925537 0.052182618528604507446 0.055054828524589538574 0.057926911860704421997 0.060798861086368560791 0.12733957171440124512 0.13308313488960266113 0.13609011471271514893 0.13909634947776794434 0 0.037774566560983657837 0.048986095935106277466 0.086202628910541534424 0.0028748502954840660095 0.066069804131984710693 0.90737712383270263672 0.034481421113014221191 0.22121381759643554688 0.01149835437536239624 0.0086241010576486587524 0.005749563220888376236 0.0028748647309839725494 0.10630086064338684082 0.0057494244538247585297 0.02586534060537815094 0.008623858913779258728 0.011498104780912399292 -9999 -9999 -9999 -9999 -9999 -9999 -9999
0.034945990890264511108 0.037819173187017440796 0.040692307054996490479 0.043565366417169570923 0.046438280493021011353 0.04931103438138961792 0.052183542400598526001 0.055055808275938034058 0.05792791023850440979 0.060799844563007354736 0.063671581447124481201 0.0028750265482813119888 0.0028750216588377952576 0.0057497890666127204895 0.0087632639333605766296 0.15086404979228973389 0 0.089768432080745697021 0.092085607349872589111 0.068939730525016784668 0.91021502017974853516 0.037353217601776123047 0.22407540678977966309 0.011498321779072284698 0.0086241634562611579895 0.0057496377266943454742 0.0028748884797096252441 0.10916868597269058228 0.0086237080395221710205 0.028737934306263923645 0.011497879400849342346 -9999 -9999 -9999 -9999 -9999 -9999 -9999 -9999 -9999
0.10674286633729934692 0.10961280018091201782 0.11248274892568588257 0.11535272002220153809 0.11822258681058883667 0.1210921555757522583 0.12396167218685150146 0.12683090567588806152 0.12969975173473358154 0.13256821036338806152 0.13543647527694702148 0.13830463588237762451 0.14117278158664703369 0.14404068887233734131 0.14704731106758117676 0.15005418658256530762 0.30391511321067810059 0 0.16402983665466308594 0.9130528569221496582 0.040224906057119369507 0.22693644464015960693 0.13500647246837615967 0.12064161896705627441 0.11777360737323760986 0.11490508168935775757 0.11203660070896148682 0.011497722938656806946 0.031610231846570968628 0.014371594414114952087 -9999 -9999 -9999 -9999 -9999 -9999 -9999 -9999 -9999 -9999
0.014832095243036746979 0.017706457525491714478 0.020580669865012168884 0.023454757407307624817 0.026328714564442634583 0.029202418401837348938 0.032075915485620498657 0.034949317574501037598 0.03782247006893157959 0.040695335716009140015 0.043568052351474761963 0.046440664678812026978 0.049313165247440338135 0.052185516804456710815 0.055057734251022338867 0.058068901300430297852 0.061079777777194976807 0.36798679828643798828 0 0.95625233650207519531 0.22979778051376342773 0.13787248730659484863 0.0028748949989676475525 0.0028749390039592981339 0.005749647039920091629 0.0028749285265803337097 0.014371569268405437469 0.034482344985008239746 -9999 -9999 -9999 -9999 -9999 -9999 -9999 -9999 -9999 -9999 -9999 -9999
0.048842672258615493774 0.051715008914470672607 0.054587274789810180664 0.057459503412246704102 0.060331687331199645996 0.063203483819961547852 0.066074945032596588135 0.068946242332458496094 0.07181749492883682251 0.074688367545604705811 0.077559091150760650635 0.080429710447788238525 0.083300299942493438721 0.086170859634876251221 0.089041389524936676025 0.091911785304546356201 0.094921037554740905762 0.097929276525974273682 0 1.1890176534652709961 0.14087718725204467773 0.0057495282962918281555 0.0057496139779686927795 0.0086241075769066810608 0.0028749492485076189041 0.017245318740606307983 -9999 -9999 -9999 -9999 -9999 -9999 -9999 -9999 -9999 -9999 -9999 -9999 -9999 -9999
0.04309959709644317627 0.045972242951393127441 0.048844821751117706299 0.051717322319746017456 0.05458971858024597168 0.057461965829133987427 0.060333784669637680054 0.063205249607563018799 0.066076450049877166748 0.068947650492191314697 0.071819089353084564209 0.074690282344818115234 0.077561408281326293945 0.080432489514350891113 0.083303496241569519043 0.086174324154853820801 0.089044965803623199463 0.092054568231105804443 0.095061235129833221436 0 0.14963069558143615723 0.0086240172386169433594 0.011498331092298030853 -9999 -9999 -9999 -9999 -9999 -9999 -9999 -9999 -9999 -9999 -9999 -9999 -9999 -9999 -9999 -9999 -9999
0.037356238812208175659 0.040229205042123794556 0.043102078139781951904 0.045974817126989364624 0.048847381025552749634 0.051719814538955688477 0.054592136293649673462 0.057463929057121276855 0.060335196554660797119 0.0028749071061611175537 0.0028749175835400819778 0.005749681033194065094 0.0086243562400341033936 -9999 -9999 -9999 -9999 -9999 -9999 0.09806683659553527832 0 0.01451124437153339386 -9999 -9999 -9999 -9999 -9999 -9999 -9999 -9999 -9999 -9999 -9999 -9999 -9999 -9999 -9999 -9999 -9999 -9999
-9999 -9999 -9999 -9999 -9999 -9999 -9999 -9999 -9999 -9999 -9999 -9999 -9999 -9999 -9999 -9999 -9999 -9999 -9999 -9999 0 -9999 -9999 -9999 -9999 -9999 -9999 -9999 -9999 -9999 -9999 -9999 -9999 -9999 -9999 -9999 -9999 -9999 -9999 -9999
-9999 -9999 -9999 -9999 -9999 -9999 -9999 -9999 -9999 -9999 -9999 -9999 -9999 -9999 -9999 -9999 -9999 -9999 -9999 -9999 -9999 -9999 -9999 -9999 -9999 -9999 -9999 -9999 -9999 -9999 -9999 -9999 -9999 -9999 -9999 -9999 -9999 -9999 -9999 -9999
