tests/data/reference/gistest/full/mqsur_m3_s.asc
ncols        125
nrows        78
xllcorner    -713756.799299980048
yllcorner    -1061032.369616159936
cellsize     10.000000000000
NODATA_value  -9999
[rows 18 to 35 of 78, columns 40 to 79 of 125]
0.040233343839645385742 0.032315451651811599731 0.02203781716525554657 0.040748018771409988403 0.028518175706267356873 0.026629511266946792603 0.014790724031627178192 0.018225032836198806763 0.031041415408253669739 0.0074708531610667705536 0.0037460678722709417343 0.011109784245491027832 0.014641044661402702332 0.025825843214988708496 0.018214438110589981079 0.011210277676582336426 0.011222938075661659241 0.0074966638348996639252 0.0037515044678002595901 0.0037513107527047395706 0.0037509431131184101105 0.0037501910701394081116 0.0037488248199224472046 0.025786297395825386047 0.0074704517610371112823 0.0074573699384927749634 0.0074434587731957435608 0.039973344653844833374 0.011053137481212615967 0.011027358472347259521 0.050225097686052322388 0.010909994132816791534 0.010863590054214000702 0.0037423600442707538605 0.38431543111801147461 0.042885046452283859253 0.018422558903694152832 0.01116538606584072113 0.0074466927908360958099 0.0037259464152157306671
0.040564287453889846802 0.034427884966135025024 0.025556605309247970581 0.042054239660501480103 0.031207924708724021912 0.029460679739713668823 0.018443472683429718018 0.021746711805462837219 0.033833097666501998901 0.011187076568603515625 0.0037498590536415576935 0.0074810227379202842712 0.014747688546776771545 0.018172778189182281494 0.027849420905113220215 0.021657316014170646667 0.01490360405296087265 0.014926420524716377258 0.01122721843421459198 0.0074941325001418590546 0.0074932663701474666595 0.0074917972087860107422 0.0074891913682222366333 0.0074846097268164157867 0.029057286679744720459 0.011163502931594848633 0.011141128838062286377 0.011120596900582313538 0.03989766538143157959 0.014619088731706142426 0.058621730655431747437 0.014413286000490188599 0.01427205745130777359 0.0037250057794153690338 0.0073743569664657115936 0.38382470607757568359 0.063481949269771575928 0.014839044772088527679 0.011157400906085968018 0.0074541508220136165619
0.040883783251047134399 0.036483652889728546143 0.028999552130699157715 0.043230161070823669434 0.03382768481969833374 0.032206267118453979492 0.02206633053719997406 0.025201238691806793213 0.036450844258069992065 0.014884451404213905334 0.0037518169265240430832 0.0074911019764840602875 0.011197010986506938934 0.018319431692361831665 0.021593339741230010986 0.029770331457257270813 0.024956516921520233154 0.01854865439236164093 0.018584800884127616882 0.014932420104742050171 0.011220846325159072876 0.011217771098017692566 0.011212899349629878998 0.011206095106899738312 0.011196450330317020416 0.032013967633247375488 0.014808268286287784576 0.014772714115679264069 0.01473876461386680603 0.054014667868614196777 0.057906728237867355347 0.017840377986431121826 0.017613891512155532837 0.0074575487524271011353 0.0036875100340694189072 0.0037458741571754217148 0.38279333710670471191 0.079850964248180389404 0.01482510007917881012 0.011166810058057308197
0.041214108467102050781 0.038435127586126327515 0.032342024147510528564 0.044361852109432220459 0.036378744989633560181 0.034878820180892944336 0.025650683790445327759 0.028571180999279022217 0.0388526134192943573 0.018555378541350364685 0.007497842889279127121 0.0037521964404731988907 0.011217500083148479462 0.01488093845546245575 0.02179671265184879303 0.024871433153748512268 0.031601209193468093872 0.028056018054485321045 0.022113041952252388 0.022164970636367797852 0.01858921349048614502 0.014916624873876571655 0.014909165911376476288 0.014899433590471744537 0.014886873774230480194 0.014868682250380516052 0.034535907208919525146 0.018360152840614318848 0.018296739086508750916 0.068169623613357543945 0.057288832962512969971 0.021174602210521697998 0.020820681005716323853 0.011167745105922222137 0.0074071534909307956696 0.0037142301443964242935 0.0074432329274713993073 0.38189521431922912598 0.080290138721466064453 0.029543552547693252563
0.041624702513217926025 0.040239121764898300171 0.035519108176231384277 0.045370582491159439087 0.038841571658849716187 0.037458788603544235229 0.029178997501730918884 0.031837768852710723877 0.040989261120557785034 0.022186132147908210754 0.011234943754971027374 0.007498307153582572937 0.0037521477788686752319 0.014918682165443897247 0.018517429009079933167 0.025147123262286186218 0.027953768149018287659 0.03331435471773147583 0.030894249677658081055 0.025547035038471221924 0.025612419471144676208 0.022160409018397331238 0.018559206277132034302 0.01854561828076839447 0.018526328727602958679 0.018501317128539085388 0.018466636538505554199 0.036400582641363143921 0.021739546209573745728 0.085730858147144317627 0.056689530611038208008 0.024349451065063476562 0.023889569565653800964 0.014845872297883033752 0.011114472523331642151 0.0074270158074796199799 0.011097083799540996552 0.0037120806518942117691 0.38104370236396789551 0.079555429518222808838
0.042159657925367355347 0.041869934648275375366 0.03846913948655128479 0.046180330216884613037 0.041182976216077804565 0.03990000113844871521 0.032622199505567550659 0.034975539892911911011 0.042819067835807800293 0.025754187256097793579 0.014957167208194732666 0.011234552599489688873 0.0037526236847043037415 0.007497807033360004425 0.018581315875053405762 0.022080332040786743164 0.028305293992161750793 0.030777780339121818542 0.034912046045064926147 0.03341744840145111084 0.02878120914101600647 0.028857164084911346436 0.025595095008611679077 0.022109534591436386108 0.022081999108195304871 0.022045640274882316589 0.021997131407260894775 0.021923642605543136597 0.037448044866323471069 0.10638197511434555054 0.056100349873304367065 0.027370719239115715027 0.026857253164052963257 0.018480626866221427917 0.014796664007008075714 0.011126883327960968018 0.014717807061970233917 0.0037437721621245145798 0.0074063604697585105896 0.380245208740234375
0.042739592492580413818 0.04330409318208694458 0.041142836213111877441 0.046911310404539108276 0.043399900197982788086 0.042228713631629943848 0.035960201174020767212 0.037964399904012680054 0.044366322457790374756 0.029234431684017181396 0.018656428903341293335 0.003753194119781255722 0.014954944141209125519 0.0074995872564613819122 0.011233289726078510284 0.022179491817951202393 0.025525428354740142822 0.0312109384685754776 0.033298131078481674194 0.036358520388603210449 0.035554189234972000122 0.031729105859994888306 0.031817153096199035645 0.028817187994718551636 0.025509674102067947388 0.025456743314862251282 0.025380332022905349731 0.025278197601437568665 0.025139447301626205444 0.14232550561428070068 0.055521957576274871826 0.030214166268706321716 0.029694192111492156982 0.022049522027373313904 0.018437584862112998962 0.014808296225965023041 0.018297612667083740234 0.0074827778153121471405 0.011082076467573642731 0.0037271589972078800201
0.12565763294696807861 0.044487003237009048462 0.043492641299962997437 0.047670766711235046387 0.045494016259908676147 0.044473148882389068604 0.03917875140905380249 0.040782827883958816528 0.045683894306421279907 0.032596286386251449585 0.022321326658129692078 0.0075017567723989486694 0.0037537459284067153931 0.01865025050938129425 0.011237648315727710724 0.014951466582715511322 0.025677017867565155029 0.028795657679438591003 0.033780574798583984375 0.035429026931524276733 0.03759113699197769165 0.037296004593372344971 0.034328475594520568848 0.034415349364280700684 0.03174094855785369873 0.028667584061622619629 0.028550460934638977051 0.028409702703356742859 0.028258465230464935303 0.1650190204381942749 0.054954577237367630005 0.032824300229549407959 0.0323239155113697052 0.02552267909049987793 0.022015018388628959656 0.018462900072336196899 0.02182512916624546051 0.011214813217520713806 0.01474444754421710968 0.0074524544179439544678
0.011206222698092460632 0.16805182397365570068 0.045443970710039138794 0.048454336822032928467 0.047430381178855895996 0.046575441956520080566 0.042232517153024673462 0.04340960085391998291 0.046853803098201751709 0.035803705453872680664 0.025933507829904556274 0.011243772692978382111 0.0037541373167186975479 0.0075029600411653518677 0.022303963080048561096 0.014960622414946556091 0.018638446927070617676 0.029007459059357643127 0.031793981790542602539 0.035936262458562850952 0.037183344364166259766 0.038686502724885940552 0.038695871829986572266 0.036508731544017791748 0.03654452785849571228 0.034224756062030792236 0.031455568969249725342 0.031268462538719177246 0.031076630577445030212 0.19060257077217102051 0.054393921047449111938 0.035150550305843353271 0.034691251814365386963 0.028847405686974525452 0.025489209219813346863 0.02207287028431892395 0.02528217807412147522 0.01493570767343044281 0.018383717164397239685 0.011169774457812309265
0.079108417034149169922 0.1758006364107131958 0.046917364001274108887 0.049195043742656707764 0.049139589071273803711 0.048470523208379745483 0.045047871768474578857 0.045822862535715103149 0.047972224652767181396 0.038825966417789459229 0.029468202963471412659 0.014975872822105884552 0.0075043658725917339325 0.011246163398027420044 0.0037539005279541015625 0.025886839255690574646 0.018654720857739448547 0.022264912724494934082 0.032082192599773406982 0.034454662352800369263 0.037727613002061843872 0.038621235638856887817 0.03960817679762840271 0.039723955094814300537 0.038178574293851852417 0.038134485483169555664 0.036217838525772094727 0.033827014267444610596 0.033552844077348709106 0.2188278883695602417 0.053837683051824569702 0.037078566849231719971 0.036708224564790725708 0.031934082508087158203 0.028787644580006599426 0.025600016117095947266 0.028629818931221961975 0.018641130998730659485 0.02198246493935585022 0.014874082058668136597
0.014914537779986858368 0.25056374073028564453 0.047863826155662536621 0.049880228936672210693 0.050628352910280227661 0.050158124417066574097 0.047570969909429550171 0.047996651381254196167 0.049068361520767211914 0.04162494465708732605 0.03289082646369934082 0.018692063167691230774 0.011249280534684658051 0.014980108477175235748 0.0075034946203231811523 0.029369182884693145752 0.022304020822048187256 0.0037515021394938230515 0.025790171697735786438 0.0348358154296875 0.036737114191055297852 0.039153572171926498413 0.03973092883825302124 0.040319073945283889771 0.040412750095129013062 0.03935442119836807251 0.039210155606269836426 0.037657193839550018311 0.035653520375490188599 0.24946092069149017334 0.053285680711269378662 0.038618214428424835205 0.038423813879489898682 0.034748494625091552734 0.031872563064098358154 0.0290087088942527771 0.031837563961744308472 0.022320369258522987366 0.025517474859952926636 0.018558990210294723511
0.17329883575439453125 0.018556900322437286377 0.29329228401184082031 0.050460409373044967651 0.05193796008825302124 0.051693096756935119629 0.049796134233474731445 0.049930799752473831177 0.050150357186794281006 0.04416022077202796936 0.036155790090560913086 0.022382181137800216675 0.014986014924943447113 0.018698642030358314514 0.011247014626860618591 0.032710731029510498047 0.025885093957185745239 0.0037522562779486179352 0.007495144382119178772 0.029154356569051742554 0.037197176367044448853 0.038610484451055526733 0.040249332785606384277 0.040557693690061569214 0.040829461067914962769 0.040805701166391372681 0.040001079440116882324 0.039660558104515075684 0.03842351958155632019 0.03690659254789352417 0.30067503452301025391 0.039842419326305389404 0.039921749383211135864 0.037307150661945343018 0.034756872802972793579 0.032282244414091110229 0.034902874380350112915 0.025960994884371757507 0.028956875205039978027 0.022214230149984359741
0.61228263378143310547 0.7764708399772644043 0.77743399143218994141 0.3409036099910736084 0.052500925958156585693 0.052706003189086914062 0.051446203142404556274 0.051416575908660888672 0.051034104079008102417 0.046325974166393280029 0.039186201989650726318 0.026025816798210144043 0.018707789480686187744 0.022388853132724761963 0.01498004421591758728 0.035844184458255767822 0.029356738552451133728 0.0074983052909374237061 0.0037520206533372402191 0.011224978603422641754 0.032290607690811157227 0.039135590195655822754 0.040032073855400085449 0.040963139384984970093 0.041005052626132965088 0.0409890003502368927 0.040771953761577606201 0.040087755769491195679 0.039689917117357254028 0.038868784904479980469 0.037874739617109298706 0.33759835362434387207 0.041217096149921417236 0.039577666670083999634 0.037415936589241027832 0.035388767719268798828 0.037815749645233154297 0.029545273631811141968 0.032262962311506271362 0.025823937729001045227
0.39762833714485168457 0.4073531031608581543 0.41391703486442565918 1.1904455423355102539 1.5140352249145507812 1.5463212728500366211 0.052552659064531326294 0.10180968046188354492 0.051324743777513504028 0.047912076115608215332 0.041859026998281478882 0.029581377282738685608 0.022397808730602264404 0.026020003482699394226 0.018690261989831924438 0.038650657981634140015 0.032650079578161239624 0.011233925819396972656 0.0074976328760385513306 0.0037522942293435335159 0.014931648969650268555 0.035095632076263427734 0.040496189147233963013 0.040832884609699249268 0.041112404316663742065 0.040902052074670791626 0.040713168680667877197 0.040497727692127227783 0.040065906941890716553 0.039794184267520904541 0.039332009851932525635 0.37261354923248291016 0.042354673147201538086 0.041552457958459854126 0.039831653237342834473 0.038292899727821350098 0.040549613535404205322 0.033045411109924316406 0.035395979881286621094 0.029363919049501419067
0.026561351493000984192 0.024411974474787712097 0.024563161656260490417 0.054690815508365631104 0.077322132885456085205 0.099722288548946380615 1.583736419677734375 1.6164159774780273438 1.6645116806030273438 0.050839036703109741211 0.089443899691104888916 0.032900881022214889526 0.025995958596467971802 0.029499810189008712769 0.022336559370160102844 0.040876168757677078247 0.035605356097221374512 0.0037502862978726625443 0.014948040246963500977 0.011230720207095146179 0.0074967197142541408539 0.018589949235320091248 0.037393465638160705566 0.041235547512769699097 0.041103076189756393433 0.04097506403923034668 0.040710300207138061523 0.040554087609052658081 0.040420226752758026123 0.0401571616530418396 0.039968915283679962158 0.40945291519165039062 0.043233636766672134399 0.043171968311071395874 0.041972499340772628784 0.040955916047096252441 0.043066617101430892944 0.036419905722141265869 0.038317099213600158691 0.032802008092403411865
0.021265836432576179504 0.021370910108089447021 0.028573321178555488586 0.02167425304651260376 0.021760342642664909363 0.021901050582528114319 0.043620016425848007202 0.06158466637134552002 0.079337432980537414551 1.6804038286209106445 1.7192227840423583984 1.7518738508224487305 0.035480625927448272705 0.029246512800455093384 0.032559290528297424316 0.025802794843912124634 0.04222252964973449707 0.037970311939716339111 0.0074870311655104160309 0.018613111227750778198 0.014935987070202827454 0.011224961839616298676 0.022163873538374900818 0.039191436022520065308 0.041702773422002792358 0.041360333561897277832 0.041068788617849349976 0.040779791772365570068 0.040597055107355117798 0.04044098779559135437 0.040194056928157806396 0.039998706430196762085 0.44949191808700561523 0.044294077903032302856 0.043743014335632324219 0.043303631246089935303 0.045316305011510848999 0.03961440548300743103 0.040995314717292785645 0.036102399230003356934
0.018047146499156951904 0.026246827095746994019 0.018185447901487350464 0.018241899088025093079 0.018361972644925117493 0.018454175442457199097 0.014959868974983692169 0.015027088113129138947 0.015039983205497264862 0.015051333233714103699 0.030085936188697814941 0.044986583292484283447 1.7547529935836791992 1.7610028982162475586 1.7634150981903076172 0.03507528454065322876 0.029003623872995376587 0.042773105204105377197 0.03968014940619468689 0.011198480613529682159 0.022192656993865966797 0.018594095483422279358 0.014927006326615810394 0.025623597204685211182 0.040613714605569839478 0.042125809937715530396 0.041695579886436462402 0.041301932185888290405 0.040938228368759155273 0.040653165429830551147 0.040382806211709976196 0.040059562772512435913 0.48737409710884094238 0.044814772903919219971 0.044972289353609085083 0.045167837291955947876 0.047162003815174102783 0.042521767318248748779 0.043358907103538513184 0.039214182645082473755
0.023716697469353675842 0.014647624455392360687 0.014677230268716812134 0.014711921103298664093 0.014786183834075927734 0.011205573566257953644 0.011271961033344268799 0.011279482394456863403 0.011287875473499298096 0.011351338587701320648 0.0113468170166015625 0.034933481365442276001 0.048335205763578414917 0.061176206916570663452 0.062780022621154785156 1.7780193090438842773 0.037006705999374389648 0.031795721501111984253 0.042997475713491439819 0.040952082723379135132 0.014935350976884365082 0.025718668475747108459 0.022248193621635437012 0.018653552979230880737 0.029005352407693862915 0.041824031621217727661 0.042621906846761703491 0.042156007140874862671 0.041664287447929382324 0.041153062134981155396 0.040677901357412338257 0.040234558284282684326 0.039810329675674438477 0.52747875452041625977 0.045516066253185272217 0.046356346458196640015 0.048441842198371887207 0.044944506138563156128 0.045292548835277557373 0.042068056762218475342
