tests/data/reference/gistest/full/mqsur_m3_s.asc
ncols        125
nrows        78
xllcorner    -713756.799299980048
yllcorner    -1061032.369616159936
cellsize     10.000000000000
NODATA_value  -9999
[rows 54 to 71 of 78, columns 40 to 79 of 125]
0.020801026374101638794 0.020892662927508354187 0.02760797552764415741 0.023786820471286773682 0.024200880900025367737 0.021509407088160514832 0.021577827632427215576 0.024718411266803741455 0.027607588097453117371 0.096248514950275421143 0.12858910858631134033 0.024744354188442230225 0.024690076708793640137 0.024678165093064308167 0.032738227397203445435 0.058178775012493133545 0.034830279648303985596 0.024813566356897354126 0.021435130387544631958 0.027019608765840530396 0.03209713473916053772 0.026631740853190422058 0.033748894929885864258 0.034190040081739425659 0.034661151468753814697 0.035188995301723480225 0.035690475255250930786 0.036188740283250808716 0.036788560450077056885 0.037552975118160247803 0.038464806973934173584 0.039418324828147888184 0.040363673120737075806 0.041055437177419662476 0.041098181158304214478 0.0037401639856398105621 0.0037515414878726005554 0.0075001004151999950409 0.011824570596218109131 0.015570048242807388306
0.017797203734517097473 0.026202887296676635742 0.020968759432435035706 0.021269883960485458374 0.018205465748906135559 0.018237298354506492615 0.027237499132752418518 0.047778610140085220337 0.067852199077606201172 0.033610142767429351807 0.02162067219614982605 0.021592952311038970947 0.021572481840848922729 0.031248042359948158264 0.024663347750902175903 0.035124197602272033691 0.021798953413963317871 0.018254291266202926636 0.024592552334070205688 0.03127816319465637207 0.024115750566124916077 0.033429089933633804321 0.0037448180373758077621 0.054150994867086410522 0.080106258392333984375 0.080629460513591766357 0.12861533463001251221 0.1618048548698425293 0.16099944710731506348 0.16033071279525756836 0.15971766412258148193 0.15912966430187225342 0.15855130553245544434 0.15797682106494903564 0.15740086138248443604 0.15683451294898986816 0.15627294778823852539 0.1557149738073348999 0.1549100726842880249 0.1543292999267578125
0.024534525349736213684 0.017860686406493186951 0.018039356917142868042 0.014718516729772090912 0.014738435856997966766 0.024499809369444847107 0.018217626959085464478 0.018232190981507301331 0.032622549682855606079 0.01826621033251285553 0.018254982307553291321 0.018233384937047958374 0.029405172914266586304 0.02151228487491607666 0.035115174949169158936 0.018420541658997535706 0.014804249629378318787 0.021674497053027153015 0.029812749475240707397 0.021240089088678359985 0.033228907734155654907 0.024392265826463699341 0.04831216856837272644 0.024701355025172233582 0.024762105196714401245 0.048980921506881713867 0.034507986158132553101 0.027463847771286964417 0.054236732423305511475 0.055880550295114517212 0.057127710431814193726 0.057981539517641067505 0.058455575257539749146 0.058426678180694580078 0.057908415794372558594 0.057309977710247039795 0.056717671453952789307 0.05579888075590133667 0.054992984980344772339 0.054414983838796615601
0.014527826569974422455 0.014602984301745891571 0.011114964261651039124 0.011130678467452526093 0.021462542936205863953 0.014713896438479423523 0.014718770980834960938 0.031280733644962310791 0.014746882021427154541 0.014748907648026943207 0.014732876792550086975 0.027129786089062690735 0.018161175772547721863 0.035027813166379928589 0.01484355144202709198 0.011182111687958240509 0.018382534384727478027 0.027684822678565979004 0.018047219142317771912 0.032761696726083755493 0.021367471665143966675 0.021490912884473800659 0.021559339016675949097 0.021590270102024078369 0.021609039977192878723 0.034396506845951080322 0.024676846340298652649 0.024735487997531890869 0.034631427377462387085 0.059636484831571578979 0.0845774039626121521 0.11932210624217987061 0.1185865551233291626 0.11794238537549972534 0.11734163016080856323 0.11676652729511260986 0.11620095372200012207 0.11548194289207458496 0.11468023806810379028 0.11409664899110794067
0.011030192486941814423 0.0074429791420698165894 0.0074540032073855400085 0.018171343952417373657 0.011114193126559257507 0.011112394742667675018 0.029519468545913696289 0.011127229779958724976 0.011130674742162227631 0.011123697273433208466 0.024470217525959014893 0.014659520238637924194 0.034781206399202346802 0.011182203888893127441 0.0074816895648837089539 0.014846211299300193787 0.024946773424744606018 0.014627640135586261749 0.031787939369678497314 0.018090380355715751648 0.018170872703194618225 0.01822047308087348938 0.018236104398965835571 0.018231032416224479675 0.034202389419078826904 0.021554844453930854797 0.021604960784316062927 0.034454233944416046143 0.024749761447310447693 0.024856735020875930786 0.035878848284482955933 0.027945738285779953003 0.055570486932992935181 0.05784900858998298645 0.05981209874153137207 0.061526719480752944946 0.063067078590393066406 0.060936529189348220825 0.059780087321996688843 0.059140544384717941284
0.0037310682237148284912 0.0037374142557382583618 0.014688440598547458649 0.0074460748583078384399 0.007444749586284160614 0.027336165308952331543 0.007449562661349773407 0.0074510988779366016388 0.0074475621804594993591 0.021479191258549690247 0.01107179839164018631 0.034302953630685806274 0.0074731921777129173279 0.0037493833806365728378 0.011197765357792377472 0.021789230406284332275 0.011060865595936775208 0.030147450044751167297 0.014633808284997940063 0.014685792848467826843 0.01471859123557806015 0.014731875620782375336 0.01472296006977558136 0.034337244927883148193 0.018187424167990684509 0.01823392137885093689 0.034512139856815338135 0.021584371104836463928 0.021633237600326538086 0.035735022276639938354 0.024871153756976127625 0.025052309036254882812 0.025287365540862083435 0.047098472714424133301 0.053924560546875 0.060564629733562469482 0.078259997069835662842 0.077180713415145874023 0.078590542078018188477 0.079658433794975280762
0.0074170571751892566681 0.0110868038609623909 0.0037340202834457159042 0.0037340731360018253326 0.024706797674298286438 0.0037356254179030656815 0.0037362750153988599777 0.0037345804739743471146 0.018206374719738960266 0.007420907728374004364 0.033861875534057617188 0.0037415623664855957031 0.00375035824254155159 0.0074905930086970329285 0.018401898443698883057 0.0074139540083706378937 0.027843663468956947327 0.011052610352635383606 0.011093514040112495422 0.011114818044006824493 0.011122728697955608368 0.011114871129393577576 0.034923531115055084229 0.014681164175271987915 0.014709448441863059998 0.034635320305824279785 0.018219646066427230835 0.018240800127387046814 0.035893969237804412842 0.021617848426103591919 0.021729908883571624756 0.021885842084884643555 0.018573548644781112671 0.003753187134861946106 0.0037531564012169837952 0.014968445524573326111 0.0037543762009590864182 0.0071039302274584770203 0.010521642863750457764 0.013763677328824996948
0.011121552437543869019 0.01477709691971540451 0.018318178132176399231 0.021659113466739654541 0.0037348035257309675217 0.0074503738433122634888 0.011129125021398067474 0.014736594632267951965 0.0037223626859486103058 0.03314824029803276062 0.0037359718699008226395 0.0074606700800359249115 0.011169865727424621582 0.014842153526842594147 0.0037238004151731729507 0.025051262229681015015 0.0073971003293991088867 0.0074290726333856582642 0.0074445386417210102081 0.0074505419470369815826 0.0074445041827857494354 0.035513818264007568359 0.011079569347202777863 0.011096650734543800354 0.034847263246774673462 0.014705091714859008789 0.014715055935084819794 0.036251939833164215088 0.018213372677564620972 0.018278729170560836792 0.018377346917986869812 0.014910588040947914124 0.0037531650159507989883 0.0075013297609984874725 0.011241248808801174164 0.0037537238094955682755 0.0075038829818367958069 0.011829663068056106567 0.015575433149933815002 0.019313264638185501099
0.0073801786638796329498 0.011035319417715072632 0.014646875672042369843 0.0181570444256067276 0.021526476368308067322 0.02470098249614238739 0.027603205293416976929 0.030102351680397987366 0.031956434249877929688 0.0037245962303131818771 0.0074433856643736362457 0.011149013414978981018 0.014831581152975559235 0.018458241596817970276 0.02191965840756893158 0.0037046824581921100616 0.0037237817887216806412 0.0037325324956327676773 0.0037364063318818807602 0.0037348803598433732986 0.036129675805568695068 0.007417777087539434433 0.0074253575876355171204 0.035137459635734558105 0.01109854038804769516 0.011100669391453266144 0.036616738885641098022 0.014686495065689086914 0.01472535356879234314 0.014786188490688800812 0.011211276985704898834 0.0037528828252106904984 0.0075010177679359912872 0.011242115870118141174 0.014971140772104263306 0.018683003261685371399 0.022372823208570480347 0.026670778170228004456 0.03031072765588760376 0.033880256116390228271
-9999 -9999 0.0036942134611308574677 0.0037088813260197639465 0.003733261721208691597 0.0074546029791235923767 0.011152755469083786011 0.014811906032264232635 0.018392914906144142151 0.021872974932193756104 0.025259099900722503662 0.028513701632618904114 0.031528212130069732666 0.034042268991470336914 0.035767935216426849365 0.036769803613424301147 0.037353266030550003052 0.037540849298238754272 0.037382990121841430664 0.036807470023632049561 0.0037209792062640190125 0.0037210856098681688309 0.035411439836025238037 0.0074322116561233997345 0.0074326926842331886292 0.037007369101047515869 0.011076484806835651398 0.011099306866526603699 0.011136164888739585876 0.0074874563142657279968 0.0037526465021073818207 0.0075005246326327323914 0.011241828091442584991 0.014972995966672897339 0.018687402829527854919 0.022378223016858100891 0.026035845279693603516 0.030318828299641609192 0.033900346606969833374 0.037389997392892837524
-9999 -9999 -9999 -9999 -9999 0.0037322505377233028412 0.0037307105958461761475 0.0074351299554109573364 0.01107621658593416214 0.0037233280017971992493 0.0074409926310181617737 0.011140597052872180939 0.014812299050390720367 0.018422974273562431335 0.021902158856391906738 0.025188185274600982666 0.02822173386812210083 0.03090681321918964386 0.033119179308414459229 0.034678708761930465698 0.035450238734483718872 0.035630214959383010864 0.0037266747094690799713 0.0037278314121067523956 0.037406012415885925293 0.0074156760238111019135 0.0074266600422561168671 0.0074466434307396411896 0.0037484515924006700516 0.0037517929449677467346 0.0074986987747251987457 0.011238914914429187775 0.014969142153859138489 0.018683595582842826843 0.022372286766767501831 0.026022298261523246765 0.029614165425300598145 0.033870182931423187256 0.037349238991737365723 0.040709141641855239868
-9999 -9999 -9999 -9999 -9999 -9999 -9999 -9999 -9999 -9999 -9999 0.0037422401364892721176 0.0074591776356101036072 0.011138660833239555359 0.014781961217522621155 0.018354538828134536743 0.021829420700669288635 0.025134330615401268005 0.028209403157234191895 0.031016951426863670349 0.03348039090633392334 0.03549601137638092041 0.036893676966428756714 0.037513423711061477661 0.003718578023836016655 0.0037235112395137548447 0.0037315625231713056564 0.0037430571392178535461 0.0074785682372748851776 0.011203576810657978058 0.014915507286787033081 0.018608808517456054688 0.022273052483797073364 0.025890924036502838135 0.029431169852614402771 0.074473842978477478027 0.0794428214430809021 0.082966729998588562012 0.084170363843441009521 0.085295334458351135254
-9999 -9999 -9999 -9999 -9999 -9999 -9999 -9999 -9999 -9999 -9999 -9999 0.0037028931546956300735 0.0036884699948132038116 0.0073860199190676212311 0.011055909097194671631 0.014667859300971031189 0.018165064975619316101 0.021450364962220191956 0.024428466334939002991 0.027013041079044342041 0.029076250270009040833 0.030574396252632141113 0.031843192875385284424 0.03273477405309677124 0.033355642110109329224 0.034011021256446838379 0.034900058060884475708 0.03601714596152305603 0.037270836532115936279 0.038635607808828353882 0.040039971470832824707 0.041400618851184844971 0.042667843401432037354 0.043790128082036972046 0.0037530045956373214722 0.003753869328647851944 0.008081609383225440979 0.011833039112389087677 0.01558056659996509552
-9999 -9999 -9999 -9999 -9999 -9999 -9999 -9999 -9999 -9999 -9999 -9999 -9999 -9999 -9999 -9999 -9999 -9999 -9999 -9999 0.0037160944193601608276 0.0037076736334711313248 0.0036833048798143863678 0.0036852809134870767593 0.0036960709840059280396 0.007401791401207447052 0.01109120342880487442 0.014751053415238857269 0.018371442332863807678 0.021950030699372291565 0.025486091151833534241 0.028944030404090881348 0.032268851995468139648 0.035397369414567947388 0.038250394165515899658 0.040847159922122955322 0.043283097445964813232 0.041652098298072814941 0.042478758841753005981 0.043396182358264923096
-9999 -9999 -9999 -9999 -9999 -9999 -9999 -9999 -9999 -9999 -9999 -9999 -9999 -9999 -9999 -9999 -9999 -9999 -9999 -9999 -9999 -9999 -9999 0.0073287035338580608368 0.0073584229685366153717 0.0037106738891452550888 0.0037383905146270990372 0.0074645085260272026062 0.011170097626745700836 0.014853466302156448364 0.018515670672059059143 0.022149875760078430176 0.025737121701240539551 0.029234021902084350586 0.032597653567790985107 0.035822592675685882568 0.038932438939809799194 0.038893837481737136841 0.040850784629583358765 0.042444739490747451782
-9999 -9999 -9999 -9999 -9999 -9999 -9999 -9999 -9999 -9999 -9999 -9999 -9999 -9999 -9999 -9999 -9999 -9999 -9999 -9999 -9999 -9999 -9999 -9999 -9999 0.010962670668959617615 0.0074127409607172012329 0.0037448958028107881546 0.0037452555261552333832 0.0074804364703595638275 0.011204811744391918182 0.014913969673216342926 0.018600964918732643127 0.022262634709477424622 0.025875164195895195007 0.029432330280542373657 0.031226519495248794556 0.034030959010124206543 0.036506533622741699219 0.038650564849376678467
-9999 -9999 -9999 -9999 -9999 -9999 -9999 -9999 -9999 -9999 -9999 -9999 -9999 -9999 -9999 -9999 -9999 -9999 -9999 -9999 -9999 -9999 -9999 -9999 -9999 -9999 0.014484976418316364288 0.011085551232099533081 0.0074722934514284133911 0.0037457724101841449738 0.0074835210107266902924 0.011208835989236831665 0.014913795515894889832 0.018592283129692077637 0.02223651297390460968 0.02583867684006690979 0.027902487665414810181 0.030876891687512397766 0.033604923635721206665 -9999
-9999 -9999 -9999 -9999 -9999 -9999 -9999 -9999 -9999 -9999 -9999 -9999 -9999 -9999 -9999 -9999 -9999 -9999 -9999 -9999 -9999 -9999 -9999 -9999 -9999 -9999 -9999 -9999 0.01469727884978055954 0.011168969795107841492 0.003748499089851975441 0.0074879326857626438141 0.011210984550416469574 0.014909406192600727081 0.018573656678199768066 0.022192111238837242126 0.026457684114575386047 -9999 -9999 -9999
