tests/data/reference/gistest/full/mqsur_m3_s.asc
ncols        125
nrows        78
xllcorner    -713756.799299980048
yllcorner    -1061032.369616159936
cellsize     10.000000000000
NODATA_value  -9999
[rows 18 to 35 of 78, columns 0 to 39 of 125]
-9999 -9999 -9999 -9999 -9999 -9999 -9999 -9999 -9999 -9999 -9999 -9999 -9999 -9999 -9999 -9999 -9999 -9999 0.0028748635668307542801 0.011497106403112411499 0.017244992777705192566 0.022992026060819625854 0.066087961196899414062 0.0028748353943228721619 0.002874856581911444664 0.08618094027042388916 0.0079581644386053085327 0.08423268049955368042 0.078933797776699066162 0.0028748628683388233185 0.067916721105575561523 0.0086237443611025810242 0.011497651226818561554 0.0086231930181384086609 0.07511987537145614624 0.0057492484338581562042 0.052620589733123779297 0.071836516261100769043 0.032069507986307144165 0.043097008019685745239
-9999 -9999 -9999 -9999 -9999 -9999 -9999 -9999 -9999 -9999 -9999 -9999 -9999 -9999 -9999 -9999 -9999 0.0028748360928148031235 0.0057493671774864196777 0.014370880089700222015 0.020118128508329391479 0.091946594417095184326 0.0057488856837153434753 0.0028748491313308477402 0.0028743098955601453781 0.0077345161698758602142 0.09524431079626083374 0.087101668119430541992 0.08467759937047958374 0.0028748703189194202423 0.070787861943244934082 0.011497747153043746948 0.0028747071046382188797 0.022993903607130050659 0.077989242970943450928 0.0086235469207167625427 0.055491879582405090332 0.07470642775297164917 0.034942213445901870728 0.045968808233737945557
-9999 -9999 -9999 -9999 -9999 -9999 -9999 -9999 -9999 -9999 -9999 -9999 -9999 -9999 -9999 -9999 0.0030135242268443107605 0.0058880094438791275024 0.0087623028084635734558 0.017383199185132980347 0.11492890119552612305 0.0086222831159830093384 0.0028747860342264175415 0.0057492600753903388977 0.0073581053875386714935 0.012415312230587005615 0.098111607134342193604 0.089970611035823822021 0.087546311318874359131 0.005749375559389591217 0.073658525943756103516 0.014371456578373908997 0.0028747022151947021484 0.028741199523210525513 0.080858364701271057129 0.011497583240270614624 0.058362953364849090576 0.077576108276844024658 0.037814680486917495728 0.048840362578630447388
-9999 -9999 -9999 -9999 -9999 -9999 -9999 -9999 -9999 -9999 -9999 -9999 -9999 -9999 -9999 -9999 0.0060258172452449798584 0.0089004812762141227722 0.011774253100156784058 0.13531318306922912598 0.014646524563431739807 0.0030133938416838645935 0.0030134771950542926788 0.0057484507560729980469 0.0090822223573923110962 0.018622893840074539185 0.10097770392894744873 0.09283889085054397583 0.090415716171264648438 0.0086236726492643356323 0.076528817415237426758 0.0028746500611305236816 0.017244875431060791016 0.034488011151552200317 0.083727203309535980225 0.014371364377439022064 0.061233781278133392334 0.080445371568202972412 0.040686745196580886841 0.051711499691009521484
-9999 -9999 -9999 -9999 -9999 -9999 -9999 -9999 -9999 -9999 -9999 -9999 -9999 -9999 -9999 -9999 0.0090372627601027488708 0.011911677196621894836 0.014784124679863452911 0.15596209466457366943 0.0030133156105875968933 0.0030133454129099845886 0.0030124988406896591187 0.0077601815573871135712 0.017836596816778182983 0.021635655313730239868 0.10384328663349151611 0.095706298947334289551 0.093284092843532562256 0.011497590690851211548 0.079398751258850097656 0.002874635159969329834 0.0057491259649395942688 0.020118039101362228394 0.12108190357685089111 0.017244882881641387939 0.064104437828063964844 0.083314433693885803223 0.0028747245669364929199 0.095266953110694885254
-9999 -9999 -9999 -9999 -9999 -9999 -9999 -9999 -9999 -9999 -9999 -9999 -9999 -9999 -9999 0.0030130899976938962936 0.01204696018248796463 0.029701579362154006958 0.16197077929973602295 0.0030132096726447343826 0.0030121162999421358109 0.0030123603064566850662 0.007890788838267326355 0.0060242437757551670074 0.027194283902645111084 0.024647988379001617432 0.10684844106435775757 0.09871282428503036499 0.096291236579418182373 0.014371185563504695892 0.082268290221691131592 0.0028746081516146659851 0.0057491003535687923431 0.008623317815363407135 0.022990979254245758057 0.14119251072406768799 0.066974915564060211182 0.086183443665504455566 0.0028747678734362125397 0.10101007670164108276
-9999 -9999 -9999 -9999 -9999 -9999 -9999 -9999 -9999 -9999 -9999 -9999 -9999 -9999 -9999 0.0060243206098675727844 0.21870790421962738037 0.20369847118854522705 0.0060252631083130836487 0.0030131763778626918793 0.0030134594999253749847 0.0077034505084156990051 0.012691502459347248077 0.0030128157231956720352 0.0090362383052706718445 0.030205234885215759277 0.13450071215629577637 0.10171930491924285889 0.09929828345775604248 0.0173834972083568573 0.0030134278349578380585 0.085137575864791870117 0.0057490579783916473389 0.0086232665926218032837 0.011497216299176216125 0.1670475304126739502 0.069845013320446014404 0.089052163064479827881 0.0028747771866619586945 0.10675285756587982178
-9999 -9999 -9999 -9999 -9999 -9999 -9999 -9999 -9999 -9999 -9999 -9999 -9999 -9999 -9999 0.25177314877510070801 0.0060254549607634544373 0.0030133044347167015076 0.0030133011750876903534 0.0030132790561765432358 0.0030126650817692279816 0.009358882904052734375 0.0093579394742846488953 0.015703871846199035645 0.0060254684649407863617 0.012047996744513511658 0.033216044306755065918 0.23921953141689300537 0.1023052409291267395 0.020395463332533836365 0.0030134813860058784485 0.0060264230705797672272 0.088145576417446136475 0.0087620802223682403564 0.011497097089886665344 0.014370774850249290466 0.23975294828414916992 0.0028747152537107467651 0.09192050248384475708 0.0057493196800351142883
-9999 -9999 -9999 -9999 -9999 -9999 -9999 -9999 -9999 -9999 -9999 -9999 -9999 0.0030134289991110563278 0.0030132087413221597672 0.024092774838209152222 0.0060221427120268344879 0.0030133191030472517014 0.0030125249177217483521 0.0030123656615614891052 0.0076809511519968509674 0.0093584731221199035645 0.021728506311774253845 0.012369980104267597198 0.018715612590312957764 0.0090375123545527458191 0.015059106051921844482 0.27543139457702636719 0.10531118512153625488 0.023406831547617912292 0.0060264593921601772308 0.0030133998952805995941 0.0090388320386409759521 0.091152936220169067383 0.01177446264773607254 0.01450947299599647522 0.01724402792751789093 0.24261316657066345215 0.0057492279447615146637 0.094788581132888793945
-9999 -9999 -9999 -9999 -9999 -9999 -9999 -9999 -9999 -9999 -9999 -9999 -9999 -9999 0.0030134043190628290176 0.0060256514698266983032 0.0060254260897636413574 0.0030128385405987501144 0.0030120876617729663849 0.00935727730393409729 0.015379982069134712219 0.018391054123640060425 0.021401643753051757812 0.046138305217027664185 0.061514839529991149902 0.083235070109367370605 0.095275409519672393799 0.11333467066287994385 0.27842363715171813965 0.10831537097692489624 0.026417326182126998901 0.0090387780219316482544 0.0060262517072260379791 0.012050569988787174225 0.094159424304962158203 0.014786199666559696198 0.017521370202302932739 0.020256038755178451538 0.24561238288879394531 0.0086234603077173233032
-9999 -9999 -9999 -9999 -9999 -9999 -9999 -9999 -9999 -9999 -9999 -9999 -9999 -9999 -9999 -9999 0.0030131046660244464874 0.0030106375925242900848 0.0055572078563272953033 0.0080402912572026252747 0.0096804760396480560303 0.012693635188043117523 0.01570629514753818512 0.018718637526035308838 0.021730478852987289429 0.024742010980844497681 0.027753181755542755127 0.030763484537601470947 0.14709579944610595703 0.42849972844123840332 0.11131871491670608521 0.029427038505673408508 0.012050301767885684967 0.0090383011847734451294 0.015061505138874053955 0.097165212035179138184 0.017797555774450302124 0.020532846450805664062 0.023267496377229690552 0.24861058592796325684
-9999 -9999 -9999 -9999 -9999 -9999 -9999 -9999 -9999 -9999 -9999 -9999 -9999 -9999 -9999 -9999 -9999 0.0030119705479592084885 0.0093551892787218093872 0.012367428280413150787 0.015379277989268302917 0.018390730023384094238 0.021401826292276382446 0.024412335827946662903 0.027422519400715827942 0.030432553961873054504 0.033442530781030654907 0.036452259868383407593 0.039461355656385421753 0.042469665408134460449 0.47395244240760803223 0.58824586868286132812 0.62064158916473388672 0.015060952864587306976 0.012049574404954910278 0.018071845173835754395 0.1001710742712020874 0.12097294628620147705 0.14450800418853759766 0.026278369128704071045
-9999 -9999 -9999 -9999 -9999 -9999 -9999 -9999 -9999 -9999 -9999 -9999 -9999 -9999 -9999 -9999 -9999 0.0055579482577741146088 0.0063462723046541213989 0.0093593047931790351868 0.012371669523417949677 0.015383350662887096405 0.30160245299339294434 0.30459624528884887695 0.3075911104679107666 0.31058683991432189941 0.31358289718627929688 0.31657814979553222656 0.31957209110260009766 0.32256627082824707031 0.32556235790252685547 0.32855933904647827148 0.33155268430709838867 0.95515024662017822266 0.97316026687622070312 0.9881591796875 1.0091869831085205078 1.0121499300003051758 1.0151162147521972656 1.1625852584838867188
-9999 -9999 -9999 -9999 -9999 -9999 -9999 -9999 -9999 -9999 -9999 -9999 -9999 -9999 -9999 -9999 0.0055656079202890396118 0.0062078800983726978302 0.0090822484344244003296 0.071148157119750976562 0.10667868703603744507 0.28322532773017883301 0.023261794820427894592 0.049392610788345336914 0.081261135637760162354 0.08426646888256072998 0.16521708667278289795 0.19708175957202911377 0.26911124587059020996 0.27210512757301330566 0.27510097622871398926 0.27809762954711914062 0.28109413385391235352 0.28408950567245483398 0.28708219528198242188 0.29007446765899658203 0.29306709766387939453 0.74767196178436279297 0.75940531492233276367 0.77401393651962280273
-9999 -9999 -9999 -9999 -9999 -9999 -9999 -9999 -9999 -9999 -9999 -9999 -9999 -9999 -9999 0.0050480859354138374329 0.0074904523789882659912 0.035286389291286468506 0.05919446796178817749 0.032522886991500854492 0.17355340719223022461 0.020251436159014701843 0.023123197257518768311 0.028863236308097839355 0.034741461277008056641 0.077951140701770782471 0.028867483139038085938 0.069036670029163360596 0.05454653128981590271 0.057416036725044250488 0.060424711555242538452 0.063433028757572174072 0.29890805482864379883 0.32201358675956726074 0.35085844993591308594 0.38544332981109619141 0.45163327455520629883 0.0087613817304372787476 0.011635414324700832367 0.028870705515146255493
-9999 -9999 -9999 -9999 -9999 -9999 -9999 -9999 -9999 -9999 -9999 -9999 -9999 -9999 -9999 0.0054217362776398658752 0.025745330378413200378 0.021035904064774513245 0.029651585966348648071 0.17069655656814575195 0.017240589484572410583 0.020112514495849609375 0.0258530396968126297 0.031731851398944854736 0.040203791111707687378 0.025856988504528999329 0.066029988229274749756 0.05167719721794128418 0.060278672724962234497 0.15495993196964263916 0.20663616061210632324 0.23248159885406494141 0.020115690305829048157 0.025859668850898742676 0.031602811068296432495 0.063210368156433105469 0.0057486994192004203796 0.0086228447034955024719 0.025859551504254341125 0.020116288214921951294
-9999 -9999 -9999 -9999 -9999 -9999 -9999 -9999 -9999 -9999 -9999 -9999 -9999 -9999 0.0073632597923278808594 0.019539533182978630066 0.018162835389375686646 0.026779701933264732361 0.16783891618251800537 0.014368294738233089447 0.017240537330508232117 0.022981628775596618652 0.028721997514367103577 0.037333544343709945679 0.022985119372606277466 0.063162311911582946777 0.048808015882968902588 0.057409785687923431396 0.091818697750568389893 0.048816390335559844971 0.022987527772784233093 0.017243001610040664673 0.022987727075815200806 0.028731448575854301453 0.060341447591781616211 0.0028744339942932128906 0.0057488810271024703979 0.022987296804785728455 0.0172433461993932724 0.01437047962099313736
-9999 -9999 -9999 -9999 -9999 -9999 -9999 -9999 -9999 -9999 -9999 -9999 -9999 0.0049380171112716197968 0.010276718065142631531 0.015289419330656528473 0.023907393217086791992 0.16498011350631713867 0.011495471000671386719 0.01436812523752450943 0.020109977573156356812 0.025850968435406684875 0.034463319927453994751 0.020113086327910423279 0.060294371098279953003 0.045938748866319656372 0.05454115942120552063 0.088952518999576568604 0.045946151018142700195 0.020114915445446968079 0.014369903132319450378 0.020115289837121963501 0.025859503075480461121 0.048849102109670639038 0.0086226062849164009094 0.0028745017480105161667 0.020114688202738761902 0.014370151795446872711 0.011496952734887599945 0.011497024446725845337
