tests/data/reference/gistest/full/mqsur_m3_s.asc
ncols        125
nrows        78
xllcorner    -713756.799299980048
yllcorner    -1061032.369616159936
cellsize     10.000000000000
NODATA_value  -9999
[rows 18 to 35 of 78, columns 40 to 79 of 125]
0.048839192837476730347 0.037349518388509750366 0.017245694994926452637 0.043095670640468597412 0.025862660259008407593 0.022990213707089424133 0.011497867293655872345 0.014371176250278949738 0.025863688439130783081 0.0057490640319883823395 0.002874708268791437149 0.0086235161870718002319 0.011497242376208305359 0.025859244167804718018 0.014371077530086040497 0.0086236530914902687073 0.0086237629875540733337 0.0057494747452437877655 0.0028748488985002040863 0.0028748402837663888931 0.0028748270124197006226 0.0028748048935085535049 0.0028747718315571546555 0.020118780434131622314 0.0057491124607622623444 0.0057489797472953796387 0.0057488144375383853912 0.037353210151195526123 0.0086232395842671394348 0.0086232023313641548157 0.063201390206813812256 0.0086227795109152793884 0.008622342720627784729 0.00287477090023458004 0.43939983844757080078 0.034487284719944000244 0.014371704310178756714 0.0086237769573926925659 0.005749443545937538147 0.0028748628683388233185
0.051710762083530426025 0.040221985429525375366 0.020119475200772285461 0.045967873185873031616 0.028735950589179992676 0.025863587856292724609 0.014371982775628566742 0.017245056107640266418 0.028736740350723266602 0.008623448200523853302 0.0028747960459440946579 0.0057492600753903388977 0.011497514322400093079 0.014370979741215705872 0.028731776401400566101 0.017244609072804450989 0.011497709900140762329 0.011497830040752887726 0.0086237899959087371826 0.0057494272477924823761 0.0057494100183248519897 0.0057493839412927627563 0.0057493443600833415985 0.0057492842897772789001 0.022991651669144630432 0.0086232703179121017456 0.0086231417953968048096 0.0086229844018816947937 0.040224604308605194092 0.01149703003466129303 0.074693165719509124756 0.011496574617922306061 0.011496110819280147552 0.0028748109471052885056 0.0057486863806843757629 0.44798874855041503906 0.051728863269090652466 0.011497817002236843109 0.0086238533258438110352 0.0057495147921144962311
0.054582092911005020142 0.043094228953123092651 0.022993141785264015198 0.048840038478374481201 0.031609162688255310059 0.028736889362335205078 0.017245979979634284973 0.020118838176131248474 0.031609743833541870117 0.011497668921947479248 0.0028748516924679279327 0.0057493909262120723724 0.0086235599592328071594 0.014371275901794433594 0.017244502902030944824 0.031604159623384475708 0.020117944106459617615 0.014371524564921855927 0.01437163911759853363 0.01149783749133348465 0.0086237210780382156372 0.0086236838251352310181 0.0086236307397484779358 0.0086235711351037025452 0.0086235050112009048462 0.02586434781551361084 0.011497213505208492279 0.011497071944177150726 0.011496874503791332245 0.054591953754425048828 0.077562063932418823242 0.014370329678058624268 0.014369895681738853455 0.0057492051273584365845 0.0028748223558068275452 0.0028748034965246915817 0.45082995295524597168 0.066095642745494842529 0.011497814208269119263 0.00862390175461769104
0.057453088462352752686 0.045966196805238723755 0.025866651907563209534 0.051712203770875930786 0.034482270479202270508 0.031610120087862014771 0.0201198626309633255 0.022992497310042381287 0.034482639282941818237 0.014371720142662525177 0.0057495147921144962311 0.002874869154766201973 0.0086237257346510887146 0.011497600935399532318 0.017244830727577209473 0.020117845386266708374 0.03447637706995010376 0.022991055622696876526 0.017245089635252952576 0.017245190218091011047 0.014371605589985847473 0.011497722938656806946 0.011497671715915203094 0.011497616767883300781 0.011497559025883674622 0.011497480794787406921 0.028736837208271026611 0.014370846562087535858 0.014370640739798545837 0.068958312273025512695 0.080431364476680755615 0.017244001850485801697 0.017243472859263420105 0.0086235282942652702332 0.0057492456398904323578 0.0028748642653226852417 0.0057490067556500434875 0.45367395877838134766 0.068964168429374694824 0.022994499653577804565
0.060323763638734817505 0.048837859183549880981 0.028739875182509422302 0.054584193974733352661 0.037355236709117889404 0.034483231604099273682 0.02299359440803527832 0.02586602233350276947 0.037355363368988037109 0.017245579510927200317 0.0086239501833915710449 0.0057495189830660820007 0.0028748682234436273575 0.011497810482978820801 0.014371434226632118225 0.02011820673942565918 0.022990975528955459595 0.037348367273807525635 0.025863926857709884644 0.020118396729230880737 0.020118469372391700745 0.017245110124349594116 0.014371477998793125153 0.014371427707374095917 0.014371359720826148987 0.014371274970471858978 0.014371164143085479736 0.031608961522579193115 0.017244108021259307861 0.086197264492511749268 0.083300694823265075684 0.020117439329624176025 0.020116889849305152893 0.011497710831463336945 0.0086235534399747848511 0.0057493727654218673706 0.0086231287568807601929 0.0028748724143952131271 0.45651832222938537598 0.071832574903964996338
0.063194200396537780762 0.051709227263927459717 0.031612783670425415039 0.057455826550722122192 0.040227979421615600586 0.037356130778789520264 0.025867121294140815735 0.028739385306835174561 0.040227878838777542114 0.020119216293096542358 0.011498151347041130066 0.0086239203810691833496 0.0028748838230967521667 0.0057495068758726119995 0.014371689409017562866 0.017245056107640266418 0.022991340607404708862 0.025863859802484512329 0.040220141410827636719 0.028736565262079238892 0.022991446778178215027 0.022991500794887542725 0.020118379965424537659 0.017244979739189147949 0.017244907096028327942 0.017244817689061164856 0.017244694754481315613 0.017244502902030944824 0.034480676054954528809 0.10630816221237182617 0.08616959303617477417 0.022990742698311805725 0.022990252822637557983 0.014371742494404315948 0.011497702449560165405 0.0086237387731671333313 0.011497251689434051514 0.0028745753224939107895 0.005749225616455078125 0.45936292409896850586
0.066064372658729553223 0.054580323398113250732 0.034485414624214172363 0.060327142477035522461 0.043100506067276000977 0.04022886231541633606 0.028740482404828071594 0.031612582504749298096 0.043100208044052124023 0.022992661222815513611 0.014372149482369422913 0.0028749033808708190918 0.011498096399009227753 0.0057495464570820331573 0.00862390175461769104 0.017245339229702949524 0.020118432119488716125 0.025864237919449806213 0.028736514970660209656 0.043091662228107452393 0.031608927994966506958 0.025864239782094955444 0.025864301249384880066 0.022991405799984931946 0.020118225365877151489 0.020118121057748794556 0.020117966458201408386 0.02011775970458984375 0.020117489621043205261 0.1436535567045211792 0.089038170874118804932 0.025863895192742347717 0.025863494724035263062 0.017245573922991752625 0.014371681958436965942 0.011497946456074714661 0.014371305704116821289 0.0057492423802614212036 0.0086234863847494125366 0.0028738507535308599472
0.17568182945251464844 0.057451128959655761719 0.037357792258262634277 0.063198193907737731934 0.0459728240966796875 0.043101478368043899536 0.031613726168870925903 0.034485604614019393921 0.04597237706184387207 0.025865936651825904846 0.017245972529053688049 0.0057496023364365100861 0.0028749296907335519791 0.014372070319950580597 0.0086239641532301902771 0.011498054489493370056 0.020118765532970428467 0.02299156971275806427 0.028736867010593414307 0.031608864665031433105 0.045962873846292495728 0.034481056034564971924 0.02873683534562587738 0.028736894950270652771 0.025864196941256523132 0.022991182282567024231 0.02299098484218120575 0.022990768775343894958 0.022990560159087181091 0.16663512587547302246 0.091906785964965820312 0.028736824169754981995 0.02873648516833782196 0.020119184628129005432 0.017245478928089141846 0.014371988363564014435 0.017245249822735786438 0.0086237834766507148743 0.011497725732624530792 0.0057484381832182407379
0.0086236028000712394714 0.23599483072757720947 0.04022989422082901001 0.066068947315216064453 0.048844896256923675537 0.045973882079124450684 0.03448678925633430481 0.037358447909355163574 0.04884441569447517395 0.028739057481288909912 0.020119622349739074707 0.0086240833625197410583 0.0028749485500156879425 0.0057496288791298866272 0.017245834693312644958 0.011498138308525085449 0.014371952973306179047 0.022991910576820373535 0.025864405557513237 0.03160920366644859314 0.034480992704629898071 0.04883394390344619751 0.037353020161390304565 0.031609218567609786987 0.031609226018190383911 0.028736671432852745056 0.025863815099000930786 0.025863580405712127686 0.02586337551474571228 0.19248856604099273682 0.094775170087814331055 0.031609494239091873169 0.031609181314706802368 0.02299252338707447052 0.020119035616517066956 0.017245819792151451111 0.020119041204452514648 0.011498144827783107758 0.014371864497661590576 0.0086229173466563224792
0.097656667232513427734 0.24747948348522186279 0.043101690709590911865 0.068939350545406341553 0.05171664804220199585 0.048845980316400527954 0.037359591573476791382 0.040231097489595413208 0.051716364920139312744 0.031612057238817214966 0.022993100807070732117 0.011498356238007545471 0.0057496763765811920166 0.0086241103708744049072 0.002874936908483505249 0.020119361579418182373 0.01437203679233789444 0.017245551571249961853 0.025864766910672187805 0.02873701043426990509 0.034481387585401535034 0.037352971732616424561 0.051704838871955871582 0.040224749594926834106 0.034481324255466461182 0.034481283277273178101 0.03160891309380531311 0.028736256062984466553 0.028735984116792678833 0.22121314704418182373 0.097642980515956878662 0.034481778740882873535 0.034481510519981384277 0.025865513831377029419 0.022992260754108428955 0.02011935599148273468 0.022992590442299842834 0.014372324571013450623 0.017245821654796600342 0.011497231200337409973
0.011636311188340187073 0.34799209237098693848 0.045973200350999832153 0.071809493005275726318 0.054588146507740020752 0.051717810332775115967 0.040232136845588684082 0.043103534728288650513 0.054588202387094497681 0.034484930336475372314 0.025866409763693809509 0.014372424222528934479 0.0086241774260997772217 0.011498379521071910858 0.0057496447116136550903 0.022992713376879692078 0.017245734110474586487 0.0028748472686856985092 0.020118892192840576172 0.028737410902976989746 0.03160943835973739624 0.037353396415710449219 0.040224753320217132568 0.054575521498918533325 0.043096236884593963623 0.037353195250034332275 0.037353105843067169189 0.034480895847082138062 0.031608402729034423828 0.25280869007110595703 0.10051041096448898315 0.03735376894474029541 0.037353601306676864624 0.028738288208842277527 0.025865267962217330933 0.022992663085460662842 0.025865895673632621765 0.01724626496434211731 0.0201195497065782547 0.014371351338922977448
0.25160837173461914062 0.014648647047579288483 0.39695897698402404785 0.074679479002952575684 0.057459525763988494873 0.054589506238698959351 0.043104507029056549072 0.045975793153047561646 0.05745990946888923645 0.03735766187310218811 0.02873953990638256073 0.017246287316083908081 0.011498455889523029327 0.014372435398399829865 0.008624119684100151062 0.025865901261568069458 0.020119257271289825439 0.0028748693875968456268 0.0057494509965181350708 0.022991992533206939697 0.031609851866960525513 0.034481689333915710449 0.040225233882665634155 0.043096352368593215942 0.057445995509624481201 0.045967482030391693115 0.040224749594926834106 0.040224518626928329468 0.037352472543716430664 0.034480281174182891846 0.35617440938949584961 0.040225580334663391113 0.040225591510534286499 0.031610988080501556396 0.028738211840391159058 0.02586586587131023407 0.028739042580127716064 0.020119983702898025513 0.022993024438619613647 0.0172452535480260849
1.1918232440948486328 1.4463772773742675781 1.4639670848846435547 0.4746265709400177002 0.060468953102827072144 0.05759949609637260437 0.045976344496011734009 0.048847593367099761963 0.060331221669912338257 0.04023012891411781311 0.031612433493137359619 0.020119905471801757812 0.014372483827173709869 0.017246244475245475769 0.01149834413081407547 0.02873887866735458374 0.022992577403783798218 0.0057495161890983581543 0.0028748633340001106262 0.0086237816140055656433 0.025864895433187484741 0.034482117742300033569 0.037353716790676116943 0.043096784502267837524 0.045967601239681243896 0.060316026210784912109 0.048838261514902114868 0.043095875531435012817 0.043095659464597702026 0.04022397845983505249 0.037352181971073150635 0.39925506711006164551 0.043097469955682754517 0.034483574330806732178 0.031611062586307525635 0.028738966211676597595 0.031612057238817214966 0.022993506863713264465 0.025866258889436721802 0.020118929445743560791
0.8058598637580871582 0.83196169137954711914 0.85519009828567504883 2.3220872879028320312 2.7996034622192382812 2.8629560470581054688 0.060607984662055969238 0.097830906510353088379 0.063201643526554107666 0.043102119117975234985 0.034485001116991043091 0.022993214428424835205 0.017246197909116744995 0.020119722932577133179 0.014372249133884906769 0.03161153942346572876 0.025865638628602027893 0.0086239045485854148865 0.0057495045475661754608 0.0028748742770403623581 0.011497870087623596191 0.028737558051943778992 0.037354037165641784668 0.040225304663181304932 0.045967791229486465454 0.048838254064321517944 0.063185468316078186035 0.051708739250898361206 0.045966964215040206909 0.045966934412717819214 0.043095633387565612793 0.43946158885955810547 0.045969273895025253296 0.037356052547693252563 0.034483816474676132202 0.031611956655979156494 0.034484922885894775391 0.025866843760013580322 0.028739280998706817627 0.022992379963397979736
0.023128176108002662659 0.02025600336492061615 0.020256200805306434631 0.049266785383224487305 0.069658212363719940186 0.090048894286155700684 2.9559166431427001953 3.0194153785705566406 3.1201291084289550781 0.066209964454174041748 0.080594964325428009033 0.025865891948342323303 0.020119378343224525452 0.022992670536041259766 0.01724568195641040802 0.034483660012483596802 0.028738271445035934448 0.0028748121112585067749 0.011497984640300273895 0.0086238486692309379578 0.0057494705542922019958 0.014371643774211406708 0.031609863042831420898 0.040225584059953689575 0.043096531182527542114 0.048838522285223007202 0.051708806306123733521 0.066055051982402801514 0.054579369723796844482 0.048838142305612564087 0.048838227987289428711 0.48540967702865600586 0.048840846866369247437 0.040228340774774551392 0.037356428802013397217 0.034484818577766418457 0.037357617169618606567 0.028739992529153823853 0.03161212429404258728 0.0258656330406665802
0.017243836075067520142 0.017244050279259681702 0.026000946760177612305 0.017383471131324768066 0.017383638769388198853 0.017522515729069709778 0.035042557865381240845 0.049688432365655899048 0.064471885561943054199 3.1992809772491455078 3.2683815956115722656 3.3518316745758056641 0.028876239433884620667 0.022991633042693138123 0.025864845141768455505 0.020118543878197669983 0.037355132400989532471 0.031610358506441116333 0.0057493061758577823639 0.014371697790920734406 0.011497844941914081573 0.0086237397044897079468 0.017245143651962280273 0.034481998533010482788 0.043097097426652908325 0.045967873185873031616 0.051709499210119247437 0.054579608142375946045 0.068924844264984130859 0.057449992746114730835 0.051709149032831192017 0.051709223538637161255 0.5371004939079284668 0.043100256472826004028 0.040228784084320068359 0.037357479333877563477 0.040230099111795425415 0.031612958759069442749 0.034484818577766418457 0.028738731518387794495
0.01437063608318567276 0.022989230230450630188 0.01437101513147354126 0.01437118183821439743 0.014510291628539562225 0.014509495347738265991 0.011636641807854175568 0.011775380000472068787 0.011775448918342590332 0.01177547406405210495 0.023687941953539848328 0.035598665475845336914 3.3903157711029052734 3.4220490455627441406 3.4478964805603027344 0.028875667601823806763 0.023130018264055252075 0.040226288139820098877 0.034482169896364212036 0.0086235003545880317688 0.017245147377252578735 0.014371598139405250549 0.01149777974933385849 0.020118491724133491516 0.03735411912202835083 0.045968692749738693237 0.04883931577205657959 0.054580550640821456909 0.057450395077466964722 0.071794524788856506348 0.060320343822240829468 0.054579786956310272217 0.59179514646530151367 0.045971691608428955078 0.04310068860650062561 0.040229756385087966919 0.043102238327264785767 0.034485653042793273926 0.037357315421104431152 0.031611673533916473389
0.020116334781050682068 0.011497291736304759979 0.011497407220304012299 0.011497518979012966156 0.011496716178953647614 0.0086236177012324333191 0.0087625877931714057922 0.0087626595050096511841 0.0087627451866865158081 0.0089014358818531036377 0.0089013073593378067017 0.029015017673373222351 0.040925450623035430908 0.052834324538707733154 0.055843319743871688843 3.506622314453125 0.031886368989944458008 0.026141230016946792603 0.043236501514911651611 0.037492956966161727905 0.011636430397629737854 0.020257441326975822449 0.017384175211191177368 0.01451062224805355072 0.023130733519792556763 0.040365252643823623657 0.04897933080792427063 0.051849778741598129272 0.0575905628502368927 0.060460031032562255859 0.07480290532112121582 0.063329301774501800537 0.057588998228311538696 0.64074885845184326172 0.04611093178391456604 0.043240424245595932007 0.04611283913254737854 0.03735793381929397583 0.040229517966508865356 0.034484427422285079956
