tests/data/reference/gistest/full/mqsur_m3_s.asc
ncols        125
nrows        78
xllcorner    -713756.799299980048
yllcorner    -1061032.369616159936
cellsize     10.000000000000
NODATA_value  -9999
[rows 54 to 71 of 78, columns 41 to 81 of 125]
0.017243199050426483154 0.028732247650623321533 0.02011626027524471283 0.020116662606596946716 0.017243355512619018555 0.017243746668100357056 0.020116921514272689819 0.022989921271800994873 0.083331637084484100342 0.11493346095085144043 0.020116819068789482117 0.020116722211241722107 0.020116701722145080566 0.031606286764144897461 0.054594147950410842896 0.040221784263849258423 0.020116705447435379028 0.017243433743715286255 0.022989086806774139404 0.031605433672666549683 0.022987924516201019287 0.040221326053142547607 0.043092794716358184814 0.045964028686285018921 0.048835057765245437622 0.051705777645111083984 0.054576266556978225708 0.057446721941232681274 0.06031729280948638916 0.063187994062900543213 0.066058687865734100342 0.068929292261600494385 0.071799404919147491455 0.074668310582637786865 0.0028745483141392469406 0.002874829806387424469 0.0057495962828397750854 0.0095867672935128211975 0.011957366019487380981 0.014831933192908763885 0.017706342041492462158
0.02586010470986366272 0.017243320122361183167 0.017243720591068267822 0.014370106160640716553 0.014370404183864593506 0.022989941760897636414 0.040231838822364807129 0.057472724467515945435 0.028734972700476646423 0.017243765294551849365 0.017243688926100730896 0.017243636772036552429 0.028734095394611358643 0.020117416977882385254 0.037350833415985107422 0.017244029790163040161 0.014370419085025787354 0.02011661231517791748 0.028733748942613601685 0.020115286111831665039 0.037349790334701538086 0.0028746733441948890686 0.045978598296642303467 0.06896521151065826416 0.071834795176982879639 0.11493390798568725586 0.17811216413974761963 0.18097546696662902832 0.18383941054344177246 0.18670393526554107666 0.18956878781318664551 0.19243381917476654053 0.19529835879802703857 0.1981617659330368042 0.20102633535861968994 0.20389130711555480957 0.20675638318061828613 0.20960530638694763184 0.21247030794620513916 0.21533535420894622803 0.21820054948329925537
0.014370099641382694244 0.014370474033057689667 0.0114965829998254776 0.011496837250888347626 0.020117063075304031372 0.014370243996381759644 0.014370368793606758118 0.025862555950880050659 0.014370464719831943512 0.014370408840477466583 0.014370325952768325806 0.025861738249659538269 0.017244249582290649414 0.034479204565286636353 0.014370925724506378174 0.011497113853693008423 0.017243867740035057068 0.025861788541078567505 0.017242457717657089233 0.034478303045034408569 0.02011692337691783905 0.040232576429843902588 0.020116718485951423645 0.020116996020078659058 0.040232494473457336426 0.06031540408730506897 0.022990074008703231812 0.045978598296642303467 0.048849813640117645264 0.051721062511205673218 0.054592322558164596558 0.057463582605123519897 0.060334671288728713989 0.063205584883689880371 0.066076606512069702148 0.068947464227676391602 0.071810901165008544922 0.074674241244792938232 0.077544935047626495361 0.080415554344654083252 0.083286143839359283447
0.011496949940919876099 0.0086227683350443840027 0.0086230151355266571045 0.017244018614292144775 0.011496616527438163757 0.011496718041598796844 0.02298991568386554718 0.011496863327920436859 0.011496866121888160706 0.011496772058308124542 0.02298913709819316864 0.014370846562087535858 0.031607240438461303711 0.0114973410964012146 0.0086233774200081825256 0.014370790682733058929 0.022989543154835700989 0.014369347132742404938 0.031606648117303848267 0.017243884503841400146 0.017244091257452964783 0.017243554815649986267 0.017243782058358192444 0.017243849113583564758 0.05744571983814239502 0.020117335021495819092 0.020117346197366714478 0.04883435368537902832 0.071821399033069610596 0.094806201756000518799 0.14938020706176757812 0.15224641561508178711 0.15511262416839599609 0.15797890722751617432 0.16084606945514678955 0.16371349990367889404 0.16656805574893951416 0.16942274570465087891 0.17229007184505462646 0.17515741288661956787 0.17802496254444122314
0.0057486593723297119141 0.0057489033788442611694 0.014370764605700969696 0.0086227906867861747742 0.0086228465661406517029 0.020117061212658882141 0.0086229722946882247925 0.0086229974403977394104 0.0086229387670755386353 0.02011633850634098053 0.011497159488499164581 0.028734970837831497192 0.0086234407499432563782 0.0057492358610033988953 0.011497271247208118439 0.020116912201046943665 0.01149592176079750061 0.028734778985381126404 0.014370611868798732758 0.014370766468346118927 0.01437022816389799118 0.014370415359735488892 0.014370417222380638123 0.054575495421886444092 0.017244290560483932495 0.017244314774870872498 0.045963529497385025024 0.020117450505495071411 0.020116275176405906677 0.05170796811580657959 0.022990934550762176514 0.045980762690305709839 0.048852436244487762451 0.051724050194025039673 0.054595734924077987671 0.057467568665742874146 0.060333818197250366211 0.063200205564498901367 0.066072061657905578613 0.068943604826927185059 0.071814738214015960693
0.0028744884766638278961 0.011497233062982559204 0.0057487096637487411499 0.0057487562298774719238 0.017244042828679084778 0.0057488298043608665466 0.005748847033828496933 0.00574880233034491539 0.017243364825844764709 0.0086232973262667655945 0.025862423703074455261 0.0057491739280521869659 0.0028747902251780033112 0.0086234584450721740723 0.017243919894099235535 0.0086221443489193916321 0.02586263604462146759 0.01149710826575756073 0.011497197672724723816 0.011496635153889656067 0.011496822349727153778 0.011496802791953086853 0.051705077290534973145 0.014370892196893692017 0.01437097601592540741 0.043092604726552963257 0.017244292423129081726 0.017243059352040290833 0.048836987465620040894 0.020117767155170440674 0.020118067041039466858 0.020117586478590965271 0.037361662834882736206 0.043108630925416946411 0.048855349421501159668 0.063224785029888153076 0.066089242696762084961 0.068960480391979217529 0.071831554174423217773 0.086199648678302764893 0.10677469521760940552
0.0086234081536531448364 0.0028743161819875240326 0.0028743750881403684616 0.014370815828442573547 0.00287442794069647789 0.0028744407463818788528 0.0028744009323418140411 0.014370151795446872711 0.005749236326664686203 0.022989919409155845642 0.0028746095485985279083 0.0028748067561537027359 0.0057493662461638450623 0.014370779506862163544 0.0057480777613818645477 0.022990183904767036438 0.0086233150213956832886 0.0086233932524919509888 0.0086228055879473686218 0.0086229629814624786377 0.0086229303851723670959 0.048834566026926040649 0.011497260071337223053 0.011497338302433490753 0.040221404284238815308 0.01437091827392578125 0.0143696637824177742 0.045965962111949920654 0.017244460061192512512 0.01724468916654586792 0.01724414527416229248 0.01437170710414648056 0.0028749054763466119766 0.0028749045450240373611 0.011498213745653629303 0.0028749620541930198669 0.0057490593753755092621 0.008623601868748664856 0.011497913859784603119 0.017705848440527915955 0.032072696834802627563
0.0057493527419865131378 0.0086234845221042633057 0.011497288942337036133 0.0028743380680680274963 0.005748759489506483078 0.0086228959262371063232 0.011496703140437602997 0.0028748828917741775513 0.020117294043302536011 0.0028744335286319255829 0.005748954135924577713 0.0086233150213956832886 0.011497347615659236908 0.0028738209512084722519 0.020117547363042831421 0.0057492079213261604309 0.0057492852210998535156 0.0057487091980874538422 0.0057488656602799892426 0.0057488111779093742371 0.045963872224092483521 0.0086233718320727348328 0.0086234584450721740723 0.037349991500377655029 0.011497270315885543823 0.011496021412312984467 0.04309482872486114502 0.014370988123118877411 0.014371154829859733582 0.014370549470186233521 0.011497795581817626953 0.0028749038465321063995 0.0057495865039527416229 0.0086240097880363464355 0.0028749264311045408249 0.0057496731169521808624 0.010429325513541698456 0.011957344599068164825 0.014831731095910072327 0.029199646785855293274 0.0057496423833072185516
-9999 -9999 0.0028748626355081796646 0.0057493536733090877533 0.0086236046627163887024 0.011497593484818935394 0.014371257275342941284 0.017244458198547363281 0.0028748728800565004349 0.0057494053617119789124 0.0086237918585538864136 0.01149796508252620697 0.014371752738952636719 0.017244894057512283325 0.0028748603072017431259 0.0028748814947903156281 0.0028743043076246976852 0.0028744668234139680862 0.0028744435403496026993 0.043093193322420120239 0.0057492260821163654327 0.0057492926716804504395 0.034478418529033660889 0.0086233904585242271423 0.008622124791145324707 0.040223475545644760132 0.011497286148369312286 0.011497417464852333069 0.011496763676404953003 0.0086236866191029548645 0.0028748931363224983215 0.0057495869696140289307 0.0086240563541650772095 0.011498280800879001617 0.014372327364981174469 0.017246263101696968079 0.020578965544700622559 0.02345277741551399231 0.02632635459303855896 0.002874952973797917366 0.0028749485500156879425
-9999 -9999 -9999 -9999 -9999 0.0028742956928908824921 0.0057488060556352138519 0.0086229965090751647949 0.011496993713080883026 0.014370939694344997406 0.017244769260287284851 0.020118327811360359192 0.022991351783275604248 0.025863748043775558472 0.028735786676406860352 0.031607754528522491455 0.034479565918445587158 0.037351176142692565918 0.040222436189651489258 0.0028748805634677410126 0.0028748828917741775513 0.031606659293174743652 0.005749268457293510437 0.0057480135001242160797 0.037352032959461212158 0.0086233485490083694458 0.008623448200523853302 0.0086227599531412124634 0.005749345291405916214 0.0028748838230967521667 0.0057495781220495700836 0.0086240684613585472107 0.011498351581394672394 0.014372415840625762939 0.017246317118406295776 0.020120084285736083984 0.023452714085578918457 0.026326322928071022034 0.029199743643403053284 0.032073017209768295288 0.034946199506521224976
-9999 -9999 -9999 -9999 -9999 -9999 -9999 -9999 -9999 -9999 -9999 0.0028744724113494157791 0.005748975556343793869 0.0086231091991066932678 0.011496976017951965332 0.014370655640959739685 0.017244126647710800171 0.020117344334721565247 0.022990209981799125671 0.025862649083137512207 0.028734788298606872559 0.0028748787008225917816 0.002873668912798166275 0.034480597823858261108 0.0057492172345519065857 0.0057492633350193500519 0.005748530849814414978 0.002874765545129776001 0.0028748519252985715866 0.0057495450600981712341 0.0086240489035844802856 0.011498357169330120087 0.014372460544109344482 0.017246346920728683472 0.020120041444897651672 0.022993560880422592163 0.026326118037104606628 0.029199525713920593262 0.032072812318801879883 0.034946035593748092651 0.037819225341081619263
-9999 -9999 -9999 -9999 -9999 -9999 -9999 -9999 -9999 -9999 -9999 -9999 0.0028748528566211462021 0.005749396979808807373 0.0086237080395221710205 0.011497801169753074646 0.014371600933372974396 0.017245149239897727966 0.020118514075875282288 0.022991664707660675049 0.025864545255899429321 0.028737034648656845093 0.031609036028385162354 0.0028748679906129837036 0.0028748782351613044739 0.0028740924317389726639 0.0028745918534696102142 0.0057492018677294254303 0.0086236549541354179382 0.011497964151203632355 0.014372110366821289062 0.017246054485440254211 0.020119765773415565491 0.022993197664618492126 0.066093154251575469971 0.07183863222599029541 0.075170405209064483643 0.078041136264801025391 0.080911912024021148682 0.083782814443111419678 0.086653791368007659912
-9999 -9999 -9999 -9999 -9999 -9999 -9999 -9999 -9999 -9999 -9999 -9999 -9999 -9999 -9999 -9999 -9999 -9999 -9999 -9999 0.0028748568147420883179 0.0057491576299071311951 0.0086233122274279594421 0.011497209779918193817 0.014370863325893878937 0.017244400456547737122 0.020117921754717826843 0.022991424426436424255 0.025864848867058753967 0.028738176450133323669 0.031611349433660507202 0.034484274685382843018 0.03735688328742980957 0.040229108184576034546 0.0028748954646289348602 0.002874933416023850441 0.0099105499684810638428 0.0090829450637102127075 0.011957602575421333313 0.014832112938165664673 0.017706478014588356018
-9999 -9999 -9999 -9999 -9999 -9999 -9999 -9999 -9999 -9999 -9999 -9999 -9999 -9999 -9999 -9999 -9999 -9999 -9999 -9999 -9999 -9999 -9999 0.0028748360928148031235 0.0057492386549711227417 0.0086235022172331809998 0.011497591622173786163 0.014371555298566818237 0.01724546775221824646 0.020119359716773033142 0.022993089631199836731 0.025866538286209106445 0.028739666566252708435 0.031612440943717956543 0.034485053271055221558 0.037357702851295471191 0.040225546807050704956 0.043097995221614837646 0.045970361679792404175 0.048842743039131164551 0.051715083420276641846
-9999 -9999 -9999 -9999 -9999 -9999 -9999 -9999 -9999 -9999 -9999 -9999 -9999 -9999 -9999 -9999 -9999 -9999 -9999 -9999 -9999 -9999 -9999 -9999 -9999 0.0028744663577526807785 0.0057489834725856781006 0.0086232805624604225159 0.011497446335852146149 0.014371555298566818237 0.017245573922991752625 0.020119417458772659302 0.022992944344878196716 0.02586617693305015564 0.028739288449287414551 0.031612429767847061157 0.034481391310691833496 0.037354230880737304688 0.040226951241493225098 0.043099660426378250122 0.045972310006618499756
-9999 -9999 -9999 -9999 -9999 -9999 -9999 -9999 -9999 -9999 -9999 -9999 -9999 -9999 -9999 -9999 -9999 -9999 -9999 -9999 -9999 -9999 -9999 -9999 -9999 -9999 0.002874683355912566185 0.002874685218557715416 0.0057492526248097419739 0.0086236847564578056335 0.011497960425913333893 0.014372063800692558289 0.017246054485440254211 0.020119799301028251648 0.022993417456746101379 0.025863556191325187683 0.028736947104334831238 -9999 -9999 -9999 -9999
-9999 -9999 -9999 -9999 -9999 -9999 -9999 -9999 -9999 -9999 -9999 -9999 -9999 -9999 -9999 -9999 -9999 -9999 -9999 -9999 -9999 -9999 -9999 -9999 -9999 -9999 -9999 -9999 0.002874701283872127533 0.0057493080385029315948 0.0086237145587801933289 0.011497890576720237732 0.014371899887919425964 0.01724577881395816803 0.020119562745094299316 -9999 -9999 -9999 -9999 -9999 -9999
-9999 -9999 -9999 -9999 -9999 -9999 -9999 -9999 -9999 -9999 -9999 -9999 -9999 -9999 -9999 -9999 -9999 -9999 -9999 -9999 -9999 -9999 -9999 -9999 -9999 -9999 -9999 -9999 -9999 0.0028747646138072013855 0.0057493504136800765991 0.0086236717179417610168 0.011497777886688709259 0.014371722005307674408 -9999 -9999 -9999 -9999 -9999 -9999 -9999
