tests/data/reference/gistest/full/mqsur_m3_s.asc
ncols        125
nrows        78
xllcorner    -713756.799299980048
yllcorner    -1061032.369616159936
cellsize     10.000000000000
NODATA_value  -9999
[rows 36 to 53 of 78, columns 40 to 79 of 125]
0.0086233094334602355957 0.0086233932524919509888 0.0086234947666525840759 0.0086226966232061386108 0.0057493094354867935181 0.0057493275962769985199 0.0057493764907121658325 0.0057494351640343666077 0.0058883880265057086945 0.00588837452232837677 0.026003872975707054138 0.0089011080563068389893 0.0089009255170822143555 0.0030134746339172124863 0.006026721559464931488 0.0090397279709577560425 3.5185451507568359375 3.5533123016357421875 3.5823385715484619141 3.6284580230712890625 0.040503360331058502197 0.014648829586803913116 0.023269155994057655334 0.020396143198013305664 0.017522849142551422119 0.026142306625843048096 0.043375574052333831787 0.1038355901837348938 0.060599625110626220703 0.063468754291534423828 0.077810347080230712891 0.066337458789348602295 0.060597494244575500488 0.0030133693944662809372 0.64372897148132324219 0.092358276247978210449 0.049122765660285949707 0.040368773043155670166 0.043240435421466827393 0.037356767803430557251
0.0057491855695843696594 0.0057492544874548912048 0.0057484596036374568939 0.0028747729957103729248 0.0028747753240168094635 0.0028747965116053819656 0.0028748312033712863922 0.0028748516924679279327 0.0028748598415404558182 0.022992078214883804321 0.005888244137167930603 0.0058881463482975959778 0.0058881617151200771332 0.0089011816307902336121 0.011914034374058246613 0.014926709234714508057 0.017938753589987754822 0.020950270816683769226 0.023961603641510009766 0.026972625404596328735 3.6583244800567626953 3.7017145156860351562 3.7192435264587402344 3.7453875541687011719 3.7686562538146972656 3.7890470027923583984 3.8180480003356933594 3.8642690181732177734 3.9709329605102539062 4.0343556404113769531 0.066475689411163330078 0.080816343426704406738 0.069344811141490936279 0.063605614006519317627 0.0060263895429670810699 0.73906630277633666992 0.05213243141770362854 0.043379280716180801392 0.04625110328197479248 0.040367789566516876221
0.0028748575132340192795 0.002873988589271903038 0.0028747157193720340729 0.0057493317872285842896 0.0086237015202641487122 0.011497842147946357727 0.014371772296726703644 0.017245473340153694153 0.020118925720453262329 0.0028748158365488052368 0.0028747501783072948456 0.0028747513424605131149 0.0030136895366013050079 0.0060270316898822784424 0.0090400483459234237671 0.012052644975483417511 1.5621265172958374023 1.6253895759582519531 1.7001279592514038086 1.7662594318389892578 1.8323864936828613281 1.8956394195556640625 1.9416674375534057617 1.9876922369003295898 2.0337140560150146484 2.0798716545104980469 2.1116681098937988281 2.1434590816497802734 2.1752536296844482422 2.1781857013702392578 6.2153315544128417969 6.2845697402954101562 0.083821311593055725098 0.072351224720478057861 0.066613018512725830078 0.7480678558349609375 0.055141486227512359619 0.04638948291540145874 0.049261379987001419067 0.043378524482250213623
0.011497130617499351501 0.0028733352664858102798 0.0028747757896780967712 0.0057494635693728923798 0.0086239557713270187378 0.011498253792524337769 0.014372254721820354462 0.017245965078473091125 0.020119436085224151611 0.022992670536041259766 0.025865664705634117126 0.028738552704453468323 0.031611356884241104126 0.034483917057514190674 1.4868638515472412109 1.5471192598342895508 0.060311872512102127075 0.071786917746067047119 0.063182465732097625732 0.063183367252349853516 0.060313887894153594971 0.043093167245388031006 0.043093353509902954102 0.043093457818031311035 0.043232593685388565063 0.028875371441245079041 0.028872614726424217224 0.028875270858407020569 0.028873048722743988037 0.072242885828018188477 0.10412413626909255981 0.10713014751672744751 6.3945145606994628906 6.4811229705810546875 6.5562562942504882812 6.6256270408630371094 0.80617719888687133789 0.049399040639400482178 0.052271287888288497925 0.046388894319534301758
0.0028748770710080862045 0.014370678924024105072 0.0057477885857224464417 0.0086220316588878631592 0.011496046558022499084 0.014369919896125793457 0.01724375598132610321 0.020117295905947685242 0.022990621626377105713 0.025863749906420707703 0.028736688196659088135 0.03160943835973739624 0.034481842070817947388 1.4495607614517211914 0.057441454380750656128 0.057441823184490203857 0.068917639553546905518 0.060312323272228240967 0.06031312793493270874 0.057443451136350631714 0.040221530944108963013 0.040221750736236572266 0.040221907198429107666 0.040222108364105224609 0.02586388029158115387 0.025861268863081932068 0.025863980874419212341 0.025861872360110282898 0.040362082421779632568 0.0288754291832447052 0.3962917029857635498 0.45672467350959777832 0.48571124672889709473 0.51182520389556884766 0 0.0030135011766105890274 6.6313548088073730469 0.8585345149040222168 0.055279776453971862793 0.049398221075534820557
0.0057492326013743877411 0.0057493234053254127502 0.017244074493646621704 0.020117264240980148315 0.022990219295024871826 0.025863040238618850708 0.028735784813761711121 0.031608473509550094604 0.034481216222047805786 0.037353780120611190796 0.0402259044349193573 1.3577479124069213867 1.4122625589370727539 0.054571188986301422119 0.054571539163589477539 0.066048048436641693115 0.05744188651442527771 0.05744250863790512085 0.054572541266679763794 0.037349432706832885742 0.037349626421928405762 0.037349790334701538086 0.037350028753280639648 0.022990843281149864197 0.022988336160778999329 0.022991070523858070374 0.022989090532064437866 0.037351440638303756714 0.02586397901177406311 0.39330089092254638672 0.057445816695690155029 0.02600282616913318634 0.02313016355037689209 0.023130055516958236694 0.05501505732536315918 0 0 6.63411712646484375 0.86148494482040405273 0.058286815881729125977
0.24973924458026885986 0.25834673643112182617 0.26695406436920166016 0.26981201767921447754 0.27266985177993774414 0.27552801370620727539 0.27838674187660217285 0.28124576807022094727 0.28410556912422180176 0.28696480393409729004 1.3147017955780029297 0.051701374351978302002 0.051701027899980545044 0.051701247692108154297 0.063178479671478271484 0.054571516811847686768 0.05457200855016708374 0.051701709628105163574 0.034477286040782928467 0.034477401524782180786 0.034477502107620239258 0.034477718174457550049 0.020117541775107383728 0.020115101709961891174 0.020117806270718574524 0.020115893334150314331 0.034479264169931411743 0.022991010919213294983 0.39044657349586486816 0.054575242102146148682 0.022991064935922622681 0.020118352025747299194 0.020118275657296180725 0.028875427320599555969 0.020257318392395973206 0.020396215841174125671 0.020396020263433456421 0 0 0.86437243223190307617
0.045963246375322341919 0.04883464425802230835 0.05170598253607749939 0.054577283561229705811 0.057448383420705795288 0.060319211333990097046 0.063189990818500518799 0.066060692071914672852 0.068930536508560180664 1.0249173641204833984 0.048830989748239517212 0.048830825835466384888 0.048830930143594741821 0.060308892279863357544 0.051701139658689498901 0.051701568067073822021 0.048831012099981307983 0.031605187803506851196 0.03160521388053894043 0.031605232506990432739 0.031605362892150878906 0.017244083806872367859 0.017241680994629859924 0.017244331538677215576 0.017242457717657089233 0.031606804579496383667 0.020117733627557754517 0.38759094476699829102 0.051704138517379760742 0.020117808133363723755 0.01724492199718952179 0.017244935035705566406 0.025863850489258766174 0.017245054244995117188 0.017384240403771400452 0.017384352162480354309 0.017522992566227912903 0.017522782087326049805 0.035174511373043060303 0
0.58863693475723266602 0.62882786989212036133 0.6690165400505065918 0.72068119049072265625 0.72352176904678344727 0.72636336088180541992 0.72920441627502441406 0.90724450349807739258 0.95316094160079956055 0.045960720628499984741 0.045960552990436553955 0.045960545539855957031 0.057439368218183517456 0.048830807209014892578 0.048831168562173843384 0.045960377901792526245 0.028733134269714355469 0.028733108192682266235 0.028733067214488983154 0.028733145445585250854 0.014370602555572986603 0.014368187636137008667 0.014370731078088283539 0.014368878677487373352 0.028734231367707252502 0.017244277521967887878 0.38473516702651977539 0.048832822591066360474 0.017244290560483932495 0.014371172524988651276 0.014371188357472419739 0.022990761324763298035 0.014371368102729320526 0.014371605589985847473 0.014371797442436218262 0.014510805718600749969 0.014510717242956161499 0.014649361371994018555 0.014644856564700603485 0.037948194891214370728
0.037347193807363510132 0.037347469478845596313 0.048825349658727645874 0.040218442678451538086 0.089042693376541137695 0.13212624192237854004 0.17520773410797119141 0.04309029504656791687 0.04309047013521194458 0.043090395629405975342 0.04309019818902015686 0.054569836705923080444 0.045960474759340286255 0.045960791409015655518 0.043089702725410461426 0.025860957801342010498 0.025860924273729324341 0.025860855355858802795 0.025860907509922981262 0.011497045867145061493 0.011494663543999195099 0.011497064493596553802 0.011495201848447322845 0.025861632078886032104 0.014370715245604515076 0.38188022375106811523 0.045961499214172363281 0.014370632357895374298 0.011497251689434051514 0.011497237719595432281 0.020117433741688728333 0.011497404426336288452 0.011497642844915390015 0.011497842147946357727 0.011497934348881244659 0.011497970670461654663 0.011636896990239620209 0.011636857874691486359 0.034615974873304367065 0.011008372530341148376
0.034476019442081451416 0.045954916626214981079 0.037347178906202316284 0.045956216752529144287 0.040218092501163482666 0.040218856185674667358 0.040219474583864212036 0.040219821035861968994 0.040219925343990325928 0.040219884365797042847 0.05170057341456413269 0.043090239167213439941 0.04309047013521194458 0.040219079703092575073 0.022988660261034965515 0.02298855222761631012 0.02298845537006855011 0.022988500073552131653 0.0086232526227831840515 0.008620956912636756897 0.0086232759058475494385 0.0086214365437626838684 0.022989070042967796326 0.011497060768306255341 0.37902674078941345215 0.043090321123600006104 0.011496888473629951477 0.0086232246831059455872 0.0086231715977191925049 0.017244016751646995544 0.0086232684552669525146 0.0086235003545880317688 0.0086236810311675071716 0.0086237471550703048706 0.0086238095536828041077 0.0086238775402307510376 0.0086238868534564971924 0.03161023557186126709 0.0030131016392260789871 0.0030130876693874597549
0.043084129691123962402 0.034475624561309814453 0.043085377663373947144 0.037346716970205307007 0.037347517907619476318 0.037348259240388870239 0.037348687648773193359 0.037348866462707519531 0.037348967045545578003 0.048830941319465637207 0.040219936519861221313 0.040220092982053756714 0.037348426878452301025 0.020116351544857025146 0.020116157829761505127 0.020115915685892105103 0.020115900784730911255 0.0057492069900035858154 0.0057469918392598628998 0.0057492107152938842773 0.0057474332861602306366 0.02011643536388874054 0.0086232628673315048218 0.3761743009090423584 0.040219161659479141235 0.0086230020970106124878 0.0057490444742143154144 0.0057489830069243907928 0.014370573684573173523 0.0057489634491503238678 0.0057491590268909931183 0.0057493331842124462128 0.0057493741624057292938 0.0057493960484862327576 0.0057494668290019035339 0.0057495296932756900787 0.02873771078884601593 0.0028749073389917612076 0.0057489289902150630951 0.00875759124755859375
0.031603809446096420288 0.040214248001575469971 0.034475065767765045166 0.034475844353437423706 0.034476604312658309937 0.034477114677429199219 0.034477379173040390015 0.034477543085813522339 0.045960593968629837036 0.037349004298448562622 0.037349335849285125732 0.034477453678846359253 0.017243742942810058594 0.017243687063455581665 0.017243396490812301636 0.01724315248429775238 0.0028748700860887765884 0.0028727727476507425308 0.0028748784679919481277 0.0028731431812047958374 0.017243536189198493958 0.0057492177002131938934 0.37332272529602050781 0.0373478718101978302 0.0057488544844090938568 0.0028746125753968954086 0.0028745643794536590576 0.011497046798467636108 0.0028745073359459638596 0.0028746139723807573318 0.0028747527394443750381 0.0028747944161295890808 0.0028747918549925088882 0.0028748204931616783142 0.0028748665936291217804 0.02586483396589756012 0.0057495948858559131622 0.0086240703240036964417 0.011495163664221763611 0.18664996325969696045
0.037342976778745651245 0.031603220850229263306 0.031603939831256866455 0.031604662537574768066 0.031605169177055358887 0.031605474650859832764 0.031605713069438934326 0.043089814484119415283 0.03447756543755531311 0.034477990120649337769 0.03160597383975982666 0.014370681717991828918 0.014370705001056194305 0.014370570890605449677 0.014370300807058811188 0.0028748544864356517792 0.0057491790503263473511 0.0086232358589768409729 0.011496976017951965332 0.014370405115187168121 0.0028748717159032821655 0.3704712986946105957 0.034476481378078460693 0.0028744183946400880814 0.0028745755553245544434 0.0057490472681820392609 0.008623208850622177124 0.0028745348099619150162 0.0057489941827952861786 0.0086232405155897140503 0.011497334577143192291 0.014371247962117195129 0.017244944348931312561 0.020118445158004760742 0.022991750389337539673 0.0028748989570885896683 0.0028749473858624696732 0.048845354467630386353 0.17230719327926635742 0.032070804387331008911
0.028731251135468482971 0.028731914237141609192 0.02873257175087928772 0.02873302064836025238 0.028733294457197189331 0.028733531013131141663 0.040218614041805267334 0.031605757772922515869 0.031606249511241912842 0.028734015300869941711 0.011497179046273231506 0.011497258208692073822 0.011497198604047298431 0.011497034691274166107 0.13213877379894256592 0.1350031048059463501 0.13786745071411132812 0.14073158800601959229 0.14359541237354278564 0.14645886421203613281 0.36761987209320068359 0.031604897230863571167 0.0028740826528519392014 0.0057485108263790607452 0.0086227031424641609192 0.011496625840663909912 0.014370254240930080414 0.017243631184101104736 0.020116815343499183655 0.022989889606833457947 0.025862932205200195312 0.028735911473631858826 0.031608805060386657715 0.034481596201658248901 0.037354160100221633911 0.040226452052593231201 0.043098568916320800781 0.12061229348182678223 0.029197851195931434631 0.0062084146775305271149
0.025859739631414413452 0.025860372930765151978 0.025860771536827087402 0.025860983878374099731 0.025861166417598724365 0.037347152829170227051 0.028733609244227409363 0.028734166175127029419 0.025861738249659538269 0.0086233085021376609802 0.0086233969777822494507 0.0086233988404273986816 0.0086232936009764671326 0.12927424907684326172 0.028734205290675163269 0.057466063648462295532 0.063209809362888336182 0.094810791313648223877 0.15800668299198150635 0.21830978989601135254 0.028733173385262489319 0.025860846042633056641 0.028733141720294952393 0.031605411320924758911 0.034477483481168746948 0.037349268794059753418 0.040220756083726882935 0.043092019855976104736 0.04596311226487159729 0.097665391862392425537 0.10053374618291854858 0.10340233147144317627 0.10627117753028869629 0.10914020240306854248 0.1120088621973991394 0.11487686634063720703 0.11774455010890960693 0.025865366682410240173 0.0094398586079478263855 0.0028749345801770687103
0.02298796921968460083 0.022988388314843177795 0.022988582029938697815 0.022988716140389442444 0.034475632011890411377 0.025861280038952827454 0.025861805304884910583 0.02298915572464466095 0.0057491371408104896545 0.0057492051273584365845 0.0057492177002131938934 0.0057491669431328773499 0.12640900909900665283 0.025862054899334907532 0.025861984118819236755 0.0028744773007929325104 0.028734056279063224792 0.060332953929901123047 0.057443883270025253296 0.025861309841275215149 0.02298859134316444397 0.028733277693390846252 0.031605429947376251221 0.034477546811103820801 0.037349406629800796509 0.040220975875854492188 0.04309228062629699707 0.045963350683450698853 0.048834215849637985229 0.002874688711017370224 0.0057492954656481742859 0.0086237192153930664062 0.011497991159558296204 0.014372074045240879059 0.017245789989829063416 0.020119128748774528503 0.022992281243205070496 0.0028748521581292152405 0.0093423519283533096313 0.0090828547254204750061
0.020115721970796585083 0.020115952938795089722 0.020116098225116729736 0.031604044139385223389 0.022988855838775634766 0.022989297285676002502 0.020116340368986129761 0.00287465658038854599 0.0028747117612510919571 0.0028747222386300563812 0.002874690573662519455 0.12354321777820587158 0.022989569231867790222 0.022989470511674880981 0.022989520803093910217 0.025862060487270355225 0.057463727891445159912 0.05457453802227973938 0.022989120334386825562 0.020116157829761505127 0.025861239060759544373 0.034476958215236663818 0.060334987938404083252 0.063205145299434661865 0.066075041890144348145 0.068944782018661499023 0.071814350783824920654 0.07468369603157043457 0.077552907168865203857 0.080422237515449523926 0.083291806280612945557 0.08616145700216293335 0.08903112262487411499 0.091900311410427093506 0.094768151640892028809 0.17229925096035003662 0.17803743481636047363 0.18090212345123291016 0.18422999978065490723 0.18709653615951538086
