tests/data/reference/gistest/full/mqsur_m3_s.asc
ncols        125
nrows        78
xllcorner    -713756.799299980048
yllcorner    -1061032.369616159936
cellsize     10.000000000000
NODATA_value  -9999
[rows 54 to 71 of 78, columns 40 to 79 of 125]
0.01724303513765335083 0.017243197187781333923 0.028732245787978172302 0.02011626027524471283 0.020116660743951797485 0.017243355512619018555 0.017243746668100357056 0.020116919651627540588 0.022989921271800994873 0.083331637084484100342 0.1206771358847618103 0.020116819068789482117 0.020116720348596572876 0.020116699859499931335 0.031606286764144897461 0.054594144225120544434 0.051705144345760345459 0.020116703584790229797 0.017243433743715286255 0.022989084944128990173 0.031605433672666549683 0.022987922653555870056 0.040221322327852249146 0.043092790991067886353 0.045964028686285018921 0.04883505403995513916 0.051705777645111083984 0.054576262831687927246 0.057446718215942382812 0.060317289084196090698 0.063187994062900543213 0.066058680415153503418 0.068929292261600494385 0.071799397468566894531 0.074668310582637786865 0.0028745480813086032867 0.0028748295735567808151 0.0057495962828397750854 0.0095867672935128211975 0.011957366019487380981
0.01436999347060918808 0.025860102847218513489 0.017243320122361183167 0.017243718728423118591 0.014370106160640716553 0.01437040325254201889 0.022989939898252487183 0.040231835097074508667 0.057472720742225646973 0.034478992223739624023 0.017243765294551849365 0.017243687063455581665 0.017243636772036552429 0.028734093531966209412 0.020117415115237236023 0.048835191875696182251 0.017244029790163040161 0.014370418153703212738 0.02011661231517791748 0.028733747079968452454 0.020115284249186515808 0.037349786609411239624 0.0028746733441948890686 0.045978594571352005005 0.068965204060077667236 0.071834787726402282715 0.11493390053510665894 0.18385219573974609375 0.18671518564224243164 0.18957881629467010498 0.19244307279586791992 0.19530765712261199951 0.19817243516445159912 0.20103669166564941406 0.20389980077743530273 0.20676411688327789307 0.20962883532047271729 0.21249368786811828613 0.21534198522567749023 0.21820676326751708984
0.022987732663750648499 0.014370098710060119629 0.014370473101735115051 0.0114965829998254776 0.011496837250888347626 0.020117063075304031372 0.014370243065059185028 0.014370367862284183502 0.031607039272785186768 0.014370464719831943512 0.014370407909154891968 0.01437032502144575119 0.025861736387014389038 0.017244247719645500183 0.045964475721120834351 0.014370924793183803558 0.011497113853693008423 0.017243865877389907837 0.025861786678433418274 0.017242455855011940002 0.034478299319744110107 0.020116921514272689819 0.040232576429843902588 0.020116716623306274414 0.020116996020078659058 0.040232494473457336426 0.066055782139301300049 0.022990074008703231812 0.045978594571352005005 0.048849809914827346802 0.051721058785915374756 0.054592318832874298096 0.057463578879833221436 0.060334667563438415527 0.063205577433109283447 0.066076606512069702148 0.068947464227676391602 0.071810893714427947998 0.074674233794212341309 0.077544935047626495361
0.01149660162627696991 0.011496949009597301483 0.0086227674037218093872 0.0086230151355266571045 0.017244018614292144775 0.011496615596115589142 0.011496718041598796844 0.028734870254993438721 0.011496862396597862244 0.01149686519056558609 0.011496771126985549927 0.022989135235548019409 0.014370845630764961243 0.04309340938925743103 0.011497340165078639984 0.0086233774200081825256 0.014370789751410484314 0.022989543154835700989 0.014369346201419830322 0.031606644392013549805 0.017243882641196250916 0.017244091257452964783 0.017243554815649986267 0.017243782058358192444 0.017243847250938415527 0.063186533749103546143 0.020117335021495819092 0.020117344334721565247 0.057446405291557312012 0.080432884395122528076 0.10341716557741165161 0.16373091936111450195 0.16659641265869140625 0.16946192085742950439 0.17232751846313476562 0.17519406974315643311 0.17806091904640197754 0.18091401457786560059 0.18376727402210235596 0.18663401901721954346
0.0086231343448162078857 0.0057486593723297119141 0.0057489033788442611694 0.014370763674378395081 0.0086227906867861747742 0.0086228465661406517029 0.025862503796815872192 0.0086229722946882247925 0.0086229974403977394104 0.0086229378357529640198 0.02011633850634098053 0.011497158557176589966 0.040222026407718658447 0.0086234407499432563782 0.0057492358610033988953 0.011497271247208118439 0.020116910338401794434 0.01149592176079750061 0.028734777122735977173 0.014370610937476158142 0.014370765537023544312 0.014370227232575416565 0.014370414428412914276 0.014370416291058063507 0.060316722840070724487 0.017244290560483932495 0.017244314774870872498 0.054576218128204345703 0.02011744864284992218 0.020116273313760757446 0.057448472827672958374 0.022990932688117027283 0.045980758965015411377 0.048852432519197463989 0.051724046468734741211 0.054595734924077987671 0.057467564940452575684 0.060333814471960067749 0.063200198113918304443 0.066072054207324981689
0.0028742465656250715256 0.0028744884766638278961 0.011497233062982559204 0.0057487096637487411499 0.0057487557642161846161 0.022989995777606964111 0.0057488293386995792389 0.0057488465681672096252 0.0057488018646836280823 0.017243362963199615479 0.0086232973262667655945 0.037350356578826904297 0.0057491739280521869659 0.0028747902251780033112 0.0086234584450721740723 0.017243918031454086304 0.0086221443489193916321 0.025862634181976318359 0.011497107334434986115 0.0114971967414021492 0.011496635153889656067 0.011496821418404579163 0.011496802791953086853 0.057446721941232681274 0.014370891265571117401 0.01437097601592540741 0.051705960184335708618 0.017244290560483932495 0.017243059352040290833 0.054577898234128952026 0.020117765292525291443 0.020118067041039466858 0.020117586478590965271 0.037361659109592437744 0.043108627200126647949 0.048855349421501159668 0.063224777579307556152 0.066089235246181488037 0.068960472941398620605 0.07183154672384262085
0.0057492661289870738983 0.0086234081536531448364 0.0028743159491568803787 0.0028743748553097248077 0.020117301493883132935 0.0028744277078658342361 0.0028744407463818788528 0.0028744006995111703873 0.014370150864124298096 0.0057492358610033988953 0.034478828310966491699 0.0028746093157678842545 0.0028748067561537027359 0.0057493657805025577545 0.014370778575539588928 0.00574807729572057724 0.022990182042121887207 0.0086233150213956832886 0.0086233932524919509888 0.0086228046566247940063 0.0086229629814624786377 0.0086229303851723670959 0.054576639086008071899 0.011497260071337223053 0.011497337371110916138 0.048835415393114089966 0.014370917342603206635 0.0143696637824177742 0.051707293838262557983 0.017244458198547363281 0.01724468916654586792 0.01724414527416229248 0.014371706172823905945 0.0028749054763466119766 0.0028749045450240373611 0.011498212814331054688 0.0028749620541930198669 0.0057490593753755092621 0.008623601868748664856 0.011497913859784603119
0.00862351246178150177 0.011497485451400279999 0.014371065422892570496 0.017244316637516021729 0.0028743378352373838425 0.0057487590238451957703 0.0086228949949145317078 0.011496702209115028381 0.0028748826589435338974 0.031607240438461303711 0.002874433295801281929 0.005748954135924577713 0.0086233150213956832886 0.011497346684336662292 0.002873820718377828598 0.02011754550039768219 0.0057492074556648731232 0.0057492852210998535156 0.0057487087324261665344 0.0057488651946187019348 0.0057488111779093742371 0.051706381142139434814 0.0086233709007501602173 0.0086234584450721740723 0.045964673161506652832 0.011497270315885543823 0.011496021412312984467 0.048836588859558105469 0.014370987191796302795 0.014371154829859733582 0.014370549470186233521 0.011497794650495052338 0.0028749038465321063995 0.0057495865039527416229 0.0086240097880363464355 0.0028749264311045408249 0.0057496726512908935547 0.010429325513541698456 0.011957344599068164825 0.014831730164587497711
0.0057491310872137546539 0.0086232423782348632812 0.01149722561240196228 0.014370902441442012787 0.017244363203644752502 0.020117620006203651428 0.022990640252828598022 0.025863325223326683044 0.028735477477312088013 0.0028748728800565004349 0.0057494048960506916046 0.0086237918585538864136 0.01149796508252620697 0.014371751807630062103 0.017244894057512283325 0.0028748603072017431259 0.0028748814947903156281 0.0028743040747940540314 0.0028744668234139680862 0.0028744435403496026993 0.048836160451173782349 0.005749225616455078125 0.0057492922060191631317 0.043093781918287277222 0.0086233895272016525269 0.0086221238598227500916 0.045965675264596939087 0.011497285217046737671 0.011497416533529758453 0.011496762745082378387 0.0086236866191029548645 0.0028748931363224983215 0.0057495869696140289307 0.0086240563541650772095 0.011498279869556427002 0.014372326433658599854 0.017246263101696968079 0.020578965544700622559 0.02345277741551399231 0.026326352730393409729
-9999 -9999 0.0028748454060405492783 0.0028748554177582263947 0.0028748810291290283203 0.005749386269599199295 0.0086236596107482910156 0.011497678235173225403 0.014371366240084171295 0.017244892194867134094 0.020118424668908119202 0.022991871461272239685 0.025865040719509124756 0.028737625107169151306 0.031609524041414260864 0.034481063485145568848 0.03735256195068359375 0.040223915129899978638 0.04309508204460144043 0.045965887606143951416 0.0028748805634677410126 0.0028748826589435338974 0.040222723037004470825 0.0057492679916322231293 0.005748013034462928772 0.043094683438539505005 0.0086233476176857948303 0.008623448200523853302 0.0086227590218186378479 0.005749345291405916214 0.0028748838230967521667 0.0057495781220495700836 0.0086240684613585472107 0.011498351581394672394 0.014372414909303188324 0.017246317118406295776 0.020120084285736083984 0.023452712222933769226 0.026326321065425872803 0.029199743643403053284
-9999 -9999 -9999 -9999 -9999 0.0028743024449795484543 0.0028741280548274517059 0.0057484642602503299713 0.0086224237456917762756 0.0028748735785484313965 0.0057494011707603931427 0.0086237257346510887146 0.011497827246785163879 0.014371585100889205933 0.01724492199718952179 0.020118022337555885315 0.022990982979536056519 0.025863766670227050781 0.028736304491758346558 0.031608469784259796143 0.034480176866054534912 0.037351582199335098267 0.0028748787008225917816 0.002873668912798166275 0.040223736315965652466 0.005749216768890619278 0.0057492628693580627441 0.0057485303841531276703 0.002874765545129776001 0.0028748519252985715866 0.0057495445944368839264 0.0086240479722619056702 0.011498356238007545471 0.014372460544109344482 0.017246345058083534241 0.020120041444897651672 0.022993559017777442932 0.026326116174459457397 0.029199525713920593262 0.032072808593511581421
-9999 -9999 -9999 -9999 -9999 -9999 -9999 -9999 -9999 -9999 -9999 0.0028745734598487615585 0.0057489401660859584808 0.0086230738088488578796 0.011497135274112224579 0.014370962977409362793 0.017244596034288406372 0.020117931067943572998 0.022991022095084190369 0.025863949209451675415 0.028736671432852745056 0.031609121710062026978 0.034481160342693328857 0.037352677434682846069 0.0028748679906129837036 0.00287487800233066082 0.0028740924317389726639 0.0028745918534696102142 0.0057492018677294254303 0.0086236549541354179382 0.011497964151203632355 0.014372109435498714447 0.017246054485440254211 0.02011976391077041626 0.022993197664618492126 0.089058376848697662354 0.094802580773830413818 0.09813404083251953125 0.10100355744361877441 0.10387317836284637451
-9999 -9999 -9999 -9999 -9999 -9999 -9999 -9999 -9999 -9999 -9999 -9999 0.0028748598415404558182 0.0028748367913067340851 0.0057491748593747615814 0.0086233234032988548279 0.011497218161821365356 0.014370802789926528931 0.017244031652808189392 0.020116971805691719055 0.022989667952060699463 0.025862053036689758301 0.028734156861901283264 0.03160634264349937439 0.034478306770324707031 0.037350066006183624268 0.040221851319074630737 0.043093811720609664917 0.045965902507305145264 0.04883799329400062561 0.051710046827793121338 0.054581955075263977051 0.057453587651252746582 0.06032484397292137146 0.063195630908012390137 0.0028748954646289348602 0.0028749331831932067871 0.0099105499684810638428 0.009082944132387638092 0.011957602575421333313
-9999 -9999 -9999 -9999 -9999 -9999 -9999 -9999 -9999 -9999 -9999 -9999 -9999 -9999 -9999 -9999 -9999 -9999 -9999 -9999 0.0028748747427016496658 0.002874865429475903511 0.0028748374897986650467 0.0028748242184519767761 0.0028748360928148031235 0.005749238189309835434 0.0086235012859106063843 0.011497590690851211548 0.014371554367244243622 0.017245465889573097229 0.020119357854127883911 0.0229930877685546875 0.025866538286209106445 0.028739664703607559204 0.031612440943717956543 0.034485049545764923096 0.037357702851295471191 0.040225546807050704956 0.043097991496324539185 0.045970357954502105713
-9999 -9999 -9999 -9999 -9999 -9999 -9999 -9999 -9999 -9999 -9999 -9999 -9999 -9999 -9999 -9999 -9999 -9999 -9999 -9999 -9999 -9999 -9999 0.0057488572783768177032 0.00574890943244099617 0.002874867292121052742 0.0028744661249220371246 0.0057489834725856781006 0.0086232796311378479004 0.011497445404529571533 0.014371554367244243622 0.017245573922991752625 0.020119417458772659302 0.022992944344878196716 0.025866175070405006409 0.028739288449287414551 0.031612429767847061157 0.034481391310691833496 0.037354227155447006226 0.040226947516202926636
-9999 -9999 -9999 -9999 -9999 -9999 -9999 -9999 -9999 -9999 -9999 -9999 -9999 -9999 -9999 -9999 -9999 -9999 -9999 -9999 -9999 -9999 -9999 -9999 -9999 0.0086228251457214355469 0.0057492894120514392853 0.0028746831230819225311 0.002874685218557715416 0.0057492521591484546661 0.0086236838251352310181 0.011497959494590759277 0.014372062869369983673 0.017246054485440254211 0.020119799301028251648 0.022993415594100952148 0.025863554328680038452 0.028736947104334831238 0.03161013871431350708 0.034483231604099273682
-9999 -9999 -9999 -9999 -9999 -9999 -9999 -9999 -9999 -9999 -9999 -9999 -9999 -9999 -9999 -9999 -9999 -9999 -9999 -9999 -9999 -9999 -9999 -9999 -9999 -9999 0.011496637947857379913 0.0086234705522656440735 0.005749139934778213501 0.0028747010510414838791 0.0057493080385029315948 0.0086237136274576187134 0.011497890576720237732 0.014371899887919425964 0.01724577881395816803 0.020119560882449150085 0.022990170866250991821 0.025863820686936378479 0.028737306594848632812 -9999
-9999 -9999 -9999 -9999 -9999 -9999 -9999 -9999 -9999 -9999 -9999 -9999 -9999 -9999 -9999 -9999 -9999 -9999 -9999 -9999 -9999 -9999 -9999 -9999 -9999 -9999 -9999 -9999 0.011497318744659423828 0.0086233159527182579041 0.0028747643809765577316 0.0057493499480187892914 0.0086236707866191864014 0.011497776955366134644 0.014371721073985099792 0.017245534807443618774 0.020578196272253990173 -9999 -9999 -9999
