tests/data/reference/gistest/full/mvel_m_s.asc
ncols        125
nrows        78
xllcorner    -713756.799299980048
yllcorner    -1061032.369616159936
cellsize     10.000000000000
NODATA_value  -9999
[rows 18 to 35 of 78, columns 0 to 40 of 125]
-9999 -9999 -9999 -9999 -9999 -9999 -9999 -9999 -9999 -9999 -9999 -9999 -9999 -9999 -9999 -9999 -9999 -9999 0.2389125823974609375 0.24500000476837158203 0.24500000476837158203 0.24500000476837158203 0.24500000476837158203 0.22846214473247528076 0.23623204231262207031 0.24500000476837158203 0.79581648111343383789 0.24500000476837158203 0.24500000476837158203 0.23863078653812408447 0.24500000476837158203 0.24500000476837158203 0.24500000476837158203 0.24500000476837158203 0.24500000476837158203 0.24500000476837158203 0.24500000476837158203 0.24500000476837158203 0.24500000476837158203 0.24500000476837158203 0.24500000476837158203
-9999 -9999 -9999 -9999 -9999 -9999 -9999 -9999 -9999 -9999 -9999 -9999 -9999 -9999 -9999 -9999 -9999 0.22864753007888793945 0.24500000476837158203 0.24500000476837158203 0.24500000476837158203 0.24500000476837158203 0.24500000476837158203 0.2334404289722442627 0.24500000476837158203 0.77345162630081176758 0.24500000476837158203 0.24500000476837158203 0.24500000476837158203 0.24155750870704650879 0.24500000476837158203 0.24500000476837158203 0.24500000476837158203 0.24500000476837158203 0.24500000476837158203 0.24500000476837158203 0.24500000476837158203 0.24500000476837158203 0.24500000476837158203 0.24500000476837158203 0.24500000476837158203
-9999 -9999 -9999 -9999 -9999 -9999 -9999 -9999 -9999 -9999 -9999 -9999 -9999 -9999 -9999 -9999 0.22606620192527770996 0.24799999594688415527 0.24799999594688415527 0.24799999594688415527 0.24500000476837158203 0.24500000476837158203 0.21219110488891601562 0.24500000476837158203 0.7358105778694152832 0.93242037296295166016 0.24500000476837158203 0.24500000476837158203 0.24500000476837158203 0.24500000476837158203 0.24500000476837158203 0.24500000476837158203 0.24500000476837158203 0.24500000476837158203 0.24500000476837158203 0.24500000476837158203 0.24500000476837158203 0.24500000476837158203 0.24500000476837158203 0.24500000476837158203 0.24500000476837158203
-9999 -9999 -9999 -9999 -9999 -9999 -9999 -9999 -9999 -9999 -9999 -9999 -9999 -9999 -9999 -9999 0.24799999594688415527 0.24799999594688415527 0.24799999594688415527 0.24799999594688415527 0.24799999594688415527 0.20259448885917663574 0.21695913374423980713 0.16334378719329833984 0.78656393289566040039 0.24500000476837158203 0.24500000476837158203 0.24500000476837158203 0.24500000476837158203 0.24500000476837158203 0.24500000476837158203 0.24500000476837158203 0.24500000476837158203 0.24500000476837158203 0.24500000476837158203 0.24500000476837158203 0.24500000476837158203 0.24500000476837158203 0.24500000476837158203 0.24500000476837158203 0.24500000476837158203
-9999 -9999 -9999 -9999 -9999 -9999 -9999 -9999 -9999 -9999 -9999 -9999 -9999 -9999 -9999 -9999 0.24799999594688415527 0.24799999594688415527 0.24799999594688415527 0.24799999594688415527 0.19073487818241119385 0.19506880640983581543 0.11929921805858612061 0.7760181427001953125 0.24799999594688415527 0.24799999594688415527 0.24500000476837158203 0.24500000476837158203 0.24500000476837158203 0.24500000476837158203 0.24500000476837158203 0.24500000476837158203 0.24500000476837158203 0.24500000476837158203 0.24500000476837158203 0.24500000476837158203 0.24500000476837158203 0.24500000476837158203 0.24500000476837158203 0.24500000476837158203 0.24500000476837158203
-9999 -9999 -9999 -9999 -9999 -9999 -9999 -9999 -9999 -9999 -9999 -9999 -9999 -9999 -9999 0.16337692737579345703 0.24799999594688415527 0.24799999594688415527 0.24799999594688415527 0.17681549489498138428 0.10187377035617828369 0.1123102232813835144 0.78907883167266845703 0.17742052674293518066 0.24799999594688415527 0.24799999594688415527 0.24799999594688415527 0.24799999594688415527 0.24799999594688415527 0.24500000476837158203 0.24500000476837158203 0.24500000476837158203 0.24500000476837158203 0.24500000476837158203 0.24500000476837158203 0.24500000476837158203 0.24500000476837158203 0.24500000476837158203 0.24500000476837158203 0.24500000476837158203 0.24500000476837158203
-9999 -9999 -9999 -9999 -9999 -9999 -9999 -9999 -9999 -9999 -9999 -9999 -9999 -9999 -9999 0.15036854147911071777 0.24799999594688415527 0.24799999594688415527 0.24799999594688415527 0.17284663021564483643 0.21373869478702545166 0.7703450322151184082 0.97145915031433105469 0.24799999594688415527 0.24799999594688415527 0.24799999594688415527 0.24799999594688415527 0.24799999594688415527 0.24799999594688415527 0.24799999594688415527 0.24799999594688415527 0.24500000476837158203 0.24500000476837158203 0.24500000476837158203 0.24500000476837158203 0.24500000476837158203 0.24500000476837158203 0.24500000476837158203 0.24500000476837158203 0.24500000476837158203 0.24500000476837158203
-9999 -9999 -9999 -9999 -9999 -9999 -9999 -9999 -9999 -9999 -9999 -9999 -9999 -9999 -9999 0.24799999594688415527 0.20401293039321899414 0.18916502594947814941 0.1887025982141494751 0.18568275868892669678 0.12900969386100769043 0.8753312230110168457 0.24799999594688415527 0.24799999594688415527 0.24799999594688415527 0.24799999594688415527 0.24799999594688415527 0.24799999594688415527 0.24799999594688415527 0.24799999594688415527 0.24799999594688415527 0.24799999594688415527 0.24799999594688415527 0.24799999594688415527 0.24500000476837158203 0.24500000476837158203 0.24500000476837158203 0.24500000476837158203 0.24500000476837158203 0.24500000476837158203 0.24500000476837158203
-9999 -9999 -9999 -9999 -9999 -9999 -9999 -9999 -9999 -9999 -9999 -9999 -9999 0.20841659605503082275 0.17669370770454406738 0.24799999594688415527 0.24799999594688415527 0.19124451279640197754 0.12072464078664779663 0.11256358027458190918 0.76809513568878173828 0.21014621853828430176 0.24799999594688415527 0.24799999594688415527 0.24799999594688415527 0.24799999594688415527 0.24799999594688415527 0.24799999594688415527 0.24799999594688415527 0.24799999594688415527 0.24799999594688415527 0.24799999594688415527 0.24799999594688415527 0.24799999594688415527 0.24799999594688415527 0.24799999594688415527 0.24500000476837158203 0.24500000476837158203 0.24500000476837158203 0.24500000476837158203 0.24500000476837158203
-9999 -9999 -9999 -9999 -9999 -9999 -9999 -9999 -9999 -9999 -9999 -9999 -9999 -9999 0.20427292585372924805 0.2425209730863571167 0.24793639779090881348 0.14105263352394104004 0.10078699886798858643 0.76462024450302124023 0.24053750932216644287 0.24799999594688415527 0.24799999594688415527 0.24799999594688415527 0.24799999594688415527 0.24799999594688415527 0.24799999594688415527 0.24799999594688415527 0.24799999594688415527 0.24799999594688415527 0.24799999594688415527 0.24799999594688415527 0.24799999594688415527 0.24799999594688415527 0.24799999594688415527 0.24799999594688415527 0.24799999594688415527 0.24799999594688415527 0.24799999594688415527 0.24500000476837158203 0.24500000476837158203
-9999 -9999 -9999 -9999 -9999 -9999 -9999 -9999 -9999 -9999 -9999 -9999 -9999 -9999 -9999 -9999 0.16490733623504638672 0.06604897230863571167 0.55572080612182617188 0.70687615871429443359 0.24799999594688415527 0.24799999594688415527 0.24799999594688415527 0.24799999594688415527 0.24799999594688415527 0.24799999594688415527 0.24799999594688415527 0.24799999594688415527 0.24799999594688415527 0.24799999594688415527 0.24799999594688415527 0.24799999594688415527 0.24799999594688415527 0.24799999594688415527 0.24799999594688415527 0.24799999594688415527 0.24799999594688415527 0.24799999594688415527 0.24799999594688415527 0.24799999594688415527 0.24799999594688415527
-9999 -9999 -9999 -9999 -9999 -9999 -9999 -9999 -9999 -9999 -9999 -9999 -9999 -9999 -9999 -9999 -9999 0.096563078463077545166 0.6949622035026550293 0.24799999594688415527 0.24799999594688415527 0.24799999594688415527 0.24799999594688415527 0.24799999594688415527 0.24799999594688415527 0.24799999594688415527 0.24799999594688415527 0.24799999594688415527 0.24799999594688415527 0.24799999594688415527 0.24799999594688415527 0.24799999594688415527 0.24799999594688415527 0.24799999594688415527 0.24799999594688415527 0.24799999594688415527 0.24799999594688415527 0.24799999594688415527 0.24799999594688415527 0.24799999594688415527 0.24799999594688415527
-9999 -9999 -9999 -9999 -9999 -9999 -9999 -9999 -9999 -9999 -9999 -9999 -9999 -9999 -9999 -9999 -9999 0.55579483509063720703 0.14913813769817352295 0.24799999594688415527 0.24799999594688415527 0.24799999594688415527 0.24799999594688415527 0.24799999594688415527 0.24799999594688415527 0.24799999594688415527 0.24799999594688415527 0.24799999594688415527 0.24799999594688415527 0.24799999594688415527 0.24799999594688415527 0.24799999594688415527 0.24799999594688415527 0.24799999594688415527 0.24799999594688415527 0.24799999594688415527 0.24799999594688415527 0.24799999594688415527 0.24799999594688415527 0.24799999594688415527 0.24799999594688415527
-9999 -9999 -9999 -9999 -9999 -9999 -9999 -9999 -9999 -9999 -9999 -9999 -9999 -9999 -9999 -9999 0.55656081438064575195 0.15822802484035491943 0.24500000476837158203 0.24500000476837158203 0.24799999594688415527 0.24799999594688415527 0.24799999594688415527 0.24799999594688415527 0.24799999594688415527 0.24799999594688415527 0.24799999594688415527 0.24799999594688415527 0.24799999594688415527 0.24799999594688415527 0.24799999594688415527 0.24799999594688415527 0.24799999594688415527 0.24799999594688415527 0.24799999594688415527 0.24799999594688415527 0.24799999594688415527 0.24799999594688415527 0.24799999594688415527 0.24799999594688415527 0.24799999594688415527
-9999 -9999 -9999 -9999 -9999 -9999 -9999 -9999 -9999 -9999 -9999 -9999 -9999 -9999 -9999 0.50480860471725463867 0.63192421197891235352 0.24500000476837158203 0.24500000476837158203 0.24500000476837158203 0.24500000476837158203 0.24799999594688415527 0.24799999594688415527 0.24799999594688415527 0.24799999594688415527 0.24799999594688415527 0.24799999594688415527 0.24799999594688415527 0.24500000476837158203 0.24500000476837158203 0.24799999594688415527 0.24799999594688415527 0.24799999594688415527 0.24799999594688415527 0.24799999594688415527 0.24799999594688415527 0.24799999594688415527 0.24799999594688415527 0.24799999594688415527 0.24799999594688415527 0.24799999594688415527
-9999 -9999 -9999 -9999 -9999 -9999 -9999 -9999 -9999 -9999 -9999 -9999 -9999 -9999 -9999 0.54217362403869628906 0.24500000476837158203 0.24500000476837158203 0.24500000476837158203 0.24500000476837158203 0.24500000476837158203 0.24500000476837158203 0.24500000476837158203 0.24799999594688415527 0.24500000476837158203 0.24500000476837158203 0.24500000476837158203 0.24500000476837158203 0.24500000476837158203 0.24500000476837158203 0.24500000476837158203 0.24500000476837158203 0.24500000476837158203 0.24500000476837158203 0.24500000476837158203 0.24500000476837158203 0.24500000476837158203 0.24500000476837158203 0.24500000476837158203 0.24500000476837158203 0.24500000476837158203
-9999 -9999 -9999 -9999 -9999 -9999 -9999 -9999 -9999 -9999 -9999 -9999 -9999 -9999 0.60051065683364868164 0.24500000476837158203 0.24500000476837158203 0.24500000476837158203 0.24500000476837158203 0.24500000476837158203 0.24500000476837158203 0.24500000476837158203 0.24500000476837158203 0.24500000476837158203 0.24500000476837158203 0.24500000476837158203 0.24500000476837158203 0.24500000476837158203 0.24500000476837158203 0.24500000476837158203 0.24500000476837158203 0.24500000476837158203 0.24500000476837158203 0.24500000476837158203 0.24500000476837158203 0.24500000476837158203 0.24500000476837158203 0.24500000476837158203 0.24500000476837158203 0.24500000476837158203 0.24500000476837158203
-9999 -9999 -9999 -9999 -9999 -9999 -9999 -9999 -9999 -9999 -9999 -9999 -9999 0.49380171298980712891 0.70516794919967651367 0.24500000476837158203 0.24500000476837158203 0.24500000476837158203 0.24500000476837158203 0.24500000476837158203 0.24500000476837158203 0.24500000476837158203 0.24500000476837158203 0.24500000476837158203 0.24500000476837158203 0.24500000476837158203 0.24500000476837158203 0.24500000476837158203 0.24500000476837158203 0.24500000476837158203 0.24500000476837158203 0.24500000476837158203 0.24500000476837158203 0.24500000476837158203 0.24500000476837158203 0.24500000476837158203 0.24500000476837158203 0.24500000476837158203 0.24500000476837158203 0.24500000476837158203 0.24500000476837158203
