tests/data/reference/gistest/full/mvel_m_s.asc
ncols        125
nrows        78
xllcorner    -713756.799299980048
yllcorner    -1061032.369616159936
cellsize     10.000000000000
NODATA_value  -9999
[rows 18 to 35 of 78, columns 0 to 40 of 125]
-9999 -9999 -9999 -9999 -9999 -9999 -9999 -9999 -9999 -9999 -9999 -9999 -9999 -9999 -9999 -9999 -9999 -9999 0.23891316354274749756 0.24500000476837158203 0.24500000476837158203 0.24500000476837158203 0.24500000476837158203 0.22846269607543945312 0.23623262345790863037 0.24500000476837158203 0.79581648111343383789 0.24500000476837158203 0.24500000476837158203 0.23863136768341064453 0.24500000476837158203 0.24500000476837158203 0.24500000476837158203 0.24500000476837158203 0.24500000476837158203 0.24500000476837158203 0.24500000476837158203 0.24500000476837158203 0.24500000476837158203 0.24500000476837158203 0.24500000476837158203
-9999 -9999 -9999 -9999 -9999 -9999 -9999 -9999 -9999 -9999 -9999 -9999 -9999 -9999 -9999 -9999 -9999 0.22864808142185211182 0.24500000476837158203 0.24500000476837158203 0.24500000476837158203 0.24500000476837158203 0.24500000476837158203 0.23344099521636962891 0.24500000476837158203 0.77345162630081176758 0.24500000476837158203 0.24500000476837158203 0.24500000476837158203 0.24155808985233306885 0.24500000476837158203 0.24500000476837158203 0.24500000476837158203 0.24500000476837158203 0.24500000476837158203 0.24500000476837158203 0.24500000476837158203 0.24500000476837158203 0.24500000476837158203 0.24500000476837158203 0.24500000476837158203
-9999 -9999 -9999 -9999 -9999 -9999 -9999 -9999 -9999 -9999 -9999 -9999 -9999 -9999 -9999 -9999 0.22606705129146575928 0.24799999594688415527 0.24799999594688415527 0.24799999594688415527 0.24500000476837158203 0.24500000476837158203 0.21219162642955780029 0.24500000476837158203 0.7358105778694152832 0.93242150545120239258 0.24500000476837158203 0.24500000476837158203 0.24500000476837158203 0.24500000476837158203 0.24500000476837158203 0.24500000476837158203 0.24500000476837158203 0.24500000476837158203 0.24500000476837158203 0.24500000476837158203 0.24500000476837158203 0.24500000476837158203 0.24500000476837158203 0.24500000476837158203 0.24500000476837158203
-9999 -9999 -9999 -9999 -9999 -9999 -9999 -9999 -9999 -9999 -9999 -9999 -9999 -9999 -9999 -9999 0.24799999594688415527 0.24799999594688415527 0.24799999594688415527 0.24799999594688415527 0.24799999594688415527 0.20259524881839752197 0.21695995330810546875 0.16334420442581176758 0.78656524419784545898 0.24500000476837158203 0.24500000476837158203 0.24500000476837158203 0.24500000476837158203 0.24500000476837158203 0.24500000476837158203 0.24500000476837158203 0.24500000476837158203 0.24500000476837158203 0.24500000476837158203 0.24500000476837158203 0.24500000476837158203 0.24500000476837158203 0.24500000476837158203 0.24500000476837158203 0.24500000476837158203
-9999 -9999 -9999 -9999 -9999 -9999 -9999 -9999 -9999 -9999 -9999 -9999 -9999 -9999 -9999 -9999 0.24799999594688415527 0.24799999594688415527 0.24799999594688415527 0.24799999594688415527 0.19073559343814849854 0.19506955146789550781 0.11929968744516372681 0.7760181427001953125 0.24799999594688415527 0.24799999594688415527 0.24500000476837158203 0.24500000476837158203 0.24500000476837158203 0.24500000476837158203 0.24500000476837158203 0.24500000476837158203 0.24500000476837158203 0.24500000476837158203 0.24500000476837158203 0.24500000476837158203 0.24500000476837158203 0.24500000476837158203 0.24500000476837158203 0.24500000476837158203 0.24500000476837158203
-9999 -9999 -9999 -9999 -9999 -9999 -9999 -9999 -9999 -9999 -9999 -9999 -9999 -9999 -9999 0.16337755322456359863 0.24799999594688415527 0.24799999594688415527 0.24799999594688415527 0.17681616544723510742 0.10187417268753051758 0.11231067031621932983 0.78907883167266845703 0.1774212270975112915 0.24799999594688415527 0.24799999594688415527 0.24799999594688415527 0.24799999594688415527 0.24799999594688415527 0.24500000476837158203 0.24500000476837158203 0.24500000476837158203 0.24500000476837158203 0.24500000476837158203 0.24500000476837158203 0.24500000476837158203 0.24500000476837158203 0.24500000476837158203 0.24500000476837158203 0.24500000476837158203 0.24500000476837158203
-9999 -9999 -9999 -9999 -9999 -9999 -9999 -9999 -9999 -9999 -9999 -9999 -9999 -9999 -9999 0.15036913752555847168 0.24799999594688415527 0.24799999594688415527 0.24799999594688415527 0.17284728586673736572 0.21373951435089111328 0.7703450322151184082 0.9714609980583190918 0.24799999594688415527 0.24799999594688415527 0.24799999594688415527 0.24799999594688415527 0.24799999594688415527 0.24799999594688415527 0.24799999594688415527 0.24799999594688415527 0.24500000476837158203 0.24500000476837158203 0.24500000476837158203 0.24500000476837158203 0.24500000476837158203 0.24500000476837158203 0.24500000476837158203 0.24500000476837158203 0.24500000476837158203 0.24500000476837158203
-9999 -9999 -9999 -9999 -9999 -9999 -9999 -9999 -9999 -9999 -9999 -9999 -9999 -9999 -9999 0.24799999594688415527 0.20401372015476226807 0.1891657412052154541 0.18870331346988677979 0.18568345904350280762 0.1290101855993270874 0.87533348798751831055 0.24799999594688415527 0.24799999594688415527 0.24799999594688415527 0.24799999594688415527 0.24799999594688415527 0.24799999594688415527 0.24799999594688415527 0.24799999594688415527 0.24799999594688415527 0.24799999594688415527 0.24799999594688415527 0.24799999594688415527 0.24500000476837158203 0.24500000476837158203 0.24500000476837158203 0.24500000476837158203 0.24500000476837158203 0.24500000476837158203 0.24500000476837158203
-9999 -9999 -9999 -9999 -9999 -9999 -9999 -9999 -9999 -9999 -9999 -9999 -9999 0.20841738581657409668 0.17669437825679779053 0.24799999594688415527 0.24799999594688415527 0.19124524295330047607 0.12072511762380599976 0.11256401985883712769 0.76809513568878173828 0.21014675498008728027 0.24799999594688415527 0.24799999594688415527 0.24799999594688415527 0.24799999594688415527 0.24799999594688415527 0.24799999594688415527 0.24799999594688415527 0.24799999594688415527 0.24799999594688415527 0.24799999594688415527 0.24799999594688415527 0.24799999594688415527 0.24799999594688415527 0.24799999594688415527 0.24500000476837158203 0.24500000476837158203 0.24500000476837158203 0.24500000476837158203 0.24500000476837158203
-9999 -9999 -9999 -9999 -9999 -9999 -9999 -9999 -9999 -9999 -9999 -9999 -9999 -9999 0.20427370071411132812 0.24252192676067352295 0.24793736636638641357 0.1410531848669052124 0.10078740119934082031 0.76462221145629882812 0.24053828418254852295 0.24799999594688415527 0.24799999594688415527 0.24799999594688415527 0.24799999594688415527 0.24799999594688415527 0.24799999594688415527 0.24799999594688415527 0.24799999594688415527 0.24799999594688415527 0.24799999594688415527 0.24799999594688415527 0.24799999594688415527 0.24799999594688415527 0.24799999594688415527 0.24799999594688415527 0.24799999594688415527 0.24799999594688415527 0.24799999594688415527 0.24500000476837158203 0.24500000476837158203
-9999 -9999 -9999 -9999 -9999 -9999 -9999 -9999 -9999 -9999 -9999 -9999 -9999 -9999 -9999 -9999 0.16490797698497772217 0.066049247980117797852 0.55572080612182617188 0.70687615871429443359 0.24799999594688415527 0.24799999594688415527 0.24799999594688415527 0.24799999594688415527 0.24799999594688415527 0.24799999594688415527 0.24799999594688415527 0.24799999594688415527 0.24799999594688415527 0.24799999594688415527 0.24799999594688415527 0.24799999594688415527 0.24799999594688415527 0.24799999594688415527 0.24799999594688415527 0.24799999594688415527 0.24799999594688415527 0.24799999594688415527 0.24799999594688415527 0.24799999594688415527 0.24799999594688415527
-9999 -9999 -9999 -9999 -9999 -9999 -9999 -9999 -9999 -9999 -9999 -9999 -9999 -9999 -9999 -9999 -9999 0.096563465893268585205 0.69496405124664306641 0.24799999594688415527 0.24799999594688415527 0.24799999594688415527 0.24799999594688415527 0.24799999594688415527 0.24799999594688415527 0.24799999594688415527 0.24799999594688415527 0.24799999594688415527 0.24799999594688415527 0.24799999594688415527 0.24799999594688415527 0.24799999594688415527 0.24799999594688415527 0.24799999594688415527 0.24799999594688415527 0.24799999594688415527 0.24799999594688415527 0.24799999594688415527 0.24799999594688415527 0.24799999594688415527 0.24799999594688415527
-9999 -9999 -9999 -9999 -9999 -9999 -9999 -9999 -9999 -9999 -9999 -9999 -9999 -9999 -9999 -9999 -9999 0.55579483509063720703 0.14913840591907501221 0.24799999594688415527 0.24799999594688415527 0.24799999594688415527 0.24799999594688415527 0.24799999594688415527 0.24799999594688415527 0.24799999594688415527 0.24799999594688415527 0.24799999594688415527 0.24799999594688415527 0.24799999594688415527 0.24799999594688415527 0.24799999594688415527 0.24799999594688415527 0.24799999594688415527 0.24799999594688415527 0.24799999594688415527 0.24799999594688415527 0.24799999594688415527 0.24799999594688415527 0.24799999594688415527 0.24799999594688415527
-9999 -9999 -9999 -9999 -9999 -9999 -9999 -9999 -9999 -9999 -9999 -9999 -9999 -9999 -9999 -9999 0.55656081438064575195 0.15822820365428924561 0.24500000476837158203 0.24500000476837158203 0.24799999594688415527 0.24799999594688415527 0.24799999594688415527 0.24799999594688415527 0.24799999594688415527 0.24799999594688415527 0.24799999594688415527 0.24799999594688415527 0.24799999594688415527 0.24799999594688415527 0.24799999594688415527 0.24799999594688415527 0.24799999594688415527 0.24799999594688415527 0.24799999594688415527 0.24799999594688415527 0.24799999594688415527 0.24799999594688415527 0.24799999594688415527 0.24799999594688415527 0.24799999594688415527
-9999 -9999 -9999 -9999 -9999 -9999 -9999 -9999 -9999 -9999 -9999 -9999 -9999 -9999 -9999 0.50480860471725463867 0.63192421197891235352 0.24500000476837158203 0.24500000476837158203 0.24500000476837158203 0.24500000476837158203 0.24799999594688415527 0.24799999594688415527 0.24799999594688415527 0.24799999594688415527 0.24799999594688415527 0.24799999594688415527 0.24799999594688415527 0.24500000476837158203 0.24500000476837158203 0.24799999594688415527 0.24799999594688415527 0.24799999594688415527 0.24799999594688415527 0.24799999594688415527 0.24799999594688415527 0.24799999594688415527 0.24799999594688415527 0.24799999594688415527 0.24799999594688415527 0.24799999594688415527
-9999 -9999 -9999 -9999 -9999 -9999 -9999 -9999 -9999 -9999 -9999 -9999 -9999 -9999 -9999 0.54217362403869628906 0.24500000476837158203 0.24500000476837158203 0.24500000476837158203 0.24500000476837158203 0.24500000476837158203 0.24500000476837158203 0.24500000476837158203 0.24799999594688415527 0.24500000476837158203 0.24500000476837158203 0.24500000476837158203 0.24500000476837158203 0.24500000476837158203 0.24500000476837158203 0.24500000476837158203 0.24500000476837158203 0.24500000476837158203 0.24500000476837158203 0.24500000476837158203 0.24500000476837158203 0.24500000476837158203 0.24500000476837158203 0.24500000476837158203 0.24500000476837158203 0.24500000476837158203
-9999 -9999 -9999 -9999 -9999 -9999 -9999 -9999 -9999 -9999 -9999 -9999 -9999 -9999 0.60051065683364868164 0.24500000476837158203 0.24500000476837158203 0.24500000476837158203 0.24500000476837158203 0.24500000476837158203 0.24500000476837158203 0.24500000476837158203 0.24500000476837158203 0.24500000476837158203 0.24500000476837158203 0.24500000476837158203 0.24500000476837158203 0.24500000476837158203 0.24500000476837158203 0.24500000476837158203 0.24500000476837158203 0.24500000476837158203 0.24500000476837158203 0.24500000476837158203 0.24500000476837158203 0.24500000476837158203 0.24500000476837158203 0.24500000476837158203 0.24500000476837158203 0.24500000476837158203 0.24500000476837158203
-9999 -9999 -9999 -9999 -9999 -9999 -9999 -9999 -9999 -9999 -9999 -9999 -9999 0.49380171298980712891 0.70516794919967651367 0.24500000476837158203 0.24500000476837158203 0.24500000476837158203 0.24500000476837158203 0.24500000476837158203 0.24500000476837158203 0.24500000476837158203 0.24500000476837158203 0.24500000476837158203 0.24500000476837158203 0.24500000476837158203 0.24500000476837158203 0.24500000476837158203 0.24500000476837158203 0.24500000476837158203 0.24500000476837158203 0.24500000476837158203 0.24500000476837158203 0.24500000476837158203 0.24500000476837158203 0.24500000476837158203 0.24500000476837158203 0.24500000476837158203 0.24500000476837158203 0.24500000476837158203 0.24500000476837158203
