tests/data/reference/gistest/full/mvel_m_s.asc
ncols        125
nrows        78
xllcorner    -713756.799299980048
yllcorner    -1061032.369616159936
cellsize     10.000000000000
NODATA_value  -9999
[rows 18 to 35 of 78, columns 0 to 40 of 125]
-9999 -9999 -9999 -9999 -9999 -9999 -9999 -9999 -9999 -9999 -9999 -9999 -9999 -9999 -9999 -9999 -9999 -9999 0.24500000476837158203 0.24500000476837158203 0.24500000476837158203 0.24500000476837158203 0.24500000476837158203 0.24500000476837158203 0.24500000476837158203 0.24500000476837158203 0.68984961509704589844 0.24500000476837158203 0.24500000476837158203 0.24500000476837158203 0.24500000476837158203 0.24500000476837158203 0.24500000476837158203 0.24500000476837158203 0.24500000476837158203 0.24500000476837158203 0.24500000476837158203 0.24500000476837158203 0.24500000476837158203 0.24500000476837158203 0.24500000476837158203
-9999 -9999 -9999 -9999 -9999 -9999 -9999 -9999 -9999 -9999 -9999 -9999 -9999 -9999 -9999 -9999 -9999 0.24500000476837158203 0.24500000476837158203 0.24500000476837158203 0.24500000476837158203 0.24500000476837158203 0.24500000476837158203 0.24500000476837158203 0.24500000476837158203 0.7870000004768371582 0.24500000476837158203 0.24500000476837158203 0.24500000476837158203 0.24500000476837158203 0.24500000476837158203 0.24500000476837158203 0.24500000476837158203 0.24500000476837158203 0.24500000476837158203 0.24500000476837158203 0.24500000476837158203 0.24500000476837158203 0.24500000476837158203 0.24500000476837158203 0.24500000476837158203
-9999 -9999 -9999 -9999 -9999 -9999 -9999 -9999 -9999 -9999 -9999 -9999 -9999 -9999 -9999 -9999 0.24799999594688415527 0.24799999594688415527 0.24799999594688415527 0.24799999594688415527 0.24500000476837158203 0.24500000476837158203 0.23847796022891998291 0.24500000476837158203 0.58204352855682373047 1.0457384586334228516 0.24500000476837158203 0.24500000476837158203 0.24500000476837158203 0.24500000476837158203 0.24500000476837158203 0.24500000476837158203 0.24500000476837158203 0.24500000476837158203 0.24500000476837158203 0.24500000476837158203 0.24500000476837158203 0.24500000476837158203 0.24500000476837158203 0.24500000476837158203 0.24500000476837158203
-9999 -9999 -9999 -9999 -9999 -9999 -9999 -9999 -9999 -9999 -9999 -9999 -9999 -9999 -9999 -9999 0.24799999594688415527 0.24799999594688415527 0.24799999594688415527 0.24799999594688415527 0.24799999594688415527 0.2233975827693939209 0.2394428253173828125 0.16957749426364898682 0.88059628009796142578 0.24500000476837158203 0.24500000476837158203 0.24500000476837158203 0.24500000476837158203 0.24500000476837158203 0.24500000476837158203 0.24500000476837158203 0.24500000476837158203 0.24500000476837158203 0.24500000476837158203 0.24500000476837158203 0.24500000476837158203 0.24500000476837158203 0.24500000476837158203 0.24500000476837158203 0.24500000476837158203
-9999 -9999 -9999 -9999 -9999 -9999 -9999 -9999 -9999 -9999 -9999 -9999 -9999 -9999 -9999 -9999 0.24799999594688415527 0.24799999594688415527 0.24799999594688415527 0.24799999594688415527 0.21009579300880432129 0.214963570237159729 0.090008549392223358154 0.79120397567749023438 0.24799999594688415527 0.24799999594688415527 0.24500000476837158203 0.24500000476837158203 0.24500000476837158203 0.24500000476837158203 0.24500000476837158203 0.24500000476837158203 0.24500000476837158203 0.24500000476837158203 0.24500000476837158203 0.24500000476837158203 0.24500000476837158203 0.24500000476837158203 0.24500000476837158203 0.24500000476837158203 0.24500000476837158203
-9999 -9999 -9999 -9999 -9999 -9999 -9999 -9999 -9999 -9999 -9999 -9999 -9999 -9999 -9999 0.17911735177040100098 0.24799999594688415527 0.24799999594688415527 0.24799999594688415527 0.19439619779586791992 0.10641025751829147339 0.081987902522087097168 0.79811871051788330078 0.11702663451433181763 0.24799999594688415527 0.24799999594688415527 0.24799999594688415527 0.24799999594688415527 0.24799999594688415527 0.24500000476837158203 0.24500000476837158203 0.24500000476837158203 0.24500000476837158203 0.24500000476837158203 0.24500000476837158203 0.24500000476837158203 0.24500000476837158203 0.24500000476837158203 0.24500000476837158203 0.24500000476837158203 0.24500000476837158203
-9999 -9999 -9999 -9999 -9999 -9999 -9999 -9999 -9999 -9999 -9999 -9999 -9999 -9999 -9999 0.15959337353706359863 0.24799999594688415527 0.24799999594688415527 0.24799999594688415527 0.18989795446395874023 0.23585076630115509033 0.76550316810607910156 1.0022335052490234375 0.24799999594688415527 0.24799999594688415527 0.24799999594688415527 0.24799999594688415527 0.24799999594688415527 0.24799999594688415527 0.24799999594688415527 0.24799999594688415527 0.24500000476837158203 0.24500000476837158203 0.24500000476837158203 0.24500000476837158203 0.24500000476837158203 0.24500000476837158203 0.24500000476837158203 0.24500000476837158203 0.24500000476837158203 0.24500000476837158203
-9999 -9999 -9999 -9999 -9999 -9999 -9999 -9999 -9999 -9999 -9999 -9999 -9999 -9999 -9999 0.24799999594688415527 0.22270761430263519287 0.20833039283752441406 0.20781014859676361084 0.20440995693206787109 0.10142315179109573364 0.88381856679916381836 0.24799999594688415527 0.24799999594688415527 0.24799999594688415527 0.24799999594688415527 0.24799999594688415527 0.24799999594688415527 0.24799999594688415527 0.24799999594688415527 0.24799999594688415527 0.24799999594688415527 0.24799999594688415527 0.24799999594688415527 0.24500000476837158203 0.24500000476837158203 0.24500000476837158203 0.24500000476837158203 0.24500000476837158203 0.24500000476837158203 0.24500000476837158203
-9999 -9999 -9999 -9999 -9999 -9999 -9999 -9999 -9999 -9999 -9999 -9999 -9999 0.22990831732749938965 0.19425833225250244141 0.24799999594688415527 0.24799999594688415527 0.21066865324974060059 0.12932989001274108887 0.082275502383708953857 0.78534972667694091797 0.23089660704135894775 0.24799999594688415527 0.24799999594688415527 0.24799999594688415527 0.24799999594688415527 0.24799999594688415527 0.24799999594688415527 0.24799999594688415527 0.24799999594688415527 0.24799999594688415527 0.24799999594688415527 0.24799999594688415527 0.24799999594688415527 0.24799999594688415527 0.24799999594688415527 0.24500000476837158203 0.24500000476837158203 0.24500000476837158203 0.24500000476837158203 0.24500000476837158203
-9999 -9999 -9999 -9999 -9999 -9999 -9999 -9999 -9999 -9999 -9999 -9999 -9999 -9999 0.22527571022510528564 0.24799999594688415527 0.24799999594688415527 0.15335933864116668701 0.069185182452201843262 0.74542069435119628906 0.21834358572959899902 0.24799999594688415527 0.24799999594688415527 0.24799999594688415527 0.24799999594688415527 0.24799999594688415527 0.24799999594688415527 0.24799999594688415527 0.24799999594688415527 0.24799999594688415527 0.24799999594688415527 0.24799999594688415527 0.24799999594688415527 0.24799999594688415527 0.24799999594688415527 0.24799999594688415527 0.24799999594688415527 0.24799999594688415527 0.24799999594688415527 0.24500000476837158203 0.24500000476837158203
-9999 -9999 -9999 -9999 -9999 -9999 -9999 -9999 -9999 -9999 -9999 -9999 -9999 -9999 -9999 -9999 0.18086458742618560791 0.034839507192373275757 0.4998302161693572998 0.72952669858932495117 0.24799999594688415527 0.24799999594688415527 0.24799999594688415527 0.24799999594688415527 0.24799999594688415527 0.24799999594688415527 0.24799999594688415527 0.24799999594688415527 0.24799999594688415527 0.24799999594688415527 0.24799999594688415527 0.24799999594688415527 0.24799999594688415527 0.24799999594688415527 0.24799999594688415527 0.24799999594688415527 0.24799999594688415527 0.24799999594688415527 0.24799999594688415527 0.24799999594688415527 0.24799999594688415527
-9999 -9999 -9999 -9999 -9999 -9999 -9999 -9999 -9999 -9999 -9999 -9999 -9999 -9999 -9999 -9999 -9999 0.064641378819942474365 0.56222128868103027344 0.24799999594688415527 0.24799999594688415527 0.24799999594688415527 0.24799999594688415527 0.24799999594688415527 0.24799999594688415527 0.24799999594688415527 0.24799999594688415527 0.24799999594688415527 0.24799999594688415527 0.24799999594688415527 0.24799999594688415527 0.24799999594688415527 0.24799999594688415527 0.24799999594688415527 0.24799999594688415527 0.24799999594688415527 0.24799999594688415527 0.24799999594688415527 0.24799999594688415527 0.24799999594688415527 0.24799999594688415527
-9999 -9999 -9999 -9999 -9999 -9999 -9999 -9999 -9999 -9999 -9999 -9999 -9999 -9999 -9999 -9999 -9999 0.49771064519882202148 0.16350658237934112549 0.24799999594688415527 0.24799999594688415527 0.24799999594688415527 0.24799999594688415527 0.24799999594688415527 0.24799999594688415527 0.24799999594688415527 0.24799999594688415527 0.24799999594688415527 0.24799999594688415527 0.24799999594688415527 0.24799999594688415527 0.24799999594688415527 0.24799999594688415527 0.24799999594688415527 0.24799999594688415527 0.24799999594688415527 0.24799999594688415527 0.24799999594688415527 0.24799999594688415527 0.24799999594688415527 0.24799999594688415527
-9999 -9999 -9999 -9999 -9999 -9999 -9999 -9999 -9999 -9999 -9999 -9999 -9999 -9999 -9999 -9999 0.49809318780899047852 0.17620696127414703369 0.24500000476837158203 0.24500000476837158203 0.24799999594688415527 0.24799999594688415527 0.24799999594688415527 0.24799999594688415527 0.24799999594688415527 0.24799999594688415527 0.24799999594688415527 0.24799999594688415527 0.24799999594688415527 0.24799999594688415527 0.24799999594688415527 0.24799999594688415527 0.24799999594688415527 0.24799999594688415527 0.24799999594688415527 0.24799999594688415527 0.24799999594688415527 0.24799999594688415527 0.24799999594688415527 0.24799999594688415527 0.24799999594688415527
-9999 -9999 -9999 -9999 -9999 -9999 -9999 -9999 -9999 -9999 -9999 -9999 -9999 -9999 -9999 0.47169837355613708496 0.6737874150276184082 0.24500000476837158203 0.24500000476837158203 0.24500000476837158203 0.24500000476837158203 0.24799999594688415527 0.24799999594688415527 0.24799999594688415527 0.24799999594688415527 0.24799999594688415527 0.24799999594688415527 0.24799999594688415527 0.24500000476837158203 0.24500000476837158203 0.24799999594688415527 0.24799999594688415527 0.24799999594688415527 0.24799999594688415527 0.24799999594688415527 0.24799999594688415527 0.24799999594688415527 0.24799999594688415527 0.24799999594688415527 0.24799999594688415527 0.24799999594688415527
-9999 -9999 -9999 -9999 -9999 -9999 -9999 -9999 -9999 -9999 -9999 -9999 -9999 -9999 -9999 0.49086850881576538086 0.24500000476837158203 0.24500000476837158203 0.24500000476837158203 0.24500000476837158203 0.24500000476837158203 0.24500000476837158203 0.24500000476837158203 0.24799999594688415527 0.24500000476837158203 0.24500000476837158203 0.24500000476837158203 0.24500000476837158203 0.24500000476837158203 0.24500000476837158203 0.24500000476837158203 0.24500000476837158203 0.24500000476837158203 0.24500000476837158203 0.24500000476837158203 0.24500000476837158203 0.24500000476837158203 0.24500000476837158203 0.24500000476837158203 0.24500000476837158203 0.24500000476837158203
-9999 -9999 -9999 -9999 -9999 -9999 -9999 -9999 -9999 -9999 -9999 -9999 -9999 -9999 0.64515948295593261719 0.24500000476837158203 0.24500000476837158203 0.24500000476837158203 0.24500000476837158203 0.24500000476837158203 0.24500000476837158203 0.24500000476837158203 0.24500000476837158203 0.24500000476837158203 0.24500000476837158203 0.24500000476837158203 0.24500000476837158203 0.24500000476837158203 0.24500000476837158203 0.24500000476837158203 0.24500000476837158203 0.24500000476837158203 0.24500000476837158203 0.24500000476837158203 0.24500000476837158203 0.24500000476837158203 0.24500000476837158203 0.24500000476837158203 0.24500000476837158203 0.24500000476837158203 0.24500000476837158203
-9999 -9999 -9999 -9999 -9999 -9999 -9999 -9999 -9999 -9999 -9999 -9999 -9999 0.46593266725540161133 0.78213256597518920898 0.24500000476837158203 0.24500000476837158203 0.24500000476837158203 0.24500000476837158203 0.24500000476837158203 0.24500000476837158203 0.24500000476837158203 0.24500000476837158203 0.24500000476837158203 0.24500000476837158203 0.24500000476837158203 0.24500000476837158203 0.24500000476837158203 0.24500000476837158203 0.24500000476837158203 0.24500000476837158203 0.24500000476837158203 0.24500000476837158203 0.24500000476837158203 0.24500000476837158203 0.24500000476837158203 0.24500000476837158203 0.24500000476837158203 0.24500000476837158203 0.24500000476837158203 0.24500000476837158203
