tests/data/reference/gistest/full/mvel_m_s.asc
ncols        125
nrows        78
xllcorner    -713756.799299980048
yllcorner    -1061032.369616159936
cellsize     10.000000000000
NODATA_value  -9999
[rows 18 to 35 of 78, columns 0 to 40 of 125]
-9999 -9999 -9999 -9999 -9999 -9999 -9999 -9999 -9999 -9999 -9999 -9999 -9999 -9999 -9999 -9999 -9999 -9999 0.23891241848468780518 0.24500000476837158203 0.24500000476837158203 0.24500000476837158203 0.24500000476837158203 0.22846198081970214844 0.23623187839984893799 0.24500000476837158203 0.79581648111343383789 0.24500000476837158203 0.24500000476837158203 0.23863062262535095215 0.24500000476837158203 0.24500000476837158203 0.24500000476837158203 0.24500000476837158203 0.24500000476837158203 0.24500000476837158203 0.24500000476837158203 0.24500000476837158203 0.24500000476837158203 0.24500000476837158203 0.24500000476837158203
-9999 -9999 -9999 -9999 -9999 -9999 -9999 -9999 -9999 -9999 -9999 -9999 -9999 -9999 -9999 -9999 -9999 0.22864736616611480713 0.24500000476837158203 0.24500000476837158203 0.24500000476837158203 0.24500000476837158203 0.24500000476837158203 0.23344026505947113037 0.24500000476837158203 0.77345162630081176758 0.24500000476837158203 0.24500000476837158203 0.24500000476837158203 0.24155734479427337646 0.24500000476837158203 0.24500000476837158203 0.24500000476837158203 0.24500000476837158203 0.24500000476837158203 0.24500000476837158203 0.24500000476837158203 0.24500000476837158203 0.24500000476837158203 0.24500000476837158203 0.24500000476837158203
-9999 -9999 -9999 -9999 -9999 -9999 -9999 -9999 -9999 -9999 -9999 -9999 -9999 -9999 -9999 -9999 0.2260659635066986084 0.24799999594688415527 0.24799999594688415527 0.24799999594688415527 0.24500000476837158203 0.24500000476837158203 0.212190970778465271 0.24500000476837158203 0.7358105778694152832 0.9324200749397277832 0.24500000476837158203 0.24500000476837158203 0.24500000476837158203 0.24500000476837158203 0.24500000476837158203 0.24500000476837158203 0.24500000476837158203 0.24500000476837158203 0.24500000476837158203 0.24500000476837158203 0.24500000476837158203 0.24500000476837158203 0.24500000476837158203 0.24500000476837158203 0.24500000476837158203
-9999 -9999 -9999 -9999 -9999 -9999 -9999 -9999 -9999 -9999 -9999 -9999 -9999 -9999 -9999 -9999 0.24799999594688415527 0.24799999594688415527 0.24799999594688415527 0.24799999594688415527 0.24799999594688415527 0.20259428024291992188 0.21695891022682189941 0.16334368288516998291 0.78656363487243652344 0.24500000476837158203 0.24500000476837158203 0.24500000476837158203 0.24500000476837158203 0.24500000476837158203 0.24500000476837158203 0.24500000476837158203 0.24500000476837158203 0.24500000476837158203 0.24500000476837158203 0.24500000476837158203 0.24500000476837158203 0.24500000476837158203 0.24500000476837158203 0.24500000476837158203 0.24500000476837158203
-9999 -9999 -9999 -9999 -9999 -9999 -9999 -9999 -9999 -9999 -9999 -9999 -9999 -9999 -9999 -9999 0.24799999594688415527 0.24799999594688415527 0.24799999594688415527 0.24799999594688415527 0.19073468446731567383 0.19506861269474029541 0.11929909884929656982 0.7760181427001953125 0.24799999594688415527 0.24799999594688415527 0.24500000476837158203 0.24500000476837158203 0.24500000476837158203 0.24500000476837158203 0.24500000476837158203 0.24500000476837158203 0.24500000476837158203 0.24500000476837158203 0.24500000476837158203 0.24500000476837158203 0.24500000476837158203 0.24500000476837158203 0.24500000476837158203 0.24500000476837158203 0.24500000476837158203
-9999 -9999 -9999 -9999 -9999 -9999 -9999 -9999 -9999 -9999 -9999 -9999 -9999 -9999 -9999 0.16337676346302032471 0.24799999594688415527 0.24799999594688415527 0.24799999594688415527 0.17681531608104705811 0.10187367349863052368 0.11231011152267456055 0.78907883167266845703 0.17742034792900085449 0.24799999594688415527 0.24799999594688415527 0.24799999594688415527 0.24799999594688415527 0.24799999594688415527 0.24500000476837158203 0.24500000476837158203 0.24500000476837158203 0.24500000476837158203 0.24500000476837158203 0.24500000476837158203 0.24500000476837158203 0.24500000476837158203 0.24500000476837158203 0.24500000476837158203 0.24500000476837158203 0.24500000476837158203
-9999 -9999 -9999 -9999 -9999 -9999 -9999 -9999 -9999 -9999 -9999 -9999 -9999 -9999 -9999 0.1503683924674987793 0.24799999594688415527 0.24799999594688415527 0.24799999594688415527 0.17284645140171051025 0.21373848617076873779 0.7703450322151184082 0.97145867347717285156 0.24799999594688415527 0.24799999594688415527 0.24799999594688415527 0.24799999594688415527 0.24799999594688415527 0.24799999594688415527 0.24799999594688415527 0.24799999594688415527 0.24500000476837158203 0.24500000476837158203 0.24500000476837158203 0.24500000476837158203 0.24500000476837158203 0.24500000476837158203 0.24500000476837158203 0.24500000476837158203 0.24500000476837158203 0.24500000476837158203
-9999 -9999 -9999 -9999 -9999 -9999 -9999 -9999 -9999 -9999 -9999 -9999 -9999 -9999 -9999 0.24799999594688415527 0.20401272177696228027 0.18916483223438262939 0.18870240449905395508 0.18568256497383117676 0.1290095597505569458 0.87533068656921386719 0.24799999594688415527 0.24799999594688415527 0.24799999594688415527 0.24799999594688415527 0.24799999594688415527 0.24799999594688415527 0.24799999594688415527 0.24799999594688415527 0.24799999594688415527 0.24799999594688415527 0.24799999594688415527 0.24799999594688415527 0.24500000476837158203 0.24500000476837158203 0.24500000476837158203 0.24500000476837158203 0.24500000476837158203 0.24500000476837158203 0.24500000476837158203
-9999 -9999 -9999 -9999 -9999 -9999 -9999 -9999 -9999 -9999 -9999 -9999 -9999 0.20841637253761291504 0.17669352889060974121 0.24799999594688415527 0.24799999594688415527 0.19124431908130645752 0.12072452157735824585 0.11256346851587295532 0.76809513568878173828 0.21014609932899475098 0.24799999594688415527 0.24799999594688415527 0.24799999594688415527 0.24799999594688415527 0.24799999594688415527 0.24799999594688415527 0.24799999594688415527 0.24799999594688415527 0.24799999594688415527 0.24799999594688415527 0.24799999594688415527 0.24799999594688415527 0.24799999594688415527 0.24799999594688415527 0.24500000476837158203 0.24500000476837158203 0.24500000476837158203 0.24500000476837158203 0.24500000476837158203
-9999 -9999 -9999 -9999 -9999 -9999 -9999 -9999 -9999 -9999 -9999 -9999 -9999 -9999 0.20427273213863372803 0.24252073466777801514 0.24793614447116851807 0.14105248451232910156 0.10078690201044082642 0.76461976766586303711 0.2405373305082321167 0.24799999594688415527 0.24799999594688415527 0.24799999594688415527 0.24799999594688415527 0.24799999594688415527 0.24799999594688415527 0.24799999594688415527 0.24799999594688415527 0.24799999594688415527 0.24799999594688415527 0.24799999594688415527 0.24799999594688415527 0.24799999594688415527 0.24799999594688415527 0.24799999594688415527 0.24799999594688415527 0.24799999594688415527 0.24799999594688415527 0.24500000476837158203 0.24500000476837158203
-9999 -9999 -9999 -9999 -9999 -9999 -9999 -9999 -9999 -9999 -9999 -9999 -9999 -9999 -9999 -9999 0.16490717232227325439 0.066048912703990936279 0.55572080612182617188 0.70687615871429443359 0.24799999594688415527 0.24799999594688415527 0.24799999594688415527 0.24799999594688415527 0.24799999594688415527 0.24799999594688415527 0.24799999594688415527 0.24799999594688415527 0.24799999594688415527 0.24799999594688415527 0.24799999594688415527 0.24799999594688415527 0.24799999594688415527 0.24799999594688415527 0.24799999594688415527 0.24799999594688415527 0.24799999594688415527 0.24799999594688415527 0.24799999594688415527 0.24799999594688415527 0.24799999594688415527
-9999 -9999 -9999 -9999 -9999 -9999 -9999 -9999 -9999 -9999 -9999 -9999 -9999 -9999 -9999 -9999 -9999 0.09656298905611038208 0.69496178627014160156 0.24799999594688415527 0.24799999594688415527 0.24799999594688415527 0.24799999594688415527 0.24799999594688415527 0.24799999594688415527 0.24799999594688415527 0.24799999594688415527 0.24799999594688415527 0.24799999594688415527 0.24799999594688415527 0.24799999594688415527 0.24799999594688415527 0.24799999594688415527 0.24799999594688415527 0.24799999594688415527 0.24799999594688415527 0.24799999594688415527 0.24799999594688415527 0.24799999594688415527 0.24799999594688415527 0.24799999594688415527
-9999 -9999 -9999 -9999 -9999 -9999 -9999 -9999 -9999 -9999 -9999 -9999 -9999 -9999 -9999 -9999 -9999 0.55579483509063720703 0.14913806319236755371 0.24799999594688415527 0.24799999594688415527 0.24799999594688415527 0.24799999594688415527 0.24799999594688415527 0.24799999594688415527 0.24799999594688415527 0.24799999594688415527 0.24799999594688415527 0.24799999594688415527 0.24799999594688415527 0.24799999594688415527 0.24799999594688415527 0.24799999594688415527 0.24799999594688415527 0.24799999594688415527 0.24799999594688415527 0.24799999594688415527 0.24799999594688415527 0.24799999594688415527 0.24799999594688415527 0.24799999594688415527
-9999 -9999 -9999 -9999 -9999 -9999 -9999 -9999 -9999 -9999 -9999 -9999 -9999 -9999 -9999 -9999 0.55656081438064575195 0.15822796523571014404 0.24500000476837158203 0.24500000476837158203 0.24799999594688415527 0.24799999594688415527 0.24799999594688415527 0.24799999594688415527 0.24799999594688415527 0.24799999594688415527 0.24799999594688415527 0.24799999594688415527 0.24799999594688415527 0.24799999594688415527 0.24799999594688415527 0.24799999594688415527 0.24799999594688415527 0.24799999594688415527 0.24799999594688415527 0.24799999594688415527 0.24799999594688415527 0.24799999594688415527 0.24799999594688415527 0.24799999594688415527 0.24799999594688415527
-9999 -9999 -9999 -9999 -9999 -9999 -9999 -9999 -9999 -9999 -9999 -9999 -9999 -9999 -9999 0.50480860471725463867 0.63192421197891235352 0.24500000476837158203 0.24500000476837158203 0.24500000476837158203 0.24500000476837158203 0.24799999594688415527 0.24799999594688415527 0.24799999594688415527 0.24799999594688415527 0.24799999594688415527 0.24799999594688415527 0.24799999594688415527 0.24500000476837158203 0.24500000476837158203 0.24799999594688415527 0.24799999594688415527 0.24799999594688415527 0.24799999594688415527 0.24799999594688415527 0.24799999594688415527 0.24799999594688415527 0.24799999594688415527 0.24799999594688415527 0.24799999594688415527 0.24799999594688415527
-9999 -9999 -9999 -9999 -9999 -9999 -9999 -9999 -9999 -9999 -9999 -9999 -9999 -9999 -9999 0.54217362403869628906 0.24500000476837158203 0.24500000476837158203 0.24500000476837158203 0.24500000476837158203 0.24500000476837158203 0.24500000476837158203 0.24500000476837158203 0.24799999594688415527 0.24500000476837158203 0.24500000476837158203 0.24500000476837158203 0.24500000476837158203 0.24500000476837158203 0.24500000476837158203 0.24500000476837158203 0.24500000476837158203 0.24500000476837158203 0.24500000476837158203 0.24500000476837158203 0.24500000476837158203 0.24500000476837158203 0.24500000476837158203 0.24500000476837158203 0.24500000476837158203 0.24500000476837158203
-9999 -9999 -9999 -9999 -9999 -9999 -9999 -9999 -9999 -9999 -9999 -9999 -9999 -9999 0.60051065683364868164 0.24500000476837158203 0.24500000476837158203 0.24500000476837158203 0.24500000476837158203 0.24500000476837158203 0.24500000476837158203 0.24500000476837158203 0.24500000476837158203 0.24500000476837158203 0.24500000476837158203 0.24500000476837158203 0.24500000476837158203 0.24500000476837158203 0.24500000476837158203 0.24500000476837158203 0.24500000476837158203 0.24500000476837158203 0.24500000476837158203 0.24500000476837158203 0.24500000476837158203 0.24500000476837158203 0.24500000476837158203 0.24500000476837158203 0.24500000476837158203 0.24500000476837158203 0.24500000476837158203
-9999 -9999 -9999 -9999 -9999 -9999 -9999 -9999 -9999 -9999 -9999 -9999 -9999 0.49380171298980712891 0.70516794919967651367 0.24500000476837158203 0.24500000476837158203 0.24500000476837158203 0.24500000476837158203 0.24500000476837158203 0.24500000476837158203 0.24500000476837158203 0.24500000476837158203 0.24500000476837158203 0.24500000476837158203 0.24500000476837158203 0.24500000476837158203 0.24500000476837158203 0.24500000476837158203 0.24500000476837158203 0.24500000476837158203 0.24500000476837158203 0.24500000476837158203 0.24500000476837158203 0.24500000476837158203 0.24500000476837158203 0.24500000476837158203 0.24500000476837158203 0.24500000476837158203 0.24500000476837158203 0.24500000476837158203
