tests/data/reference/gistest/full/mvel_m_s.asc
ncols        125
nrows        78
xllcorner    -713756.799299980048
yllcorner    -1061032.369616159936
cellsize     10.000000000000
NODATA_value  -9999
[rows 19 to 37 of 78, columns 0 to 40 of 125]
-9999 -9999 -9999 -9999 -9999 -9999 -9999 -9999 -9999 -9999 -9999 -9999 -9999 -9999 -9999 -9999 -9999 -9999 -9999 0.23637738823890686035 0.24500000476837158203 0.24500000476837158203 0.24500000476837158203 0.2334404289722442627 0.24500000476837158203 0.77345162630081176758 0.24500000476837158203 0.24500000476837158203 0.24500000476837158203 0.24155750870704650879 0.24500000476837158203 0.24500000476837158203 0.24500000476837158203 0.24500000476837158203 0.24500000476837158203 0.24500000476837158203 0.24500000476837158203 0.24500000476837158203 0.24500000476837158203 0.24500000476837158203 0.24500000476837158203
-9999 -9999 -9999 -9999 -9999 -9999 -9999 -9999 -9999 -9999 -9999 -9999 -9999 -9999 -9999 -9999 -9999 -9999 0.23700663447380065918 0.24799999594688415527 0.24500000476837158203 0.24500000476837158203 0.21219110488891601562 0.24500000476837158203 0.7358105778694152832 0.93242037296295166016 0.24500000476837158203 0.24500000476837158203 0.24500000476837158203 0.24500000476837158203 0.24500000476837158203 0.24500000476837158203 0.24500000476837158203 0.24500000476837158203 0.24500000476837158203 0.24500000476837158203 0.24500000476837158203 0.24500000476837158203 0.24500000476837158203 0.24500000476837158203 0.24500000476837158203
-9999 -9999 -9999 -9999 -9999 -9999 -9999 -9999 -9999 -9999 -9999 -9999 -9999 -9999 -9999 -9999 -9999 0.21499145030975341797 0.24799999594688415527 0.24799999594688415527 0.24799999594688415527 0.20259448885917663574 0.21695913374423980713 0.16334378719329833984 0.78656399250030517578 0.24500000476837158203 0.24500000476837158203 0.24500000476837158203 0.24500000476837158203 0.24500000476837158203 0.24500000476837158203 0.24500000476837158203 0.24500000476837158203 0.24500000476837158203 0.24500000476837158203 0.24500000476837158203 0.24500000476837158203 0.24500000476837158203 0.24500000476837158203 0.24500000476837158203 0.24500000476837158203
-9999 -9999 -9999 -9999 -9999 -9999 -9999 -9999 -9999 -9999 -9999 -9999 -9999 -9999 -9999 -9999 -9999 0.24799999594688415527 0.24799999594688415527 0.24799999594688415527 0.19073487818241119385 0.19506880640983581543 0.11929921805858612061 0.7760181427001953125 0.24799999594688415527 0.24799999594688415527 0.24500000476837158203 0.24500000476837158203 0.24500000476837158203 0.24500000476837158203 0.24500000476837158203 0.24500000476837158203 0.24500000476837158203 0.24500000476837158203 0.24500000476837158203 0.24500000476837158203 0.24500000476837158203 0.24500000476837158203 0.24500000476837158203 0.24500000476837158203 0.24500000476837158203
-9999 -9999 -9999 -9999 -9999 -9999 -9999 -9999 -9999 -9999 -9999 -9999 -9999 -9999 -9999 -9999 -9999 0.24799999594688415527 0.24799999594688415527 0.17681549489498138428 0.10187377035617828369 0.11231023073196411133 0.78907883167266845703 0.17742052674293518066 0.24799999594688415527 0.24799999594688415527 0.24799999594688415527 0.24799999594688415527 0.24799999594688415527 0.24500000476837158203 0.24500000476837158203 0.24500000476837158203 0.24500000476837158203 0.24500000476837158203 0.24500000476837158203 0.24500000476837158203 0.24500000476837158203 0.24500000476837158203 0.24500000476837158203 0.24500000476837158203 0.24500000476837158203
-9999 -9999 -9999 -9999 -9999 -9999 -9999 -9999 -9999 -9999 -9999 -9999 -9999 -9999 -9999 -9999 0.24799999594688415527 0.24799999594688415527 0.24799999594688415527 0.17284663021564483643 0.21373870968818664551 0.7703450322151184082 0.97145915031433105469 0.24799999594688415527 0.24799999594688415527 0.24799999594688415527 0.24799999594688415527 0.24799999594688415527 0.24799999594688415527 0.24799999594688415527 0.24799999594688415527 0.24500000476837158203 0.24500000476837158203 0.24500000476837158203 0.24500000476837158203 0.24500000476837158203 0.24500000476837158203 0.24500000476837158203 0.24500000476837158203 0.24500000476837158203 0.24500000476837158203
-9999 -9999 -9999 -9999 -9999 -9999 -9999 -9999 -9999 -9999 -9999 -9999 -9999 -9999 -9999 -9999 0.20401293039321899414 0.18916502594947814941 0.1887025982141494751 0.18568275868892669678 0.12900969386100769043 0.87533128261566162109 0.24799999594688415527 0.24799999594688415527 0.24799999594688415527 0.24799999594688415527 0.24799999594688415527 0.24799999594688415527 0.24799999594688415527 0.24799999594688415527 0.24799999594688415527 0.24799999594688415527 0.24799999594688415527 0.24799999594688415527 0.24500000476837158203 0.24500000476837158203 0.24500000476837158203 0.24500000476837158203 0.24500000476837158203 0.24500000476837158203 0.24500000476837158203
-9999 -9999 -9999 -9999 -9999 -9999 -9999 -9999 -9999 -9999 -9999 -9999 -9999 -9999 -9999 -9999 0.24799999594688415527 0.19124451279640197754 0.12072464823722839355 0.11256358027458190918 0.76809513568878173828 0.21014623343944549561 0.24799999594688415527 0.24799999594688415527 0.24799999594688415527 0.24799999594688415527 0.24799999594688415527 0.24799999594688415527 0.24799999594688415527 0.24799999594688415527 0.24799999594688415527 0.24799999594688415527 0.24799999594688415527 0.24799999594688415527 0.24799999594688415527 0.24799999594688415527 0.24500000476837158203 0.24500000476837158203 0.24500000476837158203 0.24500000476837158203 0.24500000476837158203
-9999 -9999 -9999 -9999 -9999 -9999 -9999 -9999 -9999 -9999 -9999 -9999 -9999 -9999 -9999 -9999 -9999 0.14105263352394104004 0.10078700631856918335 0.76462024450302124023 0.24053752422332763672 0.24799999594688415527 0.24799999594688415527 0.24799999594688415527 0.24799999594688415527 0.24799999594688415527 0.24799999594688415527 0.24799999594688415527 0.24799999594688415527 0.24799999594688415527 0.24799999594688415527 0.24799999594688415527 0.24799999594688415527 0.24799999594688415527 0.24799999594688415527 0.24799999594688415527 0.24799999594688415527 0.24799999594688415527 0.24799999594688415527 0.24500000476837158203 0.24500000476837158203
-9999 -9999 -9999 -9999 -9999 -9999 -9999 -9999 -9999 -9999 -9999 -9999 -9999 -9999 -9999 -9999 -9999 -9999 0.55572080612182617188 0.70687615871429443359 0.24799999594688415527 0.24799999594688415527 0.24799999594688415527 0.24799999594688415527 0.24799999594688415527 0.24799999594688415527 0.24799999594688415527 0.24799999594688415527 0.24799999594688415527 0.24799999594688415527 0.24799999594688415527 0.24799999594688415527 0.24799999594688415527 0.24799999594688415527 0.24799999594688415527 0.24799999594688415527 0.24799999594688415527 0.24799999594688415527 0.24799999594688415527 0.24799999594688415527 0.24799999594688415527
-9999 -9999 -9999 -9999 -9999 -9999 -9999 -9999 -9999 -9999 -9999 -9999 -9999 -9999 -9999 -9999 -9999 -9999 0.5579903721809387207 0.24799999594688415527 0.24799999594688415527 0.24799999594688415527 0.24799999594688415527 0.24799999594688415527 0.24799999594688415527 0.24799999594688415527 0.24799999594688415527 0.24799999594688415527 0.24799999594688415527 0.24799999594688415527 0.24799999594688415527 0.24799999594688415527 0.24799999594688415527 0.24799999594688415527 0.24799999594688415527 0.24799999594688415527 0.24799999594688415527 0.24799999594688415527 0.24799999594688415527 0.24799999594688415527 0.24799999594688415527
-9999 -9999 -9999 -9999 -9999 -9999 -9999 -9999 -9999 -9999 -9999 -9999 -9999 -9999 -9999 -9999 -9999 -9999 0.10867171734571456909 0.24799999594688415527 0.24799999594688415527 0.24799999594688415527 0.24799999594688415527 0.24799999594688415527 0.24799999594688415527 0.24799999594688415527 0.24799999594688415527 0.24799999594688415527 0.24799999594688415527 0.24799999594688415527 0.24799999594688415527 0.24799999594688415527 0.24799999594688415527 0.24799999594688415527 0.24799999594688415527 0.24799999594688415527 0.24799999594688415527 0.24799999594688415527 0.24799999594688415527 0.24799999594688415527 0.24799999594688415527
-9999 -9999 -9999 -9999 -9999 -9999 -9999 -9999 -9999 -9999 -9999 -9999 -9999 -9999 -9999 -9999 -9999 -9999 0.20960997045040130615 0.24500000476837158203 0.24799999594688415527 0.24799999594688415527 0.24799999594688415527 0.24799999594688415527 0.24799999594688415527 0.24799999594688415527 0.24799999594688415527 0.24799999594688415527 0.24799999594688415527 0.24799999594688415527 0.24799999594688415527 0.24799999594688415527 0.24799999594688415527 0.24799999594688415527 0.24799999594688415527 0.24799999594688415527 0.24799999594688415527 0.24799999594688415527 0.24799999594688415527 0.24799999594688415527 0.24799999594688415527
-9999 -9999 -9999 -9999 -9999 -9999 -9999 -9999 -9999 -9999 -9999 -9999 -9999 -9999 -9999 -9999 -9999 0.24500000476837158203 0.24500000476837158203 0.24500000476837158203 0.24500000476837158203 0.24799999594688415527 0.24799999594688415527 0.24799999594688415527 0.24799999594688415527 0.24799999594688415527 0.24799999594688415527 0.24799999594688415527 0.24500000476837158203 0.24500000476837158203 0.24799999594688415527 0.24799999594688415527 0.24799999594688415527 0.24799999594688415527 0.24799999594688415527 0.24799999594688415527 0.24799999594688415527 0.24799999594688415527 0.24799999594688415527 0.24799999594688415527 0.24799999594688415527
-9999 -9999 -9999 -9999 -9999 -9999 -9999 -9999 -9999 -9999 -9999 -9999 -9999 -9999 -9999 -9999 0.10757654160261154175 0.24500000476837158203 0.24500000476837158203 0.24500000476837158203 0.24500000476837158203 0.24500000476837158203 0.24500000476837158203 0.24799999594688415527 0.24500000476837158203 0.24500000476837158203 0.24500000476837158203 0.24500000476837158203 0.24500000476837158203 0.24500000476837158203 0.24500000476837158203 0.24500000476837158203 0.24500000476837158203 0.24500000476837158203 0.24500000476837158203 0.24500000476837158203 0.24500000476837158203 0.24500000476837158203 0.24500000476837158203 0.24500000476837158203 0.24500000476837158203
-9999 -9999 -9999 -9999 -9999 -9999 -9999 -9999 -9999 -9999 -9999 -9999 -9999 -9999 -9999 -9999 0.24500000476837158203 0.24500000476837158203 0.24500000476837158203 0.24500000476837158203 0.24500000476837158203 0.24500000476837158203 0.24500000476837158203 0.24500000476837158203 0.24500000476837158203 0.24500000476837158203 0.24500000476837158203 0.24500000476837158203 0.24500000476837158203 0.24500000476837158203 0.24500000476837158203 0.24500000476837158203 0.24500000476837158203 0.24500000476837158203 0.24500000476837158203 0.24500000476837158203 0.24500000476837158203 0.24500000476837158203 0.24500000476837158203 0.24500000476837158203 0.24500000476837158203
-9999 -9999 -9999 -9999 -9999 -9999 -9999 -9999 -9999 -9999 -9999 -9999 -9999 -9999 -9999 0.24500000476837158203 0.24500000476837158203 0.24500000476837158203 0.24500000476837158203 0.24500000476837158203 0.24500000476837158203 0.24500000476837158203 0.24500000476837158203 0.24500000476837158203 0.24500000476837158203 0.24500000476837158203 0.24500000476837158203 0.24500000476837158203 0.24500000476837158203 0.24500000476837158203 0.24500000476837158203 0.24500000476837158203 0.24500000476837158203 0.24500000476837158203 0.24500000476837158203 0.24500000476837158203 0.24500000476837158203 0.24500000476837158203 0.24500000476837158203 0.24500000476837158203 0.24500000476837158203
-9999 -9999 -9999 -9999 -9999 -9999 -9999 -9999 -9999 -9999 -9999 -9999 -9999 -9999 0.20981498062610626221 0.24500000476837158203 0.24500000476837158203 0.24500000476837158203 0.24500000476837158203 0.24500000476837158203 0.24500000476837158203 0.24500000476837158203 0.24500000476837158203 0.24500000476837158203 0.24500000476837158203 0.24500000476837158203 0.24500000476837158203 0.24500000476837158203 0.24500000476837158203 0.24500000476837158203 0.24500000476837158203 0.24500000476837158203 0.24500000476837158203 0.24500000476837158203 0.24500000476837158203 0.24500000476837158203 0.24500000476837158203 0.24500000476837158203 0.24500000476837158203 0.24500000476837158203 0.24500000476837158203
-9999 -9999 -9999 -9999 -9999 -9999 -9999 -9999 -9999 -9999 -9999 -9999 -9999 -9999 0.24500000476837158203 0.24500000476837158203 0.24500000476837158203 0.24500000476837158203 0.24500000476837158203 0.24500000476837158203 0.24500000476837158203 0.24500000476837158203 0.24500000476837158203 0.24500000476837158203 0.24500000476837158203 0.24500000476837158203 0.24500000476837158203 0.24500000476837158203 0.24500000476837158203 0.24500000476837158203 0.24500000476837158203 0.24500000476837158203 0.24500000476837158203 0.24500000476837158203 0.24500000476837158203 0.24500000476837158203 0.24500000476837158203 0.24500000476837158203 0.24500000476837158203 0.24500000476837158203 0.24500000476837158203
