tests/data/reference/gistest/full/mwlevel_m.asc
ncols        125
nrows        78
xllcorner    -713756.799299980048
yllcorner    -1061032.369616159936
cellsize     10.000000000000
NODATA_value  -9999
[rows 18 to 35 of 78, columns 0 to 39 of 125]
-9999 -9999 -9999 -9999 -9999 -9999 -9999 -9999 -9999 -9999 -9999 -9999 -9999 -9999 -9999 -9999 -9999 -9999 -9999 -9999 0.0023580964189022779465 0.0032839064951986074448 0.0077906064689159393311 0.0012583441566675901413 0.0012169649126008152962 0.024689419195055961609 0.0010000000474974513054 0.0099029382690787315369 0.0090958587825298309326 0.0012047344353049993515 0.0087788654491305351257 0.0022449169773608446121 0.0026670005172491073608 0.0022214292548596858978 0.0066007738932967185974 0.0017410385189577937126 0.004731296095997095108 0.008661832660436630249 0.0045247264206409454346 0.0050716269761323928833
-9999 -9999 -9999 -9999 -9999 -9999 -9999 -9999 -9999 -9999 -9999 -9999 -9999 -9999 -9999 -9999 -9999 -9999 -9999 0.0012162168277427554131 0.0029915792401880025864 0.010101140476763248444 0.0022378650028258562088 0.001231514965184032917 0.0011980773415416479111 0.0010000000474974513054 0.027134764939546585083 0.010295368731021881104 0.010687847621738910675 0.001190140959806740284 0.0082096466794610023499 0.0027103561442345380783 0.0011644287733361124992 0.0040904995985329151154 0.0069176647812128067017 0.0022010202519595623016 0.0049204770475625991821 0.0085278023034334182739 0.0046643405221402645111 0.0052967541851103305817
-9999 -9999 -9999 -9999 -9999 -9999 -9999 -9999 -9999 -9999 -9999 -9999 -9999 -9999 -9999 -9999 -9999 -9999 0.0012715186458081007004 0.0020354506559669971466 0.012496618553996086121 0.003247082466259598732 0.0013548119459301233292 0.0019890121184289455414 0.0010000000474974513054 0.0013315153773874044418 0.01152824796736240387 0.010415412485599517822 0.010980835184454917908 0.0018898952985182404518 0.0088707860559225082397 0.0031286187004297971725 0.0011653566034510731697 0.004777574446052312851 0.0072359209880232810974 0.0026161100249737501144 0.0052197221666574478149 0.0088101392611861228943 0.0049864430911839008331 0.0056192032061517238617
-9999 -9999 -9999 -9999 -9999 -9999 -9999 -9999 -9999 -9999 -9999 -9999 -9999 -9999 -9999 -9999 -9999 0.0014016714412719011307 0.0023839916102588176727 0.014189469628036022186 0.0048418352380394935608 0.0014874053886160254478 0.001388964126817882061 0.0035192396026104688644 0.0011546716559678316116 0.0044437497854232788086 0.013167641125619411469 0.011372913606464862823 0.0099458945915102958679 0.0023108215536922216415 0.009365733712911605835 0.0011776351602748036385 0.0035297351423650979996 0.0054686446674168109894 0.0075729256495833396912 0.0030048375483602285385 0.0055615319870412349701 0.0093841385096311569214 0.0055563929490745067596 0.0061597209423780441284
-9999 -9999 -9999 -9999 -9999 -9999 -9999 -9999 -9999 -9999 -9999 -9999 -9999 -9999 -9999 -9999 -9999 0.0025006479118019342422 0.0037892700638622045517 0.02620309777557849884 0.001579848933033645153 0.0015447639161720871925 0.0025251682382076978683 0.0010000000474974513054 0.0083485832437872886658 0.0050127091817557811737 0.013803624548017978668 0.012489469721913337708 0.011315594427287578583 0.0028419448062777519226 0.0098303295671939849854 0.0011806478723883628845 0.0018260277574881911278 0.0038931798189878463745 0.010852990671992301941 0.0033940495923161506653 0.0058193891309201717377 0.0096279373392462730408 0.0011587570188567042351 0.0097283003851771354675
-9999 -9999 -9999 -9999 -9999 -9999 -9999 -9999 -9999 -9999 -9999 -9999 -9999 -9999 -9999 -9999 -9999 0.0067975451238453388214 0.019887210801243782043 0.0017041589599102735519 0.0029567212332040071487 0.0026821845676749944687 0.0010000000474974513054 0.0033954684622585773468 0.0056916913017630577087 0.0051794475875794887543 0.01283573545515537262 0.012054942548274993896 0.011420567519962787628 0.0033077262341976165771 0.010375358164310455322 0.0011855964548885822296 0.0018351742764934897423 0.0023163317237049341202 0.0042151222005486488342 0.012316998094320297241 0.0060758600011467933655 0.009649907238781452179 0.0011422925163060426712 0.010122369043529033661
-9999 -9999 -9999 -9999 -9999 -9999 -9999 -9999 -9999 -9999 -9999 -9999 -9999 -9999 -9999 -9999 0.045640487223863601685 0.026413027197122573853 0.0024009770713746547699 0.0017432700842618942261 0.0014098836109042167664 0.0010000000474974513054 0.0013064384693279862404 0.0012595165753737092018 0.0027897553518414497375 0.0057636373676359653473 0.01461750175803899765 0.011800511740148067474 0.011287122033536434174 0.0035556645598262548447 0.001186326262541115284 0.010660703293979167938 0.0018495996482670307159 0.0023481841199100017548 0.0027887902688235044479 0.014700483530759811401 0.0065417145378887653351 0.010006802156567573547 0.0011373840970918536186 0.010622440837323665619
-9999 -9999 -9999 -9999 -9999 -9999 -9999 -9999 -9999 -9999 -9999 -9999 -9999 -9999 -9999 -9999 0.0029534744098782539368 0.001592953922227025032 0.0015968558145686984062 0.001622814335860311985 0.0023352294228971004486 0.0010691834613680839539 0.0028774980455636978149 0.0040805949829518795013 0.0020848771091550588608 0.0030498492997139692307 0.0056168716400861740112 0.020888943225145339966 0.011139919981360435486 0.0037938440218567848206 0.0011695605935528874397 0.0018289819126948714256 0.010913988575339317322 0.002326483139768242836 0.0028864790219813585281 0.003313193097710609436 0.018570825457572937012 0.0011611228110268712044 0.010452315211296081543 0.0017387658590450882912
-9999 -9999 -9999 -9999 -9999 -9999 -9999 -9999 -9999 -9999 -9999 -9999 -9999 -9999 -9999 -9999 0.0025431164540350437164 0.0015756407519802451134 0.002495374530553817749 0.0026761521585285663605 0.0010000000474974513054 0.0044533219188451766968 0.0051555619575083255768 0.0036596704740077257156 0.0045970007777214050293 0.0027315954212099313736 0.0036428058519959449768 0.025576081126928329468 0.012335195206105709076 0.0043731871992349624634 0.0018576112342998385429 0.00119330559391528368 0.0024214615114033222198 0.011604169383645057678 0.0029516033828258514404 0.0033756725024431943893 0.0037495458964258432388 0.018685208633542060852 0.0017713132547214627266 0.010760328732430934906
-9999 -9999 -9999 -9999 -9999 -9999 -9999 -9999 -9999 -9999 -9999 -9999 -9999 -9999 -9999 -9999 -9999 0.0021359727252274751663 0.0029885745607316493988 0.0012237827759236097336 0.0063940170221030712128 0.0045005483552813529968 0.0049492758698761463165 0.008219936862587928772 0.010040217079222202301 0.01256783120334148407 0.014053764753043651581 0.016305433586239814758 0.030071288347244262695 0.014479026198387145996 0.005235218442976474762 0.0025141327641904354095 0.0019384131301194429398 0.0030787202995270490646 0.012676326557993888855 0.0035524540580809116364 0.0037376666441559791565 0.0039073210209608078003 0.018556933850049972534 0.0022507070098072290421
-9999 -9999 -9999 -9999 -9999 -9999 -9999 -9999 -9999 -9999 -9999 -9999 -9999 -9999 -9999 -9999 -9999 -9999 0.0010000000474974513054 0.0011374399764463305473 0.0029697932768613100052 0.0035087172873318195343 0.0038956648204475641251 0.0040885265916585922241 0.0044892304576933383942 0.0046733296476304531097 0.0049133049324154853821 0.0057367123663425445557 0.019175378605723381042 0.04228938370943069458 0.015317067503929138184 0.0059691467322409152985 0.0032746784854680299759 0.002743644174188375473 0.0038471855223178863525 0.013364022597670555115 0.0038387647364288568497 0.0040645338594913482666 0.0044175763614475727081 0.019576104357838630676
-9999 -9999 -9999 -9999 -9999 -9999 -9999 -9999 -9999 -9999 -9999 -9999 -9999 -9999 -9999 -9999 -9999 -9999 0.0010000000474974513054 0.0023196977563202381134 0.0028861209284514188766 0.0033679038751870393753 0.0037921476177871227264 0.0042897011153399944305 0.0045557753182947635651 0.004673688206821680069 0.0047042416408658027649 0.0049393712542951107025 0.0055438522249460220337 0.00620001181960105896 0.03745814785361289978 0.047643888741731643677 0.054196741431951522827 0.0041004912927746772766 0.0034942009951919317245 0.0043841544538736343384 0.012951647862792015076 0.014132104814052581787 0.016343781724572181702 0.004982328508049249649
-9999 -9999 -9999 -9999 -9999 -9999 -9999 -9999 -9999 -9999 -9999 -9999 -9999 -9999 -9999 -9999 -9999 -9999 0.002771915169432759285 0.0022522672079503536224 0.0029097227379679679871 0.0035459594801068305969 0.021201025694608688354 0.021028695628046989441 0.019781364127993583679 0.018790701404213905334 0.018345763906836509705 0.018938520923256874084 0.02012951485812664032 0.019759811460971832275 0.017892854288220405579 0.017026599496603012085 0.020234331488609313965 0.064135059714317321777 0.070943959057331085205 0.070079758763313293457 0.062436554580926895142 0.054717816412448883057 0.051120359450578689575 0.057593841105699539185
-9999 -9999 -9999 -9999 -9999 -9999 -9999 -9999 -9999 -9999 -9999 -9999 -9999 -9999 -9999 -9999 -9999 -9999 0.001371490885503590107 0.00649042520672082901 0.010297243483364582062 0.021756729111075401306 0.0058627380058169364929 0.0093607436865568161011 0.012241153977811336517 0.011964811943471431732 0.019183740019798278809 0.021924445405602455139 0.027268109843134880066 0.025729855522513389587 0.023179262876510620117 0.022047400474548339844 0.022110017016530036926 0.023384898900985717773 0.026398887857794761658 0.026713756844401359558 0.025933871045708656311 0.051474772393703460693 0.05058660358190536499 0.048859756439924240112
-9999 -9999 -9999 -9999 -9999 -9999 -9999 -9999 -9999 -9999 -9999 -9999 -9999 -9999 -9999 -9999 -9999 0.0022281517740339040756 0.0056052389554679393768 0.0063813049346208572388 0.016886251047253608704 0.0054974565282464027405 0.005757528357207775116 0.0063868146389722824097 0.0068448297679424285889 0.011724406853318214417 0.0060629327781498432159 0.010783190838992595673 0.0087174121290445327759 0.0084821246564388275146 0.0081662693992257118225 0.0084513453766703605652 0.026123477146029472351 0.030486794188618659973 0.036194190382957458496 0.040055014193058013916 0.043522350490093231201 0.0027263064403086900711 0.0030229119583964347839 0.0051136170513927936554
-9999 -9999 -9999 -9999 -9999 -9999 -9999 -9999 -9999 -9999 -9999 -9999 -9999 -9999 -9999 -9999 0.0026716759894043207169 0.0038110394962131977081 0.005548986140638589859 0.016147093847393989563 0.0050620106048882007599 0.0055292695760726928711 0.006261968519538640976 0.0067926109768450260162 0.0077213612385094165802 0.0056890929117798805237 0.01092472858726978302 0.008937598206102848053 0.0091572720557451248169 0.015542929060757160187 0.019258350133895874023 0.021845949813723564148 0.0045724152587354183197 0.0056116217747330665588 0.0064108544029295444489 0.0099524175748229026794 0.002043111482635140419 0.0026092624757438898087 0.0051283226348459720612 0.0041703269816935062408
-9999 -9999 -9999 -9999 -9999 -9999 -9999 -9999 -9999 -9999 -9999 -9999 -9999 -9999 -9999 -9999 0.0031983384396880865097 0.0049403146840631961823 0.015083099715411663055 0.0042975954711437225342 0.0049025542102754116058 0.0059249633923172950745 0.0067225662060081958771 0.007789472583681344986 0.0054677128791809082031 0.010625835508108139038 0.0088486317545175552368 0.009530283510684967041 0.010585872456431388855 0.007642679847776889801 0.0046450891532003879547 0.0039546783082187175751 0.0048962626606225967407 0.005579957272857427597 0.0088397972285747528076 0.0011999363778159022331 0.0019283015280961990356 0.0046265418641269207001 0.0038065682165324687958 0.0033130780793726444244
-9999 -9999 -9999 -9999 -9999 -9999 -9999 -9999 -9999 -9999 -9999 -9999 -9999 -9999 -9999 0.0023770586121827363968 0.0044173831120133399963 0.014890273101627826691 0.0036877288948744535446 0.0042514665983617305756 0.0052988384850323200226 0.006251594051718711853 0.0075881201773881912231 0.0052601583302021026611 0.010864974930882453918 0.0088038733229041099548 0.0096581168472766876221 0.011153891682624816895 0.0076760365627706050873 0.0043258457444608211517 0.0034878605511039495468 0.0043129003606736660004 0.0049542626366019248962 0.0072607579641044139862 0.0023782735224813222885 0.001197173725813627243 0.0042375195771455764771 0.0034007898066192865372 0.0029041955713182687759 0.0028219926171004772186
