tests/data/reference/gistest/full/mwlevel_m.asc
ncols        125
nrows        78
xllcorner    -713756.799299980048
yllcorner    -1061032.369616159936
cellsize     10.000000000000
NODATA_value  -9999
[rows 36 to 53 of 78, columns 0 to 39 of 125]
-9999 -9999 -9999 -9999 -9999 -9999 -9999 -9999 -9999 -9999 -9999 -9999 -9999 -9999 0.0013701512943953275681 0.0038021563086658716202 0.014396182261407375336 0.0030645828228443861008 0.003669754834845662117 0.0047276378609240055084 0.0056596724316477775574 0.0070054670795798301697 0.0047660563141107559204 0.010769429616630077362 0.0087906047701835632324 0.0097490269690752029419 0.011520922183990478516 0.0079806959256529808044 0.0041167796589434146881 0.0031257644295692443848 0.0040387790650129318237 0.004732617642730474472 0.0068189166486263275146 0.0011888397857546806335 0.0018941297894343733788 0.0038853473961353302002 0.0030546674970537424088 0.0025306541938334703445 0.0024895642418414354324 0.0037350950296968221664
-9999 -9999 -9999 -9999 -9999 -9999 -9999 -9999 -9999 -9999 -9999 -9999 -9999 -9999 0.0033709378913044929504 0.014470458962023258209 0.0023150106426328420639 0.0030574300326406955719 0.0042201792821288108826 0.005166735965758562088 0.0064812116324901580811 0.0041233981028199195862 0.010262121446430683136 0.0083648944273591041565 0.0095134153962135314941 0.011548399925231933594 0.0079708984121680259705 0.0039146086201071739197 0.0027411039918661117554 0.0037987306714057922363 0.0047606620937585830688 0.0036993329413235187531 0.0051594679243862628937 0.0011973461369052529335 0.003580247052013874054 0.0026365048252046108246 0.0020632785744965076447 0.0020584671292454004288 0.0036586499772965908051 0.0020168335177004337311
-9999 -9999 -9999 -9999 -9999 -9999 -9999 -9999 -9999 -9999 -9999 -9999 -9999 0.0025037447921931743622 0.015635242685675621033 0.0014196307165548205376 0.0023851990699768066406 0.0037968789692968130112 0.0047842725180089473724 0.0060910591855645179749 0.0035635482054203748703 0.0097427945584058761597 0.0079328259453177452087 0.0091668749228119850159 0.01136353611946105957 0.0077942395582795143127 0.0034656678326427936554 0.0021732340101152658463 0.0033891969360411167145 0.0045067742466926574707 0.0035310494713485240936 0.0034345914609730243683 0.0033724289387464523315 0.0033932016231119632721 0.0020927863661199808121 0.0011779876658692955971 0.0012115298304706811905 0.0034064643550664186478 0.0012315304484218358994 0.001227207481861114502
-9999 -9999 -9999 -9999 -9999 -9999 -9999 -9999 -9999 -9999 -9999 -9999 0.0016491787973791360855 0.015838271006941795349 0.0024581570178270339966 0.0015186944510787725449 0.0034722713753581047058 0.0046341647394001483917 0.0059189009480178356171 0.0030128369107842445374 0.0094783576205372810364 0.0074924179352819919586 0.0088186822831630706787 0.011135932058095932007 0.0074878539890050888062 0.0029469523578882217407 0.0012601017951965332031 0.0028484491631388664246 0.004027704242616891861 0.0029966917354613542557 0.0030921539291739463806 0.0030840709805488586426 0.0031095340382307767868 0.0012916147243231534958 0.0012125103967264294624 0.0020103577990084886551 0.0026771035045385360718 0.0012730238959193229675 0.0021185269579291343689 0.0025983268860727548599
-9999 -9999 -9999 -9999 -9999 -9999 -9999 -9999 -9999 -9999 -9999 -9999 0.015377754345536231995 0.0035215970128774642944 0.0015546370996162295341 0.0024586678482592105865 0.004428558051586151123 0.0060071581974625587463 0.0023886365815997123718 0.0094509879127144813538 0.0072471378371119499207 0.0084622614085674285889 0.010802556760609149933 0.0070964344777166843414 0.0022429567761719226837 0.001276869908906519413 0.0021965506020933389664 0.0034776744432747364044 0.0022651276085525751114 0.0023371109273284673691 0.0024262212682515382767 0.0024388050660490989685 0.0013501944486051797867 0.0021722572855651378632 0.0024647091049700975418 0.0027757058851420879364 0.0031789273489266633987 0.0038753503467887639999 0.0045893811620771884918 0.0012321070535108447075
-9999 -9999 -9999 -9999 -9999 -9999 -9999 -9999 -9999 -9999 -9999 0.011401318944990634918 0.0049079130403697490692 0.0023610489442944526672 0.0015814681537449359894 0.0036667895037680864334 0.0058267158456146717072 0.0014780499041080474854 0.0099042085930705070496 0.007236436009407043457 0.0083333570510149002075 0.010541133582592010498 0.0066963532008230686188 0.0012935061240568757057 0.0012709044385701417923 0.0021586306393146514893 0.0028631023596972227097 0.001306505291722714901 0.0013172184117138385773 0.0013545820256695151329 0.0014312737621366977692 0.0014263144694268703461 0.002189721912145614624 0.0024887130130082368851 0.0028319407720118761063 0.0032126780133694410324 0.0037254181224852800369 0.0043248394504189491272 0.0012105904752388596535 0.0049226321280002593994
-9999 -9999 -9999 -9999 -9999 -9999 -9999 -9999 -9999 -9999 -9999 0.0099525274708867073059 0.004091966431587934494 0.0016047899844124913216 0.0024302843958139419556 0.0051934500224888324738 0.005732957739382982254 0.010053209029138088226 0.0074791978113353252411 0.0086506130173802375793 0.010584999807178974152 0.0063087623566389083862 0.0022767160553485155106 0.0028884115163236856461 0.0033133211545646190643 0.0038159873802214860916 0.019490560516715049744 0.021794540807604789734 0.021902529522776603699 0.022420588880777359009 0.023311251774430274963 0.020440343767404556274 0.018616333603858947754 0.018336098641157150269 0.018001422286033630371 0.018069859594106674194 0.018661035224795341492 0.019625434651970863342 0.022540323436260223389 0.022759590297937393188
-9999 -9999 -9999 -9999 -9999 -9999 -9999 -9999 -9999 -9999 0.0084931105375289916992 0.002449573250487446785 0.003415541723370552063 0.0015778604429215192795 0.0045740678906440734863 0.0051124705933034420013 0.0063837799243628978729 0.0070465928874909877777 0.0089125558733940124512 0.011381250806152820587 0.006117159966379404068 0.0013266154564917087555 0.0013080644421279430389 0.0022126352414488792419 0.016009010374546051025 0.017650149762630462646 0.0040593054145574569702 0.0029435155447572469711 0.0034603485837578773499 0.0039417329244315624237 0.0044151237234473228455 0.0044981981627643108368 0.0046885395422577857971 0.0048677651211619377136 0.0050422567874193191528 0.0052506085485219955444 0.0055225817486643791199 0.0058443476445972919464 0.0063119465485215187073 0.0065365289337933063507
-9999 -9999 -9999 -9999 -9999 -9999 -9999 -9999 -9999 0.0015781716210767626762 0.0072882976382970809937 0.0014917828375473618507 0.0024914015084505081177 0.0036226364318281412125 0.0044518020004034042358 0.0058151241391897201538 0.0064846994355320930481 0.008253683336079120636 0.011384050361812114716 0.0061739995144307613373 0.0060541131533682346344 0.0093625159934163093567 0.012544296681880950928 0.015787668526172637939 0.0035266655031591653824 0.0034999200142920017242 0.0021973866969347000122 0.0012599194888025522232 0.0021423420403152704239 0.0027407237794250249863 0.0032535556238144636154 0.0035084250848740339279 0.003761877305805683136 0.0039769806899130344391 0.0041517391800880432129 0.0042599411681294441223 0.0048292172141373157501 0.034186877310276031494 0.037440098822116851807 0.038998752832412719727
-9999 -9999 -9999 -9999 -9999 -9999 -9999 -9999 -9999 0.0045376420021057128906 0.0043061259202659130096 0.0015612007118761539459 0.0025075054727494716644 0.0035388669930398464203 0.0051065613515675067902 0.0058142947964370250702 0.0076571041718125343323 0.01052721124142408371 0.0055082095786929130554 0.0059176022186875343323 0.0059598218649625778198 0.0060975267551839351654 0.0064137056469917297363 0.0029267179779708385468 0.0029648761264979839325 0.0012809111503884196281 0.0012504626065492630005 0.0020818379707634449005 0.0026637706905603408813 0.0031888075172901153564 0.0036294248420745134354 0.0038350534159690141678 0.0040032500401139259338 0.0044258572161197662354 0.030658790841698646545 0.034602716565132141113 0.038037642836570739746 0.0067895934917032718658 0.0066447420977056026459 0.0064844004809856414795
-9999 -9999 -9999 -9999 -9999 -9999 -9999 -9999 -9999 0.0034701910335570573807 0.0034467268269509077072 0.0015494473045691847801 0.0025091147981584072113 0.0042632967233657836914 0.0049647702835500240326 0.0068402020260691642761 0.0099721606820821762085 0.0048958193510770797729 0.0054945251904428005219 0.0059343948960304260254 0.005987015552818775177 0.006097781006246805191 0.0022204313427209854126 0.0022087702527642250061 0.0022275864612311124802 0.002833598526194691658 0.0031672276090830564499 0.0035530321765691041946 0.0041216914542019367218 0.00462896004319190979 0.004956116899847984314 0.0052697164937853813171 0.029199069365859031677 0.03273607790470123291 0.0060725715011358261108 0.0063830222934484481812 0.0065555809997022151947 0.0062975762411952018738 0.00607923092320561409 0.0059280926361680030823
-9999 -9999 -9999 -9999 -9999 -9999 -9999 -9999 0.0070047117769718170166 0.0024010229390114545822 0.0024144542403519153595 0.0014689534436911344528 0.0034035125281661748886 0.0040740240365266799927 0.0058419816195964813232 0.0088144661858677864075 0.0040834918618202209473 0.0049468567594885826111 0.0057503338903188705444 0.0061489013023674488068 0.0060656010173261165619 0.0013111173175275325775 0.0012808497995138168335 0.001266158069483935833 0.0012673765886574983597 0.002143874065950512886 0.0026631928049027919769 0.0031953100115060806274 0.022627724334597587585 0.025174738839268684387 0.026687769219279289246 0.029064731672406196594 0.0058103613555431365967 0.0057833557948470115662 0.0060189808718860149384 0.0061874589882791042328 0.0059942398220300674438 0.0058378144167363643646 0.0056976117193698883057 0.0055824355222284793854
-9999 -9999 -9999 -9999 -9999 -9999 -9999 -9999 0.006942272186279296875 0.0015102248871698975563 0.0014928115997463464737 0.0024762887042015790939 0.0034000491723418235779 0.0052886521443724632263 0.008205067366361618042 0.003245046595111489296 0.0040409122593700885773 0.0048855440691113471985 0.0056994259357452392578 0.0061084451153874397278 0.0055702719837427139282 0.0086972946301102638245 0.011258068494498729706 0.013495955616235733032 0.017140662297606468201 0.018056815490126609802 0.019337650388479232788 0.021398870274424552917 0.0053255832754075527191 0.0053595965728163719177 0.0052741435356438159943 0.0052926419302821159363 0.0053275073878467082977 0.0056183249689638614655 0.005832661408931016922 0.0056855399161577224731 0.0055889585055410861969 0.0055081937462091445923 0.0053792116232216358185 0.0059406734071671962738
-9999 -9999 -9999 -9999 -9999 -9999 -9999 0.0032998905517160892487 0.0054276068694889545441 0.0015667120460420846939 0.0016090980498120188713 0.0024567968212068080902 0.005154090002179145813 0.0082692801952362060547 0.0024512165691703557968 0.0033348104916512966156 0.0040645417757332324982 0.0047814222052693367004 0.0055823693983256816864 0.0054493728093802928925 0.0056248260661959648132 0.0053486097604036331177 0.0051790815778076648712 0.0075399493798613548279 0.0033550888765603303909 0.0038221317809075117111 0.0043217311613261699677 0.004792583175003528595 0.0048188301734626293182 0.0048472504131495952606 0.0048337066546082496643 0.0048153405077755451202 0.0052365860901772975922 0.0056000314652919769287 0.0055340342223644256592 0.0054719750769436359406 0.005422343965619802475 0.0053345160558819770813 0.0058821169659495353699 0.0053400783799588680267
-9999 -9999 -9999 -9999 -9999 -9999 0.0049156923778355121613 0.0024430828634649515152 0.0033874746877700090408 0.0024387380108237266541 0.0016928731929510831833 0.0048248805105686187744 0.0086079193279147148132 0.0015185490483418107033 0.0024847041349858045578 0.0033753300085663795471 0.0040404186584055423737 0.0047275177203118801117 0.0049030864611268043518 0.005430493038147687912 0.0050855032168328762054 0.0048008360899984836578 0.0072812740691006183624 0.0028197420760989189148 0.0032649820204824209213 0.0037163642700761556625 0.0042051612399518489838 0.0041885119862854480743 0.0041661392897367477417 0.0041895993053913116455 0.0042034331709146499634 0.0045977979898452758789 0.0049701062962412834167 0.0049722003750503063202 0.0050015328451991081238 0.0050367070361971855164 0.0050587407313287258148 0.0058153923600912094116 0.0052632326260209083557 0.0054443334229290485382
-9999 -9999 -9999 -9999 -9999 -9999 0.0047381138429045677185 0.0016401688335463404655 0.0025063909124583005905 0.0017553546931594610214 0.0038702485617250204086 0.0065976274199783802032 0.0036311699077486991882 0.0015804485883563756943 0.0025064232759177684784 0.0033941990695893764496 0.0040445439517498016357 0.0040661399252712726593 0.0048628221265971660614 0.0047488291747868061066 0.0044189798645675182343 0.0068111233413219451904 0.0021342844702303409576 0.0026860660873353481293 0.0031255381181836128235 0.0035378790926188230515 0.0035210358910262584686 0.0034932845737785100937 0.0034681588876992464066 0.0034718671813607215881 0.0038982876576483249664 0.004263531416654586792 0.0042376299388706684113 0.0042549865320324897766 0.0043250238522887229919 0.0044316598214209079742 0.0053340583108365535736 0.0049774427898228168488 0.0053267618641257286072 0.0051682242192327976227
-9999 -9999 -9999 -9999 -9999 0.0059652384370565414429 0.0025594057515263557434 0.0018117593135684728622 0.0019524524686858057976 0.0028229521121829748154 0.0027668676339089870453 0.0038082802202552556992 0.0025679236277937889099 0.0016778840217739343643 0.0024998579174280166626 0.0034463123884052038193 0.0033754331525415182114 0.0041181943379342556 0.0041652787476778030396 0.0041038924828171730042 0.0069049894809722900391 0.0013034658040851354599 0.0021526694763451814651 0.0027021067216992378235 0.0031258731614798307419 0.003033573739230632782 0.0029850616119801998138 0.0029593864455819129944 0.0029413793236017227173 0.0033822914119809865952 0.0037997218314558267593 0.0037901441100984811783 0.0037812315858900547028 0.0037909252569079399109 0.0038431382272392511368 0.0047244145534932613373 0.0044072102755308151245 0.0048702997155487537384 0.0049064317718148231506 0.0048155412077903747559
-9999 -9999 -9999 -9999 -9999 0.0026912211906164884567 0.0026995453517884016037 0.0021293542813509702682 0.0022722531575709581375 0.0021558334119617938995 0.0023477091453969478607 0.0021061922889202833176 0.0019501735223457217216 0.0018570411484688520432 0.0023736518342047929764 0.0025029303506016731262 0.0034923336934298276901 0.0034243564587086439133 0.0034167321864515542984 0.0049561620689928531647 0.0040051154792308807373 0.0014272102853283286095 0.0023340934421867132187 0.0029289575759321451187 0.0027684269007295370102 0.0026252979878336191177 0.0025458275340497493744 0.0025195232592523097992 0.0029969247989356517792 0.0034506930969655513763 0.0034786090254783630371 0.0035044639371335506439 0.0034980655182152986526 0.0034727323800325393677 0.0042940508574247360229 0.0038950978778302669525 0.0043070255778729915619 0.0043325736187398433685 0.004395797383040189743 0.0043816650286316871643
