tests/data/reference/gistest/full/mwlevel_m.asc
ncols        125
nrows        78
xllcorner    -713756.799299980048
yllcorner    -1061032.369616159936
cellsize     10.000000000000
NODATA_value  -9999
[rows 54 to 71 of 78, columns 39 to 77 of 125]
0.0039525828324258327484 0.0038615949451923370361 0.0037943758070468902588 0.0052784821018576622009 0.0041850395500659942627 0.004197108093649148941 0.0037485952489078044891 0.0036278739571571350098 0.0038793503772467374802 0.0041268123313784599304 0.0098806321620941162109 0.013338142074644565582 0.0040390021167695522308 0.0040630409494042396545 0.0040177195332944393158 0.005232994910329580307 0.0077757304534316062927 0.0082926005125045776367 0.0046103033237159252167 0.0041038109920918941498 0.0048854248598217964172 0.0059779328294098377228 0.0046220822259783744812 0.0061323707923293113708 0.0062088854610919952393 0.0065418859012424945831 0.0068520610220730304718 0.0072883893735706806183 0.0075994776561856269836 0.0076096672564744949341 0.0074080191552639007568 0.0071752695366740226746 0.0071453703567385673523 0.0072152959182858467102 0.0078862868249416351318 0.0095386095345020294189 0.001192017807625234127 0.0011246494250372052193 0.0015044340398162603378
0.0035425061360001564026 0.003456774633377790451 0.0049745119176805019379 0.0037820232100784778595 0.0037570348940789699554 0.0033402093686163425446 0.0032874604221433401108 0.0042986893095076084137 0.0060922186821699142456 0.0077200080268085002899 0.005568040069192647934 0.0036716202739626169205 0.0036977531854063272476 0.003649424063041806221 0.0049987197853624820709 0.0038728425279259681702 0.0072099952958524227142 0.0039733853191137313843 0.0036650090478360652924 0.0044924276880919933319 0.0055929552763700485229 0.0043455203995108604431 0.0062365760095417499542 0.0011737389722838997841 0.0065273647196590900421 0.0085996221750974655151 0.00902670249342918396 0.013269311748445034027 0.018710315227508544922 0.017948908731341362 0.016961118206381797791 0.01604664139449596405 0.015495515428483486176 0.015160663053393363953 0.015819242224097251892 0.017408451065421104431 0.015770267695188522339 0.015056773088872432709 0.014780526049435138702
0.00312081887386739254 0.00467793317511677742 0.0033759956713765859604 0.0033480923157185316086 0.0028964923694729804993 0.0028930902481079101562 0.004058294929563999176 0.0031883716583251953125 0.0031533536966890096664 0.0052656219340860843658 0.0032170636113733053207 0.0032996912486851215363 0.003277519717812538147 0.0046432279050350189209 0.0035208337940275669098 0.0067254332825541496277 0.0032508529257029294968 0.003007302992045879364 0.0040060924366116523743 0.0051924064755439758301 0.0039219697937369346619 0.0060005346313118934631 0.0040747751481831073761 0.0062411432154476642609 0.0038746148347854614258 0.0037978310137987136841 0.0060909390449523925781 0.0090868733823299407959 0.0045120026916265487671 0.0067896917462348937988 0.0067046498879790306091 0.0066279834136366844177 0.0065745962783694267273 0.0065462929196655750275 0.0067809275351464748383 0.007070248480886220932 0.0069021405652165412903 0.0070385881699621677399 0.018052963539958000183
0.0045458893291652202606 0.0029943359550088644028 0.0029050046578049659729 0.0024278194177895784378 0.0024292739108204841614 0.0037561517674475908279 0.0028762246947735548019 0.0028048981912434101105 0.0049845632165670394897 0.0027692818548530340195 0.0027991768438369035721 0.0028492351993918418884 0.0043624751269817352295 0.0030803098343312740326 0.0062802713364362716675 0.0027675116434693336487 0.0023722765035927295685 0.0033394633792340755463 0.0046323887072503566742 0.0034482388291507959366 0.0057006371207535266876 0.0037131947465240955353 0.003642221447080373764 0.0036300015635788440704 0.003569940570741891861 0.0034702380653470754623 0.0083088111132383346558 0.0040476149879395961761 0.0040715206414461135864 0.0078616235405206680298 0.0095319701358675956726 0.010959131643176078796 0.014624453149735927582 0.014273765496909618378 0.014209411107003688812 0.014078916981816291809 0.012735080905258655548 0.012292275205254554749 0.031932424753904342651
0.0026878912467509508133 0.0025070267729461193085 0.0018963556503877043724 0.0018991668475791811943 0.0033528101630508899689 0.0024659447371959686279 0.0024507744237780570984 0.0048137716948986053467 0.002369912806898355484 0.0023547369055449962616 0.0023706776555627584457 0.0041214185766875743866 0.0028147685807198286057 0.0058884690515697002411 0.0021990276873111724854 0.0018518510041758418083 0.0028917861636728048325 0.0041047036647796630859 0.0029093953780829906464 0.005321859847754240036 0.0033666784875094890594 0.0032738030422478914261 0.00322600523941218853 0.0032299968879669904709 0.0031977952457964420319 0.0080773308873176574707 0.0035170542541891336441 0.0036101923324167728424 0.0077772955410182476044 0.0038748977240175008774 0.003754810430109500885 0.0073109590448439121246 0.0038481410592794418335 0.0058993124403059482574 0.0059976680204272270203 0.0060748355463147163391 0.0059604565612971782684 0.0057389154098927974701 0.014533709734678268433
0.0020899770315736532211 0.0011997414985671639442 0.0011971348430961370468 0.00291689322330057621 0.0019216682994738221169 0.0019358518766239285469 0.0045886337757110595703 0.0019140989752486348152 0.001905805664137005806 0.0019042203202843666077 0.0037922114133834838867 0.0024907612241804599762 0.0061446232721209526062 0.0017100764671340584755 0.0011323760263621807098 0.0024527490604668855667 0.0039072064682841300964 0.0024460018612444400787 0.0048877391964197158813 0.0029278525616973638535 0.0029162445571273565292 0.0028647694271057844162 0.0028235136996954679489 0.0028011386748403310776 0.0079980716109275817871 0.0031752672512084245682 0.0031624655239284038544 0.0073971790261566638947 0.0035565325524657964706 0.0034913180861622095108 0.0072984346188604831696 0.0036473225336521863937 0.0035396949388086795807 0.0034307194873690605164 0.0050203544087707996368 0.0054503856226801872253 0.0057929148897528648376 0.0066519998945295810699 0.016991700977087020874
0.0012266739504411816597 0.0019586458802223205566 0.0024518247228115797043 0.0011984407901763916016 0.0012001655995845794678 0.004185338970273733139 0.001199213322252035141 0.0011984719894826412201 0.0012001425493508577347 0.003471378004178404808 0.0019709407351911067963 0.0061143464408814907074 0.0011862585088238120079 0.0011286169756203889847 0.0017346965614706277847 0.0034896351862698793411 0.0020339286420494318008 0.0046492004767060279846 0.0024334520567208528519 0.0024362716358155012131 0.0024401717819273471832 0.0024395422078669071198 0.0024034748785197734833 0.0077838907018303871155 0.0027839662507176399231 0.0027966764755547046661 0.0071445456705987453461 0.0031441603787243366241 0.0031158574856817722321 0.0071825431659817695618 0.0034051099792122840881 0.0033127299975603818893 0.0032069087028503417969 0.0027561013121157884598 0.0010603158734738826752 0.001060380483977496624 0.002312854863703250885 0.001009024912491440773 0.0027099398430436849594
0.0020233809482306241989 0.0023634540848433971405 0.0028379207942634820938 0.0033876406960189342499 0.0038404460065066814423 0.0011980884009972214699 0.0019102108199149370193 0.0024319293443113565445 0.0029561768751591444016 0.0011745896190404891968 0.0059209000319242477417 0.0011988027254119515419 0.0018040037248283624649 0.0021228296682238578796 0.0026283739134669303894 0.0011933194473385810852 0.0046736993826925754547 0.0019813794642686843872 0.0019191044848412275314 0.0019028490642085671425 0.0019123549573123455048 0.0019420239841565489769 0.0078928768634796142578 0.0023739505559206008911 0.0023434825707226991653 0.0069692288525402545929 0.0027886752504855394363 0.0027219767216593027115 0.0068964497186243534088 0.0030562758911401033401 0.0030040384735912084579 0.0029191875364631414413 0.0024582825135439634323 0.0010633064666762948036 0.0015579385217279195786 0.0019894323777407407761 0.0010483047226443886757 0.0014638223219662904739 0.0010000000474974513054
0.0012515557464212179184 0.0020788409747183322906 0.0025542075745761394501 0.0028779753483831882477 0.0033070873469114303589 0.0035883944947272539139 0.0038718669675290584564 0.0042124232277274131775 0.0047007258981466293335 0.0054664420895278453827 0.0011940702097490429878 0.0018271547742187976837 0.0021446547470986843109 0.0024773164186626672745 0.0030460562556982040405 0.0039975661784410476685 0.0012186496751382946968 0.0011769445845857262611 0.0011999679263681173325 0.001198591897264122963 0.0012006346369162201881 0.0078898444771766662598 0.0019770483486354351044 0.0019032197305932641029 0.0067766946740448474884 0.0024060397408902645111 0.0023768513929098844528 0.0068328776396811008453 0.0026995379012078046799 0.0026539331302046775818 0.002587127266451716423 0.0020893614273518323898 0.0010708924382925033569 0.0015448089689016342163 0.0019271768396720290184 0.0023183603771030902863 0.0025898225139826536179 0.0027372012846171855927 0.0014725947985425591469
-9999 -9999 -9999 0.0012473788810893893242 0.0012279126094654202461 0.0011781030334532260895 0.0018711435841396450996 0.0023288964293897151947 0.0027751785237342119217 0.0033219375181943178177 0.0035671556834131479263 0.0035033463500440120697 0.0036122140008956193924 0.004014006350189447403 0.0048326333053410053253 0.0058120200410485267639 0.006333133205771446228 0.0063702254556119441986 0.0065318518318235874176 0.0067483228631317615509 0.0072207702323794364929 0.0011790287680923938751 0.0011745251249521970749 0.0067456113174557685852 0.0019351700320839881897 0.0019401336321607232094 0.0069587463513016700745 0.002394431503489613533 0.0023148914333432912827 0.00223361235111951828 0.0016866115620359778404 0.0010788399958983063698 0.0015474967658519744873 0.0018981328466907143593 0.0022298635449260473251 0.0025747579056769609451 0.0028204678092151880264 0.003001695265993475914 0.0016035148873925209045
-9999 -9999 -9999 -9999 -9999 -9999 0.0012002722360193729401 0.0011962853604927659035 0.0020007719285786151886 0.0026700894813984632492 0.0011922980193048715591 0.0018222036305814981461 0.0022242395207285881042 0.0026477819774299860001 0.0031810409855097532272 0.0037808606866747140884 0.0041476222686469554901 0.0043657268397510051727 0.0046184682287275791168 0.0049430704675614833832 0.0054497006349265575409 0.0060886521823704242706 0.0064865094609558582306 0.0011825446272268891335 0.001187826390378177166 0.0068909106776118278503 0.0019805058836936950684 0.0019373145187273621559 0.0018551355460658669472 0.0011440952075645327568 0.001103165443055331707 0.0015593903372064232826 0.0018874722300097346306 0.0021960490848869085312 0.0025095897726714611053 0.0028403378091752529144 0.0031192123424261808395 0.003366641700267791748 0.0017297139856964349747
-9999 -9999 -9999 -9999 -9999 -9999 -9999 -9999 -9999 -9999 -9999 -9999 0.0011880741221830248833 0.0019947397522628307343 0.0025355704128742218018 0.0027614191640168428421 0.003112387610599398613 0.0034150518476963043213 0.0038373167626559734344 0.0041962410323321819305 0.0044565210118889808655 0.0047699031420052051544 0.0051553780212998390198 0.0056998562067747116089 0.0063716270960867404938 0.0012035438558086752892 0.0011837508063763380051 0.0011944462312385439873 0.0011859233491122722626 0.0016975037287920713425 0.0019888398237526416779 0.0022147642448544502258 0.0024581628385931253433 0.0027548572979867458344 0.0030955180991441011429 0.0034943840000778436661 0.0088157961145043373108 0.0091262580826878547668 0.0036034265067428350449
-9999 -9999 -9999 -9999 -9999 -9999 -9999 -9999 -9999 -9999 -9999 -9999 -9999 0.0012192769208922982216 0.0012644553789868950844 0.0020368078257888555527 0.0024788875598460435867 0.0028930869884788990021 0.0033595042768865823746 0.003893420100212097168 0.0043307309970259666443 0.0046897106803953647614 0.0051397900097072124481 0.0055762357078492641449 0.0055229398421943187714 0.0057932501658797264099 0.0060178558342158794403 0.0059365895576775074005 0.0056473067961633205414 0.0054058223031461238861 0.0053518442437052726746 0.0053613479249179363251 0.0055355750955641269684 0.005909669678658246994 0.0064137191511690616608 0.0070523698814213275909 0.0010736646363511681557 0.0010427533416077494621 0.0010000000474974513054
-9999 -9999 -9999 -9999 -9999 -9999 -9999 -9999 -9999 -9999 -9999 -9999 -9999 -9999 -9999 -9999 -9999 -9999 -9999 -9999 -9999 0.0011904495768249034882 0.0012085676426067948341 0.0012629249831661581993 0.0012889291392639279366 0.0012656558537855744362 0.0019937979523092508316 0.0023367777466773986816 0.0026086859870702028275 0.0027962005697190761566 0.0028707189485430717468 0.0028881924226880073547 0.0031135277822613716125 0.0035134477075189352036 0.0039722309447824954987 0.0044744298793375492096 0.0046854908578097820282 0.004589266609400510788 0.011940769851207733154
-9999 -9999 -9999 -9999 -9999 -9999 -9999 -9999 -9999 -9999 -9999 -9999 -9999 -9999 -9999 -9999 -9999 -9999 -9999 -9999 -9999 -9999 -9999 -9999 0.002255802275612950325 0.0022132063750177621841 0.0012049588840454816818 0.0011956247035413980484 0.0018013056833297014236 0.0022119900677353143692 0.0024491734802722930908 0.0025477367453277111053 0.0026938666123896837234 0.002971956273540854454 0.0034256062936037778854 0.0038514479529112577438 0.0039983368478715419769 0.0039160917513072490692 0.010426130145788192749
-9999 -9999 -9999 -9999 -9999 -9999 -9999 -9999 -9999 -9999 -9999 -9999 -9999 -9999 -9999 -9999 -9999 -9999 -9999 -9999 -9999 -9999 -9999 -9999 -9999 -9999 0.0026827533729374408722 0.0018972210818901658058 0.0011713230051100254059 0.0011709005339071154594 0.0017391175497323274612 0.0020216295961290597916 0.0022896556183695793152 0.0025880502071231603622 0.0027901644352823495865 0.0031435200944542884827 0.0033036791719496250153 0.0086475843563675880432 0.0035266994964331388474
-9999 -9999 -9999 -9999 -9999 -9999 -9999 -9999 -9999 -9999 -9999 -9999 -9999 -9999 -9999 -9999 -9999 -9999 -9999 -9999 -9999 -9999 -9999 -9999 -9999 -9999 -9999 0.0028894525021314620972 0.0023338915780186653137 0.0018486536573618650436 0.0011665817582979798317 0.0016822378383949398994 0.0020556200761348009109 0.002449389314278960228 0.002733289496973156929 0.0029349878896027803421 0.0030600267928093671799 0.0079318983480334281921 0.0031806549523025751114
-9999 -9999 -9999 -9999 -9999 -9999 -9999 -9999 -9999 -9999 -9999 -9999 -9999 -9999 -9999 -9999 -9999 -9999 -9999 -9999 -9999 -9999 -9999 -9999 -9999 -9999 -9999 -9999 -9999 0.0028520829509943723679 0.0023386075627058744431 0.0011450854362919926643 0.0017112544737756252289 0.002185642952099442482 0.0025448275264352560043 0.002792894141748547554 0.0029764671344310045242 0.0015654054004698991776 -9999
