tests/data/reference/gistest/full/mwlevel_m.asc
ncols        125
nrows        78
xllcorner    -713756.799299980048
yllcorner    -1061032.369616159936
cellsize     10.000000000000
NODATA_value  -9999
[rows 34 to 50 of 78, columns 0 to 39 of 125]
-9999 -9999 -9999 -9999 -9999 -9999 -9999 -9999 -9999 -9999 -9999 -9999 -9999 -9999 0.0012261663796380162239 0.0087359268218278884888 0.0052686403505504131317 0.0066224485635757446289 0.023151895031332969666 0.0042975912801921367645 0.0049025495536625385284 0.0059249578043818473816 0.0067225601524114608765 0.0077894655987620353699 0.005467707756906747818 0.010625826194882392883 0.0088486233726143836975 0.0095302760601043701172 0.012237943708896636963 0.0076426733285188674927 0.0046450849622488021851 0.0039546745829284191132 0.0048962580040097236633 0.0055799521505832672119 0.0088397879153490066528 0.001199934748001396656 0.0019282997818663716316 0.0046265376731753349304 0.0038065644912421703339 0.0033130750525742769241
-9999 -9999 -9999 -9999 -9999 -9999 -9999 -9999 -9999 -9999 -9999 -9999 -9999 0.0010000000474974513054 0.0014573432272300124168 0.004665233660489320755 0.006189821287989616394 0.023074563592672348022 0.0036877251695841550827 0.0042514628730714321136 0.0052988333627581596375 0.0062515884637832641602 0.0075881136581301689148 0.005260153207927942276 0.010864964686334133148 0.0088038649410009384155 0.0096581084653735160828 0.012963774614036083221 0.0076760295778512954712 0.0043258415535092353821 0.0034878572914749383926 0.0043128961697220802307 0.0049542579799890518188 0.0072607509791851043701 0.0023782714270055294037 0.001197172095999121666 0.0042375158518552780151 0.003400786546990275383 0.0029041927773505449295 0.0028219900559633970261
-9999 -9999 -9999 -9999 -9999 -9999 -9999 -9999 -9999 -9999 -9999 -9999 -9999 0.0012134679127484560013 0.0041689975187182426453 0.0056669563055038452148 0.022529648616909980774 0.0030645795632153749466 0.0036697511095553636551 0.004727633204311132431 0.0056596673093736171722 0.0070054605603218078613 0.004766051657497882843 0.010769420303404331207 0.0087905973196029663086 0.0097490185871720314026 0.013464079238474369049 0.0079806884750723838806 0.0041167754679918289185 0.0031257614027708768845 0.0040387748740613460541 0.0047326134517788887024 0.0068189096637070178986 0.0011888382723554968834 0.0018941280432045459747 0.0038853436708450317383 0.0030546647030860185623 0.0025306518655270338058 0.0024895619135349988937 0.0037350915372371673584
-9999 -9999 -9999 -9999 -9999 -9999 -9999 -9999 -9999 -9999 -9999 -9999 0.0010000000474974513054 0.0056879520416259765625 0.0056082545779645442963 0.022880984470248222351 0.0023150080814957618713 0.0030574270058423280716 0.0042201750911772251129 0.0051667313091456890106 0.0064812055788934230804 0.0041233939118683338165 0.010262112133204936981 0.0083648869767785072327 0.0095134070143103599548 0.013576395809650421143 0.0079708909615874290466 0.0039146048948168754578 0.0027411014307290315628 0.0037987271789461374283 0.0047606574371457099915 0.003699329448863863945 0.0051594628021121025085 0.0011973439250141382217 0.0035802435595542192459 0.002636502264067530632 0.0020632764790207147598 0.0020584650337696075439 0.003658646484836935997 0.0020168316550552845001
-9999 -9999 -9999 -9999 -9999 -9999 -9999 -9999 -9999 -9999 -9999 0.0010000000474974513054 0.0013120305957272648811 0.0054546315222978591919 0.024981189519166946411 0.0014196295524016022682 0.0023851962760090827942 0.0037968754768371582031 0.0047842683270573616028 0.006091053597629070282 0.0035635447129607200623 0.0097427861765027046204 0.0079328184947371482849 0.009166867472231388092 0.01344371400773525238 0.0077942321076989173889 0.0034656645730137825012 0.0021732316818088293076 0.0033891936764121055603 0.004506770055741071701 0.0035310459788888692856 0.0034345882013440132141 0.0033724256791174411774 0.0033931985963135957718 0.0020927842706441879272 0.0011779866181313991547 0.0012115287827327847481 0.0034064610954374074936 0.0012315294006839394569 0.0012272063177078962326
-9999 -9999 -9999 -9999 -9999 -9999 -9999 -9999 -9999 -9999 -9999 0.0010000000474974513054 0.0051589794456958770752 0.026350347325205802917 0.0024581530597060918808 0.0015186931705102324486 0.0034722676500678062439 0.0046341605484485626221 0.0059188953600823879242 0.003012833883985877037 0.0094783483073115348816 0.0074924109503626823425 0.0088186748325824737549 0.013263962231576442719 0.0074878474697470664978 0.0029469495639204978943 0.0012601007474586367607 0.0028484463691711425781 0.004027700517326593399 0.0029966887086629867554 0.0030921509023755788803 0.0030840679537504911423 0.0031095310114324092865 0.0012916135601699352264 0.00121250934898853302 0.0020103559363633394241 0.0026771011762320995331 0.0012730227317661046982 0.0021185250952839851379 0.0025983247905969619751
-9999 -9999 -9999 -9999 -9999 -9999 -9999 -9999 -9999 -9999 0.0010000000474974513054 0.0064266128465533256531 0.027256032451987266541 0.0035215930547565221786 0.0015546358190476894379 0.0024586624931544065475 0.0044285533949732780457 0.0060071526095271110535 0.0023886337876319885254 0.0094509795308113098145 0.00724713178351521492 0.008462253957986831665 0.012961127795279026031 0.0070964274927973747253 0.002242954447865486145 0.0012768688611686229706 0.0021965482737869024277 0.0034776711836457252502 0.0022651252802461385727 0.0023371081333607435226 0.0024262182414531707764 0.0024388020392507314682 0.0013501932844519615173 0.0021722549572587013245 0.002464707009494304657 0.0027757035568356513977 0.0031789245549589395523 0.0038753468543291091919 0.0045893769711256027222 0.0012321060057729482651
-9999 -9999 -9999 -9999 -9999 -9999 -9999 -9999 -9999 -9999 0.0010000000474974513054 0.023243289440870285034 0.0049079083837568759918 0.0023610468488186597824 0.0015814667567610740662 0.0036667855456471443176 0.0058267102576792240143 0.0014780486235395073891 0.0099041992798447608948 0.0072364294901490211487 0.0083333496004343032837 0.012747120112180709839 0.0066963471472263336182 0.0012935049599036574364 0.0012709033908322453499 0.0021586283110082149506 0.0028630997985601425171 0.0013065041275694966316 0.0013172172475606203079 0.0013545808615162968636 0.0014312725979834794998 0.0014263131888583302498 0.0021897198166698217392 0.0024887111503630876541 0.0028319382108747959137 0.003212675219401717186 0.0037254146300256252289 0.0043248357251286506653 0.0012105894275009632111 0.004922627471387386322
-9999 -9999 -9999 -9999 -9999 -9999 -9999 -9999 -9999 0.0012450142530724406242 0.0058148358948528766632 0.019557857885956764221 0.0040919627062976360321 0.0016047887038439512253 0.002430278342217206955 0.0051934449002146720886 0.0057329521514475345612 0.010053199715912342072 0.007479190826416015625 0.0086506055667996406555 0.012913973070681095123 0.0063087567687034606934 0.0022767137270420789719 0.0028884089551866054535 0.003313318127766251564 0.0038159838877618312836 0.019490541890263557434 0.021794518455862998962 0.021902509033679962158 0.022420566529035568237 0.023311229422688484192 0.020440325140953063965 0.018616316840052604675 0.01833608187735080719 0.018001407384872436523 0.018069844692945480347 0.018661018460988998413 0.019625416025519371033 0.022540302947163581848 0.022759569808840751648
-9999 -9999 -9999 -9999 -9999 -9999 -9999 -9999 0.0010000000474974513054 0.0012663285015150904655 0.018550070002675056458 0.0024495699908584356308 0.0034155382309108972549 0.0015778591623529791832 0.0045740632340312004089 0.005112465936690568924 0.0063837738707661628723 0.0070465863682329654694 0.0089125484228134155273 0.014035462401807308197 0.0061171539127826690674 0.0013266142923384904861 0.0013080632779747247696 0.0022126329131424427032 0.016008995473384857178 0.017650132998824119568 0.0040593016892671585083 0.0029435125179588794708 0.0034603453241288661957 0.0039417291991412639618 0.0044151199981570243835 0.0044981944374740123749 0.0046885353513062000275 0.0048677604645490646362 0.0050422521308064460754 0.005250603891909122467 0.0055225766263902187347 0.0058443425223231315613 0.0063119404949247837067 0.0065365228801965713501
-9999 -9999 -9999 -9999 -9999 -9999 -9999 -9999 0.0010000000474974513054 0.0024226638488471508026 0.016942203044891357422 0.0014917815569788217545 0.0024913977831602096558 0.0036226322408765554428 0.0044517973437905311584 0.0058151185512542724609 0.0064846933819353580475 0.0082536758854985237122 0.014202092774212360382 0.0061739934608340263367 0.0060541070997714996338 0.0093625076115131378174 0.012544285506010055542 0.015787653625011444092 0.0035266620106995105743 0.0034999167546629905701 0.0021973843686282634735 0.0012599184410646557808 0.0021423399448394775391 0.0027407212182879447937 0.003253552829846739769 0.0035084220580756664276 0.0037618740461766719818 0.0039769769646227359772 0.004151735454797744751 0.0042599374428391456604 0.0048292130231857299805 0.034970782697200775146 0.038230977952480316162 0.039761930704116821289
-9999 -9999 -9999 -9999 -9999 -9999 -9999 -9999 0.0033104592002928256989 0.016470337286591529846 0.0043061212636530399323 0.0015611993148922920227 0.0025075012817978858948 0.0035388630349189043045 0.005106556229293346405 0.0058142892085015773773 0.0076570967212319374084 0.013284209184348583221 0.0055082044564187526703 0.0059175966307520866394 0.005959816277027130127 0.0060975211672484874725 0.0064137000590562820435 0.0029267151840031147003 0.0029648733325302600861 0.0012809101026505231857 0.0012504614423960447311 0.0020818358752876520157 0.0026637683622539043427 0.00318880472332239151 0.0036294215824455022812 0.0038350501563400030136 0.0040032463148236274719 0.0044258534908294677734 0.031194739043712615967 0.035346698015928268433 0.038979042321443557739 0.0067895874381065368652 0.0066447355784475803375 0.0064843939617276191711
-9999 -9999 -9999 -9999 -9999 -9999 -9999 0.0010000000474974513054 0.014271867461502552032 0.0034701873082667589188 0.0034467231016606092453 0.0015494460240006446838 0.0025091108400374650955 0.004263292066752910614 0.0049647651612758636475 0.0068401955068111419678 0.012749662622809410095 0.0048958146944642066956 0.0054945200681686401367 0.0059343888424336910248 0.0059870099648833274841 0.0060977749526500701904 0.0022204290144145488739 0.0022087681572884321213 0.0022275841329246759415 0.0028335957322269678116 0.0031672245822846889496 0.0035530289169400930405 0.0041216877289116382599 0.0046289558522403240204 0.0049561127088963985443 0.005269711371511220932 0.029599901288747787476 0.033354070037603378296 0.0064702685922384262085 0.0067665632814168930054 0.0065555744804441928864 0.0062975701875984668732 0.0060792253352701663971 0.0059280865825712680817
-9999 -9999 -9999 -9999 -9999 -9999 -9999 0.016554281115531921387 0.0070047052577137947083 0.002401019679382443428 0.0024144509807229042053 0.0014689521631225943565 0.0034035090357065200806 0.004074019845575094223 0.0058419760316610336304 0.011428164318203926086 0.0040834876708686351776 0.004946851637214422226 0.0057503283023834228516 0.0061488957144320011139 0.006065595429390668869 0.0013111161533743143082 0.0012808486353605985641 0.0012661569053307175636 0.0012673754245042800903 0.0021438719704747200012 0.0026631902437657117844 0.0031953069847077131271 0.022865839302539825439 0.025409732013940811157 0.026911536231637001038 0.029506623744964599609 0.0062315613031387329102 0.0062036472372710704803 0.0064144544303417205811 0.0061874534003436565399 0.005994234234094619751 0.0058378088288009166718 0.0056976061314344406128 0.0055824303999543190002
-9999 -9999 -9999 -9999 -9999 -9999 0.0010097069898620247841 0.0083303051069378852844 0.0069422652013599872589 0.0015102234901860356331 0.0014928103191778063774 0.0024762852117419242859 0.0034000456798821687698 0.0052886470220983028412 0.010815498419106006622 0.0032450433354824781418 0.0040409080684185028076 0.0048855394124984741211 0.0056994203478097915649 0.0061084395274519920349 0.0060840719379484653473 0.0090861348435282707214 0.011594055220484733582 0.013799156062304973602 0.017409868538379669189 0.018312813714146614075 0.019583454355597496033 0.02164188772439956665 0.005325578153133392334 0.0053595919162034988403 0.0056996657513082027435 0.0057212240062654018402 0.005759392865002155304 0.0060247252695262432098 0.0058326558209955692291 0.0056855343282222747803 0.0055889533832669258118 0.0055081886239349842072 0.0053792065009474754333 0.0065915239974856376648
-9999 -9999 -9999 -9999 -9999 0.0027982397004961967468 0.0086706411093473434448 0.0032998872920870780945 0.0054276017472147941589 0.0015667107654735445976 0.0016090966528281569481 0.0024567914661020040512 0.0051540853455662727356 0.011124161072075366974 0.0024512133095413446426 0.0033348069991916418076 0.0040645375847816467285 0.004781417548656463623 0.0055823638103902339935 0.0060461568646132946014 0.0056248209439218044281 0.0053486046381294727325 0.0051790769211947917938 0.0075399423949420452118 0.0033550856169313192368 0.0038221280556172132492 0.004321726970374584198 0.0047925789840519428253 0.0048188259825110435486 0.0052912705577909946442 0.0052770595066249370575 0.0052569075487554073334 0.0056593148037791252136 0.0056000263430178165436 0.0055340286344289779663 0.0054719699546694755554 0.0054223388433456420898 0.0053345109336078166962 0.0065806093625724315643 0.0053400732576847076416
-9999 -9999 -9999 -9999 -9999 0.0026131577324122190475 0.0049156877212226390839 0.0024430791381746530533 0.0033874711953103542328 0.0024387359153479337692 0.0016928717959672212601 0.0048248753882944583893 0.011865610256791114807 0.0015185476513579487801 0.0024847006425261497498 0.0033753265161067247391 0.0040404149331152439117 0.004727513529360294342 0.0055498941801488399506 0.0054304879158735275269 0.0050854985602200031281 0.0048008314333856105804 0.0072812670841813087463 0.0028197392821311950684 0.003264978993684053421 0.0037163605447858572006 0.0042051570490002632141 0.0041885082609951496124 0.0046046730130910873413 0.0046311658807098865509 0.004646117333322763443 0.0050161690451204776764 0.0049701016396284103394 0.0049721957184374332428 0.0050015281885862350464 0.005036702379584312439 0.0050587356090545654297 0.0065695666708052158356 0.0052632275037467479706 0.0061497916467487812042
