tests/data/reference/gistest/full/mwlevel_m.asc
ncols        125
nrows        78
xllcorner    -713756.799299980048
yllcorner    -1061032.369616159936
cellsize     10.000000000000
NODATA_value  -9999
[rows 17 to 33 of 78, columns 40 to 79 of 125]
0.0050583826377987861633 0.0040933266282081604004 0.0030051341746002435684 0.0048660715110599994659 0.0038572745397686958313 0.0038164905272424221039 0.0025534234009683132172 0.0031259439419955015182 0.004743824247270822525 0.0014445177512243390083 0.0022180466912686824799 0.0027838321402668952942 0.0043521877378225326538 0.0030776448547840118408 0.0019834481645375490189 0.0019384758779779076576 0.0012770069297403097153 0.001265007886104285717 0.0018552640685811638832 0.0023450390435755252838 0.0028349924832582473755 0.003363612806424498558 0.0039650890976190567017 0.0014059863751754164696 0.0014390716096386313438 0.0014723404310643672943 0.0069058029912412166595 0.0023866184055805206299 0.0023682143073529005051 0.0075904889963567256927 0.0032244729809463024139 0.0026461572851985692978 0.0028046192601323127747 0.042589325457811355591 0.0045028720051050186157 0.0035696679260581731796 0.0029876672197133302689 0.0020695123821496963501 0.001514402683824300766 -9999
0.0050925700925290584564 0.0041822507046163082123 0.0032782901544123888016 0.0049173445440828800201 0.0038854449521750211716 0.0038597290404140949249 0.0027784972917288541794 0.0032557374797761440277 0.0046445871703326702118 0.0020491613540798425674 0.0013875183649361133575 0.0026597927790135145187 0.0031052369158715009689 0.0043971557170152664185 0.0034568386618047952652 0.0025084975641220808029 0.0024664683733135461807 0.0019213514169678092003 0.0012906146002933382988 0.0012999790487810969353 0.0013123007956892251968 0.0013292320072650909424 0.0013513540616258978844 0.0045301532372832298279 0.0021753057371824979782 0.0022301545832306146622 0.0022554886527359485626 0.0066727553494274616241 0.0028680500108748674393 0.0029279389418661594391 0.0081971278414130210876 0.0031860023736953735352 0.0034855199046432971954 0.0016133727040141820908 0.041738394647836685181 0.0072893216274678707123 0.0034780353307723999023 0.00267505645751953125 0.0021134633570909500122 0.0015090669039636850357
0.0051691164262592792511 0.0043860883451998233795 0.003549695480614900589 0.0049180244095623493195 0.0039410195313394069672 0.0039339200593531131744 0.0029769437387585639954 0.0033531517256051301956 0.0045456201769411563873 0.002433592919260263443 0.0013355499831959605217 0.0020110204350203275681 0.003048234153538942337 0.0034734089858829975128 0.0045585031621158123016 0.0038142653647810220718 0.0029565235599875450134 0.0029460706282407045364 0.0024884918238967657089 0.0019645385909825563431 0.0019805801566690206528 0.0020032534375786781311 0.0020333924330770969391 0.002076488221064209938 0.005018319934606552124 0.0027520644944161176682 0.0027349500451236963272 0.0027142546605318784714 0.0062989504076540470123 0.0034177941270172595978 0.0087806917726993560791 0.0035035363398492336273 0.0035609302576631307602 0.0015277315396815538406 0.0027627621311694383621 0.043114762753248214722 0.010273288004100322723 0.0032099415548145771027 0.0024836866650730371475 0.0019576684571802616119
0.0052677169442176818848 0.0046153636649250984192 0.0037320423871278762817 0.0048486473970115184784 0.0040123499929904937744 0.0039972118102014064789 0.0031791813671588897705 0.0035038180649280548096 0.0045413887128233909607 0.0027476262766867876053 0.0012934233527630567551 0.0019478638423606753349 0.002512380015105009079 0.0034547417890280485153 0.0038201152347028255463 0.004660129547119140625 0.0041099959053099155426 0.0033839305397123098373 0.0034032356925308704376 0.0029797654133290052414 0.0025199586525559425354 0.0025573575403541326523 0.0026067851576954126358 0.0026422787923365831375 0.002649641130119562149 0.0052147139795124530792 0.0031458302401006221771 0.0031640417873859405518 0.0032428875565528869629 0.0078895622864365577698 0.00810764264315366745 0.0036279023624956607819 0.0035844505764544010162 0.0023532239720225334167 0.0015424549346789717674 0.0015408914769068360329 0.041360046714544296265 0.011529573239386081696 0.0032414020970463752747 0.0024747373536229133606
0.0054663242772221565247 0.0048993569798767566681 0.0039736330509185791016 0.004744268953800201416 0.0041102585382759571075 0.0040564495138823986053 0.0033740759827196598053 0.003689619479700922966 0.0046320441178977489471 0.0030467056203633546829 0.0018580269534140825272 0.0012738849036395549774 0.0024615807924419641495 0.0029861482325941324234 0.0037890600506216287613 0.0040793092921376228333 0.0047790133394300937653 0.0044353054836392402649 0.0038106369320303201675 0.0038470984436571598053 0.0034797484986484050751 0.0030612917616963386536 0.0030853720381855964661 0.0030849154572933912277 0.0030799270607531070709 0.0030988997314125299454 0.0054307202808558940887 0.0036941131111234426498 0.0038150255568325519562 0.0090812360867857933044 0.0073866010643541812897 0.0037525522056967020035 0.0038669444620609283447 0.0026795275043696165085 0.0022839917801320552826 0.0015300387749448418617 0.0025043224450200796127 0.037518471479415893555 0.011833710595965385437 0.0053740688599646091461
0.005639403127133846283 0.0052072578109800815582 0.0044170445762574672699 0.004852889571338891983 0.0042893132194876670837 0.0042013856582343578339 0.0036298495251685380936 0.0038969174493104219437 0.0047969226725399494171 0.0033809016458690166473 0.0023166888859122991562 0.0018671790603548288345 0.0012738136574625968933 0.0029212825465947389603 0.0033428401220589876175 0.004056550096720457077 0.0043883170001208782196 0.0049794716760516166687 0.004760026000440120697 0.0042319446802139282227 0.0042959735728800296783 0.0039343573153018951416 0.003497870173305273056 0.003491769544780254364 0.0035150030162185430527 0.003559530479833483696 0.0036158172879368066788 0.0058659594506025314331 0.0043304897844791412354 0.010774587281048297882 0.007116435561329126358 0.0040863342583179473877 0.0040664942935109138489 0.0029471721500158309937 0.0026254819240421056747 0.0021427778992801904678 0.0028749620541930198669 0.001534338807687163353 0.036653399467468261719 0.011500139720737934113
0.00573596172034740448 0.0054853539913892745972 0.0048881066031754016876 0.00517324032261967659 0.0045697824098169803619 0.0044813524000346660614 0.0039693778380751609802 0.0041436194442212581635 0.0050080176442861557007 0.0037577971816062927246 0.0027615635190159082413 0.0023656967096030712128 0.0012595464941114187241 0.001868764054961502552 0.0032712477259337902069 0.0036993359681218862534 0.0044277189299464225769 0.0047246725298464298248 0.0051571172662079334259 0.0050447410903871059418 0.0046325451694428920746 0.0046781878918409347534 0.004310650750994682312 0.0039322958327829837799 0.0039692446589469909668 0.0040015131235122680664 0.004067194182425737381 0.0042128819040954113007 0.0062732081860303878784 0.012974492274224758148 0.0073341783136129379272 0.0042729186825454235077 0.0041031315922737121582 0.0031882030889391899109 0.0029174955561757087708 0.0024949505459517240524 0.0029511949978768825531 0.0014249343657866120338 0.0023135144729167222977 0.035909622907638549805
0.0058632716536521911621 0.0057135671377182006836 0.0052697313949465751648 0.0054206489585340023041 0.0048361420631408691406 0.0046769976615905761719 0.0042328769341111183167 0.0043760510161519050598 0.0051515796221792697906 0.0040709720924496650696 0.0031290231272578239441 0.0012435427634045481682 0.0027743331156671047211 0.0018271725857630372047 0.0023423398379236459732 0.0036679496988654136658 0.0041045583784580230713 0.0047528292052447795868 0.0050043147057294845581 0.0053650517947971820831 0.0053610457107424736023 0.0049977782182395458221 0.0049948962405323982239 0.0046854587271809577942 0.0043432861566543579102 0.0043952697888016700745 0.0045087896287441253662 0.0046581313945353031158 0.0047900290228426456451 0.015715125948190689087 0.0073751290328800678253 0.0044472818262875080109 0.0042292890138924121857 0.0035003989469259977341 0.0032059256918728351593 0.0027962746098637580872 0.0030778564978390932083 0.0019182465039193630219 0.002653261180967092514 0.001499647507444024086
0.012665675953030586243 0.0059347292408347129822 0.0055692442692816257477 0.0055907983332872390747 0.0050637745298445224762 0.0047922674566507339478 0.0044052372686564922333 0.0046015791594982147217 0.0052404738962650299072 0.0043227248825132846832 0.0034261199180036783218 0.0017835872713476419449 0.0012099657906219363213 0.0031232070177793502808 0.0023065172135829925537 0.0027947705239057540894 0.004045148845762014389 0.0044837673194706439972 0.0051089711487293243408 0.0053668869659304618835 0.0056229559704661369324 0.0055629923008382320404 0.0052196714095771312714 0.0052310060709714889526 0.0050010294653475284576 0.0047908830456435680389 0.0049502104520797729492 0.0050495914183557033539 0.0050457394681870937347 0.016552191227674484253 0.0070580593310296535492 0.0046872543171048164368 0.0045242160558700561523 0.0038377691525965929031 0.0035065752454102039337 0.0030913269147276878357 0.0032604672014713287354 0.0022269138135015964508 0.0027575436979532241821 0.0020002843812108039856
0.0025856415741145610809 0.015310388989746570587 0.005875858943909406662 0.0058024316094815731049 0.0053335246630012989044 0.0050333240069448947906 0.0046559162437915802002 0.0048176809214055538177 0.0052727968432009220123 0.0045319665223360061646 0.0037147670518606901169 0.0022124834358692169189 0.0011884717969223856926 0.0017678253352642059326 0.0034908589441329240799 0.0027647470124065876007 0.0032633880618959665298 0.00450471462681889534 0.0049398862756788730621 0.0054503427818417549133 0.0055545726791024208069 0.0056460145860910415649 0.0056166951544582843781 0.0054244711063802242279 0.0055200555361807346344 0.0054229339584708213806 0.0052584712393581867218 0.0053047137334942817688 0.0052752732299268245697 0.018164651468396186829 0.0070387739688158035278 0.0049872924573719501495 0.0048805377446115016937 0.0042670615948736667633 0.003905466059222817421 0.0034623488318175077438 0.0035176211968064308167 0.0025667033623903989792 0.0029416964389383792877 0.002283551730215549469
0.0093922438099980354309 0.016130184754729270935 0.0061745317652821540833 0.0060704951174557209015 0.0056853042915463447571 0.0053766672499477863312 0.0050158239901065826416 0.0050260634161531925201 0.0052445186302065849304 0.0046757613308727741241 0.0039820917882025241852 0.0025965305976569652557 0.0017231190577149391174 0.0022036286536604166031 0.0012018056586384773254 0.0039102882146835327148 0.003280830802395939827 0.0038041628431528806686 0.0049487818032503128052 0.005224304739385843277 0.0055207661353051662445 0.0055858967825770378113 0.0056982287205755710602 0.0057598049752414226532 0.0056943991221487522125 0.005775235593318939209 0.0056400028988718986511 0.0054457746446132659912 0.0054929424077272415161 0.020440261811017990112 0.0073288236744701862335 0.0054452186450362205505 0.0053321528248488903046 0.0048138555139303207397 0.0044508539140224456787 0.0039754337631165981293 0.0039228480309247970581 0.0029086307622492313385 0.0032513826154172420502 0.0025952493306249380112
0.0031319942791014909744 0.02164538949728012085 0.0063898754306137561798 0.0061934157274663448334 0.0058881589211523532867 0.0056227315217256546021 0.005329867824912071228 0.0052435109391808509827 0.0052596596069633960724 0.0048188320361077785492 0.004247729666531085968 0.0029647387564182281494 0.002171364612877368927 0.0026066370774060487747 0.0017678395379334688187 0.0042103473097085952759 0.0036472117062658071518 0.0012933346442878246307 0.0042339689098298549652 0.005205308087170124054 0.0053777303546667098999 0.0056011672131717205048 0.0056789065711200237274 0.0057873167097568511963 0.0058752172626554965973 0.0058427471667528152466 0.0059067406691610813141 0.0058598075993359088898 0.0057652983814477920532 0.022640097886323928833 0.0074160168878734111786 0.0057087857276201248169 0.0055261389352381229401 0.0050871358253061771393 0.0047604138962924480438 0.0043429350480437278748 0.0042948075570166110992 0.003323087003082036972 0.003625342855229973793 0.0029357171151787042618
0.018088415265083312988 0.0036245782393962144852 0.023306526243686676025 0.0062025035731494426727 0.0058955228887498378754 0.0056669944897294044495 0.0054861609824001789093 0.0054046106524765491486 0.0053110467270016670227 0.0049714823253452777863 0.0045135882683098316193 0.003329012775793671608 0.0025936507154256105423 0.0030083237215876579285 0.0022450266405940055847 0.0044745430350303649902 0.0039469916373491287231 0.0012755194911733269691 0.0019337440608069300652 0.004605261143296957016 0.0054096761159598827362 0.0054955682717263698578 0.0056518199853599071503 0.0057298168540000915527 0.0058484897017478942871 0.00597123708575963974 0.0060724406503140926361 0.0062552904710173606873 0.0062370034866034984589 0.0059788851067423820496 0.025046616792678833008 0.0057536130771040916443 0.0055018654093146324158 0.0050945705734193325043 0.0047839670442044734955 0.0044693588279187679291 0.0045019271783530712128 0.0036946362815797328949 0.0040262513794004917145 0.0033107271883636713028
0.041034486144781112671 0.052396055310964584351 0.055102579295635223389 0.028617331758141517639 0.0068509667180478572845 0.0063936715014278888702 0.0061984788626432418823 0.0059716473333537578583 0.0056861792691051959991 0.0053003462962806224823 0.0048692259006202220917 0.0037643264513462781906 0.0030639802571386098862 0.0034690506290644407272 0.002730889245867729187 0.0048029161989688873291 0.0042868005111813545227 0.0018779457313939929008 0.0012792294146493077278 0.0024690218269824981689 0.0048705018125474452972 0.0055271047167479991913 0.0056626177392899990082 0.0058440491557121276855 0.0059820665046572685242 0.0061426893807947635651 0.0063121356070041656494 0.0063915611244738101959 0.0063338340260088443756 0.0060481601394712924957 0.0056843133643269538879 0.025238668546080589294 0.0054757194593548774719 0.0051470776088535785675 0.0048462990671396255493 0.0045909010805189609528 0.0046609970740973949432 0.0040154722519218921661 0.0043962607160210609436 0.0036962383892387151718
0.028735769912600517273 0.028943881392478942871 0.029519861564040184021 0.061269439756870269775 0.095689758658409118652 0.099868945777416229248 0.0078337471932172775269 0.011484334245324134827 0.0066120992414653301239 0.0059176697395741939545 0.0053502242080867290497 0.004315970931202173233 0.0036543784663081169128 0.0040767318569123744965 0.0033243505749851465225 0.0052660838700830936432 0.004691731184720993042 0.002391797257587313652 0.0018796750809997320175 0.0012663417728617787361 0.0029079702217131853104 0.005190327763557434082 0.0058904052712023258209 0.0061033014208078384399 0.0063348044641315937042 0.0064839916303753852844 0.006526632700115442276 0.0063908617012202739716 0.0061251716688275337219 0.005845752079039812088 0.0055602840147912502289 0.026143297553062438965 0.0054087876342236995697 0.0051910909824073314667 0.0049241501837968826294 0.0047243284061551094055 0.0048391311429440975189 0.0043126908130943775177 0.0047023366205394268036 0.0040710228495299816132
0.0045359544456005096436 0.004174146801233291626 0.0042231087572872638702 0.007470847107470035553 0.0097241280600428581238 0.010949452407658100128 0.078029587864875793457 0.093262128531932830811 0.099239327013492584229 0.0075146243907511234283 0.010725578293204307556 0.0054215029813349246979 0.0046258354559540748596 0.005018405616283416748 0.0041705593466758728027 0.006041167769581079483 0.0053649134933948516846 0.0013221686240285634995 0.0029535000212490558624 0.0024506521876901388168 0.0019380721496418118477 0.0034790118224918842316 0.0056715938262641429901 0.0062129972502589225769 0.0063436231575906276703 0.006396402604877948761 0.0063105025328695774078 0.0061277616769075393677 0.0059189307503402233124 0.0057208081707358360291 0.0055583324283361434937 0.028222946450114250183 0.0055507798679172992706 0.0053568128496408462524 0.0050535709597170352936 0.004870966542512178421 0.0050409561954438686371 0.0046001221053302288055 0.0049414392560720443726 0.0043964120559394359589
0.0041248397901654243469 0.0039947805926203727722 0.00459598517045378685 0.0037625511176884174347 0.0037760701961815357208 0.0038370161782950162888 0.0062466985546052455902 0.0080446647480130195618 0.0094147194176912307739 0.081547863781452178955 0.091964170336723327637 0.11750591546297073364 0.0073754517361521720886 0.0061896913684904575348 0.0062594190239906311035 0.0051214788109064102173 0.0068490207195281982422 0.00613487977534532547 0.0021027408074587583542 0.0036051708739250898361 0.0030897425021976232529 0.0025750449858605861664 0.0039566708728671073914 0.0057725072838366031647 0.0059953471645712852478 0.0059027909301221370697 0.0058192755095660686493 0.0057552908547222614288 0.005714557599276304245 0.0056935278698801994324 0.0056885224767029285431 0.0056938729248940944672 0.031052108854055404663 0.0057433806359767913818 0.0053433920256793498993 0.005111824721097946167 0.0052684498950839042664 0.0048616062849760055542 0.0051092985086143016815 0.004643420688807964325
