tests/data/reference/gistest/full/mwlevel_m.asc
ncols        125
nrows        78
xllcorner    -713756.799299980048
yllcorner    -1061032.369616159936
cellsize     10.000000000000
NODATA_value  -9999
[rows 34 to 50 of 78, columns 40 to 79 of 125]
0.0032144507858902215958 0.0042080036364495754242 0.0030156255234032869339 0.0029346824157983064651 0.0027736756019294261932 0.0027456763200461864471 0.0023807713296264410019 0.0024158151354640722275 0.0024294792674481868744 0.0025224136188626289368 0.004326657857745885849 0.0060727540403604507446 0.15378600358963012695 0.18681606650352478027 0.18764740228652954102 0.0057053943164646625519 0.0047378172166645526886 0.0067247017286717891693 0.0057933935895562171936 0.0022961366921663284302 0.0034407563507556915283 0.0029887575656175613403 0.0025521747302263975143 0.0035771534312516450882 0.005285436287522315979 0.0059728901833295822144 0.0061612757854163646698 0.0066650216467678546906 0.007001833990216255188 0.0083482656627893447876 0.0075967074371874332428 0.0072703356854617595673 0.04005899280309677124 0.0063241631723940372467 0.0056972238235175609589 0.0051905256696045398712 0.0053630522452294826508 0.0045892279595136642456 0.0048633650876581668854 0.0042684432119131088257
0.0038929677102714776993 0.0026469775475561618805 0.0025965610984712839127 0.0025785537436604499817 0.0025650968309491872787 0.0021300672087818384171 0.0020098488312214612961 0.0019819417502731084824 0.0019515057792887091637 0.0020118567626923322678 0.0021479653660207986832 0.0049984469078481197357 0.0068724211305379867554 0.0082516660913825035095 0.0069954739883542060852 0.15547363460063934326 0.0056096524931490421295 0.0048316982574760913849 0.006469271145761013031 0.0056583862751722335815 0.0025196073111146688461 0.0035081556998193264008 0.0030882558785378932953 0.002688831184059381485 0.003585668979212641716 0.0051389592699706554413 0.0057953624054789543152 0.0060253073461353778839 0.0066149453632533550262 0.0071190418675541877747 0.008673169650137424469 0.0080618653446435928345 0.0077895093709230422974 0.044590264558792114258 0.0065344311296939849854 0.0059589585289359092712 0.0060308994725346565247 0.0052036349661648273468 0.0053226761519908905029 0.0045915837399661540985
0.002340082777664065361 0.0022692673373967409134 0.0022162911482155323029 0.0021992840338498353958 0.001724241301417350769 0.0017052225302904844284 0.0016707127215340733528 0.0016399539308622479439 0.0015282821841537952423 0.0015515078557655215263 0.0042354636825621128082 0.002197906840592622757 0.0022990591824054718018 0.0011688998201861977577 0.0016596156638115644455 0.0019772439263761043549 0.1490332484245300293 0.15632301568984985352 0.15093415975570678711 0.15280862152576446533 0.005881689954549074173 0.0029778988100588321686 0.0040277088992297649384 0.0036560643929988145828 0.003268441883847117424 0.0042450255714356899261 0.005990182049572467804 0.011079455725848674774 0.0076391878537833690643 0.0080824373289942741394 0.0096248453482985496521 0.008836789056658744812 0.0084460424259305000305 0.0012020576978102326393 0.045698668807744979858 0.01069307420402765274 0.0066571827046573162079 0.0056572286412119865417 0.0055969944223761558533 0.0051428764127194881439
0.0019771752413362264633 0.0019039675826206803322 0.0017936656950041651726 0.0011367318220436573029 0.0011369071435183286667 0.0011280410690233111382 0.0011107919272035360336 0.0010987047571688890457 0.0010920020285993814468 0.003875735914334654808 0.0016580261290073394775 0.0016916069434955716133 0.0016863535856828093529 0.0020788281690329313278 0.0022369222715497016907 0.0024254445452243089676 0.0030573424883186817169 0.0035321298055350780487 0.003644170006737112999 0.0039078961126506328583 0.13994887471199035645 0.14781510829925537109 0.15504075586795806885 0.16044628620147705078 0.16269758343696594238 0.16755965352058410645 0.17771737277507781982 0.19234344363212585449 0.21138672530651092529 0.2172486037015914917 0.010388373397290706635 0.011450294405221939087 0.009819787926971912384 0.008822941221296787262 0.0018043516902253031731 0.047930803149938583374 0.0069058691151440143585 0.0060203433968126773834 0.0058993552811443805695 0.0055842716246843338013
0.0012151676928624510765 0.0011964645236730575562 0.0011624090839177370071 0.0016792628448456525803 0.0021106177009642124176 0.0024747124407440423965 0.0027898689731955528259 0.0031207115389406681061 0.0034721468109637498856 0.0011204772163182497025 0.0011485565919429063797 0.0011483624111860990524 0.00107241037767380476 0.0015400690026581287384 0.0018806268926709890366 0.0022961087524890899658 0.076741963624954223633 0.081074632704257965088 0.080354005098342895508 0.083475090563297271729 0.089872032403945922852 0.095734968781471252441 0.10068797320127487183 0.1048726886510848999 0.10831486433744430542 0.11251351237297058105 0.11682345718145370483 0.11993019282817840576 0.11819168180227279663 0.1024007946252822876 0.26077601313591003418 0.29213657975196838379 0.012542972341179847717 0.0107933850958943367 0.0095087261870503425598 0.052565038204193115234 0.0075490050949156284332 0.006310612894594669342 0.0062898574396967887878 0.0058185248635709285736
0.0029636477120220661163 0.0011799553176388144493 0.0011494006030261516571 0.0016252029454335570335 0.0019979446660727262497 0.0023187221959233283997 0.0027379856910556554794 0.0031397428829222917557 0.0034751470666378736496 0.0038176148664206266403 0.0041816462762653827667 0.0043426747433841228485 0.0044351015239953994751 0.0047555635683238506317 0.072759911417961120605 0.079328060150146484375 0.0079115051776170730591 0.008805794641375541687 0.0077389734797179698944 0.007601532619446516037 0.0073613408021628856659 0.0058650537393987178802 0.0059168380685150623322 0.0059968465939164161682 0.0059849843382835388184 0.0046488107182085514069 0.0047993455082178115845 0.0049594170413911342621 0.0050630210898816585541 0.0095645338296890258789 0.012055248953402042389 0.011722142808139324188 0.23160915076732635498 0.2623933255672454834 0.26767271757125854492 0.2951107323169708252 0.061815705150365829468 0.0070202546194195747375 0.0066271377727389335632 0.0061173662543296813965
0.0011769729899242520332 0.0033356046769767999649 0.0017881873063743114471 0.002199974842369556427 0.0026011585723608732224 0.0028707126621156930923 0.0029819051269441843033 0.0033746527042239904404 0.0036548487842082977295 0.0039276550523936748505 0.0042050406336784362793 0.0044788853265345096588 0.0049523273482918739319 0.076463587582111358643 0.0076512186788022518158 0.0076116430573165416718 0.0084097515791654586792 0.007354086264967918396 0.0070940926671028137207 0.0067079984582960605621 0.0051963967271149158478 0.0051646749489009380341 0.0051767211407423019409 0.0052352715283632278442 0.0039683687500655651093 0.0040575857274234294891 0.0041676205582916736603 0.0042893174104392528534 0.00579367857426404953 0.0047195493243634700775 0.031268093734979629517 0.03604768216609954834 0.040280349552631378174 0.040087085217237472534 0 0.001180514809675514698 0.3434130251407623291 0.073776915669441223145 0.0082760974764823913574 0.0072522964328527450562
0.0019414438866078853607 0.0018663195660337805748 0.0035466512199491262436 0.0038632319774478673935 0.00423235306516289711 0.0044504404067993164062 0.0045622303150594234467 0.0046391226351261138916 0.0045512439683079719543 0.0047882120124995708466 0.0053749778307974338531 0.071700416505336761475 0.080628089606761932373 0.0078392596915364265442 0.0076427604071795940399 0.0084806736558675765991 0.0075071561150252819061 0.0073215849697589874268 0.0068588410504162311554 0.0051526012830436229706 0.0050403038039803504944 0.0049470718950033187866 0.0049125743098556995392 0.0035787892993539571762 0.0036097927950322628021 0.0036386272404342889786 0.003669699421152472496 0.0051278807222843170166 0.0040701208636164665222 0.028087193146347999573 0.0072206691838800907135 0.0042618457227945327759 0.0042142774909734725952 0.0042833774350583553314 0.0071114362217485904694 0 0 0.28818261623382568359 0.083224162459373474121 0.0096778301522135734558
0.023031726479530334473 0.022884557023644447327 0.023229654878377914429 0.023168535903096199036 0.023301683366298675537 0.022803911939263343811 0.021932039409875869751 0.021507529541850090027 0.020463576540350914001 0.021134654060006141663 0.072580307722091674805 0.0075984275899827480316 0.0078234048560261726379 0.0076566073112189769745 0.0085053555667400360107 0.0075253210961818695068 0.0074479794129729270935 0.0071069258265197277069 0.0052721453830599784851 0.005133609287440776825 0.0050089019350707530975 0.0048822546377778053284 0.0033626959193497896194 0.003339133458212018013 0.0033369315788149833679 0.0033276327885687351227 0.0047270981594920158386 0.0036127113271504640579 0.026458900421857833862 0.0064823385328054428101 0.0036438941024243831635 0.0034126506652683019638 0.0035569327883422374725 0.0045209489762783050537 0.0035457152407616376877 0.0036979457363486289978 0.0041269585490226745605 0 0 0.16362804174423217773
0.0063895904459059238434 0.006373360753059387207 0.0064742472022771835327 0.0065379557199776172638 0.0068046855740249156952 0.0071435985155403614044 0.0071782185696065425873 0.0072693480178713798523 0.0084183113649487495422 0.065525352954864501953 0.0078085199929773807526 0.0077761081047356128693 0.0076093343086540699005 0.0086424751207232475281 0.0076419739052653312683 0.0075483564287424087524 0.0072430451400578022003 0.0053855678997933864594 0.0052959211170673370361 0.0052048102952539920807 0.0051294900476932525635 0.0033632547128945589066 0.0032475588377565145493 0.0031676343642175197601 0.0031249597668647766113 0.0045867422595620155334 0.0033636027947068214417 0.026380999013781547546 0.0061982795596122741699 0.0032635580282658338547 0.0029277424328029155731 0.0029331680852919816971 0.0038710832595825195312 0.0030319010838866233826 0.0029744231142103672028 0.0031030538957566022873 0.0033580579329282045364 0.0035267120692878961563 0.014032647944986820221 0
0.040494654327630996704 0.042763683944940567017 0.046055141836404800415 0.048478856682777404785 0.046666212379932403564 0.045125644654035568237 0.045593988150358200073 0.05729743465781211853 0.065249115228652954102 0.0078913718461990356445 0.007997966371476650238 0.0077173421159386634827 0.0086916908621788024902 0.0076871607452630996704 0.0076260347850620746613 0.0072257025167346000671 0.0052320496179163455963 0.0052222935482859611511 0.0051751686260104179382 0.0051359334029257297516 0.0032697615679353475571 0.0032126714941114187241 0.0030951092485338449478 0.0029937294311821460724 0.0045835790224373340607 0.0032279253937304019928 0.027593074366450309753 0.0062216711230576038361 0.0030743596144020557404 0.0026862637605518102646 0.0026328705716878175735 0.0035261407028883695602 0.0026122254785150289536 0.0026190045755356550217 0.0026336023584008216858 0.0026185614988207817078 0.0028086183592677116394 0.002922974294051527977 0.0066071040928363800049 0.0021196519955992698669
0.0062992274761199951172 0.0062163807451725006104 0.0074683278799057006836 0.0064680115319788455963 0.010860368609428405762 0.014380419626832008362 0.01824460737407207489 0.0070901312865316867828 0.0073347589932382106781 0.0075959372334182262421 0.0078245736658573150635 0.0091369850561022758484 0.0078812343999743461609 0.0077559039928019046783 0.0073535093106329441071 0.0050928862765431404114 0.0049700788222253322601 0.0049282880499958992004 0.0049174297600984573364 0.0029115052893757820129 0.0029245608020573854446 0.002920520491898059845 0.0028641819953918457031 0.0046843294985592365265 0.0031159927602857351303 0.029694996774196624756 0.0064732963219285011292 0.0029664242174476385117 0.0025433630216866731644 0.0024778046645224094391 0.0034178032074123620987 0.0023626242764294147491 0.002354654017835855484 0.0023274747654795646667 0.0022873161360621452332 0.0023324342910200357437 0.002383671468123793602 0.002458752831444144249 0.012350965291261672974 0.0010000000474974513054
0.0057980138808488845825 0.0069582443684339523315 0.0060354107990860939026 0.0069220853038132190704 0.006268956698477268219 0.0063340817578136920929 0.0065181679092347621918 0.0066506862640380859375 0.0067670182324945926666 0.0069777457974851131439 0.0086582051590085029602 0.007839204743504524231 0.0077391774393618106842 0.007361529860645532608 0.0051111197099089622498 0.0049801133573055267334 0.0047536445781588554382 0.0046627498231828212738 0.0025067573878914117813 0.0024966131895780563354 0.0024800982791930437088 0.0024788910523056983948 0.0046242210082709789276 0.0029133041389286518097 0.031234063208103179932 0.006561798974871635437 0.0027661214116960763931 0.0023036370985209941864 0.0022884125355631113052 0.0034190078731626272202 0.0021091555245220661163 0.0020563020370900630951 0.0020488111767917871475 0.0020083358976989984512 0.0019433673005551099777 0.0019489714177325367928 0.0020380762871354818344 0.0047257537953555583954 0.0018304561963304877281 0.0018469982314854860306
0.0067341406829655170441 0.0056831222027540206909 0.0065250387415289878845 0.0058774421922862529755 0.0058533567935228347778 0.0058994842693209648132 0.0060301464982330799103 0.0061597391031682491302 0.0062621342949569225311 0.0076634492725133895874 0.0069590369239449501038 0.0072264494374394416809 0.0069452933967113494873 0.0046973773278295993805 0.0048969113267958164215 0.0048233750276267528534 0.0044904802925884723663 0.001986437477171421051 0.0019989896100014448166 0.0019886470399796962738 0.0019548682030290365219 0.0042613074183464050293 0.0025147104170173406601 0.032611578702926635742 0.0064367023296654224396 0.0023695535492151975632 0.0018695103935897350311 0.0018812057096511125565 0.0033299881033599376678 0.00183345843106508255 0.0017227547941729426384 0.00167325558140873909 0.0016697758110240101814 0.0016323999734595417976 0.0015692663146182894707 0.0015435384120792150497 0.0042086625471711158752 0.0010522692464292049408 0.0028452584519982337952 0.0037951145786792039871
0.0055006691254675388336 0.0063466164283454418182 0.0056206677109003067017 0.0055436394177377223969 0.0054925256408751010895 0.0054940138943493366241 0.0055660395883023738861 0.0056851264089345932007 0.0070648263208568096161 0.006241507362574338913 0.0063827773556113243103 0.0062307640910148620605 0.0040358691476285457611 0.0041644815355539321899 0.004395266994833946228 0.0043655396439135074615 0.0011908870656043291092 0.0011804839596152305603 0.001174330245703458786 0.0011835767654702067375 0.0039517986588180065155 0.0019790041260421276093 0.033026568591594696045 0.0063418741337954998016 0.0018729141447693109512 0.0011847477871924638748 0.0011913639027625322342 0.0028888341039419174194 0.0011962492717429995537 0.0011840714141726493835 0.0011496496153995394707 0.0011312422575429081917 0.0011306179221719503403 0.0011143545852974057198 0.0010834254790097475052 0.0039293793961405754089 0.001513081020675599575 0.0018876884132623672485 0.0050674197264015674591 0.038918577134609222412
0.0062269428744912147522 0.0054780510254204273224 0.0054008765146136283875 0.0053129829466342926025 0.0052309432066977024078 0.0051827034913003444672 0.005184930749237537384 0.0064821001142263412476 0.0057210656814277172089 0.0058312532491981983185 0.0055352994240820407867 0.0033669101539999246597 0.0034639853984117507935 0.0035838310141116380692 0.0037474045529961585999 0.0012211444554850459099 0.0020308250095695257187 0.0025614255573600530624 0.0030732885934412479401 0.0035503364633768796921 0.0011873714393004775047 0.033227980136871337891 0.0061138072051107883453 0.0011990023776888847351 0.0011886688880622386932 0.0018477926496416330338 0.0023857757914811372757 0.0011925838189199566841 0.0018685729010030627251 0.0022897527087479829788 0.0025552932638674974442 0.0028358979616314172745 0.0031620573718100786209 0.0034405516926199197769 0.0037003387697041034698 0.0010730337817221879959 0.0010271121282130479813 0.0056377938017249107361 0.036493603140115737915 0.0045341718941926956177
0.0052858586423099040985 0.0052132201381027698517 0.0051865535788238048553 0.0051157493144273757935 0.0050234389491379261017 0.0049435002729296684265 0.0061305076815187931061 0.0052377306856215000153 0.0053508956916630268097 0.005089899059385061264 0.0028022711630910634995 0.002827628282830119133 0.0029246162157505750656 0.0030157393775880336761 0.015898378565907478333 0.016098570078611373901 0.016019288450479507446 0.016237499192357063293 0.016545174643397331238 0.016977021470665931702 0.033737167716026306152 0.0059684803709387779236 0.0011947874445468187332 0.0018988501979038119316 0.0023530665785074234009 0.0027828733436763286591 0.0032306273933500051498 0.0036075417883694171906 0.0038959765806794166565 0.0040550944395363330841 0.0040938747115433216095 0.0041864467784762382507 0.0043192179873585700989 0.0044643771834671497345 0.0047831367701292037964 0.0051127648912370204926 0.0052908556535840034485 0.010925450362265110016 0.0018496017437428236008 0.0016268001636490225792
