tests/data/reference/gistest/full/mwlevel_m.asc
ncols        125
nrows        78
xllcorner    -713756.799299980048
yllcorner    -1061032.369616159936
cellsize     10.000000000000
NODATA_value  -9999
[rows 51 to 67 of 78, columns 80 to 119 of 125]
0.0016812335234135389328 0.0020153506193310022354 0.0021284227259457111359 0.0023327327799052000046 0.0026679998263716697693 0.0032848089467734098434 0.0043751425109803676605 0.0091526592150330543518 0 0.042981054633855819702 0.0056554232724010944366 0.005251741502434015274 0.0047393445856869220734 0.0042850393801927566528 0.0038323823828250169754 0.0019197228830307722092 0.0012719967635348439217 0.003233932889997959137 0.0036158149596303701401 0.001233350834809243679 0.0046484912745654582977 0.00485819205641746521 0.0048779835924506187439 0.0048252316191792488098 0.0050663449801504611969 0.0052378582768142223358 0.0055755698122084140778 0.005149710923433303833 0.0057908510789275169373 0.0058024595491588115692 0.01731567084789276123 0.0043547502718865871429 0.0043406188488006591797 0.0038759696763008832932 0.0045424285344779491425 0.0038154297508299350739 0.0021680472418665885925 0.001454131794162094593 0.0015486425254493951797 -9999
0.0024419021792709827423 0.0026309411041438579559 0.0027503746096044778824 0.0027841140981763601303 0.0032560490071773529053 0.0038265495095402002335 0.004744399338960647583 0.0055290809832513332367 0.009376874193549156189 0 0.008631556294858455658 0.0052214367315173149109 0.0047966577112674713135 0.0043558743782341480255 0.0025232171174138784409 0.0012908778153359889984 0.0018835127120837569237 0.0035863628145307302475 0.0039018306415528059006 0.0017805792158469557762 0.0047369245439767837524 0.004905843641608953476 0.0049177464097738265991 0.0049211764708161354065 0.0051478515379130840302 0.0052605574019253253937 0.0052491030655801296234 0.0049663935787975788116 0.0060428762808442115784 0.018802693113684654236 0.0046424618922173976898 0.0047174901701509952545 0.0042979717254638671875 0.0049253934994339942932 0.0043431008234620094299 0.0028948681429028511047 0.0021971496753394603729 0.0022022973280400037766 0.0014908033190295100212 0.0015513037797063589096
0.0068341554142534732819 0.0063486499711871147156 0.0061863963492214679718 0.0063882805407047271729 0.0066648316569626331329 0.0071308999322354793549 0.0078319115564227104187 0.0058355219662189483643 0.012150287628173828125 0 0.010530575178563594818 0.0049878382124006748199 0.0048391376622021198273 0.0031544684898108243942 0.0013476109597831964493 0.0019510907586663961411 0.0023836414329707622528 0.0038544575218111276627 0.0041134213097393512726 0.0022064500954002141953 0.0048169083893299102783 0.0049222544766962528229 0.0049807992763817310333 0.0050383526831865310669 0.0051008923910558223724 0.0050662956200540065765 0.0049238260835409164429 0.0050067524425685405731 0.0063480306416749954224 0.021475225687026977539 0.0048996848054230213165 0.0096804574131965637207 0.0076088667847216129303 0.0046177273616194725037 0.0035247206687927246094 0.0029401751235127449036 0.0028105136007070541382 0.0037814588285982608795 0.0027263779193162918091 0.0015220057684928178787
0.0025863507762551307678 0.0028253255877643823624 0.0030163072515279054642 0.0033031872007995843887 0.0037595285102725028992 0.0041012838482856750488 0.0046133664436638355255 0.011212889105081558228 0.015252972021698951721 0.0012076003476977348328 0 0.0048568663187325000763 0.0034530004486441612244 0.0020318529568612575531 0.001325466204434633255 0.002383024897426366806 0.0027164914645254611969 0.0040016705170273780823 0.0042929248884320259094 0.0025761078577488660812 0.0048881014809012413025 0.0049684452824294567108 0.0050938073545694351196 0.0051384195685386657715 0.0050059207715094089508 0.0049694553017616271973 0.0051098666153848171234 0.005483075510710477829 0.022954221814870834351 0.0049955495633184909821 0.009317117743194103241 0.0013487092219293117523 0.0014238888397812843323 0.0039578774012625217438 0.003575596492737531662 0.0075508886948227882385 0.005471554584801197052 0.0026287934742867946625 0.0020533604547381401062 0.0014863671967759728432
0.011183261871337890625 0.010861035436391830444 0.010387992486357688904 0.010098823346197605133 0.010312422178685665131 0.010732270777225494385 0.010955971665680408478 0.012382933869957923889 0.012527906335890293121 0.013483953662216663361 0 0.0036992894019931554794 0.0023894484620541334152 0.0012890351936221122742 0.0018306826241314411163 0.0025960321072489023209 0.0028942115604877471924 0.0040757367387413978577 0.0044789458625018596649 0.0029290814418345689774 0.004986059386283159256 0.0050520142540335655212 0.005184661131352186203 0.0051837954670190811157 0.0050227623432874679565 0.0051479712128639221191 0.005598500370979309082 0.024339098483324050903 0.0050512850284576416016 0.0093173570930957794189 0.0029260714072734117508 0.001940930844284594059 0.0040855919942259788513 0.0039479075931012630463 0.010039058513939380646 0.0043113981373608112335 0.003526037558913230896 0.0029874795582145452499 0.0025848390068858861923 0.0022693236824125051498
0.005373631604015827179 0.005228355061262845993 0.00500460062175989151 0.0047075487673282623291 0.0045604119077324867249 0.0046220035292208194733 0.0047306632623076438904 0.0050573782064020633698 0.016812222078442573547 0.023413451388478279114 0 0.0058869267813861370087 0.001135320635512471199 0.0016582281095907092094 0.002134937560185790062 0.0027779173105955123901 0.0030842889100313186646 0.0042216978035867214203 0.0047165150754153728485 0.0032708274666219949722 0.0050953999161720275879 0.0051698647439479827881 0.0053122281096875667572 0.0053352750837802886963 0.0052889939397573471069 0.0055914307013154029846 0.0062032546848058700562 0.0280693788081407547 0.0092421174049377441406 0.0033606649376451969147 0.0041839769110083580017 0.0039753415621817111969 0.0039938678964972496033 0.0097239762544631958008 0.0046790554188191890717 0.0040414780378341674805 0.0033395262435078620911 0.002923208288848400116 0.0026460785884410142899 0.0023087249137461185455
0.0083504468202590942383 0.0080233560875058174133 0.0080844266340136528015 0.0085049299523234367371 0.0084177609533071517944 0.0082603795453906059265 0.008193471468985080719 0.008073047734797000885 0.0081150084733963012695 0.025278646498918533325 0.017664300277829170227 0 0.0015151213156059384346 0.0019316943362355232239 0.002379851415753364563 0.0029858665075153112411 0.0033341348171234130859 0.0044497894123196601868 0.0049679032526910305023 0.0035879858769476413727 0.0052428389899432659149 0.0053899409249424934387 0.0055579398758709430695 0.0056501850485801696777 0.0057632834650576114655 0.0062027983367443084717 0.030374601483345031738 0.0094532584771513938904 0.003827539738267660141 0.0044447570107877254486 0.0012526835780590772629 0.0039815679192543029785 0.0090757468715310096741 0.0047594201751053333282 0.0049978853203356266022 0.0043760957196354866028 0.0038105153944343328476 0.0036077583208680152893 0.0036474026273936033249 0.0035932995378971099854
0.0053497240878641605377 0.0056543871760368347168 0.005966997239738702774 0.014653952792286872864 0.014005614444613456726 0.013726808130741119385 0.014958182349801063538 0.015212401747703552246 0.01438044477254152298 0.013760027475655078888 0.046154804527759552002 0.0010874496074393391609 0 0.0023214279208332300186 0.0025787251070141792297 0.0033015657681971788406 0.0036788464058190584183 0.0047364579513669013977 0.0052373446524143218994 0.0039418973028659820557 0.0054826112464070320129 0.0056505403481423854828 0.0057435506023466587067 0.0058569163084030151367 0.0061353398486971855164 0.03171321377158164978 0.0092959962785243988037 0.0043699927628040313721 0.0076759043149650096893 0.0047467499971389770508 0.0041964016854763031006 0.0086668105795979499817 0.0047250259667634963989 0.0078879930078983306885 0.0048148347996175289154 0.0043536289595067501068 0.0039342651143670082092 0.0038031393196433782578 0.0040033077821135520935 0.0041515533812344074249
0.0084804194048047065735 0.010289301164448261261 0.012988982722163200378 0.0026189573109149932861 0.0035534382332116365433 0.0043997736647725105286 0.0020411293953657150269 0.0020040732342749834061 0.002966702217236161232 0.0038185722660273313522 0.0043074516579508781433 0.04886724427342414856 0 0.0069049666635692119598 0.0029843335505574941635 0.0035919095389544963837 0.0040925741195678710938 0.0050482396036386489868 0.0055588376708328723907 0.0043672467581927776337 0.0057631637901067733765 0.0058558587916195392609 0.0057919798418879508972 0.0059100408107042312622 0.031998071819543838501 0.0088543863967061042786 0.0046641230583190917969 0.01318928692489862442 0.0083799399435520172119 0.008465288206934928894 0.0085879154503345489502 0.0048214946873486042023 0.010079778730869293213 0.0046746893785893917084 0.0043604848906397819519 0.0040137898176908493042 0.0036521544679999351501 0.0034055800642818212509 0.0035708395298570394516 0.003531429218128323555
0.0034446511417627334595 0.0051449704915285110474 0.0022628356236964464188 0.0017455144552513957024 0.0016818718286231160164 0.0016428974922746419907 0.0016223062993958592415 0.0015760940732434391975 0.0015088581712916493416 0.0015201196074485778809 0.0019103550584986805916 0.0024348171427845954895 0.053487591445446014404 0 0.0036155127454549074173 0.0042430153116583824158 0.0045938980765640735626 0.0053689819760620594025 0.0058757890947163105011 0.0047602797858417034149 0.0059117106720805168152 0.0059354836121201515198 0.0058563412167131900787 0.0061737271025776863098 0.038065817207098007202 0.0050602327100932598114 0.015441725030541419983 0.0051207081414759159088 0.0052208243869245052338 0.0052268519066274166107 0.0050130821764469146729 0.0099856667220592498779 0.0012650880962610244751 0.003611993277445435524 0.0031766400206834077835 0.0027622410561889410019 0.0023537364322692155838 0.0019785556942224502563 0.001502337050624191761 0.0026126825250685214996
0.0047733499668538570404 0.001784013933502137661 0.00119808991439640522 0.0011819569626823067665 0.0011582066072151064873 0.0011350115528330206871 0.0011118847178295254707 0.0010779667645692825317 0.0010365454945713281631 0.0037839140277355909348 0.0043807788752019405365 0.0048130564391613006592 0.0058230166323482990265 0.059703785926103591919 0 0.0052395523525774478912 0.0050140889361500740051 0.005644842982292175293 0.0061237844638526439667 0.0050767366774380207062 0.0059255859814584255219 0.0059255831874907016754 0.0060604009777307510376 0.039610482752323150635 0.0054385471157729625702 0.016324078664183616638 0.0022332835942506790161 0.0017640341538935899734 0.0012738930527120828629 0.0012984955683350563049 0.010604953393340110779 0.001877374015748500824 0.0040057022124528884888 0.0012541296891868114471 0.0018290710868313908577 0.0012435175012797117233 0.0012761398684233427048 0.0013570835581049323082 -9999 0.0015503957401961088181
0.0011850942391902208328 0.0011928058229386806488 0.0017292445991188287735 0.0021552892867475748062 0.0025377799756824970245 0.0028700463008135557175 0.0031434586271643638611 0.0033735046163201332092 0.0035742740146815776825 0.0010367023060098290443 0.0010292333317920565605 0.0015730698360130190849 0.0021185900550335645676 0.0029155132360756397247 0.065577559173107147217 0 0.005017932504415512085 0.0056824283674359321594 0.0063242027536034584045 0.005449404008686542511 0.0060843792743980884552 0.0061673624441027641296 0.041457775980234146118 0.0057566524483263492584 0.017323838546872138977 0.003012705361470580101 0.0026032477617263793945 0.0022933769505470991135 0.0019187617581337690353 0.010924518108367919922 0.0012853051302954554558 0.0044044153764843940735 0.0018761954270303249359 0.0023520693648606538773 0.0012286353157833218575 -9999 -9999 -9999 -9999 -9999
0.0047576827928423881531 0.0048638135194778442383 0.0049234386533498764038 0.0050350790843367576599 0.0052284412086009979248 0.005419688299298286438 0.0055838455446064472198 0.005703134927898645401 0.0057348464615643024445 0.0057800621725618839264 0.0058553717099130153656 0.009864480234682559967 0.010610898025333881378 0.01120540965348482132 0.01208483520895242691 0 0.0063144993036985397339 0.0053048515692353248596 0.0096754441037774085999 0.0012876720866188406944 0.0064608664251863956451 0.045296996831893920898 0.0059745544567704200745 0.019134636968374252319 0.0026486900169402360916 0.0021223658695816993713 0.0017926277359947562218 0.001276126946322619915 0.01089832652360200882 0.0019727726466953754425 0.0048957429826259613037 0.0024360355455428361893 0.0028127538971602916718 -9999 -9999 -9999 -9999 -9999 -9999 -9999
0.0047591994516551494598 0.0047627110034227371216 0.0047988332808017730713 0.0048758625052869319916 0.0050517232157289981842 0.005235009361058473587 0.0055147483944892883301 0.0057546296156942844391 0.0058404370211064815521 0.0059399153105914592743 0.0060754753649234771729 0.0010675792582333087921 0.0010758454445749521255 0.0016452091513201594353 0.0021069461945444345474 0.013987882062792778015 0 0.009945696219801902771 0.010084207169711589813 0.0066234883852303028107 0.045876193791627883911 0.0060841380618512630463 0.019195523113012313843 0.0028179939836263656616 0.0021427075844258069992 0.0017015037592500448227 0.0012554617132991552353 0.01086657308042049408 0.0025496110320091247559 0.0053304843604564666748 0.003032939741387963295 -9999 -9999 -9999 -9999 -9999 -9999 -9999 -9999 -9999
0.007367450278252363205 0.0071344687603414058685 0.0070300148800015449524 0.0069131371565163135529 0.0069275763817131519318 0.0071096261963248252869 0.0070141390897333621979 0.0071327434852719306946 0.0073390672914683818817 0.0075140921398997306824 0.0075283367186784744263 0.0074279890395700931549 0.0072822244837880134583 0.0073637864552438259125 0.0074271131306886672974 0.0070919943973422050476 0.019034570083022117615 0 0.013462992385029792786 0.04556743428111076355 0.0059720072895288467407 0.019606750458478927612 0.010830664075911045074 0.0095565123483538627625 0.0091469837352633476257 0.0094316946342587471008 0.010438484139740467072 0.0030557399149984121323 0.0057025691494345664978 0.0035835150629281997681 -9999 -9999 -9999 -9999 -9999 -9999 -9999 -9999 -9999 -9999
0.0026887552812695503235 0.0029140389524400234222 0.0031705182045698165894 0.0033926626201719045639 0.00363298831507563591 0.0041018472984433174133 0.0044732168316841125488 0.0046200146898627281189 0.0050274077802896499634 0.0054879290983080863953 0.0056713363155722618103 0.0057896790094673633575 0.0059112547896802425385 0.0061057447455823421478 0.0062796659767627716064 0.0062501830980181694031 0.0065002981573343276978 0.025724064558744430542 0 0.047897391021251678467 0.018896054476499557495 0.011125416494905948639 0.0012396008241921663284 0.0011944305151700973511 0.0017321072518825531006 0.0012062520254403352737 0.0033448725007474422455 0.0058309845626354217529 -9999 -9999 -9999 -9999 -9999 -9999 -9999 -9999 -9999 -9999 -9999 -9999
0.0045162555761635303497 0.0044203400611877441406 0.0043644928373396396637 0.0042874319478869438171 0.0042395661585032939911 0.004531990736722946167 0.0047698891721665859222 0.0048444312997162342072 0.0048406315036118030548 0.0051518171094357967377 0.0052430937066674232483 0.0053217057138681411743 0.0053621917031705379486 0.0054003023542463779449 0.0054304772056639194489 0.005582973826676607132 0.0056545929983258247375 0.0065509765408933162689 0 0.05696849524974822998 0.011146826669573783875 0.0018537552095949649811 0.0017882699612528085709 0.002218534005805850029 0.001177427009679377079 0.0034889569506049156189 -9999 -9999 -9999 -9999 -9999 -9999 -9999 -9999 -9999 -9999 -9999 -9999 -9999 -9999
