tests/data/reference/gistest/full/mwlevel_m.asc
ncols        125
nrows        78
xllcorner    -713756.799299980048
yllcorner    -1061032.369616159936
cellsize     10.000000000000
NODATA_value  -9999
[rows 34 to 50 of 78, columns 80 to 119 of 125]
0.024201435968279838562 0.0052137826569378376007 0.0085251256823539733887 0.020642563700675964355 0.003590108826756477356 0.0031642464455217123032 0.0033635464496910572052 0.0006915762205608189106 0.0024669151753187179565 0.0036707383114844560623 0.0039585274644196033478 0.0044017829932272434235 0.01199193950742483139 0.0040449793450534343719 0.002297922968864440918 0.00150681263767182827 0.003045083954930305481 0.0041616922244429588318 0.006299733184278011322 0.0038204519078135490417 0.0028091503772884607315 0.0015615447191521525383 0.0029506403952836990356 0.0017438279464840888977 0.0010657508391886949539 -9999 -9999 -9999 -9999 -9999 -9999 -9999 -9999 -9999 -9999 -9999 -9999 -9999 -9999 -9999
0.026405932381749153137 0.0057497103698551654816 0.0086967190727591514587 0.021812843158841133118 0.0035956199280917644501 0.0034863129258155822754 0.00068862445186823606491 0.0020891805179417133331 0.0029023317620158195496 0.0039260736666619777679 0.0041942964307963848114 0.013275383971631526947 0.0041324254125356674194 0.0027906442992389202118 0.0022541054058820009232 0.0034972364082932472229 0.0015117926523089408875 0.0044656172394752502441 0.0075529455207288265228 0.0015463859308511018753 0.0031815608963370323181 0.002547958865761756897 0.004147997591644525528 0.0015671837609261274338 0.0028717834502458572388 0.00093962100800126791 -9999 -9999 -9999 -9999 -9999 -9999 -9999 -9999 -9999 -9999 -9999 -9999 -9999 -9999
0.02727467752993106842 0.0059837033040821552277 0.0085636312142014503479 0.022404391318559646606 0.0030647458042949438095 0.00099676137324422597885 0.0013403794728219509125 0.0025737711694091558456 0.0032817292958498001099 0.0041259569115936756134 0.0043874299153685569763 0.014995108358561992645 0.0031862547621130943298 0.0027588519733399152756 0.0038360850885510444641 0.0022684789728373289108 0.0014960387488827109337 0.0047380854375660419464 0.0075373281724750995636 0.002388871973380446434 0.0036065529566258192062 0.0031287458259612321854 0.0044690333306789398193 0.0024692362640053033829 0.0030609455425292253494 0.0026867706328630447388 0.00091507757315412163734 -9999 -9999 -9999 -9999 -9999 -9999 -9999 -9999 -9999 -9999 -9999 -9999 -9999
0.026064431294798851013 0.0058136014267802238464 0.0081277638673782348633 0.055510625243186950684 0.0055252597667276859283 0.0019986096303910017014 0.0013230839977040886879 0.0029712156392633914948 0.0036241461057215929031 0.0043122307397425174713 0.0045928275212645530701 0.016327986493706703186 0.0032105415593832731247 0.0041217077523469924927 0.00280425255186855793 0.0022394245024770498276 0.004890700802206993103 0.0077441004104912281036 0.0015321185346692800522 0.0031447468791157007217 0.004205953795462846756 0.0036831186152994632721 0.0047106458805501461029 0.0028967652469873428345 0.0033950028009712696075 0.0029259196016937494278 0.0024902871809899806976 0.0015430902130901813507 0.0008880488458089530468 -9999 -9999 -9999 -9999 -9999 -9999 -9999 -9999 -9999 -9999 -9999
0.025532145053148269653 0.0053993929177522659302 0.019716868177056312561 0.053859308362007141113 0.0025348120834678411484 0.0019785952754318714142 0.0013098405906930565834 0.0033334973268210887909 0.0039778300561010837555 0.0044868402183055877686 0.017428878694772720337 0.0035810198169201612473 0.0043560219928622245789 0.0032208745833486318588 0.0027639262843877077103 0.004953829105943441391 0.0075973775237798690796 0.0023255520500242710114 0.0036478855181485414505 0.0015412729699164628983 0.0046300063841044902802 0.0041182390414178371429 0.0049894372932612895966 0.0033444103319197893143 0.0039243525825440883636 0.0034957116004079580307 0.0029563673306256532669 0.0022966212127357721329 0.00270198797807097435 0.0008910280885174870491 -9999 -9999 -9999 -9999 -9999 -9999 -9999 -9999 -9999 -9999
0.028088498860597610474 0.014049983583390712738 0.0032648132182657718658 0.020597163587808609009 0.0038740653544664382935 0.0019654622301459312439 0.0013005988439545035362 0.0036749537102878093719 0.0043313596397638320923 0.0046370793133974075317 0.018407987430691719055 0.0045100813731551170349 0.0035594671498984098434 0.0031483529601246118546 0.0049383835867047309875 0.0074183032847940921783 0.0028642031829804182053 0.0039381417445838451385 0.0023206050973385572433 0.0015226026298478245735 0.0048877103254199028015 0.0045059351250529289246 0.0054648327641189098358 0.0039733005687594413757 0.0046358713880181312561 0.0040437486022710800171 0.003280757460743188858 0.0026899410877376794815 0.0028079664334654808044 0.0015421090647578239441 0.001269870903342962265 -9999 -9999 -9999 -9999 -9999 -9999 -9999 -9999 -9999
0.0013923975639045238495 0.012786220759153366089 0.0070011033676564693451 0.020676031708717346191 0.0050141201354563236237 0.0012954199919477105141 0.0018898730631917715073 0.0039926893077790737152 0.0046912366524338722229 0.0048072789795696735382 0.019849682226777076721 0.0038735889829695224762 0.0035143981222063302994 0.0049265213310718536377 0.0071223401464521884918 0.0032914991024881601334 0.0042737410403788089752 0.0028680167160928249359 0.0022747134789824485779 0.0050089755095541477203 0.0015127311926335096359 0.0047414647415280342102 0.0057808328419923782349 0.0044236211106181144714 0.0050909253768622875214 0.0043884404003620147705 0.0038064103573560714722 0.0031467888038605451584 0.0032458943314850330353 0.0021770035382360219955 0.0034272901248186826706 0.00089844717876985669136 -9999 -9999 -9999 -9999 -9999 -9999 -9999 -9999
0.018087701871991157532 0.079583592712879180908 0.0074298582039773464203 0.020701711997389793396 0.0056582544930279254913 0.0012709529837593436241 0.0023241848684847354889 0.0043316390365362167358 0.00506861833855509758 0.020835718140006065369 0.0041421013884246349335 0.0038417517207562923431 0.0049571595154702663422 0.0068745762109756469727 0.0036295775789767503738 0.0044824997894465923309 0.0033639327157288789749 0.0028635868802666664124 0.0050781508907675743103 0.0022601056843996047974 0.0014735480071976780891 0.0048135137185454368591 0.0058474442921578884125 0.0046373466029763221741 0.0053431321866810321808 0.0046609477140009403229 0.0044583259150385856628 0.0037195235490798950195 0.0036723066587001085281 0.002719332696869969368 0.0032751013059169054031 0.0043608047999441623688 0.0017593374941498041153 -9999 -9999 -9999 -9999 -9999 -9999 -9999
0.025415688753128051758 0.036610901355743408203 0.0095194010064005851746 0.01982468925416469574 0.0058718207292258739471 0.0019181614043191075325 0.0028150777798146009445 0.0047654928639531135559 0.0054087759926915168762 0.022016819566488265991 0.004129225853830575943 0.0050124102272093296051 0.0066165225580334663391 0.0038968336302787065506 0.0046051680110394954681 0.0037060482427477836609 0.0033492967486381530762 0.0052285892888903617859 0.0028648495208472013474 0.0014547840692102909088 0.0022072743158787488937 0.0049589183181524276733 0.0059845675714313983917 0.0048841121606528759003 0.0055429190397262573242 0.0047938809730112552643 0.0048412913456559181213 0.0041655781678855419159 0.0038920624647289514542 0.0030609345994889736176 0.0035953524056822061539 0.0026783733628690242767 0.0019600081723183393478 0.0017485696589574217796 0.00090994650963693857193 -9999 -9999 -9999 -9999 -9999
0 0.13235215842723846436 0.039410438388586044312 0.027647573500871658325 0.0063561792485415935516 0.0026231482625007629395 0.0034306813031435012817 0.0052067646756768226624 0.0056603117845952510834 0.022958941757678985596 0.0050306343473494052887 0.0065043312497437000275 0.0041815121658146381378 0.0046689785085618495941 0.0039384835399687290192 0.003667527809739112854 0.0052728094160556793213 0.0034020110033452510834 0.0022442033514380455017 0.0014552994398400187492 0.00279796612448990345 0.0051440140232443809509 0.0061470768414437770844 0.0051195281557738780975 0.0055132582783699035645 0.0048459768295288085938 0.0049147186800837516785 0.0043926644138991832733 0.0041423090733587741852 0.0032083876430988311768 0.0038010240532457828522 0.0030693947337567806244 0.0016932589933276176453 0.0044672251679003238678 0.0017508717719465494156 0.00088839768432080745697 -9999 -9999 -9999 -9999
0.0056666778400540351868 0 0 0.048035990446805953979 0.0070019783452153205872 0.0030442331917583942413 0.0037310814950615167618 0.0053781471215188503265 0.0058836764656007289886 0.024757251143455505371 0.0063034305348992347717 0.0044672619551420211792 0.0048202928155660629272 0.0041519054211676120758 0.0038734697736799716949 0.0050837621092796325684 0.0037300547119230031967 0.0027971260715276002884 0.0022056270390748977661 0.0014431372983381152153 0.0032935752533376216888 0.0052785724401473999023 0.0061321756802499294281 0.0051143174059689044952 0.0051903608255088329315 0.0051055005751550197601 0.0049386979080736637115 0.0044622728601098060608 0.004547595977783203125 0.0034210323356091976166 0.004066161811351776123 0.0034436478745192289352 0.0034341171849519014359 0.0016666830051690340042 0.0015243977541103959084 0.0043466463685035705566 0.00084841088391840457916 -9999 -9999 -9999
0.0024118940345942974091 0.0028323195874691009521 0.0030860484112054109573 0 0 0.0033667737152427434921 0.0035129743628203868866 0.0054550515487790107727 0.0061482274904847145081 0.02772294171154499054 0.0047083054669201374054 0.004955347161740064621 0.0044134594500064849854 0.0041199065744876861572 0.004957697354257106781 0.0038932312745600938797 0.0031425592023879289627 0.002687834668904542923 0.002134453505277633667 0.0014186535263434052467 0.0037282800767570734024 0.0053815878927707672119 0.005898640025407075882 0.0048566590994596481323 0.0051491847261786460876 0.0052653308957815170288 0.0049947169609367847443 0.0044597932137548923492 0.0047655776143074035645 0.0038055093027651309967 0.0043769897893071174622 0.0037774839438498020172 0.0041653653606772422791 0.0021118496078997850418 0.0014396014157682657242 0.0029356663580983877182 0.0025088898837566375732 0.0017499614041298627853 -9999 -9999
0.0012164424406364560127 0.0018775301286950707436 0.0023373502772301435471 0.0026980184484273195267 0.0037113248836249113083 0 0.0042513683438301086426 0.0059459940530359745026 0.0066583887673914432526 0.030258797109127044678 0.0052066575735807418823 0.004694536793977022171 0.0044110729359090328217 0.0049973810091614723206 0.0041476450860500335693 0.0034568936098366975784 0.0030631080735474824905 0.0025997795164585113525 0.0020630387589335441589 0.0013840402243658900261 0.0040471875108778476715 0.0053281281143426895142 0.0054848650470376014709 0.0045781065709888935089 0.0052525787614285945892 0.0053915493190288543701 0.0051604039035737514496 0.0045760902576148509979 0.0049311500042676925659 0.0040538772009313106537 0.0046841506846249103546 0.0041621117852628231049 0.0053072143346071243286 0.0020722730550915002823 0.0014123027212917804718 0.004564653150737285614 0.0017115535447373986244 0.0015567578375339508057 0.0017852770397439599037 0.0014550433261319994926
0.0021839789114892482758 0.0024240931961685419083 0.0025460780598223209381 0.0027013833168894052505 0.0029364472720772027969 0.0063006104901432991028 0 0.0070192860439419746399 0.0073931072838604450226 0.034194450825452804565 0.0051977690309286117554 0.0047703711315989494324 0.0051015322096645832062 0.0044364091008901596069 0.0038357863668352365494 0.0034581853542476892471 0.0030186080839484930038 0.0025276516098529100418 0.0019918221514672040939 0.0013411364052444696426 0.0042399251833558082581 0.005170952528715133667 0.005091590341180562973 0.0046772030182182788849 0.0053688869811594486237 0.0055289440788328647614 0.0053534233011305332184 0.0047662155702710151672 0.0051661282777786254883 0.004236837383359670639 0.005169704090803861618 0.0079823238775134086609 0.002721384633332490921 0.0021195460576564073563 0.004906447138637304306 0.0024071845691651105881 0.0024780947715044021606 0.0017498921370133757591 0.0028198054060339927673 0.0015889817150309681892
0.012515979818999767303 0.012218520045280456543 0.011159319430589675903 0.010460969991981983185 0.010073132812976837158 0.011657676659524440765 0.0015607310924679040909 0 0.007322756107896566391 0.037389457225799560547 0.0054088393226265907288 0.0053833816200494766235 0.0047337193973362445831 0.0041594412177801132202 0.0038539126981049776077 0.0034488392993807792664 0.0029730857349932193756 0.0024645866360515356064 0.0019361831946298480034 0.0013071483699604868889 0.0043980097398161888123 0.0050323819741606712341 0.0048566716723144054413 0.0047831051051616668701 0.0054152836091816425323 0.005655904766172170639 0.0055127935484051704407 0.0049226735718548297882 0.0054439115338027477264 0.0044996775686740875244 0.0058440780267119407654 0.0095771718770265579224 0.0027956468984484672546 0.0052297939546406269073 0.0028156735934317111969 0.0029135146178305149078 0.0024811804760247468948 0.0034900284372270107269 0.0026404764503240585327 -9999
0.0024176142178475856781 0.0026305187493562698364 0.0027666338719427585602 0.0029460627119988203049 0.0031584973912686109543 0.0041502304375171661377 0.015437277965247631073 0 0.0066949194297194480896 0.039775177836418151855 0.0059807212091982364655 0.005263925064355134964 0.0045679416507482528687 0.0041926270350813865662 0.0038480181246995925903 0.0034154674503952264786 0.0029187288600951433182 0.0024064965546131134033 0.0018930052174255251884 0.001280763186514377594 0.0045108711346983909607 0.0048905261792242527008 0.0047662807628512382507 0.0047079804353415966034 0.0053504542447626590729 0.0057408749125897884369 0.0056951530277729034424 0.0050856834277510643005 0.0056575327180325984955 0.0050145541317760944366 0.012616445310413837433 0.0032926378771662712097 0.0056566265411674976349 0.0033508245833218097687 0.0032870227005332708359 0.0028053284622728824615 0.0036690020933747291565 0.0032163271680474281311 -9999 -9999
0.0011968610342592000961 0.0015715205809101462364 0.0018777551595121622086 0.0021390179172158241272 0.0024524263571947813034 0.0031946951057761907578 0.0075926221907138824463 0.016696900129318237305 0 0.042041618376970291138 0.0059235203079879283905 0.0051876245997846126556 0.0046680103987455368042 0.0042430120520293712616 0.0038422683719545602798 0.003378534223884344101 0.0012784675927832722664 0.0028244862332940101624 0.0028277339879423379898 0.0012566384393721818924 0.0045834127813577651978 0.0048253373242914676666 0.0048063904978334903717 0.0046813385561108589172 0.0050613721832633018494 0.0055592381395399570465 0.0057283639907836914062 0.0051695089787244796753 0.0056123118847608566284 0.0054816808551549911499 0.014272443018853664398 0.005983549170196056366 0.0038774816785007715225 0.0038543392438441514969 0.0033359185326844453812 0.003942953888326883316 0.0033298346679657697678 0.0015025833854451775551 -9999 -9999
