tests/data/reference/gistest/full/mwlevel_m.asc
ncols        125
nrows        78
xllcorner    -713756.799299980048
yllcorner    -1061032.369616159936
cellsize     10.000000000000
NODATA_value  -9999
[rows 51 to 67 of 78, columns 80 to 119 of 125]
0.0014513952191919088364 0.0017327400855720043182 0.0018171430565416812897 0.001995377708226442337 0.0022815365809947252274 0.0028051375411450862885 0.0037322046700865030289 0.0077616130001842975616 0 0.047412838786840438843 0.0051619620062410831451 0.0046618585474789142609 0.0041237683035433292389 0.0036799169611185789108 0.0032679927535355091095 0.001645222073420882225 0.001087617361918091774 0.0027555036358535289764 0.0030608691740781068802 0.001059505390003323555 0.0042803701944649219513 0.0057803760282695293427 0.0060277776792645454407 0.0052629006095230579376 0.0055341608822345733643 0.0053014764562249183655 0.0054140738211572170258 0.0051542171277105808258 0.0052199568599462509155 0.0053283381275832653046 0.01600831933319568634 0.0041836118325591087341 0.0037967429962009191513 0.00376399187371134758 0.003850152948871254921 0.0033318859059363603592 0.0018534130649641156197 0.0011974778026342391968 0.0011989445192739367485 -9999
0.0020903805270791053772 0.0022464483045041561127 0.0023453764151781797409 0.0023588684853166341782 0.0027577935252338647842 0.0032423478551208972931 0.0040203188546001911163 0.0047213388606905937195 0.0079915607348084449768 0 0.0079407533630728721619 0.0046150740236043930054 0.0041579636745154857635 0.003729575546458363533 0.0021516890265047550201 0.0011005643755197525024 0.0016182374674826860428 0.0030570854432880878448 0.0033027657773345708847 0.0015341093530878424644 0.0044434280134737491608 0.005933566950261592865 0.0061742183752357959747 0.0054553393274545669556 0.0057763485237956047058 0.0055092698894441127777 0.0052702897228300571442 0.0050702933222055435181 0.0056114029139280319214 0.017570786178112030029 0.0044634561054408550262 0.0041867354884743690491 0.004141339566558599472 0.0041930824518203735352 0.0038424637168645858765 0.0024749485310167074203 0.0018750460585579276085 0.0018868100596591830254 0.0012042764574289321899 0.0012761560501530766487
0.011882505379617214203 0.011190393008291721344 0.011079786345362663269 0.011630806140601634979 0.012444155290722846985 0.013511755503714084625 0.015078767202794551849 0.0049440003931522369385 0.010362100787460803986 0 0.0097615336999297142029 0.0043819267302751541138 0.0041788318194448947906 0.0026804881636053323746 0.0011389540741220116615 0.0016748264897614717484 0.0020406651310622692108 0.0032932916656136512756 0.0034846218768507242203 0.0018929407233372330666 0.0046085487119853496552 0.0060416096821427345276 0.0063374056480824947357 0.0056710192002356052399 0.005847616586834192276 0.0054675671271979808807 0.0050936858169734477997 0.0052124401554465293884 0.0061374614015221595764 0.020404141396284103394 0.0044311797246336936951 0.0088614728301763534546 0.0067033474333584308624 0.004154791124165058136 0.0030216171871870756149 0.0025104254018515348434 0.002411981578916311264 0.00322970561683177948 0.0023453808389604091644 0.0012090901145711541176
0.0022117451298981904984 0.0024060893338173627853 0.002561644185334444046 0.002799984300509095192 0.003182245185598731041 0.0034543038345873355865 0.0038910994771867990494 0.018890615552663803101 0.013013357296586036682 0.001061257440596818924 0 0.0042426665313541889191 0.0029317622538655996323 0.0017369585111737251282 0.0011259642196819186211 0.0020437946077436208725 0.0023228789214044809341 0.0034329304471611976624 0.0036413823254406452179 0.0022020924370735883713 0.0047724493779242038727 0.0061792810447514057159 0.0065585263073444366455 0.0058673690073192119598 0.0058333771303296089172 0.0055007156915962696075 0.0054484023712575435638 0.0058418139815330505371 0.022097213193774223328 0.0046206563711166381836 0.0086784893646836280823 0.0011411699233576655388 0.0011846676934510469437 0.0034157277550548315048 0.003063841257244348526 0.0064128586091101169586 0.0046494523994624614716 0.0022577913478016853333 0.0017706230282783508301 0.0011737711029127240181
0.01450887974351644516 0.01425980590283870697 0.013795214705169200897 0.013559693470597267151 0.014002704992890357971 0.014745974913239479065 0.015291935764253139496 0.017489057034254074097 0.02142639458179473877 0.011599905788898468018 0 0.0031564699020236730576 0.0020392024889588356018 0.0010988865979015827179 0.0015791009645909070969 0.0022254227660596370697 0.0024739699438214302063 0.0035138435196131467819 0.003805723041296005249 0.0024961945600807666779 0.0049686715938150882721 0.0063595785759389400482 0.0067439163103699684143 0.0059980773366987705231 0.0059366724453866481781 0.0058343326672911643982 0.0061640199273824691772 0.024058390408754348755 0.0047930101864039897919 0.0088805621489882469177 0.0024915474932640790939 0.0016684023430570960045 0.00355457281693816185 0.0034067290835082530975 0.0085895406082272529602 0.0037293524947017431259 0.0030407151207327842712 0.0025761805009096860886 0.0022289701737463474274 0.0019444789504632353783
0.0070761889219284057617 0.0071017094887793064117 0.0069974050857126712799 0.0067619392648339271545 0.0067328456789255142212 0.0070270961150527000427 0.0074082566425204277039 0.0082433726638555526733 0.025065490975975990295 0.029914354905486106873 0 0.0052636587060987949371 0.00098861649166792631149 0.001429759548045694828 0.0018370704492554068565 0.0023777841124683618546 0.0026340356562286615372 0.0036606742069125175476 0.004018101375550031662 0.0027810209430754184723 0.0051823989488184452057 0.0065839388407766819 0.0069751376286149024963 0.0062557272613048553467 0.0063469726592302322388 0.0064962771721184253693 0.0070697846822440624237 0.027949947863817214966 0.0090785855427384376526 0.0028544117230921983719 0.0037087576929479837418 0.0034874223638325929642 0.0034723598510026931763 0.0084036421030759811401 0.0040580290369689464569 0.0034882894251495599747 0.0028811532538384199142 0.002522197086364030838 0.002278392203152179718 0.001971553778275847435
0.011994621716439723969 0.011674230918288230896 0.011926694773137569427 0.012747584842145442963 0.012802311219274997711 0.012734502553939819336 0.012799268588423728943 0.012850953266024589539 0.0130561022087931633 0.039217285811901092529 0.022695958614349365234 0 0.0013177338987588882446 0.001662631169892847538 0.0020391326397657394409 0.0025502725038677453995 0.0028437452856451272964 0.0038865187671035528183 0.0042509618215262889862 0.0030472446233034133911 0.0054435650818049907684 0.0069523793645203113556 0.0073758149519562721252 0.0067256549373269081116 0.0070433453656733036041 0.0074102254584431648254 0.031070224940776824951 0.0096050780266523361206 0.0032488470897078514099 0.003992978949099779129 0.0010721824364736676216 0.0034908840898424386978 0.0079400241374969482422 0.0041675958782434463501 0.0044126012362539768219 0.0038382939528673887253 0.0033326225820928812027 0.0031457743607461452484 0.0031635586638003587723 0.0030940917786210775375
0.0059758480638265609741 0.0065457932651042938232 0.0071534859016537666321 0.015442693606019020081 0.014947492629289627075 0.01482487749308347702 0.016418857499957084656 0.01689967326819896698 0.016155838966369628906 0.015596502460539340973 0.076808020472526550293 0.00096281751757487654686 0 0.0019927853718400001526 0.0021909880451858043671 0.002813923172652721405 0.0031351302750408649445 0.0041770772077143192291 0.0045125498436391353607 0.0033481311984360218048 0.0058169574476778507233 0.0073944078758358955383 0.0077145094983279705048 0.0070897564291954040527 0.0076592136174440383911 0.033367618918418884277 0.0097481757402420043945 0.0037148625124245882034 0.0069497870281338691711 0.0042297570034861564636 0.0037204625550657510757 0.0077063650824129581451 0.0041906130500137805939 0.0071856803260743618011 0.00442790985107421875 0.0039578280411660671234 0.0035519090015441179276 0.0034158632624894380569 0.003570622764527797699 0.0036624351050704717636
0.0080111501738429069519 0.0097068175673484802246 0.012157753109931945801 0.0022273431532084941864 0.0029974118806421756744 0.0036938828416168689728 0.0017425295663997530937 0.0017113791545853018761 0.0025066642556339502335 0.0031988823320716619492 0.0036319522187113761902 0.081098772585391998291 0 0.006030388176441192627 0.0025376884732395410538 0.0030468907207250595093 0.0034902603365480899811 0.0045101111754775047302 0.0048391651362180709839 0.0037152054719626903534 0.006256871391087770462 0.0077814836986362934113 0.0078768590465188026428 0.0072823306545615196228 0.03464718163013458252 0.0095689818263053894043 0.0039811041206121444702 0.012668799608945846558 0.008117998950183391571 0.0079230722039937973022 0.0078058168292045593262 0.0043474086560308933258 0.0093783177435398101807 0.0043365466408431529999 0.003997736610472202301 0.0036487029865384101868 0.0033031504135578870773 0.0030738166533410549164 0.0032093306072056293488 0.0031528680119663476944
0.0029131192713975906372 0.0043943305499851703644 0.0019303656881675124168 0.0014980222331359982491 0.0014446086715906858444 0.0014110988704487681389 0.0013931727735325694084 0.0013543668901547789574 0.001298182876780629158 0.0013084238162264227867 0.0016301145078614354134 0.0020925973076373338699 0.088993087410926818848 0 0.0030829797033220529556 0.0036141122691333293915 0.003931043669581413269 0.0048783589154481887817 0.0051933773793280124664 0.0040653538890182971954 0.0065709254704415798187 0.0080110449343919754028 0.0080742072314023971558 0.0077707082964479923248 0.041402898728847503662 0.0043530529364943504333 0.015230922959744930267 0.0050989426672458648682 0.0050587002187967300415 0.0049299215897917747498 0.0046129515394568443298 0.0094908326864242553711 0.0010820925235748291016 0.0030835252255201339722 0.0027146290522068738937 0.0023682191967964172363 0.0020292142871767282486 0.00171540828887373209 0.0012137652374804019928 0.0022197850048542022705
0.0040567908436059951782 0.0015315030468627810478 0.0010303644230589270592 0.0010182533878833055496 0.00099958223290741443634 0.00098069279920309782028 0.00096187903545796871185 0.00093450665008276700974 0.00090055906912311911583 0.0032005123794078826904 0.003704858710989356041 0.0040764524601399898529 0.004993751179426908493 0.097750678658485412598 0 0.0045025190338492393494 0.0043140747584402561188 0.0052370196208357810974 0.0055298400111496448517 0.004366410430520772934 0.0067412187345325946808 0.0081255799159407615662 0.0085045313462615013123 0.043998826295137405396 0.0047403019852936267853 0.016311708837747573853 0.0019135036272928118706 0.0015201963251456618309 0.0010889242403209209442 0.0011057530064135789871 0.010226847603917121887 0.0016108915442600846291 0.0034232502803206443787 0.0010735505493357777596 0.0015717389760538935661 0.0010671450290828943253 0.001091544516384601593 0.0011467654258012771606 -9999 0.0012835079105570912361
0.0010218779789283871651 0.0010285376338288187981 0.0014904455747455358505 0.0018476374680176377296 0.0021653696894645690918 0.0024398746900260448456 0.0026655725669115781784 0.0028561726212501525879 0.003023728029802441597 0.00090101495152339339256 0.00089439208386465907097 0.001353463856503367424 0.0018071519443765282631 0.0025018160231411457062 0.10760544240474700928 0 0.0043784314766526222229 0.0053938250057399272919 0.0058751790784299373627 0.0047394167631864547729 0.0070944079197943210602 0.0086216880008578300476 0.047403678297996520996 0.0051190559752285480499 0.017457097768783569336 0.0025671103503555059433 0.0022266572341322898865 0.0019647846929728984833 0.001645718584768474102 0.010803072713315486908 0.001095411018468439579 0.003777991514652967453 0.0016082725487649440765 0.0020082900300621986389 0.0010544174583628773689 -9999 -9999 -9999 -9999 -9999
0.0040632099844515323639 0.0041810241527855396271 0.0042662182822823524475 0.0044035105966031551361 0.0046230847947299480438 0.0048551331274211406708 0.0050791478715837001801 0.0052774990908801555634 0.0054030343890190124512 0.0055430768989026546478 0.0057098804973065853119 0.0098642110824584960938 0.010742202401161193848 0.011554076336324214935 0.012687008827924728394 0 0.0055890493094921112061 0.0051473155617713928223 0.0089268330484628677368 0.001098164822906255722 0.0077537111937999725342 0.053007498383522033691 0.0054624634794890880585 0.019548300653696060181 0.0022599403746426105499 0.0018232265720143914223 0.0015456487890332937241 0.0010906903771683573723 0.011039321310818195343 0.001687655225396156311 0.004230683203786611557 0.0020758681930601596832 0.002390791894868016243 -9999 -9999 -9999 -9999 -9999 -9999 -9999
0.004092184361070394516 0.0041277534328401088715 0.0041974987834692001343 0.0043087601661682128906 0.0045160381123423576355 0.004742309916764497757 0.0050730858929455280304 0.005388618912547826767 0.0055739018134772777557 0.0057784230448305606842 0.006019276101142168045 0.00092643289826810359955 0.00093328912043944001198 0.0014178906567394733429 0.0018099594162777066231 0.014786415733397006989 0 0.0094712339341640472412 0.0095381122082471847534 0.0082117961719632148743 0.053844813257455825806 0.0057650301605463027954 0.019876919686794281006 0.0023987710010260343552 0.001839102013036608696 0.001469819340854883194 0.0010765065671876072884 0.011264458298683166504 0.0021736614871770143509 0.0046661226078867912292 0.0025755960959941148758 -9999 -9999 -9999 -9999 -9999 -9999 -9999 -9999 -9999
0.0085425553843379020691 0.0083610713481903076172 0.0083362348377704620361 0.0083059659227728843689 0.0084555512294173240662 0.0088565880432724952698 0.008921342901885509491 0.0092705953866243362427 0.0097539322450757026672 0.010207228362560272217 0.01044236309826374054 0.010511436499655246735 0.010506799444556236267 0.010824933648109436035 0.01117486320436000824 0.01080492604523897171 0.024474194273352622986 0 0.014420247636735439301 0.053640879690647125244 0.0058937571011483669281 0.020551441237330436707 0.012886337935924530029 0.010801143944263458252 0.010122388601303100586 0.010217816568911075592 0.01106596924364566803 0.0026004905812442302704 0.0050889933481812477112 0.0030408741440623998642 -9999 -9999 -9999 -9999 -9999 -9999 -9999 -9999 -9999 -9999
0.0022888735402375459671 0.0024758542422205209732 0.0026911892928183078766 0.0028797676786780357361 0.0030845275614410638809 0.0034750637132674455643 0.0037871636450290679932 0.0039152749814093112946 0.0042555960826575756073 0.0046401810832321643829 0.0047992272302508354187 0.0049103791825473308563 0.0050309752114117145538 0.0052250507287681102753 0.0054221572354435920715 0.0054614809341728687286 0.005808624904602766037 0.031195888295769691467 0 0.056660424917936325073 0.020036805421113967896 0.013513705693185329437 0.0010611367179080843925 0.0010284085292369127274 0.0014902154216542840004 0.0010372668039053678513 0.0028465595096349716187 0.0053364960476756095886 -9999 -9999 -9999 -9999 -9999 -9999 -9999 -9999 -9999 -9999 -9999 -9999
0.0048349061980843544006 0.0048831305466592311859 0.0049808509647846221924 0.0050507783889770507812 0.0051437211222946643829 0.0056881606578826904297 0.0061757140792906284332 0.006410220172256231308 0.006477336399257183075 0.006959340069442987442 0.007094567175954580307 0.0071764565072953701019 0.0071912393905222415924 0.0072060138918459415436 0.0072256266139447689056 0.0074337883852422237396 0.0076102521270513534546 0.008946006186306476593 0 0.066092580556869506836 0.013839368708431720734 0.0015855222009122371674 0.0015324731357395648956 0.0018937874119728803635 0.0010139270452782511711 0.0029726549983024597168 -9999 -9999 -9999 -9999 -9999 -9999 -9999 -9999 -9999 -9999 -9999 -9999 -9999 -9999
