tests/data/reference/gistest/full/mwlevel_m.asc
ncols        125
nrows        78
xllcorner    -713756.799299980048
yllcorner    -1061032.369616159936
cellsize     10.000000000000
NODATA_value  -9999
[rows 17 to 33 of 78, columns 0 to 39 of 125]
-9999 -9999 -9999 -9999 -9999 -9999 -9999 -9999 -9999 -9999 -9999 -9999 -9999 -9999 -9999 -9999 -9999 -9999 -9999 0.0022697513923048973083 0.0030264346860349178314 0.0035853197332471609116 0.0049189087003469467163 0.0069838906638324260712 0.010550000704824924469 0.0018411636119708418846 0.0021731150336563587189 0.0037004072219133377075 0.0027941293083131313324 0.0086795156821608543396 0.0093348994851112365723 0.0018543101614341139793 0.0022724119480699300766 0.0017986972816288471222 0.0088920257985591888428 0.0011696039000526070595 0.007052592933177947998 0.0087358700111508369446 0.0046151597052812576294 0.0052891126833856105804
-9999 -9999 -9999 -9999 -9999 -9999 -9999 -9999 -9999 -9999 -9999 -9999 -9999 -9999 -9999 -9999 -9999 -9999 0.0012033175444230437279 0.0027120902668684720993 0.003505160333588719368 0.0043553737923502922058 0.010428761132061481476 0.0012583479983732104301 0.0012169686378911137581 0.026607718318700790405 0.0010000000474974513054 0.010143904015421867371 0.0093276677653193473816 0.0012047381605952978134 0.008778895251452922821 0.0022449239622801542282 0.0026670095976442098618 0.0022214367054402828217 0.0088037811219692230225 0.0017410442233085632324 0.0069952551275491714478 0.0086618680506944656372 0.0048558018170297145844 0.0055683809332549571991
-9999 -9999 -9999 -9999 -9999 -9999 -9999 -9999 -9999 -9999 -9999 -9999 -9999 -9999 -9999 -9999 -9999 0.0012573279673233628273 0.0019329560454934835434 0.0031930475961416959763 0.0041631315834820270538 0.013493215665221214294 0.0022378738503903150558 0.0012315186904743313789 0.001198084559291601181 0.0010000000474974513054 0.029031263664364814758 0.010535636916756629944 0.010944809764623641968 0.0011901445686817169189 0.0082096746191382408142 0.0027103654574602842331 0.0011644334299489855766 0.0040905149653553962708 0.0091143259778618812561 0.0022010277025401592255 0.0070890602655708789825 0.0085278376936912536621 0.0049786316230893135071 0.0057851746678352355957
-9999 -9999 -9999 -9999 -9999 -9999 -9999 -9999 -9999 -9999 -9999 -9999 -9999 -9999 -9999 -9999 0.0013330373913049697876 0.0020804693922400474548 0.0026243114843964576721 0.0038003511726856231689 0.016882784664630889893 0.0032470955047756433487 0.0013548161368817090988 0.0019890188705176115036 0.0010000000474974513054 0.0013315173564478754997 0.012290305458009243011 0.010648035444319248199 0.011235571466386318207 0.0018899012356996536255 0.0088708167895674705505 0.0031286298763006925583 0.0011653612600639462471 0.0047775926068425178528 0.0094278631731867790222 0.0026161191053688526154 0.0073601845651865005493 0.0088101765140891075134 0.0052982042543590068817 0.0061078346334397792816
-9999 -9999 -9999 -9999 -9999 -9999 -9999 -9999 -9999 -9999 -9999 -9999 -9999 -9999 -9999 -9999 0.0023421980440616607666 0.0028854445554316043854 0.0036583766341209411621 0.01980592682957649231 0.0048418589867651462555 0.0014874129556119441986 0.0013889711117371916771 0.0035192510113120079041 0.0011546739842742681503 0.0044437572360038757324 0.014010723680257797241 0.011619310826063156128 0.010165534913539886475 0.0023108287714421749115 0.0093657672405242919922 0.0011776401661336421967 0.0035297481808811426163 0.0054686660878360271454 0.0097677633166313171387 0.0030048482585698366165 0.0076917721889913082123 0.009384178556501865387 0.005881322082132101059 0.0066676633432507514954
-9999 -9999 -9999 -9999 -9999 -9999 -9999 -9999 -9999 -9999 -9999 -9999 -9999 -9999 -9999 -9999 0.0033111141528934240341 0.0040485216304659843445 0.0054655894637107849121 0.034904066473245620728 0.0015798569656908512115 0.0015447718324139714241 0.0025251815095543861389 0.0010000000474974513054 0.0083486391231417655945 0.0050127208232879638672 0.014662768691778182983 0.012755670584738254547 0.011562824249267578125 0.0028419545851647853851 0.009830365888774394989 0.0011806529946625232697 0.0018260339275002479553 0.0038931944873183965683 0.01285222172737121582 0.0033940619323402643204 0.0079057328402996063232 0.0096279792487621307373 0.0011587615590542554855 0.010433753952383995056
-9999 -9999 -9999 -9999 -9999 -9999 -9999 -9999 -9999 -9999 -9999 -9999 -9999 -9999 -9999 0.0018442706204950809479 0.0046837804839015007019 0.0096247289329767227173 0.025990761816501617432 0.0017041676910594105721 0.0029567370656877756119 0.0026821987703442573547 0.0010000000474974513054 0.0033954866230487823486 0.0056917131878435611725 0.0051794620230793952942 0.013617898337543010712 0.012307784520089626312 0.011666310019791126251 0.0033077378757297992706 0.010375397279858589172 0.0011856016935780644417 0.0018351804465055465698 0.0023163396399468183517 0.0042151384986937046051 0.014212260954082012177 0.0081267738714814186096 0.0096499491482973098755 0.0011422968236729502678 0.01081432681530714035
-9999 -9999 -9999 -9999 -9999 -9999 -9999 -9999 -9999 -9999 -9999 -9999 -9999 -9999 -9999 0.0040064011700451374054 0.061858970671892166138 0.034246724098920822144 0.0024009931366890668869 0.001743279164656996727 0.0014098907122388482094 0.0010000000474974513054 0.0013064418453723192215 0.0012595278676599264145 0.0027897718828171491623 0.005763661116361618042 0.015323602594435214996 0.012041719630360603333 0.011523208580911159515 0.0035556789953261613846 0.0011863337131217122078 0.010660743340849876404 0.0018496059346944093704 0.0023481922689825296402 0.0027888000477105379105 0.016572453081607818604 0.0086371703073382377625 0.010006845928728580475 0.0011373882880434393883 0.011308771558105945587
-9999 -9999 -9999 -9999 -9999 -9999 -9999 -9999 -9999 -9999 -9999 -9999 -9999 -9999 -9999 0.076645642518997192383 0.0029534897767007350922 0.0015929620712995529175 0.0015968639636412262917 0.0016228226013481616974 0.0023352417629212141037 0.0010691871866583824158 0.0028775092214345932007 0.0040806094184517860413 0.0020848894491791725159 0.0030498674605041742325 0.0056168963201344013214 0.021648049354553222656 0.011366362683475017548 0.0037938607856631278992 0.0011695675784721970558 0.001828992040827870369 0.010914032347500324249 0.0023264931514859199524 0.0028864892665296792984 0.0033132052049040794373 0.021917870268225669861 0.0011611274676397442818 0.010452360846102237701 0.001738771563395857811
-9999 -9999 -9999 -9999 -9999 -9999 -9999 -9999 -9999 -9999 -9999 -9999 -9999 0.0014458789955824613571 0.0017053417395800352097 0.0085445055738091468811 0.0025431539397686719894 0.0015756487846374511719 0.0024953878019005060196 0.0026761663611978292465 0.0010000000474974513054 0.0044533368200063705444 0.0051555838435888290405 0.0036596867721527814865 0.0045970189385116100311 0.0027316117193549871445 0.0036428282037377357483 0.026381837204098701477 0.012579192407429218292 0.0043732076883316040039 0.0018576214788481593132 0.0011933131609112024307 0.002421475481241941452 0.011604216881096363068 0.0029516173526644706726 0.0033756867051124572754 0.003749559866264462471 0.022013219073414802551 0.0017713191919028759003 0.010760377161204814911
-9999 -9999 -9999 -9999 -9999 -9999 -9999 -9999 -9999 -9999 -9999 -9999 -9999 -9999 0.0014751964481547474861 0.0024846086744219064713 0.0024302490055561065674 0.0021359839010983705521 0.0029885906260460615158 0.0012237870832905173302 0.0063940440304577350616 0.0045005707070231437683 0.0049493019469082355499 0.008219977840781211853 0.010040269233286380768 0.012567895464599132538 0.01405384112149477005 0.016305528581142425537 0.031007647514343261719 0.014758151024580001831 0.0052352445200085639954 0.0025141471996903419495 0.0019384240731596946716 0.0030787384603172540665 0.012676380574703216553 0.0035524722188711166382 0.0037376838736236095428 0.0039073373191058635712 0.021839490160346031189 0.0022507146932184696198
-9999 -9999 -9999 -9999 -9999 -9999 -9999 -9999 -9999 -9999 -9999 -9999 -9999 -9999 -9999 -9999 0.0018271639710292220116 0.0045582260936498641968 0.0010000000474974513054 0.0011374399764463305473 0.0029697981663048267365 0.0035087263677269220352 0.0038956771604716777802 0.004088541027158498764 0.0044892476871609687805 0.0046733487397432327271 0.0049133268184959888458 0.0057367398403584957123 0.019175488501787185669 0.043139621615409851074 0.015604824759066104889 0.005969177931547164917 0.0032746980432420969009 0.00274366023950278759 0.0038472088053822517395 0.013364080339670181274 0.0038387854583561420441 0.0040645538829267024994 0.0044175963848829269409 0.022988900542259216309
-9999 -9999 -9999 -9999 -9999 -9999 -9999 -9999 -9999 -9999 -9999 -9999 -9999 -9999 -9999 -9999 -9999 0.0031191981397569179535 0.0013461504131555557251 0.0035177231766283512115 0.0038924033287912607193 0.0042700930498540401459 0.0046174512244760990143 0.0051055354997515678406 0.0053192987106740474701 0.0053702532313764095306 0.0053353491239249706268 0.0055405613966286182404 0.0061634914018213748932 0.0068499296903610229492 0.038501501083374023438 0.048893440514802932739 0.055544741451740264893 0.0041005164384841918945 0.0034942221827805042267 0.0043841814622282981873 0.012951706536114215851 0.014132172800600528717 0.016343861818313598633 0.0049823522567749023438
-9999 -9999 -9999 -9999 -9999 -9999 -9999 -9999 -9999 -9999 -9999 -9999 -9999 -9999 -9999 -9999 -9999 0.0010000000474974513054 0.0042553134262561798096 0.0029286679346114397049 0.0035170773044228553772 0.0041262009181082248688 0.032314784824848175049 0.031887155026197433472 0.029836434870958328247 0.028196193277835845947 0.027404736727476119995 0.028168296441435813904 0.029798218980431556702 0.029099427163600921631 0.026203367859125137329 0.024792177602648735046 0.029402080923318862915 0.073058269917964935303 0.080610752105712890625 0.079463146626949310303 0.070592708885669708252 0.061832752078771591187 0.05774213746190071106 0.063999749720096588135
-9999 -9999 -9999 -9999 -9999 -9999 -9999 -9999 -9999 -9999 -9999 -9999 -9999 -9999 -9999 -9999 0.0010000000474974513054 0.0039233844727277755737 0.0030659716576337814331 0.012809709645807743073 0.017002856358885765076 0.034003265202045440674 0.0058627654798328876495 0.0093607893213629722595 0.012241214513778686523 0.011964872479438781738 0.01918384060263633728 0.021924560889601707458 0.02726825326681137085 0.025729993358254432678 0.023179389536380767822 0.022047519683837890625 0.022110138088464736938 0.023385027423501014709 0.026399035006761550903 0.026713907718658447266 0.025934020057320594788 0.052363935858011245728 0.051448520272970199585 0.049677215516567230225
-9999 -9999 -9999 -9999 -9999 -9999 -9999 -9999 -9999 -9999 -9999 -9999 -9999 -9999 -9999 0.0010000000474974513054 0.001185340341180562973 0.0070467987097799777985 0.011601141653954982758 0.0080634728074073791504 0.025441369041800498962 0.0054974807426333427429 0.0057575535029172897339 0.0063868430443108081818 0.0068448623642325401306 0.011724464595317840576 0.0060629593208432197571 0.010783243924379348755 0.0087174531072378158569 0.0084821647033095359802 0.0081663094460964202881 0.0084513882175087928772 0.027271887287497520447 0.031729239970445632935 0.037545766681432723999 0.041414026170969009399 0.044779237359762191772 0.0027263185475021600723 0.0030229247640818357468 0.0051136394031345844269
-9999 -9999 -9999 -9999 -9999 -9999 -9999 -9999 -9999 -9999 -9999 -9999 -9999 -9999 -9999 0.0010000000474974513054 0.012768364511430263519 0.0056842570193111896515 0.0071965921670198440552 0.024555558338761329651 0.0050620306283235549927 0.0055292919278144836426 0.0062619950622320175171 0.0067926426418125629425 0.0077213956974446773529 0.0056891161948442459106 0.010924780741333961487 0.0089376401156187057495 0.0091573167592287063599 0.016901496797800064087 0.020499421283602714539 0.023091752082109451294 0.0045724329538643360138 0.0056116445921361446381 0.00641088094562292099 0.009952459484338760376 0.0020431189332157373428 0.0026092717889696359634 0.0051283431239426136017 0.004170342814177274704
