tests/data/reference/gistest/full/mwlevel_m.asc
ncols        125
nrows        78
xllcorner    -713756.799299980048
yllcorner    -1061032.369616159936
cellsize     10.000000000000
NODATA_value  -9999
[rows 17 to 33 of 78, columns 40 to 79 of 125]
0.0055545535869896411896 0.0044513666070997714996 0.0026019089855253696442 0.004944420885294675827 0.0035992041230201721191 0.0034522423520684242249 0.0022058801259845495224 0.0027036946266889572144 0.0041769873350858688354 0.0011926325969398021698 0.0018977300496771931648 0.0023901620879769325256 0.0042715310119092464447 0.0026435558684170246124 0.0016962332883849740028 0.0016602140385657548904 0.0010902957292273640633 0.0010829304810613393784 0.001596840214915573597 0.0020110390614718198776 0.0024229034315794706345 0.0028666309081017971039 0.0033742599189281463623 0.0011753186117857694626 0.0011910448083654046059 0.0012023089220747351646 0.0063070785254240036011 0.0020324089564383029938 0.0020204866304993629456 0.0085665713995695114136 0.0027684315573424100876 0.0022439702879637479782 0.00234587094746530056 0.046598825603723526001 0.0039293915033340454102 0.0030866884626448154449 0.002586934482678771019 0.0018025449244305491447 0.0012177127646282315254 -9999
0.0057835290208458900452 0.004586069844663143158 0.0028324266895651817322 0.0050990106537938117981 0.0036579796578735113144 0.0035245066974312067032 0.0024013582151383161545 0.0028246834408491849899 0.0041368301026523113251 0.0017644478939473628998 0.0011645423946902155876 0.0022778734564781188965 0.0026688619982451200485 0.0044009210541844367981 0.0029734447598457336426 0.002138407435268163681 0.0021031266078352928162 0.0016451858682557940483 0.0010992070892825722694 0.0011069242609664797783 0.0011164019815623760223 0.0011281812330707907677 0.0011422559618949890137 0.0038582349661737680435 0.0018554262351244688034 0.001900146016851067543 0.0019217729568481445312 0.0063735940493643283844 0.0024571493268013000488 0.0025114016607403755188 0.0095959687605500221252 0.0027524312026798725128 0.003004161641001701355 0.0013926281826570630074 0.046029161661863327026 0.0063106352463364601135 0.0030107223428785800934 0.0023115463554859161377 0.0018407560419291257858 0.0012132856063544750214
0.0060701034963130950928 0.0048479493707418441772 0.0030689903069287538528 0.0052119540050625801086 0.003743384266272187233 0.0036270462442189455032 0.0025716859381645917892 0.0029166154563426971436 0.0040971753187477588654 0.0020942958071827888489 0.0011323974467813968658 0.0017207672353833913803 0.0026094445493072271347 0.0029914216138422489166 0.0046537956222891807556 0.0032933831680566072464 0.0025151250883936882019 0.0025046037044376134872 0.002119967946782708168 0.0016793622635304927826 0.0016929215053096413612 0.0017120286356657743454 0.0017374467570334672928 0.0017733344575390219688 0.0043024979531764984131 0.00234642811119556427 0.002334441058337688446 0.0023200851865112781525 0.0063338717445731163025 0.0029391227290034294128 0.010371061041951179504 0.0030594163108617067337 0.0031329144258052110672 0.0013146750861778855324 0.0023180877324193716049 0.04827550053596496582 0.0089451018720865249634 0.0027728311251848936081 0.0021552613470703363419 0.0017028641887009143829
0.0063850185833871364594 0.0051430473104119300842 0.0032364265061914920807 0.0052511836402118206024 0.0038448548875749111176 0.0037212714087218046188 0.0027450192719697952271 0.0030552584212273359299 0.0041459952481091022491 0.0023597490508109331131 0.0011040698736906051636 0.001668771146796643734 0.0021439841948449611664 0.0029609417542815208435 0.003304311772808432579 0.0048496350646018981934 0.0035713457036763429642 0.0028774645179510116577 0.0028904336504638195038 0.0025312893558293581009 0.0021457914263010025024 0.0021775031927973031998 0.0022194890771061182022 0.0022500876802951097488 0.0022572495508939027786 0.0045263427309691905975 0.0026839429046958684921 0.0027037602849304676056 0.0027762278914451599121 0.007947141304612159729 0.0098950648680329322815 0.0031944080255925655365 0.0031865709461271762848 0.0020246298518031835556 0.0012924189213663339615 0.0013293760130181908607 0.046616449952125549316 0.010114831849932670593 0.0027813015040010213852 0.0021372558549046516418
0.0068290783092379570007 0.0055104829370975494385 0.0034580894280225038528 0.0052436902187764644623 0.0039732130244374275208 0.0038124432321637868881 0.0029140945989638566971 0.0032280820887535810471 0.0042896335944533348083 0.0026118881069123744965 0.0015989303356036543846 0.0010879930341616272926 0.0021009817719459533691 0.0025432785041630268097 0.0032580040860921144485 0.0035524256527423858643 0.0050661568529903888702 0.0038906901609152555466 0.003246000269427895546 0.0032721818424761295319 0.0029542923439294099808 0.0026012083981186151505 0.0026220728177577257156 0.0026225892361253499985 0.0026197403203696012497 0.0026377253234386444092 0.0048032850027084350586 0.0031593542080372571945 0.0032713254913687705994 0.009153624996542930603 0.0092929210513830184937 0.0033229736145585775375 0.0034556433092802762985 0.0023249743971973657608 0.0019711521454155445099 0.0012107241200283169746 0.0021197672467678785324 0.042558390647172927856 0.010644274763762950897 0.0045675416477024555206
0.0072427298873662948608 0.0059212660416960716248 0.0038605690933763980865 0.0054781306535005569458 0.0041838735342025756836 0.0039865761063992977142 0.0031371407676488161087 0.0034249846357852220535 0.0045165410265326499939 0.0028952120337635278702 0.0019851089455187320709 0.0016038080211728811264 0.0010875186417251825333 0.0024862175341695547104 0.0028460486792027950287 0.0035074134357273578644 0.0038588366005569696426 0.0053775454871356487274 0.004230901133269071579 0.0036210147663950920105 0.0036695937160402536392 0.0033463018480688333511 0.0029722964391112327576 0.0029683683533221483231 0.0029899165965616703033 0.0030301623046398162842 0.0030814472120255231857 0.0053357994183897972107 0.003728839801624417305 0.010815493762493133545 0.0092260316014289855957 0.0036379236262291669846 0.0036625955253839492798 0.0025529048871248960495 0.0022725216113030910492 0.0018494792748242616653 0.0024705878458917140961 0.0011949948966503143311 0.041838183999061584473 0.010708916932344436646
0.0075452183373272418976 0.0063164541497826576233 0.0043055205605924129486 0.0059769847430288791656 0.0045014261268079280853 0.0042964327149093151093 0.0034358839038759469986 0.0036632146220654249191 0.0048078042455017566681 0.0032188598997890949249 0.0023576566018164157867 0.0020232854876667261124 0.0010774575639516115189 0.0016015715664252638817 0.002780405338853597641 0.0031549553386867046356 0.0038617230020463466644 0.0042102015577256679535 0.0056743873283267021179 0.0045615416020154953003 0.0039953626692295074463 0.0040276972576975822449 0.0036837931256741285324 0.0033495691604912281036 0.0033834369387477636337 0.0034143817611038684845 0.0034751882776618003845 0.0036070821806788444519 0.005934574175626039505 0.012968204915523529053 0.0098057845607399940491 0.0038398932665586471558 0.0037310116458684206009 0.0027552042156457901001 0.0025181297678500413895 0.0021565991919487714767 0.0025546045508235692978 0.0011861057719215750694 0.0019780881702899932861 0.041239570826292037964
0.0078827282413840293884 0.0066749267280101776123 0.0046949721872806549072 0.0064085996709764003754 0.0048145311884582042694 0.0045333150774240493774 0.0036766165867447853088 0.0038964662235230207443 0.0050544044934213161469 0.0034943907521665096283 0.0026657176204025745392 0.0010671160416677594185 0.0023625849280506372452 0.0015671817818656563759 0.0019977069459855556488 0.0031205380801111459732 0.0035152779892086982727 0.004196404479444026947 0.0045359870418906211853 0.0060195457190275192261 0.0049544707871973514557 0.0043637924827635288239 0.0043532950803637504578 0.0040377997793257236481 0.0037196527700871229172 0.0037690324243158102036 0.0038738814182579517365 0.0040129618719220161438 0.0041427640244364738464 0.015819467604160308838 0.010172630660235881805 0.0040379902347922325134 0.0038823913782835006714 0.0030198195017874240875 0.0027615900617092847824 0.0024122716858983039856 0.0026708031073212623596 0.0016651744954288005829 0.0022905217483639717102 0.0011917647207155823708
0.01608513854444026947 0.0070541226305067539215 0.0050371331162750720978 0.0067522344179451465607 0.005098507273942232132 0.0046963612549006938934 0.0038460835348814725876 0.0041324859485030174255 0.0052623758092522621155 0.003724867943674325943 0.0029156890232115983963 0.001534761977382004261 0.0010400860337540507317 0.0026531119365245103836 0.0019684068392962217331 0.0023763806093484163284 0.0034527522511780261993 0.0038675174582749605179 0.0045867431908845901489 0.004971698857843875885 0.0064459601417183876038 0.0052766511216759681702 0.0046353195793926715851 0.0046375151723623275757 0.0043655605986714363098 0.0041425572708249092102 0.0042917788960039615631 0.0043929242528975009918 0.0044073653407394886017 0.01666806638240814209 0.010031537152826786041 0.0043076034635305404663 0.0041988277807831764221 0.0033131144009530544281 0.0030195624567568302155 0.0026621611323207616806 0.002834166400134563446 0.0019321404397487640381 0.0023907166905701160431 0.0017319187754765152931
0.0022084505762904882431 0.019544357433915138245 0.0054179131984710693359 0.0071485093794763088226 0.0054376102052628993988 0.0049909180961549282074 0.0040894052945077419281 0.0043705259449779987335 0.0054208845831453800201 0.0039283218793570995331 0.0031611593440175056458 0.0018934577237814664841 0.0010238990653306245804 0.0015186434611678123474 0.0029639839194715023041 0.0023517706431448459625 0.0027712250594049692154 0.0038685814943164587021 0.0043089361861348152161 0.0050011952407658100128 0.0052794520743191242218 0.0066168187186121940613 0.0054842284880578517914 0.0049244328401982784271 0.005007908213883638382 0.0048255957663059234619 0.0046180151402950286865 0.0046779140830039978027 0.0046728928573429584503 0.018293768167495727539 0.010300959460437297821 0.0046574110165238380432 0.0045961532741785049438 0.0036974027752876281738 0.0033688328694552183151 0.0029789472464472055435 0.0030645441729575395584 0.0022164070978760719299 0.0025494683068245649338 0.001978415297344326973
0.010886446572840213776 0.020638125017285346985 0.0058333575725555419922 0.007626120932400226593 0.0058814408257603645325 0.0054041007533669471741 0.0044401497580111026764 0.0046140793710947036743 0.0055148298852145671844 0.0040864325128495693207 0.0033937604166567325592 0.0022125800605863332748 0.0014826925471425056458 0.0018843250581994652748 0.0010339380241930484772 0.0033252260182052850723 0.0027867213357239961624 0.0032314355485141277313 0.0042921528220176696777 0.0046291542239487171173 0.005196237470954656601 0.0054612886160612106323 0.0068353414535522460938 0.0058089494705200195312 0.0053167552687227725983 0.0053965561091899871826 0.00514826970174908638 0.0048853876069188117981 0.0049559823237359523773 0.020600918680429458618 0.011040684767067432404 0.0051929824985563755035 0.0051184208132326602936 0.0042039584368467330933 0.0038576296065002679825 0.0034217806532979011536 0.0034278833772987127304 0.0025037459563463926315 0.0028130037244409322739 0.0022397653665393590927
0.0026694221887737512589 0.027486642822623252869 0.0062186215072870254517 0.0079335542395710945129 0.0061927498318254947662 0.0057387826964259147644 0.0047706714831292629242 0.0048819030635058879852 0.005649870261549949646 0.0042565758340060710907 0.0036324688699096441269 0.0025189139414578676224 0.0018577581504359841347 0.0022211861796677112579 0.0015215039020404219627 0.0035944688133895397186 0.0031000366434454917908 0.0011018073419108986855 0.0036045904271304607391 0.0045790635049343109131 0.0048620058223605155945 0.0054258001036942005157 0.0057266764342784881592 0.0071186763234436511993 0.0061374604701995849609 0.0056403931230306625366 0.0057164463214576244354 0.0055230925790965557098 0.0053207036107778549194 0.022859733551740646362 0.011493474245071411133 0.0055846278555691242218 0.0054241782054305076599 0.0044968477450311183929 0.0041614929214119911194 0.0037489845417439937592 0.0037700200919061899185 0.002848371630534529686 0.0031330985948443412781 0.0025235982611775398254
0.023723769932985305786 0.0031043211929500102997 0.029097659513354301453 0.0081094074994325637817 0.0063116792589426040649 0.0058787046000361442566 0.0049819191917777061462 0.005114033818244934082 0.0058206934481859207153 0.0044498937204480171204 0.0038817184977233409882 0.0028238601516932249069 0.0022100829519331455231 0.0025579233188182115555 0.0019236677326261997223 0.0038427049294114112854 0.0033615301363170146942 0.0010900936322286725044 0.0016564463730901479721 0.0039409818127751350403 0.0048502064310014247894 0.0050923563539981842041 0.0056495498865842819214 0.0059710536152124404907 0.0073881763964891433716 0.0064749098382890224457 0.0060954149812459945679 0.0063152872025966644287 0.0061196759343147277832 0.0057138726115226745605 0.028332896530628204346 0.0057904575951397418976 0.0055296546779572963715 0.004571394994854927063 0.0042295851744711399078 0.0038797976449131965637 0.0039788610301911830902 0.0031595469918102025986 0.0034824691247195005417 0.0028375575784593820572
0.067158408463001251221 0.083128370344638824463 0.088150411844253540039 0.036497689783573150635 0.0075578000396490097046 0.0067993076518177986145 0.0057455678470432758331 0.0057685454376041889191 0.0063681998290121555328 0.0048244982026517391205 0.0042238477617502212524 0.0031922422349452972412 0.0026038510259240865707 0.0029465667903423309326 0.0023313364945352077484 0.0041585434228181838989 0.0036629911046475172043 0.0016135942423716187477 0.0010918764164671301842 0.0021056367550045251846 0.0042044594883918762207 0.0050750770606100559235 0.0054036253131926059723 0.0060491589829325675964 0.0064654727466404438019 0.0080026844516396522522 0.0071366312913596630096 0.0067123658955097198486 0.0066962013952434062958 0.0061891903169453144073 0.0056317625567317008972 0.02852562442421913147 0.0056414324790239334106 0.0047007175162434577942 0.0043427669443190097809 0.0040168617852032184601 0.0041555622592568397522 0.0034329425543546676636 0.0038157934322953224182 0.0031636222265660762787
0.048343338072299957275 0.048972915858030319214 0.050328139215707778931 0.10054533928632736206 0.15118873119354248047 0.15801656246185302734 0.0086543373763561248779 0.011162525974214076996 0.0076243635267019271851 0.0055106929503381252289 0.0047017810866236686707 0.0036662146449089050293 0.0031012636609375476837 0.0034629786387085914612 0.002828158671036362648 0.0046132151037454605103 0.0040315128862857818604 0.0020452642347663640976 0.0016136839985847473145 0.0010813218541443347931 0.0024723778478801250458 0.0045422376133501529694 0.0055773016065359115601 0.0060416031628847122192 0.0068348739296197891235 0.0073167569935321807861 0.0088201109319925308228 0.0075473864562809467316 0.0067228605039417743683 0.0064449012279510498047 0.0059135742485523223877 0.029498025774955749512 0.005714352242648601532 0.0048382747918367385864 0.0044821701012551784515 0.0041756452992558479309 0.0043588872067630290985 0.0036919815465807914734 0.0041078445501625537872 0.0034865841735154390335
0.0041341921314597129822 0.0036856718361377716064 0.0037135665770620107651 0.0069473362527787685394 0.0090373465791344642639 0.010194445028901100159 0.12408357113599777222 0.14851912856101989746 0.15851876139640808105 0.0090411743149161338806 0.0099618118256330490112 0.0046277660876512527466 0.0039247130043804645538 0.0042714811861515045166 0.0035383356735110282898 0.0053929141722619533539 0.0046569341793656349182 0.0011220125015825033188 0.0025131180882453918457 0.0020906359422951936722 0.001657882356084883213 0.0029550017789006233215 0.0050672185607254505157 0.0061094709672033786774 0.0065509150736033916473 0.0072086234577000141144 0.0074274167418479919434 0.0085608363151550292969 0.0072638331912457942963 0.0065340455621480941772 0.0063678878359496593475 0.031973414123058319092 0.0060259914025664329529 0.005111683625727891922 0.0046830801293253898621 0.0043585984967648983002 0.0045955465175211429596 0.0039507467299699783325 0.0043575605377554893494 0.0037763214204460382462
0.0036030269693583250046 0.0034786639735102653503 0.0043114870786666870117 0.0032496068160980939865 0.0032526371069252490997 0.0033085905015468597412 0.0053717535920441150665 0.0069255372509360313416 0.008141105063259601593 0.13166987895965576172 0.14829301834106445312 0.19050429761409759521 0.0064130942337214946747 0.0052779922261834144592 0.0053706541657447814941 0.0043515628203749656677 0.0063046528957784175873 0.0054255351424217224121 0.00179338816087692976 0.0030594444833695888519 0.0026250020600855350494 0.0021927538327872753143 0.0033667897805571556091 0.0052964435890316963196 0.0061304657720029354095 0.0063411337323486804962 0.0068066385574638843536 0.0070196771994233131409 0.0082166073843836784363 0.0072358106262981891632 0.0067523717880249023438 0.0067786178551614284515 0.035384949296712875366 0.0056396755389869213104 0.005057300906628370285 0.0046431617811322212219 0.0048723877407610416412 0.0041992198675870895386 0.0045611555688083171844 0.0040103499777615070343
