tests/data/reference/gistest/full/mwlevel_m.asc
ncols        125
nrows        78
xllcorner    -713756.799299980048
yllcorner    -1061032.369616159936
cellsize     10.000000000000
NODATA_value  -9999
[rows 18 to 35 of 78, columns 0 to 38 of 125]
-9999 -9999 -9999 -9999 -9999 -9999 -9999 -9999 -9999 -9999 -9999 -9999 -9999 -9999 -9999 -9999 -9999 -9999 0.001203313819132745266 0.0027120814193040132523 0.0035051482263952493668 0.0043553579598665237427 0.010428717359900474548 0.0012583440402522683144 0.0012169649126008152962 0.026607597246766090393 0.0010000000474974513054 0.01014386303722858429 0.0093276314437389373779 0.0012047344353049993515 0.0087788654491305351257 0.0022449169773608446121 0.002667000284418463707 0.0022214292548596858978 0.0088037410750985145569 0.0017410385189577937126 0.0069952281191945075989 0.0086618317291140556335 0.004855784587562084198
-9999 -9999 -9999 -9999 -9999 -9999 -9999 -9999 -9999 -9999 -9999 -9999 -9999 -9999 -9999 -9999 -9999 0.0012573241256177425385 0.0019329499918967485428 0.0031930368859320878983 0.0041631166823208332062 0.013493157923221588135 0.0022378647699952125549 0.0012315148487687110901 0.0011980772251263260841 0.0010000000474974513054 0.029031135141849517822 0.010535594075918197632 0.010944766923785209656 0.001190140959806740284 0.0082096466794610023499 0.0027103561442345380783 0.0011644286569207906723 0.0040904995985329151154 0.009114284999668598175 0.0022010202519595623016 0.0070890323258936405182 0.0085278013721108436584 0.004978613927960395813
-9999 -9999 -9999 -9999 -9999 -9999 -9999 -9999 -9999 -9999 -9999 -9999 -9999 -9999 -9999 -9999 0.0013330305228009819984 0.0020804603118449449539 0.002624301007017493248 0.003800336737185716629 0.016882710158824920654 0.003247082466259598732 0.0013548118295148015022 0.0019890121184289455414 0.0010000000474974513054 0.0013315153773874044418 0.012290251441299915314 0.010647992603480815887 0.011235525831580162048 0.0018898952985182404518 0.0088707851245999336243 0.0031286187004297971725 0.0011653564870357513428 0.004777574446052312851 0.0094278203323483467102 0.0026161100249737501144 0.0073601552285254001617 0.0088101392611861228943 0.0052981846965849399567
-9999 -9999 -9999 -9999 -9999 -9999 -9999 -9999 -9999 -9999 -9999 -9999 -9999 -9999 -9999 -9999 0.0023421833757311105728 0.0028854310512542724609 0.0036583598703145980835 0.019805837422609329224 0.0048418347723782062531 0.0014874052722007036209 0.0013889640104025602341 0.0035192393697798252106 0.0011546715395525097847 0.0044437497854232788086 0.014010661281645298004 0.011619264259934425354 0.010165493935346603394 0.0023108215536922216415 0.009365733712911605835 0.0011776350438594818115 0.0035297351423650979996 0.0054686446674168109894 0.0097677186131477355957 0.0030048375483602285385 0.0076917414553463459015 0.0093841385096311569214 0.0058813001960515975952
-9999 -9999 -9999 -9999 -9999 -9999 -9999 -9999 -9999 -9999 -9999 -9999 -9999 -9999 -9999 -9999 0.0033110938966274261475 0.0040484997443854808807 0.0054655591957271099091 0.034903898835182189941 0.0015798488166183233261 0.0015447639161720871925 0.0025251680053770542145 0.0010000000474974513054 0.0083485823124647140503 0.0050127091817557811737 0.014662702567875385284 0.012755617499351501465 0.011562776751816272736 0.0028419448062777519226 0.0098303295671939849854 0.0011806478723883628845 0.0018260277574881911278 0.0038931795861572027206 0.012852163985371589661 0.0033940495923161506653 0.007905701175332069397 0.0096279373392462730408 0.0011587569024413824081
-9999 -9999 -9999 -9999 -9999 -9999 -9999 -9999 -9999 -9999 -9999 -9999 -9999 -9999 -9999 0.0018442610744386911392 0.0046837488189339637756 0.0096246711909770965576 0.025990635156631469727 0.001704158843494951725 0.0029567210003733634949 0.0026821843348443508148 0.0010000000474974513054 0.0033954684622585773468 0.0056916913017630577087 0.0051794475875794887543 0.013617835938930511475 0.012307730503380298615 0.011666259728372097015 0.0033077260013669729233 0.010375358164310455322 0.0011855963384732604027 0.0018351741600781679153 0.0023163314908742904663 0.0042151222005486488342 0.014212196692824363708 0.0081267403438687324524 0.0096499063074588775635 0.0011422925163060426712
-9999 -9999 -9999 -9999 -9999 -9999 -9999 -9999 -9999 -9999 -9999 -9999 -9999 -9999 -9999 0.0040063792839646339417 0.06185862421989440918 0.034246545284986495972 0.0024009770713746547699 0.0017432700842618942261 0.0014098834944888949394 0.0010000000474974513054 0.0013064384693279862404 0.0012595164589583873749 0.0027897551190108060837 0.0057636373676359653473 0.015323533676564693451 0.012041665613651275635 0.01152315828949213028 0.0035556643269956111908 0.001186326262541115284 0.010660702362656593323 0.001849599531851708889 0.0023481841199100017548 0.0027887900359928607941 0.016572378575801849365 0.0086371339857578277588 0.010006801225244998932 0.0011373839806765317917
-9999 -9999 -9999 -9999 -9999 -9999 -9999 -9999 -9999 -9999 -9999 -9999 -9999 -9999 -9999 0.076645195484161376953 0.0029534741770476102829 0.001592953922227025032 0.0015968556981533765793 0.0016228142194449901581 0.0023352294228971004486 0.0010691834613680839539 0.0028774980455636978149 0.0040805949829518795013 0.0020848771091550588608 0.0030498492997139692307 0.0056168716400861740112 0.021647948771715164185 0.011366311460733413696 0.0037938440218567848206 0.0011695605935528874397 0.0018289817962795495987 0.010913988575339317322 0.002326483139768242836 0.0028864787891507148743 0.003313193097710609436 0.021917769685387611389 0.0011611226946115493774 0.010452314279973506927
-9999 -9999 -9999 -9999 -9999 -9999 -9999 -9999 -9999 -9999 -9999 -9999 -9999 0.0014458715450018644333 0.0017053328920155763626 0.0085444506257772445679 0.0025431162212044000626 0.0015756406355649232864 0.002495374530553817749 0.0026761521585285663605 0.0010000000474974513054 0.004453321453183889389 0.0051555619575083255768 0.0036596702411770820618 0.0045970003120601177216 0.0027315951883792877197 0.0036428056191653013229 0.026381712406873703003 0.012579134665429592133 0.0043731867335736751556 0.001857611117884516716 0.001193305477499961853 0.0024214615114033222198 0.011604168452322483063 0.0029516031499952077866 0.0033756725024431943893 0.003749545663595199585 0.022013116627931594849 0.0017713132547214627266
-9999 -9999 -9999 -9999 -9999 -9999 -9999 -9999 -9999 -9999 -9999 -9999 -9999 -9999 0.0014751888811588287354 0.0024845956359058618546 0.0024302361998707056046 0.0021359724923968315125 0.0029885745607316493988 0.0012237827759236097336 0.006394016556441783905 0.0045005478896200656891 0.0049492758698761463165 0.008219936862587928772 0.010040217079222202301 0.01256783120334148407 0.014053763821721076965 0.016305433586239814758 0.031007498502731323242 0.01475808117538690567 0.005235218442976474762 0.0025141327641904354095 0.0019384130137041211128 0.0030787202995270490646 0.012676326557993888855 0.0035524538252502679825 0.0037376664113253355026 0.0039073205552995204926 0.021839387714862823486
-9999 -9999 -9999 -9999 -9999 -9999 -9999 -9999 -9999 -9999 -9999 -9999 -9999 -9999 -9999 -9999 0.0018271544249728322029 0.0045582000166177749634 0.0010000000474974513054 0.0011374399764463305473 0.0029697932768613100052 0.0035087170545011758804 0.0038956648204475641251 0.0040885265916585922241 0.0044892304576933383942 0.004673329181969165802 0.0049133044667541980743 0.0057367119006812572479 0.019175378605723381042 0.043139394372701644897 0.01560474839061498642 0.0059691462665796279907 0.003274678252637386322 0.0027436439413577318192 0.0038471852894872426987 0.013364021666347980499 0.0038387645035982131958 0.0040645338594913482666 0.0044175758957862854004
-9999 -9999 -9999 -9999 -9999 -9999 -9999 -9999 -9999 -9999 -9999 -9999 -9999 -9999 -9999 -9999 -9999 0.003119181143119931221 0.0013461455237120389938 0.00351770804263651371 0.0038923854008316993713 0.0042700730264186859131 0.0046174284070730209351 0.0051055084913969039917 0.0053192698396742343903 0.0053702234290540218353 0.0053353193216025829315 0.0055405297316610813141 0.0061634555459022521973 0.0068498882465064525604 0.03850129246711730957 0.048893172293901443481 0.055544435977935791016 0.0041004912927746772766 0.0034942007623612880707 0.0043841539882123470306 0.012951647862792015076 0.014132104814052581787 0.016343779861927032471
-9999 -9999 -9999 -9999 -9999 -9999 -9999 -9999 -9999 -9999 -9999 -9999 -9999 -9999 -9999 -9999 -9999 0.0010000000474974513054 0.0042553027160465717316 0.0029286579228937625885 0.0035170631017535924911 0.0041261822916567325592 0.032314639538526535034 0.031887009739875793457 0.029836298897862434387 0.02819606289267539978 0.027404606342315673828 0.028168160468339920044 0.029798073694109916687 0.029099283739924430847 0.026203237473964691162 0.024792052805423736572 0.029401930049061775208 0.073057867586612701416 0.080610305070877075195 0.079462699592113494873 0.070592306554317474365 0.061832398176193237305 0.057741802185773849487
-9999 -9999 -9999 -9999 -9999 -9999 -9999 -9999 -9999 -9999 -9999 -9999 -9999 -9999 -9999 -9999 0.0010000000474974513054 0.0039233784191310405731 0.0030659649055451154709 0.012809683568775653839 0.017002811655402183533 0.034003116190433502197 0.0058627375401556491852 0.0093607436865568161011 0.012241153977811336517 0.011964811012148857117 0.019183740019798278809 0.021924443542957305908 0.027268107980489730835 0.025729853659868240356 0.023179262876510620117 0.022047398611903190613 0.022110015153884887695 0.023384897038340568542 0.026398885995149612427 0.026713754981756210327 0.02593386918306350708 0.052363641560077667236 0.051448229700326919556
-9999 -9999 -9999 -9999 -9999 -9999 -9999 -9999 -9999 -9999 -9999 -9999 -9999 -9999 -9999 0.0010000000474974513054 0.001185340341180562973 0.0070467917248606681824 0.011601120233535766602 0.0080634457990527153015 0.025441238656640052795 0.0054974565282464027405 0.0057575278915464878082 0.0063868141733109951019 0.0068448293022811412811 0.011724405921995639801 0.0060629323124885559082 0.010783190838992595673 0.0087174121290445327759 0.0084821246564388275146 0.008166268467903137207 0.0084513453766703605652 0.027271740138530731201 0.031729068607091903687 0.037545565515756607056 0.041413802653551101685 0.04477899894118309021 0.0027263062074780464172 0.0030229117255657911301
-9999 -9999 -9999 -9999 -9999 -9999 -9999 -9999 -9999 -9999 -9999 -9999 -9999 -9999 -9999 0.0010000000474974513054 0.012768344022333621979 0.0056842416524887084961 0.0071965688839554786682 0.024555433541536331177 0.0050620101392269134521 0.0055292695760726928711 0.0062619680538773536682 0.0067926109768450260162 0.0077213607728481292725 0.0056890924461185932159 0.010924727655947208405 0.0089375972747802734375 0.0091572711244225502014 0.016901407390832901001 0.020499313250184059143 0.023091631010174751282 0.0045724152587354183197 0.0056116217747330665588 0.0064108539372682571411 0.0099524175748229026794 0.002043111482635140419 0.0026092624757438898087 0.0051283221691846847534
-9999 -9999 -9999 -9999 -9999 -9999 -9999 -9999 -9999 -9999 -9999 -9999 -9999 -9999 0.0012261663796380162239 0.0087359305471181869507 0.0052686436101794242859 0.0066224532201886177063 0.023151911795139312744 0.0042975954711437225342 0.0049025542102754116058 0.0059249633923172950745 0.0067225662060081958771 0.0077894721180200576782 0.0054677128791809082031 0.010625835508108139038 0.0088486308231949806213 0.009530283510684967041 0.012237952090799808502 0.007642679847776889801 0.0046450891532003879547 0.0039546783082187175751 0.0048962626606225967407 0.005579957272857427597 0.0088397962972521781921 0.0011999363778159022331 0.0019283015280961990356 0.0046265418641269207001 0.0038065679837018251419
-9999 -9999 -9999 -9999 -9999 -9999 -9999 -9999 -9999 -9999 -9999 -9999 -9999 0.0010000000474974513054 0.0014573432272300124168 0.0046652364544570446014 0.0061898254789412021637 0.023074580356478691101 0.0036877286620438098907 0.0042514665983617305756 0.0052988380193710327148 0.0062515935860574245453 0.0075881201773881912231 0.0052601578645408153534 0.010864973999559879303 0.0088038723915815353394 0.0096581159159541130066 0.012963783927261829376 0.0076760365627706050873 0.004325845278799533844 0.0034878605511039495468 0.0043129003606736660004 0.0049542626366019248962 0.0072607579641044139862 0.0023782735224813222885 0.0011971736093983054161 0.0042375195771455764771 0.0034007895737886428833 0.0029041955713182687759
