tests/data/reference/gistest/full/mwlevel_m.asc
ncols        125
nrows        78
xllcorner    -713756.799299980048
yllcorner    -1061032.369616159936
cellsize     10.000000000000
NODATA_value  -9999
[rows 18 to 35 of 78, columns 39 to 77 of 125]
0.0055683581158518791199 0.0057835052721202373505 0.0045860516838729381561 0.0028324171435087919235 0.0050989901646971702576 0.00365796615369617939 0.0035244936589151620865 0.0024013502988964319229 0.0028246738947927951813 0.0041368142701685428619 0.00176444218959659338 0.0011645376216620206833 0.0022778655402362346649 0.0026688524521887302399 0.0044009028933942317963 0.0029734338168054819107 0.0021383999846875667572 0.0021031193900853395462 0.0016451803967356681824 0.0010992032475769519806 0.0011069204192608594894 0.0011163980234414339066 0.001128177158534526825 0.0011422516545280814171 0.0038582202978432178497 0.001855419832281768322 0.0019001392647624015808 0.0019217660883441567421 0.006373567972332239151 0.0024571404792368412018 0.0025113925803452730179 0.0095959268510341644287 0.0027524211909621953964 0.0030041502323001623154 0.0013926238752901554108 0.046028938144445419312 0.0063106105662882328033 0.003010712331160902977 0.0023115389049053192139
0.005785150919109582901 0.0060700783506035804749 0.0048479298129677772522 0.0030689795967191457748 0.0052119325846433639526 0.0037433702964335680008 0.0036270327400416135788 0.0025716775562614202499 0.0029166054446250200272 0.00409715995192527771 0.0020942890550941228867 0.0011323932558298110962 0.0017207615310326218605 0.0026094352360814809799 0.0029914104379713535309 0.0046537765301764011383 0.0032933708280324935913 0.0025151162408292293549 0.0025045948568731546402 0.0021199607290327548981 0.0016793566755950450897 0.0016929159173741936684 0.0017120229313150048256 0.001737440936267375946 0.0017733284039422869682 0.0043024811893701553345 0.0023464197292923927307 0.0023344326764345169067 0.002320077037438750267 0.0063338452018797397614 0.0029391120187938213348 0.010371015407145023346 0.0030594056006520986557 0.0031329034827649593353 0.0013146710116416215897 0.0023180779535323381424 0.04827526584267616272 0.0089450655505061149597 0.0027728220447897911072
0.006107809022068977356 0.0063849915750324726105 0.0051430258899927139282 0.0032364148646593093872 0.0052511622197926044464 0.0038448402192443609238 0.0037212574388831853867 0.0027450099587440490723 0.0030552477110177278519 0.004145979415625333786 0.0023597411345690488815 0.0011040660319849848747 0.001668765675276517868 0.0021439769770950078964 0.0029609310440719127655 0.0033042991999536752701 0.0048496150411665439606 0.0035713319666683673859 0.0028774540405720472336 0.0028904231730848550797 0.0025312802754342556 0.0021457842085510492325 0.0021774955093860626221 0.0022194813936948776245 0.0022500799968838691711 0.0022572416346520185471 0.0045263250358402729034 0.0026839333586394786835 0.0027037505060434341431 0.0027762176468968391418 0.0079471077769994735718 0.0098950220271944999695 0.0031943970825523138046 0.0031865602359175682068 0.0020246230997145175934 0.0012924149632453918457 0.001329371938481926918 0.04661622270941734314 0.010114789940416812897
0.0066676349379122257233 0.0068290489725768566132 0.0055104596540331840515 0.0034580768551677465439 0.0052436683326959609985 0.0039731976576149463654 0.0038124290294945240021 0.0029140845872461795807 0.0032280704472213983536 0.0042896168306469917297 0.0026118790265172719955 0.0015989252133294939995 0.0010879893088713288307 0.0021009745541960000992 0.0025432694237679243088 0.0032579917460680007935 0.0035524121485650539398 0.0050661354325711727142 0.003890675026923418045 0.0032459881622344255447 0.0032721697352826595306 0.0029542814008891582489 0.0026011990848928689957 0.0026220635045319795609 0.0026225799228996038437 0.002619730774313211441 0.0026377160102128982544 0.0048032659105956554413 0.003159342566505074501 0.0032713133841753005981 0.0091535868123173713684 0.0092928810045123100281 0.0033229622058570384979 0.0034556312020868062973 0.0023249671794474124908 0.0019711456261575222015 0.0012107202783226966858 0.0021197593305259943008 0.042558178305625915527
0.010433709248900413513 0.0072426982223987579346 0.0059212413616478443146 0.0038605548907071352005 0.0054781078360974788666 0.0041838572360575199127 0.0039865607395768165588 0.0031371298246085643768 0.0034249720629304647446 0.0045165233314037322998 0.0028952017892152070999 0.0019851024262607097626 0.0016038028988987207413 0.0010875149164348840714 0.0024862089194357395172 0.0028460382018238306046 0.0035073999315500259399 0.003858821699395775795 0.0053775226697325706482 0.0042308843694627285004 0.0036210010293871164322 0.003669579746201634407 0.0033462892752140760422 0.0029722854960709810257 0.0029683574102818965912 0.0029899056535214185715 0.0030301511287689208984 0.0030814358033239841461 0.0053357779979705810547 0.0037288258317857980728 0.010815447196364402771 0.0092259915545582771301 0.0036379105877131223679 0.0036625824868679046631 0.0025528969708830118179 0.0022725143935531377792 0.0018494733376428484917 0.0024705792311578989029 0.0011949911713600158691
0.010814280249178409576 0.0075451852753758430481 0.0063164271414279937744 0.0043055042624473571777 0.0059769595973193645477 0.0045014084316790103912 0.0042964164167642593384 0.0034358715638518333435 0.0036632011178880929947 0.0048077851533889770508 0.0032188482582569122314 0.0023576484527438879013 0.0020232787355780601501 0.0010774539550766348839 0.0016015663277357816696 0.0027803950943052768707 0.0031549434643238782883 0.0038617081008851528168 0.0042101847939193248749 0.0056743635796010494232 0.0045615234412252902985 0.0039953473024070262909 0.0040276814252138137817 0.0036837791558355093002 0.0033495568204671144485 0.0033834241330623626709 0.0034143689554184675217 0.0034751752391457557678 0.0036070686765015125275 0.0059345494955778121948 0.012968149036169052124 0.0098057407885789871216 0.0038398792967200279236 0.0037309981416910886765 0.0027551951352506875992 0.0025181213859468698502 0.0021565922070294618607 0.0025545959360897541046 0.0011861001839861273766
0.011308723129332065582 0.0078826928511261940002 0.0066748983226716518402 0.0046949540264904499054 0.0064085721969604492188 0.0048145125620067119598 0.0045332973822951316833 0.0036766030825674533844 0.0038964517880231142044 0.0050543840043246746063 0.0034943777136504650116 0.0026657083071768283844 0.0010671125492081046104 0.0023625767789781093597 0.0015671766595914959908 0.0019977001938968896866 0.0031205266714096069336 0.0035152647178620100021 0.0041963877156376838684 0.0045359688811004161835 0.0060195196419954299927 0.0049544507637619972229 0.0043637752532958984375 0.0043532778508961200714 0.0040377844125032424927 0.003719638800248503685 0.0037690182216465473175 0.0038738667499274015427 0.0040129465050995349884 0.0041427481919527053833 0.015819396823644638062 0.010172585025429725647 0.0040379753336310386658 0.0038823771756142377853 0.0030198092572391033173 0.0027615805156528949738 0.002412263769656419754 0.0026707942597568035126 0.0016651694895699620247
0.0017387657426297664642 0.016085065901279449463 0.0070540918968617916107 0.0050371135585010051727 0.0067522055469453334808 0.0050984867848455905914 0.0046963430941104888916 0.0038460693322122097015 0.0041324701160192489624 0.0052623543888330459595 0.0037248539738357067108 0.0029156785458326339722 0.0015347570879384875298 0.0010400826577097177505 0.0026531026232987642288 0.0019684003200381994247 0.0023763722274452447891 0.0034527392126619815826 0.0038675025571137666702 0.0045867250300943851471 0.0049716788344085216522 0.0064459322020411491394 0.0052766292355954647064 0.0046353009529411792755 0.0046374970115721225739 0.0043655438348650932312 0.0041425414383411407471 0.0042917621321976184845 0.0043929070234298706055 0.0044073481112718582153 0.016667991876602172852 0.010031492449343204498 0.0043075871653854846954 0.004198811948299407959 0.0033131025265902280807 0.0030195517465472221375 0.0026621520519256591797 0.0028341566212475299835 0.0019321346189826726913
0.010760328732430934906 0.0022084428928792476654 0.019544266164302825928 0.0054178913123905658722 0.0071484781801700592041 0.0054375883191823959351 0.0049908980727195739746 0.0040893899276852607727 0.0043705091811716556549 0.0054208622314035892487 0.0039283069781959056854 0.0031611477024853229523 0.0018934515537694096565 0.0010238959221169352531 0.0015186386881396174431 0.0029639729764312505722 0.0023517624940723180771 0.002771215047687292099 0.0038685665931552648544 0.0043089189566671848297 0.0050011747516691684723 0.0052794306538999080658 0.0066167898476123809814 0.0054842061363160610199 0.0049244128167629241943 0.0050078877247869968414 0.0048255762085318565369 0.0046179969795048236847 0.0046778954565525054932 0.0046728746965527534485 0.018293686211109161377 0.010300911962985992432 0.0046573928557336330414 0.0045961355790495872498 0.0036973892711102962494 0.00336882052943110466 0.0029789367690682411194 0.0030645334627479314804 0.0022164001129567623138
0.0022507070098072290421 0.01088639628142118454 0.020638030022382736206 0.0058333338238298892975 0.0076260874047875404358 0.00588141661137342453 0.0054040788672864437103 0.00444013252854347229 0.0046140612103044986725 0.0055148070678114891052 0.0040864166803658008575 0.0033937478438019752502 0.002212572610005736351 0.0014826880069449543953 0.0018843188881874084473 0.001033934764564037323 0.0033252136781811714172 0.002786711324006319046 0.003231423674151301384 0.0042921360582113265991 0.0046291355974972248077 0.0051962160505354404449 0.0054612662643194198608 0.0068353111855685710907 0.0058089247904717922211 0.0053167333826422691345 0.0053965342231094837189 0.0051482487469911575317 0.004885368049144744873 0.0049559623003005981445 0.020600823685526847839 0.011040633544325828552 0.005192962009459733963 0.0051184007897973060608 0.0042039426043629646301 0.0038576154038310050964 0.0034217683132737874985 0.0034278712701052427292 0.0025037378072738647461
0.022988788783550262451 0.0026694107800722122192 0.027486514300107955933 0.006218595895916223526 0.0079335188493132591248 0.0061927237547934055328 0.0057387594133615493774 0.0047706523910164833069 0.0048818835057318210602 0.0056498465128242969513 0.0042565590701997280121 0.0036324549000710248947 0.0025189050938934087753 0.0018577520968392491341 0.0022211787290871143341 0.0015214992454275488853 0.0035944553092122077942 0.003100025467574596405 0.0011018035002052783966 0.0036045769229531288147 0.0045790453441441059113 0.0048619862645864486694 0.0054257777519524097443 0.0057266526855528354645 0.0071186446584761142731 0.0061374343931674957275 0.0056403698399662971497 0.0057164225727319717407 0.0055230697616934776306 0.0053206821903586387634 0.02285963110625743866 0.011493420228362083435 0.0055846055038273334503 0.0054241563193500041962 0.0044968305155634880066 0.0041614770889282226562 0.003748970571905374527 0.0037700061220675706863 0.0028483620844781398773
0.0049823280423879623413 0.023723654448986053467 0.0031043067574501037598 0.029097521677613258362 0.0081093711778521537781 0.0063116522505879402161 0.0058786799199879169464 0.0049818991683423519135 0.0051140128634870052338 0.0058206687681376934052 0.0044498760253190994263 0.0038817035965621471405 0.0028238499071449041367 0.0022100755013525485992 0.0025579142384231090546 0.0019236615626141428947 0.0038426902610808610916 0.0033615177962929010391 0.0010900899069383740425 0.0016564409015700221062 0.0039409669116139411926 0.0048501868732273578644 0.0050923353992402553558 0.0056495261378586292267 0.0059710284695029258728 0.0073881433345377445221 0.0064748823642730712891 0.0060953893698751926422 0.0063152606599032878876 0.0061196507886052131653 0.0057138493284583091736 0.028332764282822608948 0.0057904343120753765106 0.0055296323262155056 0.0045713772997260093689 0.004229568876326084137 0.0038797832094132900238 0.0039788461290299892426 0.0031595360487699508667
0.063999377191066741943 0.067158013582229614258 0.083127893507480621338 0.088149905204772949219 0.036497514694929122925 0.0075577660463750362396 0.0067992773838341236115 0.0057455445639789104462 0.0057685216888785362244 0.006368172820657491684 0.0048244786448776721954 0.0042238309979438781738 0.0031922305934131145477 0.002603841712698340416 0.0029465563129633665085 0.0023313285782933235168 0.0041585275903344154358 0.003662977367639541626 0.0016135891200974583626 0.0010918726911768317223 0.0021056295372545719147 0.0042044431902468204498 0.0050750565715134143829 0.0054036029614508152008 0.0060491333715617656708 0.0064654452726244926453 0.008002649061381816864 0.0071366005577147006989 0.0067123374901711940765 0.0066961734555661678314 0.0061891647055745124817 0.0056317392736673355103 0.02852548845112323761 0.0056414091959595680237 0.0047006988897919654846 0.0043427501805126667023 0.0040168468840420246124 0.0041555464267730712891 0.0034329302143305540085
0.049676932394504547119 0.048343058675527572632 0.04897263646125793457 0.050327848643064498901 0.100544758141040802 0.1511878669261932373 0.15801566839218139648 0.0086542973294854164124 0.011162476614117622375 0.0076243304647505283356 0.0055106705985963344574 0.0047017624601721763611 0.003666200907900929451 0.003101252485066652298 0.0034629660658538341522 0.0028281486593186855316 0.0046131969429552555084 0.004031497519463300705 0.0020452574826776981354 0.0016136787598952651024 0.0010813181288540363312 0.0024723692331463098526 0.0045422194525599479675 0.0055772787891328334808 0.0060415780171751976013 0.006834844592958688736 0.0073167253285646438599 0.0088200708851218223572 0.0075473538599908351898 0.0067228316329419612885 0.0064448737539350986481 0.0059135495685040950775 0.02949788607656955719 0.0057143284939229488373 0.0048382556997239589691 0.0044821524061262607574 0.0041756294667720794678 0.0043588704429566860199 0.0036919678095728158951
0.0051136170513927936554 0.0041341744363307952881 0.0036856562364846467972 0.0037135509774088859558 0.0069473041221499443054 0.0090373037382960319519 0.010194396600127220154 0.12408286333084106445 0.14851827919483184814 0.1585178673267364502 0.0090411333367228507996 0.0099617680534720420837 0.0046277479268610477448 0.0039246981032192707062 0.0042714648880064487457 0.003538322867825627327 0.0053928927518427371979 0.0046569160185754299164 0.0011220084270462393761 0.0025131092406809329987 0.0020906287245452404022 0.0016578768845647573471 0.0029549910686910152435 0.0050671980716288089752 0.0061094453558325767517 0.0065508875995874404907 0.0072085922583937644958 0.0074273846112191677094 0.0085607971996068954468 0.0072638010606169700623 0.0065340176224708557129 0.0063678603619337081909 0.031973265111446380615 0.006025966256856918335 0.0051116631366312503815 0.0046830619685351848602 0.0043585817329585552216 0.0045955283567309379578 0.0039507322944700717926
0.0041703269816935062408 0.0036030132323503494263 0.0034786509349942207336 0.0043114684522151947021 0.0032495930790901184082 0.0032526233699172735214 0.0033085753675550222397 0.0053717275150120258331 0.0069255027920007705688 0.0081410631537437438965 0.13166913390159606934 0.14829216897487640381 0.19050320982933044434 0.0064130667597055435181 0.005277971271425485611 0.0053706332109868526459 0.0043515460565686225891 0.0063046268187463283539 0.0054255137220025062561 0.0017933821072801947594 0.0030594333074986934662 0.0026249927468597888947 0.0021927461493760347366 0.0033667772077023983002 0.0052964221686124801636 0.0061304401606321334839 0.0063411067239940166473 0.0068066092208027839661 0.0070196469314396381378 0.0082165692001581192017 0.0072357789613306522369 0.0067523424513638019562 0.006778588518500328064 0.035384777933359146118 0.0056396527215838432312 0.0050572808831930160522 0.0046431436203420162201 0.0048723686486482620239 0.0041992035694420337677
0.0033130780793726444244 0.0032144389115273952484 0.0042079868726432323456 0.0030156143475323915482 0.0029346714727580547333 0.0027736639603972434998 0.0027456646785140037537 0.0023807610850781202316 0.002415803493931889534 0.0024294678587466478348 0.0025224017444998025894 0.0043266350403428077698 0.0060727209784090518951 0.15378510951995849609 0.18681497871875762939 0.18764629960060119629 0.0057053696364164352417 0.0047377971932291984558 0.0067246733233332633972 0.0057933698408305644989 0.0022961285430938005447 0.0034407435450702905655 0.0029887466225773096085 0.0025521658826619386673 0.0035771399270743131638 0.005285414867103099823 0.0059728650376200675964 0.0061612497083842754364 0.006664992310106754303 0.0070018032565712928772 0.008348227478563785553 0.0075966739095747470856 0.007270304020494222641 0.040058799088001251221 0.0063241370953619480133 0.0056972010061144828796 0.0051905047148466110229 0.0053630308248102664948 0.0045892102643847465515
0.0028219926171004772186 0.0038929525762796401978 0.0026469680014997720718 0.0025965517852455377579 0.0025785446632653474808 0.002565087517723441124 0.0021300597582012414932 0.0020098402164876461029 0.0019819331355392932892 0.0019514975138008594513 0.0020118467509746551514 0.0021479546558111906052 0.0049984240904450416565 0.0068723866716027259827 0.008251622319221496582 0.0069954381324350833893 0.15547272562980651855 0.0056096268817782402039 0.0048316763713955879211 0.0064692427404224872589 0.0056583615951240062714 0.0025195966009050607681 0.003508141031488776207 0.0030882430728524923325 0.0026888200081884860992 0.0035856536123901605606 0.0051389364525675773621 0.0057953367941081523895 0.006025280337780714035 0.0066149150952696800232 0.0071190088056027889252 0.0086731277406215667725 0.0080618280917406082153 0.0077894739806652069092 0.044590048491954803467 0.0065344027243554592133 0.0059589329175651073456 0.006030873861163854599 0.0052036144770681858063
