tests/data/reference/gistest/full/mwlevel_m.asc
ncols        125
nrows        78
xllcorner    -713756.799299980048
yllcorner    -1061032.369616159936
cellsize     10.000000000000
NODATA_value  -9999
[rows 34 to 50 of 78, columns 0 to 39 of 125]
-9999 -9999 -9999 -9999 -9999 -9999 -9999 -9999 -9999 -9999 -9999 -9999 -9999 -9999 0.001342303701676428318 0.012369017116725444794 0.0059939525090157985687 0.0059656230732798576355 0.013956096023321151733 0.0047414321452379226685 0.0051794731989502906799 0.0056159775704145431519 0.0056968019343912601471 0.0056626689620316028595 0.0053727505728602409363 0.0059056705795228481293 0.0054644006304442882538 0.0053309570066630840302 0.0050568380393087863922 0.0050188726745545864105 0.004861201159656047821 0.0044597019441425800323 0.0051670186221599578857 0.0053591821342706680298 0.0095589738339185714722 0.0014670066302642226219 0.0022618777584284543991 0.0048487619496881961823 0.0043315659277141094208 0.0038268552161753177643
-9999 -9999 -9999 -9999 -9999 -9999 -9999 -9999 -9999 -9999 -9999 -9999 -9999 0.0009293188340961933136 0.0016608437290415167809 0.0054316776804625988007 0.0059557012282311916351 0.014171032235026359558 0.0041889906860888004303 0.00466166716068983078 0.0052636358886957168579 0.005536579526960849762 0.0057047689333558082581 0.0053979516960680484772 0.0063249170780181884766 0.0055612479336559772491 0.0054715997539460659027 0.00531482696533203125 0.00510826893150806427 0.0046530477702617645264 0.0039903088472783565521 0.0046909591183066368103 0.0049457722343504428864 0.0079153571277856826782 0.0027720190118998289108 0.0014556025853380560875 0.0045408410951495170593 0.0039161914028227329254 0.0033732445444911718369 0.00327732856385409832
-9999 -9999 -9999 -9999 -9999 -9999 -9999 -9999 -9999 -9999 -9999 -9999 -9999 0.0013666446320712566376 0.004919053986668586731 0.0057834442704916000366 0.014106452465057373047 0.0035592312924563884735 0.0041374191641807556152 0.0048788217827677726746 0.0052226702682673931122 0.0054554855450987815857 0.0050953999161720275879 0.0065772039815783500671 0.005688526201993227005 0.0056135901249945163727 0.0057335356250405311584 0.0054090786725282669067 0.0045371120795607566833 0.0036101029254496097565 0.0044959718361496925354 0.0048866923898458480835 0.0075466879643499851227 0.0014335049781948328018 0.0022134694736450910568 0.0042423834092915058136 0.003545652143657207489 0.0029514289926737546921 0.0028997242916375398636 0.0042257271707057952881
-9999 -9999 -9999 -9999 -9999 -9999 -9999 -9999 -9999 -9999 -9999 -9999 0.001006653299555182457 0.0065633663907647132874 0.006008462514728307724 0.014614053070545196533 0.0027554396074265241623 0.0035253234673291444778 0.0044898493215441703796 0.0049429717473685741425 0.0052104033529758453369 0.0045552225783467292786 0.0065915104933083057404 0.0055625382810831069946 0.0055829226039350032806 0.0060240118764340877533 0.0055507333017885684967 0.0044101220555603504181 0.003188444068655371666 0.0043112328276038169861 0.0050812326371669769287 0.0041584614664316177368 0.0057852226309478282928 0.0014995795208960771561 0.0039747385308146476746 0.0030776113271713256836 0.0024250112473964691162 0.0024151741527020931244 0.0041994266211986541748 0.00236090109683573246
-9999 -9999 -9999 -9999 -9999 -9999 -9999 -9999 -9999 -9999 -9999 0.0010406745132058858871 0.0015135933645069599152 0.0061209262348711490631 0.016296895220875740051 0.0016442321939393877983 0.0028454449493438005447 0.0041427682153880596161 0.0047303298488259315491 0.0050496105104684829712 0.0040326085872948169708 0.0065981298685073852539 0.0054116398096084594727 0.0054796128533780574799 0.0062133157625794410706 0.0056040990166366100311 0.0039777136407792568207 0.002554498845711350441 0.0039039275143295526505 0.0049726366996765136719 0.0040464471094310283661 0.0039127180352807044983 0.003818992292508482933 0.0038273215759545564651 0.0024586436338722705841 0.0015283124521374702454 0.0015507125062867999077 0.0039579779841005802155 0.0015602126950398087502 0.001558789517730474472
-9999 -9999 -9999 -9999 -9999 -9999 -9999 -9999 -9999 -9999 -9999 0.001100395573303103447 0.0060655362904071807861 0.01771590113639831543 0.0030006053857505321503 0.0017568866023793816566 0.0039077531546354293823 0.004731697961688041687 0.005069202277809381485 0.0034780504647642374039 0.0067806784063577651978 0.0052418000996112823486 0.0053617125377058982849 0.0063887378200888633728 0.0055790948681533336639 0.0034304608125239610672 0.0015554686542600393295 0.0033138457220047712326 0.0045637381263077259064 0.0034948105458170175552 0.0035990697797387838364 0.0035654085222631692886 0.0035827560350298881531 0.0015456362161785364151 0.0015356538351625204086 0.0023443920072168111801 0.003111810656264424324 0.0015425161691382527351 0.0024661887437105178833 0.0029943638946861028671
-9999 -9999 -9999 -9999 -9999 -9999 -9999 -9999 -9999 -9999 0.0010935137979686260223 0.0073925228789448738098 0.018824735656380653381 0.0039949319325387477875 0.0017975193914026021957 0.0030925904866307973862 0.0047036446630954742432 0.0053457743488252162933 0.0028538627084344625473 0.0071604275144636631012 0.0052050002850592136383 0.0052363248541951179504 0.0065133543685078620911 0.005489599425345659256 0.0026486921124160289764 0.0015499542932957410812 0.002581142820417881012 0.0040073827840387821198 0.0026851904112845659256 0.0027924380265176296234 0.0029184534214437007904 0.0029310369864106178284 0.0015647818800061941147 0.0025575035251677036285 0.0028479746542870998383 0.0031970834825187921524 0.0036485285963863134384 0.0044400980696082115173 0.005197623278945684433 0.0015428784536197781563
-9999 -9999 -9999 -9999 -9999 -9999 -9999 -9999 -9999 -9999 0.0010164321865886449814 0.016179835423827171326 0.0051409713923931121826 0.0029968265444040298462 0.0018277571070939302444 0.0041078482754528522491 0.0054649440571665763855 0.0017107767052948474884 0.0079685654491186141968 0.0053673954680562019348 0.0052588768303394317627 0.0066914749331772327423 0.0053911535069346427917 0.0015428726328536868095 0.0015498347347602248192 0.0025279836263507604599 0.0033269075211137533188 0.001532604568637907505 0.0015277637867256999016 0.0015698124188929796219 0.001657518092542886734 0.001651860307902097702 0.0025683087296783924103 0.0028615717310458421707 0.0032617114484310150146 0.0036944604944437742233 0.0042623123154044151306 0.0048918798565864562988 0.0015374564100056886673 0.0054602599702775478363
-9999 -9999 -9999 -9999 -9999 -9999 -9999 -9999 -9999 0.0014219743898138403893 0.0067062578164041042328 0.014165777713060379028 0.0044683483429253101349 0.0018539705779403448105 0.0030980259180068969727 0.0051874760538339614868 0.0054717957973480224609 0.0086387414485216140747 0.005797398742288351059 0.0055998046882450580597 0.0070800851099193096161 0.0053040701895952224731 0.002707186620682477951 0.0033605282660573720932 0.0038014005403965711594 0.0043136472813785076141 0.015060337260365486145 0.016961628571152687073 0.016752498224377632141 0.016861712560057640076 0.017259744927287101746 0.014953107573091983795 0.013406376354396343231 0.012984848581254482269 0.01255054771900177002 0.012409918010234832764 0.012625706382095813751 0.013080502860248088837 0.013891703449189662933 0.013702989555895328522
-9999 -9999 -9999 -9999 -9999 -9999 -9999 -9999 0.0010476262541487812996 0.0014623804017901420593 0.013988330960273742676 0.0029596099629998207092 0.0038725656922906637192 0.0018236963078379631042 0.0048517878167331218719 0.0051928376778960227966 0.0057110548950731754303 0.0058604381047189235687 0.0060314931906759738922 0.0080191977322101593018 0.0053909416310489177704 0.0015377267263829708099 0.0015314425108954310417 0.0026113681960850954056 0.012102621607482433319 0.013441022485494613647 0.0045656682923436164856 0.0034252845216542482376 0.0039688106626272201538 0.0044407108798623085022 0.0048592197708785533905 0.0048330798745155334473 0.0049177585169672966003 0.0049662515521049499512 0.0049972613342106342316 0.0050547425635159015656 0.0051659536547958850861 0.0053138243965804576874 0.0055703432299196720123 0.0056051425635814666748
-9999 -9999 -9999 -9999 -9999 -9999 -9999 -9999 0.0011202112073078751564 0.0019529336132109165192 0.013603112660348415375 0.0017263744957745075226 0.0030290188733488321304 0.0040812608785927295685 0.0047909249551594257355 0.0055868769995868206024 0.0058284867554903030396 0.006011289544403553009 0.0084958048537373542786 0.0057422663085162639618 0.0053647044114768505096 0.007819738239049911499 0.010003196075558662415 0.012138326652348041534 0.0040532746352255344391 0.0040160520002245903015 0.0025863079354166984558 0.0015523327747359871864 0.0025058942846953868866 0.0031729904003441333771 0.0037361064460128545761 0.0039912750944495201111 0.0042508216574788093567 0.0044409176334738731384 0.0045656226575374603271 0.0046052681282162666321 0.0051153292879462242126 0.027669496834278106689 0.030070727691054344177 0.031143404543399810791
-9999 -9999 -9999 -9999 -9999 -9999 -9999 -9999 0.0018496558768674731255 0.01349340192973613739 0.0047264304012060165405 0.0018049239879474043846 0.0030726764816790819168 0.0040158075280487537384 0.0052499067969620227814 0.0056425225920975208282 0.0059917969629168510437 0.0083729885518550872803 0.0054877074435353279114 0.0055166464298963546753 0.0052340431138873100281 0.0051272180862724781036 0.0052141048945486545563 0.0034156655892729759216 0.0034507624804973602295 0.0015495249535888433456 0.0015479132998734712601 0.0024274268653243780136 0.0030862817075103521347 0.0036800003144890069962 0.0041537215001881122589 0.0043357149697840213776 0.004470534157007932663 0.0048667131923139095306 0.025296807289123535156 0.028518518432974815369 0.031229015439748764038 0.0058339806273579597473 0.0057972273789346218109 0.0057154833339154720306
-9999 -9999 -9999 -9999 -9999 -9999 -9999 0.0010740869911387562752 0.01210998091846704483 0.0039884131401777267456 0.0039577265270054340363 0.001791661139577627182 0.0030686273239552974701 0.0046369615010917186737 0.0051458347588777542114 0.0057308441027998924255 0.0084727285429835319519 0.0051713199354708194733 0.0054360809735953807831 0.0054672588594257831573 0.0052365963347256183624 0.0051344465464353561401 0.0026296260766685009003 0.0026014188770204782486 0.0026236302219331264496 0.003286393824964761734 0.0036337131168693304062 0.0040369126945734024048 0.0046197408810257911682 0.0050802053883671760559 0.0052905278280377388 0.0054432959295809268951 0.02441563829779624939 0.027361856773495674133 0.0059710610657930374146 0.0059922491200268268585 0.005911273416131734848 0.0057565453462302684784 0.0056009250693023204803 0.0054809758439660072327
-9999 -9999 -9999 -9999 -9999 -9999 -9999 0.011598297394812107086 0.0071934498846530914307 0.0028851896058768033981 0.0029004800599068403244 0.0017004350665956735611 0.0038645840249955654144 0.0044208453036844730377 0.005176858510822057724 0.0080366712063550949097 0.0045226672664284706116 0.0051796054467558860779 0.0056192716583609580994 0.0056436350569128990173 0.005315930582582950592 0.0015295178163796663284 0.0015490875812247395515 0.0015527167124673724174 0.0015516147250309586525 0.0025105830281972885132 0.0030888433102518320084 0.0036909121554344892502 0.019047198817133903503 0.021112397313117980957 0.022320192307233810425 0.024348933249711990356 0.0060076327063143253326 0.0060247890651226043701 0.0059685800224542617798 0.0058519309386610984802 0.0057294559665024280548 0.0056100152432918548584 0.0054847020655870437622 0.0053789974190294742584
-9999 -9999 -9999 -9999 -9999 -9999 0.0011683570919558405876 0.0074375122785568237305 0.0074734701775014400482 0.0017472917679697275162 0.0017275422578677535057 0.0029859587084501981735 0.0038139619864523410797 0.0048663816414773464203 0.0080498708412051200867 0.0037182581145316362381 0.0044363168999552726746 0.0050829686224460601807 0.0055742189288139343262 0.00561647024005651474 0.0053064641542732715607 0.0077622691169381141663 0.009776006452739238739 0.011565837077796459198 0.014748179353773593903 0.015438880771398544312 0.016504975035786628723 0.018230240792036056519 0.0054591684602200984955 0.0055728843435645103455 0.0056714452803134918213 0.0057681379839777946472 0.0058591417036950588226 0.0058609540574252605438 0.0057558235712349414825 0.0056601990945637226105 0.0055884923785924911499 0.0055123711936175823212 0.0053821122273802757263 0.0053807189688086509705
-9999 -9999 -9999 -9999 -9999 0.0025458512827754020691 0.0079936953261494636536 0.0037446215283125638962 0.0059894984588027000427 0.0018111378885805606842 0.0018588054226711392403 0.0030622310005128383636 0.0048912949860095977783 0.0087760193273425102234 0.0029439991340041160583 0.0037942172493785619736 0.0044222022406756877899 0.0049569369293749332428 0.0054542799480259418488 0.0055151819251477718353 0.0052417004480957984924 0.0051010083407163619995 0.005061787087470293045 0.0071788416244089603424 0.0038794672582298517227 0.0043529691174626350403 0.0047685941681265830994 0.0050596818327903747559 0.005173208191990852356 0.0054469611495733261108 0.0055125611834228038788 0.0055515710264444351196 0.005718057975172996521 0.0057316008023917675018 0.0057101566344499588013 0.0056723859161138534546 0.0056278235279023647308 0.0055314279161393642426 0.0055296774953603744507 0.0052826325409114360809
-9999 -9999 -9999 -9999 -9999 0.0023729878012090921402 0.0052405102178454399109 0.0029525279533118009567 0.0038147466257214546204 0.0029719069134443998337 0.0019523372175171971321 0.0047788894735276699066 0.0099750692024827003479 0.0017567218746989965439 0.0029928097501397132874 0.0038063842803239822388 0.004355764482170343399 0.0048766876570880413055 0.0053596287034451961517 0.0053076767362654209137 0.0050526228733360767365 0.0048637120053172111511 0.0073323957622051239014 0.0032977377995848655701 0.0037763847503811120987 0.004183745943009853363 0.0045344806276261806488 0.0046031023375689983368 0.0048717558383941650391 0.0049704411067068576813 0.0050460700877010822296 0.005231769755482673645 0.0052496572025120258331 0.0052971113473176956177 0.0053584598936140537262 0.0054083503782749176025 0.0054279672913253307343 0.0056951553560793399811 0.0053796586580574512482 0.005359119269996881485
