tests/data/reference/gistest/full/mwlevel_m.asc
ncols        125
nrows        78
xllcorner    -713756.799299980048
yllcorner    -1061032.369616159936
cellsize     10.000000000000
NODATA_value  -9999
[rows 36 to 53 of 78, columns 78 to 116 of 125]
0.0055969711393117904663 0.0051428568549454212189 0.033604845404624938965 0.0052979043684899806976 0.011765676550567150116 0.022288996726274490356 0.0051648560911417007446 0.0011710637481883168221 0.0011344446102157235146 0.0022010377142578363419 0.0028031140100210905075 0.0042073512449860572815 0.0044951979070901870728 0.013625452294945716858 0.0027384171262383460999 0.0023626205511391162872 0.0033332398161292076111 0.0019391304813325405121 0.0011963312281295657158 0.0044056405313313007355 0.0066808867268264293671 0.0020473089534789323807 0.0031593530438840389252 0.0026848297566175460815 0.0037996273022145032883 0.0021052658557891845703 0.0026386657264083623886 0.0022843936458230018616 0.0010000000474974513054 -9999 -9999 -9999 -9999 -9999 -9999 -9999 -9999 -9999 -9999
0.0058993296697735786438 0.0055842483416199684143 0.032266970723867416382 0.0052570621483027935028 0.01141624152660369873 0.057220466434955596924 0.003992914687842130661 0.0017093265196308493614 0.0011234864359721541405 0.0025322944857180118561 0.0030885047744959592819 0.0045234034769237041473 0.0048776171170175075531 0.014960551634430885315 0.0027519657742232084274 0.0036191379185765981674 0.0024016855750232934952 0.0019132895395159721375 0.0046604685485363006592 0.0070036677643656730652 0.0012079668231308460236 0.0027030897326767444611 0.0037285510916262865067 0.0031844119075685739517 0.0040171123109757900238 0.0024952956009656190872 0.0029124510474503040314 0.0025260942056775093079 0.0021463229786604642868 0.0013312873197719454765 0.0010000000474974513054 -9999 -9999 -9999 -9999 -9999 -9999 -9999 -9999
0.0062898290343582630157 0.0058184997178614139557 0.031802024692296981812 0.0049927625805139541626 0.028417218476533889771 0.057482954114675521851 0.0021633787546306848526 0.001693130936473608017 0.0011151401558890938759 0.0028329587075859308243 0.0033838767558336257935 0.0048542544245719909668 0.016617842018604278564 0.0030792735051363706589 0.0038783394265919923782 0.0027614163700491189957 0.0023651614319533109665 0.0048522623255848884583 0.0070495703257620334625 0.0019875420257449150085 0.0031485189683735370636 0.0012202259385958313942 0.0041770632378756999969 0.003601443953812122345 0.0042751170694828033447 0.0028903379570692777634 0.0033472264185547828674 0.002991476329043507576 0.0025437804870307445526 0.0019813359249383211136 0.0022884081117808818817 0.0010000000474974513054 -9999 -9999 -9999 -9999 -9999 -9999 -9999
0.0066271070390939712524 0.0061173387803137302399 0.03520331159234046936 0.014231909997761249542 0.0044514019973576068878 0.022211829200387001038 0.0032797784078866243362 0.0016825736965984106064 0.0011095057707279920578 0.0031159578356891870499 0.0036811269819736480713 0.0051607433706521987915 0.017666963860392570496 0.0040823924355208873749 0.0030608428642153739929 0.0026963760610669851303 0.0049761552363634109497 0.0071038864552974700928 0.0024560156743973493576 0.0034236684441566467285 0.0019850628450512886047 0.0011869841255247592926 0.0045063020661473274231 0.0039989762008190155029 0.0047128093428909778595 0.0034487589728087186813 0.003940941300243139267 0.0034471247345209121704 0.00282125081866979599 0.0023298009764403104782 0.0024256887845695018768 0.0012691912706941366196 0.0011821300722658634186 -9999 -9999 -9999 -9999 -9999 -9999
0.0082760574296116828918 0.0072522619739174842834 0.001191119663417339325 0.017086276784539222717 0.010533814318478107452 0.022504623979330062866 0.0042290058918297290802 0.0011029202723875641823 0.0016262427670881152153 0.0033785600680857896805 0.0039867316372692584991 0.0054650302045047283173 0.019197626039385795593 0.003348400583490729332 0.0030168781522661447525 0.0051052765920758247375 0.0070796660147607326508 0.0028267393354326486588 0.0037563245277851819992 0.0024612916167825460434 0.0019446379737928509712 0.0047348891384899616241 0.0011886643478646874428 0.0042847720906138420105 0.0050352746620774269104 0.0038728218059986829758 0.0043310574255883693695 0.0037410156801342964172 0.0032525125425308942795 0.0027163207996636629105 0.0027835629880428314209 0.0018932207021862268448 0.0029175363015383481979 0.0010000000474974513054 -9999 -9999 -9999 -9999 -9999
0.083223730325698852539 0.0096777807921171188354 0.020134476944804191589 0.10712083429098129272 0.011403976008296012878 0.022745816037058830261 0.0047743381001055240631 0.0010867593809962272644 0.0019922780338674783707 0.0036573095712810754776 0.004311063326895236969 0.02089348621666431427 0.0036086230538785457611 0.0033132054377347230911 0.0052785053849220275879 0.0071414085105061531067 0.003127748146653175354 0.0039990083314478397369 0.0028907509986311197281 0.0024542170576751232147 0.0049417666159570217133 0.0019330275245010852814 0.0011966922320425510406 0.0044412729330360889435 0.0051710056141018867493 0.0041101509705185890198 0.0045606368221342563629 0.0039755487814545631409 0.0037873648107051849365 0.0032040590886026620865 0.0031375053804367780685 0.0023508802987635135651 0.0028185264673084020615 0.0038002361543476581573 0.0026108892634510993958 -9999 -9999 -9999 -9999
0.71423953771591186523 0.86397421360015869141 0.1521113961935043335 0.052568584680557250977 0.015010746195912361145 0.021958874538540840149 0.0049656764604151248932 0.0016485691303387284279 0.002403139602392911911 0.0040164222009479999542 0.0046103796921670436859 0.022115964442491531372 0.003586928127333521843 0.0054763057269155979156 0.0072033070027828216553 0.0033774650655686855316 0.0041852975264191627502 0.0031960259657353162766 0.0028743445873260498047 0.0052576195448637008667 0.0024537739809602499008 0.0011968646431341767311 0.0018922395538538694382 0.0046864179894328117371 0.0054122805595397949219 0.0044003212824463844299 0.0047637298703193664551 0.0040928474627435207367 0.004103857092559337616 0.0035977102816104888916 0.0033231934066861867905 0.0026423831004649400711 0.0030716334003955125809 0.0023357754107564687729 0.0035334201529622077942 0.0025491369888186454773 0.0010000000474974513054 -9999 -9999
0.014032568782567977905 0.018723014742136001587 0.018729321658611297607 0.81194150447845458984 0.056862823665142059326 0.035948801785707473755 0.0054216212593019008636 0.0022437195293605327606 0.0029231759253889322281 0.0043890182860195636749 0.0048446855507791042328 0.02310445345938205719 0.0056260856799781322479 0.0074003366753458976746 0.0036552883684635162354 0.0043328683823347091675 0.0034179349895566701889 0.0031582820229232311249 0.0054885549470782279968 0.0029186585452407598495 0.0019151231972500681877 0.0011968961916863918304 0.0024001395795494318008 0.0049975221045315265656 0.0057425964623689651489 0.0047132032923400402069 0.0047978833317756652832 0.0041435728780925273895 0.004170017782598733902 0.0038220512215048074722 0.0035287591163069009781 0.0027733251918107271194 0.0032351284753531217575 0.0026646207552403211594 0.0024007342290133237839 0.0045930529013276100159 0.0025620623491704463959 0.0010000000474974513054 -9999
0.0066070612519979476929 0.0021196445450186729431 0.0060364799574017524719 0.015949727967381477356 0.72669017314910888672 0.41816249489784240723 0.0060404036194086074829 0.0026057716459035873413 0.0031878701411187648773 0.0045461463741958141327 0.0050690472126007080078 0.025494787842035293579 0.0074782045558094978333 0.0039517469704151153564 0.0045789401046931743622 0.0036352837923914194107 0.0033550071530044078827 0.0054639438167214393616 0.0032123068813234567642 0.0023911101743578910828 0.0018843133002519607544 0.0011926648439839482307 0.0028273027855902910233 0.0052861557342112064362 0.0059766694903373718262 0.0048277592286467552185 0.0045920033007860183716 0.004375870339572429657 0.004202312324196100235 0.0039238026365637779236 0.0038589485920965671539 0.0029583543073385953903 0.0034514011349529027939 0.0029878553468734025955 0.0039763418026268482208 0.0019498837646096944809 0.0011986211175099015236 0.00378704071044921875 0.0010000000474974513054
0.012350908480584621429 0.0010000000474974513054 0.0025806005578488111496 0.0030330999288707971573 0.0032621168065816164017 0.0091814603656530380249 1.0611778497695922852 0.0028930194675922393799 0.0030071167275309562683 0.0046300082467496395111 0.0053501967340707778931 0.029321420937776565552 0.0042291847057640552521 0.004826868884265422821 0.0039110570214688777924 0.0035979831591248512268 0.0054840086959302425385 0.0033727702684700489044 0.0026888006832450628281 0.0022988112177699804306 0.0018261190271005034447 0.0011819658102467656136 0.0032078046351671218872 0.0055639748461544513702 0.006029270123690366745 0.0046978620812296867371 0.0046408418565988540649 0.0045456374064087867737 0.0042691840790212154388 0.0039698374457657337189 0.0040413867682218551636 0.0032904946710914373398 0.0037091101985424757004 0.0032882364466786384583 0.0047795199789106845856 0.0018116377759724855423 0.0011912866029888391495 0.0025385995395481586456 0.0021333864424377679825
0.0018304466502740979195 0.0018469886854290962219 0.001055706758052110672 0.0016303458251059055328 0.0020279113668948411942 0.0023468437138944864273 0.0057154367677867412567 0.92827016115188598633 0.0036541575100272893906 0.0050737834535539150238 0.0058922283351421356201 0.032104730606079101562 0.0052121221087872982025 0.004225871991366147995 0.0038965551648288965225 0.0056781806051731109619 0.0036242851056158542633 0.002963033970445394516 0.0026186385657638311386 0.0022230644244700670242 0.0017666843486949801445 0.0011630066437646746635 0.0034989793784916400909 0.0056809806264936923981 0.0058654085732996463776 0.0045245653018355369568 0.0048527168110013008118 0.0047141714021563529968 0.0044431788846850395203 0.0041316840797662734985 0.0041896402835845947266 0.0035179378464818000793 0.0039645028300583362579 0.0036463169381022453308 0.0056888666003942489624 0.0017725761281326413155 0.0011783097870647907257 0.0039023135323077440262 0.0020289893727749586105
0.0028452493716031312943 0.0037950756959617137909 0.0023654755204916000366 0.0027468646876513957977 0.0029280490707606077194 0.0030787433497607707977 0.0032817358151078224182 0.008350241929292678833 1.0712060928344726562 0.0061155846342444419861 0.0067433891817927360535 0.036462865769863128662 0.0047797183506190776825 0.0042799990624189376831 0.0059449654072523117065 0.0039235102012753486633 0.0033015266526490449905 0.0029592146165668964386 0.0025777220726013183594 0.0021607389207929372787 0.0017072279006242752075 0.0011358994524925947189 0.0036934639792889356613 0.005668834783136844635 0.0056604254059493541718 0.0047238697297871112823 0.0051197810098528862 0.0049263634718954563141 0.0046652858145534992218 0.004377300851047039032 0.0044057168997824192047 0.0036978262942284345627 0.0043648802675306797028 0.0079152118414640426636 0.0023237734567373991013 0.0018093208782374858856 0.004203557036817073822 0.0025736226234585046768 0.0021102791652083396912
0.005067391321063041687 0.038918387144804000854 0.01768873259425163269 0.017495626583695411682 0.016173042356967926025 0.01532959379255771637 0.014910086989402770996 0.017454095184803009033 0.0012202087091282010078 0.96037715673446655273 0.0069803409278392791748 0.040046982467174530029 0.004962889011949300766 0.0064363554120063781738 0.0042536137625575065613 0.0036051892675459384918 0.0033095099497586488724 0.0029461334925144910812 0.0025365690235048532486 0.0021066691260784864426 0.0016605620039626955986 0.0011125410674139857292 0.0038707940839231014252 0.0056546996347606182098 0.0055804857984185218811 0.0049388576298952102661 0.0053564505651593208313 0.0051713348366320133209 0.0048912619240581989288 0.0046101962216198444366 0.0046733515337109565735 0.0039563933387398719788 0.0049203461967408657074 0.0093356240540742874146 0.0023848970886319875717 0.0045057549141347408295 0.0028582054655998945236 0.0025034204591065645218 0.002688131062313914299
0.036493428051471710205 0.0045341555960476398468 0.0020631768275052309036 0.0022357525303959846497 0.0023568563628941774368 0.0025135432370007038116 0.0027002505958080291748 0.003535609925165772438 0.023479834198951721191 0.39689692854881286621 0.0066944095306098461151 0.042797315865755081177 0.0073647107928991317749 0.0048348987475037574768 0.004001651424914598465 0.0036232559941709041595 0.0032963054254651069641 0.002913053613156080246 0.0024889153428375720978 0.0020574929658323526382 0.001624357420951128006 0.0010935855098068714142 0.0040220757946372032166 0.0056129302829504013062 0.0056340955197811126709 0.0049574095755815505981 0.0054936441592872142792 0.0054230401292443275452 0.0051798666827380657196 0.0048668249510228633881 0.0049124052748084068298 0.0044521461240947246552 0.011727481149137020111 0.0028144291136413812637 0.0049160602502524852753 0.0033000197727233171463 0.002833491424098610878 0.0028651929460465908051 0.0031060103792697191238
0.0018495961558073759079 0.0016267979517579078674 0.0010307322954759001732 0.0013572515454143285751 0.0016222530975937843323 0.0018473288509994745255 0.0021157662849873304367 0.0027446432504802942276 0.0064321062527596950531 0.025715928524732589722 0.79046386480331420898 0.046123825013637542725 0.0056075821630656719208 0.0046204160898923873901 0.004076145123690366745 0.0036552930250763893127 0.0032834662124514579773 0.0028776628896594047546 0.001091585610993206501 0.0024094739928841590881 0.0024058194831013679504 0.0010760552249848842621 0.0041494932956993579865 0.0056421156041324138641 0.0058216396719217300415 0.005016705486923456192 0.0053662653081119060516 0.0054404702968895435333 0.0053741554729640483856 0.0050602210685610771179 0.004953382536768913269 0.0049367253668606281281 0.013220648281276226044 0.0052604018710553646088 0.0037526960950344800949 0.0033392766490578651428 0.00329869869165122509 0.0033384051639586687088 0.0028829888906329870224
0.0010000000474974513054 0.0010376520222052931786 0.0014513963833451271057 0.0017327415989711880684 0.0018171449191868305206 0.0019953800365328788757 0.0022815393749624490738 0.0028051410336047410965 0.0037322095595300197601 0.0077616232447326183319 0.36005756258964538574 0.047412883490324020386 0.0051619671285152435303 0.0046618632040917873383 0.0041237724944949150085 0.0036799204535782337189 0.0032679957803338766098 0.0016452235868200659752 0.0010876184096559882164 0.0027555059641599655151 0.0030608719680458307266 0.0010595063213258981705 0.0042803743854165077209 0.0057803816162049770355 0.0060277832671999931335 0.005262905266135931015 0.0055341655388474464417 0.0053014811128377914429 0.0054140784777700901031 0.0051542217843234539032 0.0052199615165591239929 0.005328342784196138382 0.016008332371711730957 0.0041836160235106945038 0.0037967464886605739594 0.003763995366171002388 0.0038501559756696224213 0.0033318889327347278595 0.0018534148111939430237
0.0010000000474974513054 0.001890986226499080658 0.0020903816912323236465 0.0022464499343186616898 0.002345378044992685318 0.002358870580792427063 0.0027577960863709449768 0.0032423513475805521011 0.0040203235112130641937 0.0047213449142873287201 0.37649476528167724609 0.10958249866962432861 0.0079407617449760437012 0.004615078214555978775 0.0041579673998057842255 0.0037295790389180183411 0.0021516908891499042511 0.0011005654232576489449 0.001618238864466547966 0.0030570882372558116913 0.003302768804132938385 0.0015341106336563825607 0.0044434317387640476227 0.0059335720725357532501 0.0061742234975099563599 0.0054553444497287273407 0.0057763536460697650909 0.0055092745460569858551 0.0052702943794429302216 0.0050702975131571292877 0.0056114075705409049988 0.017570801079273223877 0.0044634602963924407959 0.004186739213764667511 0.004141343291848897934 0.0041930857114493846893 0.0038424672093242406845 0.002474950859323143959 0.0018750478047877550125
0.0064957463182508945465 0.012604299932718276978 0.011882515624165534973 0.011190402321517467499 0.011079795658588409424 0.01163081638514995575 0.012444166466593742371 0.013511767610907554626 0.015078781172633171082 0.0049440059810876846313 0.3590285181999206543 0.036049798130989074707 0.0097615439444780349731 0.0043819313868880271912 0.0041788355447351932526 0.0026804904919117689133 0.0011389552382752299309 0.0016748278867453336716 0.0020406667608767747879 0.0032932946924120187759 0.0034846249036490917206 0.0018929423531517386436 0.0046085533685982227325 0.0060416152700781822205 0.0063374112360179424286 0.005671024322509765625 0.0058476217091083526611 0.0054675717838108539581 0.0050936904735863208771 0.0052124448120594024658 0.0061374665237963199615 0.020404160022735595703 0.0044311839155852794647 0.0088614812120795249939 0.0067033530212938785553 0.0041547948494553565979 0.0030216199811547994614 0.0025104277301579713821 0.0024119836743921041489
