tests/data/reference/gistest/full/mwlevel_m.asc
ncols        125
nrows        78
xllcorner    -713756.799299980048
yllcorner    -1061032.369616159936
cellsize     10.000000000000
NODATA_value  -9999
[rows 17 to 33 of 78, columns 0 to 39 of 125]
-9999 -9999 -9999 -9999 -9999 -9999 -9999 -9999 -9999 -9999 -9999 -9999 -9999 -9999 -9999 -9999 -9999 -9999 -9999 0.0022697425447404384613 0.0030264221131801605225 0.0035853041335940361023 0.0049188854172825813293 0.0069838562048971652985 0.010549946688115596771 0.0018411562778055667877 0.0021731061860918998718 0.0037003927864134311676 0.0027941237203776836395 0.0086794719099998474121 0.0093348613008856773376 0.0018543027108535170555 0.0022724024020135402679 0.0017986897146329283714 0.0088919792324304580688 0.0011695978464558720589 0.007052560802549123764 0.0087358253076672554016 0.0046151401475071907043 0.0052890870720148086548
-9999 -9999 -9999 -9999 -9999 -9999 -9999 -9999 -9999 -9999 -9999 -9999 -9999 -9999 -9999 -9999 -9999 -9999 0.0012033127713948488235 0.0027120790909975767136 0.0035051451995968818665 0.0043553542345762252808 0.010428707115352153778 0.0012583429925143718719 0.0012169638648629188538 0.026607573032379150391 0.0010000000474974513054 0.01014385465532541275 0.0093276239931583404541 0.001204733503982424736 0.0087788589298725128174 0.0022449151147156953812 0.0026669979561120271683 0.0022214273922145366669 0.0088037345558404922485 0.0017410370055586099625 0.006995222531259059906 0.0086618233472108840942 0.0048557808622717857361 0.0055683529935777187347
-9999 -9999 -9999 -9999 -9999 -9999 -9999 -9999 -9999 -9999 -9999 -9999 -9999 -9999 -9999 -9999 -9999 0.001257323077879846096 0.0019329484784975647926 0.0031930343247950077057 0.0041631129570305347443 0.013493145816028118134 0.0022378626745194196701 0.0012315138010308146477 0.0011980754788964986801 0.0010000000474974513054 0.029031109064817428589 0.010535585694015026093 0.010944757610559463501 0.0011901399120688438416 0.008209641091525554657 0.0027103538159281015396 0.001164427492767572403 0.0040904958732426166534 0.0091142775490880012512 0.0022010183893144130707 0.0070890267379581928253 0.0085277939215302467346 0.0049786097370088100433 0.0057851453311741352081
-9999 -9999 -9999 -9999 -9999 -9999 -9999 -9999 -9999 -9999 -9999 -9999 -9999 -9999 -9999 -9999 0.0013330286601558327675 0.0020804579835385084152 0.0026242982130497694016 0.0038003330118954181671 0.016882693395018577576 0.0032470792066305875778 0.0013548107817769050598 0.0019890104886144399643 0.0010000000474974513054 0.0013315149117261171341 0.012290241196751594543 0.010647983290255069733 0.011235517449676990509 0.0018898936687037348747 0.0088707786053419113159 0.0031286159064620733261 0.0011653552064672112465 0.0047775697894394397736 0.0094278128817677497864 0.0026161076966673135757 0.0073601496405899524689 0.0088101299479603767395 0.005298180505633354187 0.0061078034341335296631
-9999 -9999 -9999 -9999 -9999 -9999 -9999 -9999 -9999 -9999 -9999 -9999 -9999 -9999 -9999 -9999 0.0023421796504408121109 0.0028854275587946176529 0.00365835544653236866 0.019805818796157836914 0.0048418291844427585602 0.001487403293140232563 0.0013889621477574110031 0.0035192365758121013641 0.00115467095747590065 0.0044437474571168422699 0.014010649174451828003 0.011619254015386104584 0.01016548648476600647 0.0023108194582164287567 0.0093657262623310089111 0.0011776337632909417152 0.0035297318827360868454 0.0054686395451426506042 0.0097677111625671386719 0.0030048347543925046921 0.0076917354017496109009 0.0093841291964054107666 0.0058812950737774372101 0.0066676288843154907227
-9999 -9999 -9999 -9999 -9999 -9999 -9999 -9999 -9999 -9999 -9999 -9999 -9999 -9999 -9999 -9999 0.0033110890071839094162 0.0040484946221113204956 0.0054655517451465129852 0.034903861582279205322 0.0015798467211425304413 0.0015447618206962943077 0.0025251647457480430603 0.0010000000474974513054 0.0083485702052712440491 0.0050127059221267700195 0.014662690460681915283 0.012755606323480606079 0.011562767438590526581 0.00284194224514067173 0.0098303221166133880615 0.0011806464754045009613 0.0018260261276736855507 0.0038931760936975479126 0.012852151878178119659 0.003394046565517783165 0.0079056946560740470886 0.009627928026020526886 0.0011587557382881641388 0.010433699935674667358
-9999 -9999 -9999 -9999 -9999 -9999 -9999 -9999 -9999 -9999 -9999 -9999 -9999 -9999 -9999 0.0018442585133016109467 0.0046837413683533668518 0.0096246581524610519409 0.025990609079599380493 0.0017041565151885151863 0.0029567170422524213791 0.0026821808423846960068 0.0010000000474974513054 0.0033954638056457042694 0.0056916861794888973236 0.0051794438622891902924 0.013617823831737041473 0.012307720258831977844 0.011666250415146350861 0.0033077232073992490768 0.010375349782407283783 0.0011855949414893984795 0.0018351725302636623383 0.0023163293953984975815 0.0042151184752583503723 0.014212183654308319092 0.008126733824610710144 0.0096498969942331314087 0.0011422913521528244019 0.010814270935952663422
-9999 -9999 -9999 -9999 -9999 -9999 -9999 -9999 -9999 -9999 -9999 -9999 -9999 -9999 -9999 0.0040063741616904735565 0.061858553439378738403 0.034246508032083511353 0.0024009728804230690002 0.0017432677559554576874 0.0014098815154284238815 0.0010000000474974513054 0.0013064376544207334518 0.0012595135485753417015 0.0027897511608898639679 0.0057636317797005176544 0.015323520638048648834 0.012041655369102954865 0.011523148044943809509 0.0035556608345359563828 0.0011863242834806442261 0.010660693980753421783 0.0018495979020372033119 0.0023481820244342088699 0.0027887877076864242554 0.016572363674640655518 0.0086371274664998054504 0.010006791912019252777 0.0011373829329386353493 0.011308712884783744812
-9999 -9999 -9999 -9999 -9999 -9999 -9999 -9999 -9999 -9999 -9999 -9999 -9999 -9999 -9999 0.076645106077194213867 0.0029534702189266681671 0.0015929517103359103203 0.0015968536026775836945 0.0016228120075538754463 0.0023352261632680892944 0.0010691825300455093384 0.0028774952515959739685 0.0040805917233228683472 0.0020848738495260477066 0.0030498448759317398071 0.0056168660521507263184 0.021647930145263671875 0.011366302147507667542 0.0037938398309051990509 0.0011695586144924163818 0.0018289791187271475792 0.010913979262113571167 0.0023264805786311626434 0.0028864762280136346817 0.0033131900709122419357 0.021917749196290969849 0.0011611215304583311081 0.010452304966747760773 0.0017387642292305827141
-9999 -9999 -9999 -9999 -9999 -9999 -9999 -9999 -9999 -9999 -9999 -9999 -9999 0.0014458695659413933754 0.0017053305637091398239 0.0085444375872611999512 0.0025431078393012285233 0.0015756385400891304016 0.002495371038094162941 0.0026761486660689115524 0.0010000000474974513054 0.0044533177278935909271 0.0051555563695728778839 0.003659666283056139946 0.0045969961211085319519 0.0027315912302583456039 0.0036428002640604972839 0.026381688192486763 0.012579123489558696747 0.0043731816112995147705 0.0018576084403321146965 0.0011933034984394907951 0.0024214577861130237579 0.011604159139096736908 0.0029515996575355529785 0.0033756687771528959274 0.0037495421711355447769 0.022013098001480102539 0.0017713116249069571495 0.010760318487882614136
-9999 -9999 -9999 -9999 -9999 -9999 -9999 -9999 -9999 -9999 -9999 -9999 -9999 -9999 0.0014751867856830358505 0.0024845923762768507004 0.0024302329402416944504 0.002135969698429107666 0.002988570602610707283 0.0012237817281857132912 0.0063940100371837615967 0.004500542767345905304 0.0049492698162794113159 0.0082199266180396080017 0.0100402049720287323 0.012567816302180290222 0.014053747057914733887 0.016305413097143173218 0.031007470563054084778 0.014758068136870861053 0.0052352119237184524536 0.0025141290389001369476 0.0019384101033210754395 0.0030787156429141759872 0.012676315382122993469 0.0035524491686373949051 0.003737662220373749733 0.0039073168300092220306 0.021839369088411331177 0.0022507049143314361572
-9999 -9999 -9999 -9999 -9999 -9999 -9999 -9999 -9999 -9999 -9999 -9999 -9999 -9999 -9999 -9999 0.0018271519802510738373 0.0045581944286823272705 0.0010000000474974513054 0.0011374399764463305473 0.002969791879877448082 0.0035087147261947393417 0.0038956615608185529709 0.0040885228663682937622 0.0044892258010804653168 0.0046733245253562927246 0.0049132993444800376892 0.0057367053814232349396 0.01917535439133644104 0.043139345943927764893 0.015604735352098941803 0.0059691388159990310669 0.0032746733631938695908 0.0027436397504061460495 0.0038471794687211513519 0.013364010490477085114 0.0038387593813240528107 0.0040645287372171878815 0.004417571239173412323 0.022988770157098770142
-9999 -9999 -9999 -9999 -9999 -9999 -9999 -9999 -9999 -9999 -9999 -9999 -9999 -9999 -9999 -9999 -9999 0.0031191771849989891052 0.0013461444759741425514 0.0035177043173462152481 0.0038923812098801136017 0.004270067904144525528 0.0046174232847988605499 0.0051055024378001689911 0.0053192633204162120819 0.005370216909795999527 0.0053353123366832733154 0.005540522746741771698 0.0061634476296603679657 0.0068498793989419937134 0.038501251488924026489 0.048893120139837265015 0.055544376373291015625 0.0041004847735166549683 0.0034941956400871276855 0.0043841474689543247223 0.01295163668692111969 0.014132090844213962555 0.016343763098120689392 0.0049823224544525146484
-9999 -9999 -9999 -9999 -9999 -9999 -9999 -9999 -9999 -9999 -9999 -9999 -9999 -9999 -9999 -9999 -9999 0.0010000000474974513054 0.0042552999220788478851 0.0029286553617566823959 0.0035170593764632940292 0.0041261776350438594818 0.032314617186784744263 0.031886987388134002686 0.029836278408765792847 0.02819604240357875824 0.027404587715864181519 0.028168139979243278503 0.029798053205013275146 0.029099263250827789307 0.026203218847513198853 0.024792036041617393494 0.029401911422610282898 0.073057800531387329102 0.080610230565071105957 0.079462625086307525635 0.070592239499092102051 0.061832342296838760376 0.057741750031709671021 0.063999317586421966553
-9999 -9999 -9999 -9999 -9999 -9999 -9999 -9999 -9999 -9999 -9999 -9999 -9999 -9999 -9999 -9999 0.0010000000474974513054 0.0039233770221471786499 0.0030659630428999662399 0.012809677980840206146 0.017002800479531288147 0.034003093838691711426 0.0058627314865589141846 0.0093607334420084953308 0.012241140939295291901 0.0119647979736328125 0.019183719530701637268 0.021924421191215515137 0.027268080040812492371 0.025729827582836151123 0.023179238662123680115 0.022047378122806549072 0.022109992802143096924 0.023384874686598777771 0.026398859918117523193 0.026713728904724121094 0.025933844968676567078 0.052363593131303787231 0.051448181271553039551 0.049676887691020965576
-9999 -9999 -9999 -9999 -9999 -9999 -9999 -9999 -9999 -9999 -9999 -9999 -9999 -9999 -9999 0.0010000000474974513054 0.001185340341180562973 0.0070467903278768062592 0.011601115576922893524 0.0080634402111172676086 0.025441220030188560486 0.0054974509403109550476 0.0057575223036110401154 0.0063868081197142601013 0.0068448227830231189728 0.011724394746124744415 0.0060629262588918209076 0.010783181525766849518 0.0087174046784639358521 0.0084821181371808052063 0.0081662619486451148987 0.0084513379260897636414 0.027271719649434089661 0.031729042530059814453 0.037545531988143920898 0.041413769125938415527 0.044778957962989807129 0.0027263031806796789169 0.0030229084659367799759 0.0051136119291186332703
-9999 -9999 -9999 -9999 -9999 -9999 -9999 -9999 -9999 -9999 -9999 -9999 -9999 -9999 -9999 0.0010000000474974513054 0.012768340297043323517 0.0056842379271984100342 0.0071965637616813182831 0.024555414915084838867 0.0050620054826140403748 0.005529264453798532486 0.0062619629316031932831 0.0067926049232482910156 0.0077213542535901069641 0.0056890873238444328308 0.01092471834272146225 0.0089375907555222511292 0.0091572646051645278931 0.016901394352316856384 0.020499296486377716064 0.023091612383723258972 0.00457241106778383255 0.0056116166524589061737 0.0064108483493328094482 0.0099524073302745819092 0.002043109619989991188 0.0026092599146068096161 0.005128317512571811676 0.0041703227907419204712
