tests/data/reference/gistest/full/mwlevel_m.asc
ncols        125
nrows        78
xllcorner    -713756.799299980048
yllcorner    -1061032.369616159936
cellsize     10.000000000000
NODATA_value  -9999
[rows 54 to 71 of 78, columns 80 to 119 of 125]
0.0022117465268820524216 0.0024060911964625120163 0.002561646047979593277 0.0027999866288155317307 0.0031822477467358112335 0.0034543070942163467407 0.0038911034353077411652 0.01889063417911529541 0.33739352226257324219 0.033054213970899581909 0.029526513069868087769 0.0042426711879670619965 0.0029317655134946107864 0.0017369601409882307053 0.0011259653838351368904 0.0020437962375581264496 0.002322881016880273819 0.0034329337067902088165 0.0036413858179003000259 0.0022020942997187376022 0.0047724540345370769501 0.0061792870983481407166 0.0059366365894675254822 0.0058673745952546596527 0.0054281842894852161407 0.0051019955426454544067 0.0050332839600741863251 0.0056227389723062515259 0.018782816827297210693 0.0042768269777297973633 0.0068127764388918876648 0.0011411710875108838081 0.0011846692068502306938 0.0029734682757407426834 0.0025632304605096578598 0.0046562971547245979309 0.0032048679422587156296 0.0017852755263447761536 0.0011659119045361876488 -9999
0.014236620627343654633 0.013995560817420482635 0.013543009757995605469 0.013315244577825069427 0.01375348307192325592 0.014486322179436683655 0.015022919513285160065 0.017184797674417495728 0.02142641507089138031 0.30111405253410339355 0.033891614526510238647 0.0031564738601446151733 0.0020392048172652721405 0.0010988876456394791603 0.0015791022451594471931 0.0022254248615354299545 0.002473972272127866745 0.0035138467792421579361 0.0038057267665863037109 0.0024961966555565595627 0.0049686762504279613495 0.0063595841638743877411 0.0061294375918805599213 0.0059980833902955055237 0.0055419295094907283783 0.0054293097928166389465 0.0057121296413242816925 0.020896090194582939148 0.0044707963243126869202 0.0070438357070088386536 0.0024915498215705156326 0.0016684038564562797546 0.0031723086722195148468 0.0029666095506399869919 0.0067486572079360485077 0.0033307089470326900482 0.0026613564696162939072 0.0021815653890371322632 0.0017690520035102963448 0.0011940120020881295204
0.0070761959068477153778 0.0071017160080373287201 0.0069974116049706935883 0.0067619453184306621552 0.0067328517325222492218 0.0070271026343107223511 0.0074082631617784500122 0.0082433810457587242126 0.024759119376540184021 0.35570088028907775879 0.014189936220645904541 0.0052636680193245410919 0.00098861788865178823471 0.0014297611778602004051 0.0018370719626545906067 0.0023777862079441547394 0.0026340379845350980759 0.0036606776993721723557 0.0040181055665016174316 0.0027810235042124986649 0.0051824036054313182831 0.0065839448943734169006 0.0063643213361501693726 0.0062557333149015903473 0.0059407511726021766663 0.0060612815432250499725 0.0065696300007402896881 0.024422602728009223938 0.0072709578089416027069 0.0028544142842292785645 0.0034056766889989376068 0.0031646185088902711868 0.0030982291791588068008 0.006687335669994354248 0.003684401046484708786 0.0031242577824741601944 0.0025312390644103288651 0.0021432668436318635941 0.0018077576532959938049 0.0011882007820531725883
0.011340289376676082611 0.011048474349081516266 0.011296788230538368225 0.012081073597073554993 0.01214114949107170105 0.012085927650332450867 0.012156531214714050293 0.012208489701151847839 0.012415220960974693298 0.038176357746124267578 0.2695871889591217041 0.0059602851979434490204 0.0013177357614040374756 0.0016626333817839622498 0.0020391345024108886719 0.0025502745993435382843 0.002843747846782207489 0.0038865224923938512802 0.0042509655468165874481 0.0030472474172711372375 0.0054435702040791511536 0.0069523858837783336639 0.0067536621354520320892 0.0067256614565849304199 0.0066080940887331962585 0.0069302604533731937408 0.027395760640501976013 0.0077628386206924915314 0.0032488501165062189102 0.0036999003496021032333 0.0010721833677962422371 0.003166116541251540184 0.0063861981034278869629 0.0038267278578132390976 0.003765540197491645813 0.0032243255991488695145 0.0027382620610296726227 0.0024910164065659046173 0.0023473291657865047455 0.0020266717765480279922
0.005975853651762008667 0.0065457997843623161316 0.0071534924209117889404 0.015442709438502788544 0.014947507530450820923 0.014824892394244670868 0.016418872401118278503 0.016899690032005310059 0.016155855730175971985 0.015596518293023109436 0.40783527493476867676 0.0025804506149142980576 0.0039036220405250787735 0.001992788165807723999 0.0021909903734922409058 0.0028139257337898015976 0.0031351333018392324448 0.0041770813986659049988 0.0045125540345907211304 0.003348134458065032959 0.0058169630356132984161 0.0073944148607552051544 0.0070864427834749221802 0.0070897629484534263611 0.0072014667093753814697 0.029661534354090690613 0.0079453261569142341614 0.0037148660048842430115 0.0064665400423109531403 0.0039491769857704639435 0.0034155384637415409088 0.0062627177685499191284 0.0038826731033623218536 0.0061761047691106796265 0.0038411458954215049744 0.0033903114963322877884 0.0029940803069621324539 0.0028094497974961996078 0.0028158107306808233261 0.0026830642018467187881
0.0080111585557460784912 0.0097068268805742263794 0.012157765217125415802 0.0022273452486842870712 0.0029974146746098995209 0.0036938865669071674347 0.0017425311962142586708 0.0017113806679844856262 0.0025066665839403867722 0.0031988858245313167572 0.003631956176832318306 0.42283663153648376465 0.0051564457826316356659 0.0060303984209895133972 0.0025376912672072649002 0.0030468939803540706635 0.0034902635961771011353 0.0045101153664290904999 0.0048391697928309440613 0.0037152091972529888153 0.0062568774446845054626 0.0077814911492168903351 0.0072577134706079959869 0.0072823376394808292389 0.031023938208818435669 0.0078623909503221511841 0.0039811083115637302399 0.011096671223640441895 0.0067759985104203224182 0.0065602227114140987396 0.0064058252610266208649 0.004058546852320432663 0.0082963956519961357117 0.0040501821786165237427 0.003708621487021446228 0.0033582109026610851288 0.0030117223504930734634 0.0027688101399689912796 0.0028254201170057058334 0.0026709984522312879562
0.002913121366873383522 0.0043943342752754688263 0.0019303674343973398209 0.0014980235137045383453 0.0014446098357439041138 0.0014111000346019864082 0.0013931740541011095047 0.0013543680543079972267 0.0012981840409338474274 0.0013084248639643192291 0.0016301163705065846443 0.0020925996359437704086 0.46055883169174194336 0.0071794367395341396332 0.0030829834286123514175 0.0036141162272542715073 0.003931047394871711731 0.0048783635720610618591 0.0051933825016021728516 0.0040653576143085956573 0.0065709319896996021271 0.0080110523849725723267 0.0074606114067137241364 0.0077707157470285892487 0.036648876965045928955 0.004353057127445936203 0.013609631918370723724 0.0048532411456108093262 0.004797467496246099472 0.0046544694341719150543 0.0043328627943992614746 0.0084290131926536560059 0.001082093454897403717 0.0024053021334111690521 0.0020036245696246623993 0.0015945594059303402901 0.0011025328421965241432 -9999 -9999 -9999
0.0040567945688962936401 0.001531504443846642971 0.0010303653543815016747 0.0010182543192058801651 0.00099958304781466722488 0.00098069361411035060883 0.0009618798503652215004 0.00093450746499001979828 0.00090055982582271099091 0.0032005156390368938446 0.0037048624362796545029 0.0040764566510915756226 0.0049937563017010688782 0.49561601877212524414 0.0097701214253902435303 0.0045025241561233997345 0.0043140794150531291962 0.0052370247431099414825 0.0055298455990850925446 0.0043664146214723587036 0.0067412252537906169891 0.00812558736652135849 0.0078770099207758903503 0.039490006864070892334 0.0047403066419064998627 0.014681025408208370209 0.0019135053735226392746 0.0015201976057142019272 0.0010889252880588173866 0.0011057540541514754295 0.0091787120327353477478 0.0016108929412439465523 0.0027722495142370462418 0.001073551597073674202 -9999 -9999 -9999 -9999 -9999 -9999
0.0010218789102509617805 0.0010285385651513934135 0.0014904468553140759468 0.0018476390978321433067 0.0021653715521097183228 0.0024398770183324813843 0.002665575128048658371 0.0028561754152178764343 0.0030237308237701654434 0.00090101570822298526764 0.00089439278235659003258 0.0013534650206565856934 0.001807153923436999321 0.0025018190499395132065 0.54216659069061279297 0.012419854290783405304 0.0043784361332654953003 0.005393830128014087677 0.0058751851320266723633 0.0047394214197993278503 0.0070944149047136306763 0.0086216963827610015869 0.04267821088433265686 0.0051190606318414211273 0.015855221077799797058 0.002567112678661942482 0.0022266593296080827713 0.0019647865556180477142 0.0016457199817523360252 0.0097250528633594512939 0.0010954120662063360214 0.0031441741157323122025 -9999 -9999 -9999 -9999 -9999 -9999 -9999 -9999
0.0040632137097418308258 0.004181027878075838089 0.0042662220075726509094 0.004403514321893453598 0.0046230889856815338135 0.0048551373183727264404 0.0050791525281965732574 0.0052775037474930286407 0.0054030395112931728363 0.005543082021176815033 0.005709885619580745697 0.0098642203956842422485 0.010742212645709514618 0.011554087512195110321 0.012687020935118198395 1.1713788509368896484 0.008525846526026725769 0.0051473206840455532074 0.0089268423616886138916 0.0010981658706441521645 0.007753718644380569458 0.048227168619632720947 0.0054624686017632484436 0.017869565635919570923 0.0022599422372877597809 0.0018232282018288969994 0.0015456500696018338203 0.0010906914249062538147 0.0099666947498917579651 0.0016876567387953400612 -9999 -9999 -9999 -9999 -9999 -9999 -9999 -9999 -9999 -9999
0.0040921880863606929779 0.0041277571581304073334 0.0041975025087594985962 0.0043087638914585113525 0.0045160423032939434052 0.0047423145733773708344 0.0050730905495584011078 0.0053886235691606998444 0.0055739069357514381409 0.0057784281671047210693 0.0060192816890776157379 0.00092643365496769547462 0.00093328987713903188705 0.0014178919373080134392 0.001809961395338177681 0.014786431565880775452 1.0574988126754760742 0.011753969825804233551 0.0095381224527955055237 0.0082118045538663864136 0.049004778265953063965 0.0057650357484817504883 0.018190473318099975586 0.00239877309650182724 0.0018391035264357924461 0.0014698205050081014633 0.0010765074985101819038 0.010198996402323246002 0.0021736633498221635818 -9999 -9999 -9999 -9999 -9999 -9999 -9999 -9999 -9999 -9999 -9999
0.007214437238872051239 0.0070990826934576034546 0.0071147931739687919617 0.0071240914985537528992 0.0072843176312744617462 0.0076570692472159862518 0.0077422526665031909943 0.0080681815743446350098 0.0085083674639463424683 0.0089248819276690483093 0.0091542247682809829712 0.0092398710548877716064 0.0092609878629446029663 0.009567478671669960022 0.0098912855610251426697 0.0096026677638292312622 0.023111708462238311768 1.0748000144958496094 0.014420262537896633148 0.048833843320608139038 0.005893762689083814621 0.018829155713319778442 0.011895319446921348572 0.0098764784634113311768 0.0092363534495234489441 0.0093008773401379585266 0.010045922361314296722 -9999 -9999 -9999 -9999 -9999 -9999 -9999 -9999 -9999 -9999 -9999 -9999 -9999
0.0022888751700520515442 0.0024758561048656702042 0.0026911913882941007614 0.0028797700069844722748 0.0030845301225781440735 0.0034750665072351694107 0.0037871666718274354935 0.0039152782410383224487 0.0042555998079478740692 0.0046401852741837501526 0.0047992318868637084961 0.0049103838391602039337 0.0050309798680245876312 0.0052250558510422706604 0.0054221623577177524567 0.0054614865221083164215 0.0058086304925382137299 0.029758552089333534241 0.35848164558410644531 0.051803812384605407715 0.01837866567075252533 0.012493362650275230408 0.001061137765645980835 0.0010284094605594873428 0.0010160895762965083122 -9999 -9999 -9999 -9999 -9999 -9999 -9999 -9999 -9999 -9999 -9999 -9999 -9999 -9999 -9999
0.004834910854697227478 0.004883135668933391571 0.0049808556213974952698 0.0050507830455899238586 0.0051437257789075374603 0.0056881662458181381226 0.0061757201328873634338 0.0064102262258529663086 0.0064773429185152053833 0.0069593465887010097504 0.0070945741608738899231 0.007176463492214679718 0.0071912463754415512085 0.0072060208767652511597 0.0072256335988640785217 0.0074337953701615333557 0.0076102600432932376862 0.0089460154995322227478 1.2379510402679443359 0.060457620769739151001 0.012806498445570468903 0.0015855235978960990906 -9999 -9999 -9999 -9999 -9999 -9999 -9999 -9999 -9999 -9999 -9999 -9999 -9999 -9999 -9999 -9999 -9999 -9999
0.0044065522961318492889 0.0044694761745631694794 0.0045592188835144042969 0.0046752872876822948456 0.0048498511314392089844 0.0050873886793851852417 0.0057084867730736732483 0.0062186247669160366058 0.0065836971625685691833 0.0065671438351273536682 0.0061951680108904838562 0.0064792488701641559601 -9999 -9999 -9999 -9999 -9999 -9999 -9999 -9999 0.013610695488750934601 -9999 -9999 -9999 -9999 -9999 -9999 -9999 -9999 -9999 -9999 -9999 -9999 -9999 -9999 -9999 -9999 -9999 -9999 -9999
-9999 -9999 -9999 -9999 -9999 -9999 -9999 -9999 -9999 -9999 -9999 -9999 -9999 -9999 -9999 -9999 -9999 -9999 -9999 -9999 -9999 -9999 -9999 -9999 -9999 -9999 -9999 -9999 -9999 -9999 -9999 -9999 -9999 -9999 -9999 -9999 -9999 -9999 -9999 -9999
-9999 -9999 -9999 -9999 -9999 -9999 -9999 -9999 -9999 -9999 -9999 -9999 -9999 -9999 -9999 -9999 -9999 -9999 -9999 -9999 -9999 -9999 -9999 -9999 -9999 -9999 -9999 -9999 -9999 -9999 -9999 -9999 -9999 -9999 -9999 -9999 -9999 -9999 -9999 -9999
-9999 -9999 -9999 -9999 -9999 -9999 -9999 -9999 -9999 -9999 -9999 -9999 -9999 -9999 -9999 -9999 -9999 -9999 -9999 -9999 -9999 -9999 -9999 -9999 -9999 -9999 -9999 -9999 -9999 -9999 -9999 -9999 -9999 -9999 -9999 -9999 -9999 -9999 -9999 -9999
