tests/data/reference/gistest/full/mwlevel_m.asc
ncols        125
nrows        78
xllcorner    -713756.799299980048
yllcorner    -1061032.369616159936
cellsize     10.000000000000
NODATA_value  -9999
[rows 51 to 67 of 78, columns 40 to 79 of 125]
0.0049787797033786773682 0.0049159713089466094971 0.0049527031369507312775 0.0049272361211478710175 0.0048526055179536342621 0.0060822027735412120819 0.0049991575069725513458 0.0049592200666666030884 0.004655816592276096344 0.0023270989768207073212 0.0023052829783409833908 0.0023254833649843931198 0.0024030655622482299805 0.014895600266754627228 0.0053317011334002017975 0.008619762025773525238 0.0094711668789386749268 0.012765177525579929352 0.018258510157465934753 0.023179981857538223267 0.0057727703824639320374 0.0052269864827394485474 0.0051596183329820632935 0.0052011711522936820984 0.0054694158025085926056 0.0058538317680358886719 0.0062460009939968585968 0.006533342413604259491 0.0067373830825090408325 0.010890963487327098846 0.010425124317407608032 0.010074424557387828827 0.0096932593733072280884 0.009449374862015247345 0.009969452396035194397 0.010785285383462905884 0.011125342920422554016 0.0039763622917234897614 0.0010000000474974513054 0.0010376510908827185631
0.0046209907159209251404 0.0045544132590293884277 0.0046174679882824420929 0.0046361968852579593658 0.0060291783884167671204 0.0048985225148499011993 0.0047807102091610431671 0.0043380651623010635376 0.0018044315511360764503 0.0017952920170500874519 0.0017960787517949938774 0.0018178541213274002075 0.014197790063917636871 0.0048397057689726352692 0.0048059672117233276367 0.0011989302001893520355 0.0055768424645066261292 0.0094727473333477973938 0.0090672615915536880493 0.0052983867935836315155 0.0049514924176037311554 0.005510883871465921402 0.0053390678949654102325 0.0053905616514384746552 0.0057655004784464836121 0.0061645987443625926971 0.0065104616805911064148 0.0068084839731454849243 0.0070512453094124794006 0.0011694132117554545403 0.001687775016762316227 0.0020231651142239570618 0.0022806501947343349457 0.0025995387695729732513 0.0031827921047806739807 0.0037212169263511896133 0.0039412355981767177582 0.001103068934753537178 0.0010000000474974513054 0.0018909851787611842155
0.0042373561300337314606 0.0041616735979914665222 0.0041926051490008831024 0.0056957653723657131195 0.0046335612423717975616 0.0045838179066777229309 0.0040868446230888366699 0.0011767157120630145073 0.0011622335296124219894 0.001159144681878387928 0.0011682709446176886559 0.013623411767184734344 0.0044229822233319282532 0.0044259740971028804779 0.0043283095583319664001 0.0047810631804168224335 0.0088954651728272438049 0.0089436192065477371216 0.0049346834421157836914 0.0044909138232469558716 0.0052923723123967647552 0.0061263958923518657684 0.0081528164446353912354 0.0081000076606869697571 0.0084696235135197639465 0.0086919991299510002136 0.0089188180863857269287 0.009188239462673664093 0.0093222027644515037537 0.0091004129499197006226 0.0086975535377860069275 0.0085268765687942504883 0.0084706554189324378967 0.0090997749939560890198 0.010939580388367176056 0.017571005970239639282 0.016453439369797706604 0.014968674629926681519 0.0064957397989928722382 0.012604288756847381592
0.0038615914527326822281 0.0037943723145872354507 0.0052784774452447891235 0.0041850358247756958008 0.0041971039026975631714 0.0037485917564481496811 0.0036278706975281238556 0.0038793468847870826721 0.0041268086060881614685 0.0098806219175457954407 0.013338129036128520966 0.0040389983914792537689 0.0040630372241139411926 0.0040177158080041408539 0.0052329902537167072296 0.0077757230028510093689 0.0082925930619239807129 0.004610299132764339447 0.0041038072668015956879 0.0048854202032089233398 0.0059779272414743900299 0.0046220780350267887115 0.006132365204393863678 0.0062088798731565475464 0.0065418803133070468903 0.0068520549684762954712 0.0072883828543126583099 0.0075994711369276046753 0.007609660271555185318 0.0074080126360058784485 0.0071752630174160003662 0.0071453643031418323517 0.0072152898646891117096 0.007886279374361038208 0.0095386011525988578796 0.0011920162942260503769 0.0011246483772993087769 0.0015044328756630420685 0.0010000000474974513054 0.0019851522520184516907
0.0034567713737487792969 0.0049745072610676288605 0.0037820197176188230515 0.0037570314016193151474 0.0033402063418179750443 0.0032874573953449726105 0.0042986855842173099518 0.0060922130942344665527 0.0077200010418891906738 0.0055680349469184875488 0.0036716167815029621124 0.0036977499257773160934 0.003649420570582151413 0.0049987155944108963013 0.0038728390354663133621 0.0072099883109331130981 0.0039733815938234329224 0.0036650057882070541382 0.0044924234971404075623 0.0055929501540958881378 0.0043455166742205619812 0.0062365699559450149536 0.0011737376917153596878 0.0065273586660623550415 0.0085996137931942939758 0.0090266931802034378052 0.01326929870992898941 0.018710298463702201843 0.017948891967535018921 0.016961101442575454712 0.016046626493334770203 0.015495500527322292328 0.01516064908355474472 0.015819227322936058044 0.017408434301614761353 0.015770254656672477722 0.015056760050356388092 0.014780513010919094086 0.037800233811140060425 0.014620210044085979462
0.0046779289841651916504 0.0033759924117475748062 0.0033480892889201641083 0.0028964898083359003067 0.0028930876869708299637 0.0040582912042737007141 0.0031883688643574714661 0.00315335090272128582 0.0052656172774732112885 0.0032170605845749378204 0.0032996882218867540359 0.0032775169238448143005 0.0046432237140834331512 0.0035208305343985557556 0.0067254272289574146271 0.0032508498989045619965 0.0030073001980781555176 0.0040060887113213539124 0.0051924018189311027527 0.0039219665341079235077 0.0060005290433764457703 0.0040747714228928089142 0.0062411371618509292603 0.0038746113423258066177 0.003797827521339058876 0.0060909334570169448853 0.0090868659317493438721 0.0045119989663362503052 0.0067896852269768714905 0.0067046438343822956085 0.0066279773600399494171 0.0065745902247726917267 0.0065462868660688400269 0.0067809210158884525299 0.0070702419616281986237 0.0069021345116198062897 0.0070385816507041454315 0.018052946776151657104 0.017963122576475143433 0.0069872201420366764069
0.0029943331610411405563 0.0029050020966678857803 0.002427817322313785553 0.0024292718153446912766 0.0037561482749879360199 0.0028762221336364746094 0.0028048956301063299179 0.0049845585599541664124 0.0027692795265465974808 0.0027991742826998233795 0.0028492326382547616959 0.0043624709360301494598 0.0030803070403635501862 0.0062802652828395366669 0.0027675090823322534561 0.0023722744081169366837 0.0033394601196050643921 0.0046323845162987709045 0.0034482355695217847824 0.0057006319984793663025 0.0037131914868950843811 0.0036422181874513626099 0.0036299980711191892624 0.0035699373111128807068 0.0034702348057180643082 0.0083088036626577377319 0.0040476112626492977142 0.0040715169161558151245 0.0078616170212626457214 0.0095319608226418495178 0.010959121398627758026 0.01462443917989730835 0.014273752458393573761 0.014209398068487644196 0.014078903943300247192 0.012735068798065185547 0.012292264029383659363 0.031932394951581954956 0.031358033418655395508 0.012059323489665985107
0.0025070246774703264236 0.0018963540205731987953 0.0018991652177646756172 0.0033528069034218788147 0.0024659426417201757431 0.0024507720954716205597 0.0048137670382857322693 0.0023699107114225625992 0.0023547348100692033768 0.0023706755600869655609 0.0041214143857359886169 0.0028147660195827484131 0.005888463929295539856 0.0021990258246660232544 0.0018518493743613362312 0.0028917836025357246399 0.004104699939489364624 0.0029093928169459104538 0.0053218547254800796509 0.0033666754607111215591 0.0032738000154495239258 0.0032260022126138210297 0.0032299938611686229706 0.0031977924518287181854 0.0080773243680596351624 0.0035170509945601224899 0.0036101890727877616882 0.0077772885560989379883 0.0038748942315578460693 0.003754806937649846077 0.0073109520599246025085 0.0038481375668197870255 0.0058993068523705005646 0.0059976624324917793274 0.0060748294927179813385 0.0059604509733617305756 0.005738910287618637085 0.014533696696162223816 0.014255346730351448059 0.0055494010448455810547
0.0011997396359220147133 0.0011971332132816314697 0.0029168906621634960175 0.0019216665532439947128 0.0019358501303941011429 0.0045886295847594738007 0.0019140972290188074112 0.0019058039179071784019 0.0019042185740545392036 0.0037922079209238290787 0.0024907588958740234375 0.0061446172185242176056 0.0017100749537348747253 0.0011323748622089624405 0.0024527469649910926819 0.0039072027429938316345 0.0024459997657686471939 0.0048877350054681301117 0.0029278500005602836609 0.0029162417631596326828 0.0028647668659687042236 0.0028235111385583877563 0.0028011363465338945389 0.0079980641603469848633 0.0031752644572407007217 0.0031624624971300363541 0.0073971720412373542786 0.0035565292928367853165 0.0034913148265331983566 0.0072984276339411735535 0.0036473192740231752396 0.0035396916791796684265 0.0034307164605706930161 0.0050203497521579265594 0.0054503805004060268402 0.0057929093018174171448 0.0066519933752715587616 0.016991684213280677795 0.0065068267285823822021 0.0067219296470284461975
0.0019586442504078149796 0.0024518223945051431656 0.0011984389275312423706 0.0012001638533547520638 0.0041853352449834346771 0.0011992116924375295639 0.001198470359668135643 0.0012001408031210303307 0.0034713749773800373077 0.0019709388725459575653 0.0061143408529460430145 0.0011862571118399500847 0.0011286158114671707153 0.0017346950480714440346 0.003489631926640868187 0.0020339267794042825699 0.004649196285754442215 0.002433449961245059967 0.0024362695403397083282 0.0024401694536209106445 0.0024395401123911142349 0.0024034727830439805984 0.0077838837169110774994 0.0027839636895805597305 0.0027966739144176244736 0.00714453868567943573 0.0031441575847566127777 0.0031158546917140483856 0.0071825366467237472534 0.003405106719583272934 0.003312726970762014389 0.0032069059088826179504 0.0027560989838093519211 0.0010603149421513080597 0.0010603795526549220085 0.0023128530010581016541 0.0010090239811688661575 0.0027099377475678920746 0.0017754677683115005493 0.0021316336933523416519
0.0023634519893676042557 0.0028379182331264019012 0.0033876376692205667496 0.0038404425140470266342 0.0011980865383520722389 0.0019102090736851096153 0.0024319272488355636597 0.002956174314022064209 0.0011745885713025927544 0.0059208949096500873566 0.0011988010955974459648 0.0018040022114291787148 0.0021228278055787086487 0.0026283715851604938507 0.0011933170026168227196 0.0046736951917409896851 0.0019813776016235351562 0.0019191027386114001274 0.0019028474343940615654 0.0019123532110825181007 0.0019420222379267215729 0.007892869412899017334 0.0023739482276141643524 0.0023434802424162626266 0.0069692223332822322845 0.0027886726893484592438 0.0027219743933528661728 0.0068964431993663311005 0.0030562730971723794937 0.0030040356796234846115 0.0029191849753260612488 0.0024582801852375268936 0.0010633054189383983612 0.0015579372411593794823 0.0019894305150955915451 0.0010483037913218140602 0.0014638210413977503777 0.0010000000474974513054 0.0021564688067883253098 0.0025160813238471746445
0.0020788391120731830597 0.0025542052462697029114 0.002877973020076751709 0.0033070845529437065125 0.0035883914679288864136 0.0038718634750694036484 0.0042124195024371147156 0.0047007217071950435638 0.0054664369672536849976 0.0011940691620111465454 0.0018271532608196139336 0.0021446531172841787338 0.0024773143231868743896 0.003046053694561123848 0.0039975624531507492065 0.0012186487438157200813 0.0011769435368478298187 0.0011999660637229681015 0.0011985902674496173859 0.0012006330071017146111 0.0078898370265960693359 0.0019770464859902858734 0.0019032179843634366989 0.0067766886204481124878 0.0024060376454144716263 0.002376849297434091568 0.0068328715860843658447 0.0026995355729013681412 0.0026539305690675973892 0.0025871249381452798843 0.0020893595647066831589 0.0010708915069699287415 0.00154480768833309412 0.0019271752098575234413 0.0023183585144579410553 0.0025898201856762170792 0.002737198956310749054 0.0014725937508046627045 0.0033042111899703741074 0.0036433320492506027222
-9999 -9999 0.0012473778333514928818 0.0012279115617275238037 0.0011781019857153296471 0.0018711420707404613495 0.0023288945667445659637 0.002775176195427775383 0.0033219347242265939713 0.003567152656614780426 0.0035033433232456445694 0.0036122109740972518921 0.004014002624899148941 0.0048326291143894195557 0.0058120149187743663788 0.0063331271521747112274 0.006370219402015209198 0.006531845778226852417 0.0067483163438737392426 0.0072207632474601268768 0.0011790278367698192596 0.0011745241936296224594 0.0067456047981977462769 0.0019351682858541607857 0.0019401318859308958054 0.0069587398320436477661 0.0023944294080138206482 0.0023148895706981420517 0.0022336102556437253952 0.0016866101650521159172 0.0010788389481604099274 0.001547495485283434391 0.0018981312168762087822 0.0022298616822808980942 0.0025747555773705244064 0.0028204652480781078339 0.0030016927048563957214 0.0016035138396546244621 0.0035969060845673084259 0.0038576317019760608673
-9999 -9999 -9999 -9999 -9999 0.0012002703733742237091 0.0011962832650169730186 0.0020007700659334659576 0.0026700871530920267105 0.0011922970879822969437 0.0018222021171823143959 0.0022242376580834388733 0.0026477798819541931152 0.0031810381915420293808 0.0037808574270457029343 0.0041476190090179443359 0.0043657231144607067108 0.0046184645034372806549 0.0049430658109486103058 0.0054496955126523971558 0.0060886465944349765778 0.00648650340735912323 0.001182543695904314518 0.0011878238292410969734 0.006890904158353805542 0.0019805040210485458374 0.0019373127724975347519 0.0018551339162513613701 0.0011440940434113144875 0.0011031643953174352646 0.0015593890566378831863 0.0018874707166105508804 0.0021960472222417593002 0.0025095876771956682205 0.0028403352480381727219 0.0031192095484584569931 0.0033666386734694242477 0.0017297128215432167053 0.0038783333729952573776 0.0040311398915946483612
-9999 -9999 -9999 -9999 -9999 -9999 -9999 -9999 -9999 -9999 -9999 0.0011880727251991629601 0.0019947381224483251572 0.0025355683173984289169 0.0027614170685410499573 0.0031123850494623184204 0.0034150490537285804749 0.0038373135030269622803 0.0041962373070418834686 0.0044565172865986824036 0.0047698989510536193848 0.0051553733646869659424 0.0056998510845005512238 0.0063716215081512928009 0.0012035428080707788467 0.0011837497586384415627 0.0011944441357627511024 0.0011859218357130885124 0.0016975023318082094193 0.0019888381939381361008 0.0022147623822093009949 0.0024581607431173324585 0.0027548549696803092957 0.0030955153051763772964 0.0034943809732794761658 0.0088157877326011657715 0.0091262487694621086121 0.0036034239456057548523 0.009048658423125743866 0.008866481482982635498
-9999 -9999 -9999 -9999 -9999 -9999 -9999 -9999 -9999 -9999 -9999 -9999 0.0012192758731544017792 0.001264454214833676815 0.0020368059631437063217 0.0024788854643702507019 0.0028930844273418188095 0.0033595014829188585281 0.0038934166077524423599 0.0043307272717356681824 0.0046897064894437789917 0.0051397853530943393707 0.0055762310512363910675 0.0055229347199201583862 0.0057932450436055660248 0.0060178502462804317474 0.0059365844354033470154 0.0056473016738891601562 0.0054058176465332508087 0.0053518395870923995972 0.0053613432683050632477 0.005535570438951253891 0.0059096645563840866089 0.0064137135632336139679 0.0070523633621633052826 0.0010736637050285935402 0.0010427524102851748466 0.0010000000474974513054 0.0018792734481394290924 0.0021250233985483646393
-9999 -9999 -9999 -9999 -9999 -9999 -9999 -9999 -9999 -9999 -9999 -9999 -9999 -9999 -9999 -9999 -9999 -9999 -9999 -9999 0.0011904485290870070457 0.0012085665948688983917 0.0012629239354282617569 0.0012889280915260314941 0.0012656546896323561668 0.0019937963224947452545 0.0023367756512016057968 0.0026086838915944099426 0.0027961980085819959641 0.0028707166202366352081 0.0028881898615509271622 0.0031135249882936477661 0.0035134444478899240494 0.0039722272194921970367 0.0044744256883859634399 0.0046854866668581962585 0.0045892624184489250183 0.011940758675336837769 0.0048006838187575340271 0.0048892190679907798767
