tests/data/reference/gistest/full/mwlevel_m.asc
ncols        125
nrows        78
xllcorner    -713756.799299980048
yllcorner    -1061032.369616159936
cellsize     10.000000000000
NODATA_value  -9999
[rows 18 to 35 of 78, columns 40 to 79 of 125]
0.005326380021870136261 0.0043576657772064208984 0.0028324171435087919235 0.0050989906303584575653 0.0036579663865268230438 0.0035244938917458057404 0.0024013502988964319229 0.0028246738947927951813 0.0041368142701685428619 0.0017644423060119152069 0.0011645377380773425102 0.0022778655402362346649 0.0026688524521887302399 0.0040736868977546691895 0.0029734338168054819107 0.0021384002175182104111 0.0021031196229159832001 0.0016451805131509900093 0.0010992032475769519806 0.0011069204192608594894 0.0011163980234414339066 0.001128177158534526825 0.0011422516545280814171 0.0038582205306738615036 0.001855419832281768322 0.0019001392647624015808 0.0019217660883441567421 0.006373567972332239151 0.0024571404792368412018 0.0025113925803452730179 0.0095959268510341644287 0.0027524214237928390503 0.0030041502323001623154 0.0013926238752901554108 0.037374913692474365234 0.0048536225222051143646 0.0018218436744064092636 0.0011860552476719021797 -9999 -9999
0.005613066256046295166 0.0046214684844017028809 0.0030689798295497894287 0.0052119330503046512604 0.0037433702964335680008 0.0036270329728722572327 0.0025716775562614202499 0.0029166054446250200272 0.00409715995192527771 0.0020942890550941228867 0.0011323933722451329231 0.0017207615310326218605 0.0026094354689121246338 0.0029914106708019971848 0.0043407189659774303436 0.0032933710608631372452 0.0025151162408292293549 0.0025045948568731546402 0.0021199607290327548981 0.0016793566755950450897 0.0016929159173741936684 0.0017120229313150048256 0.001737440936267375946 0.0017733284039422869682 0.0043024816550314426422 0.0023464199621230363846 0.0023344329092651605606 0.002320077037438750267 0.0063338456675410270691 0.0029391120187938213348 0.010371016338467597961 0.0030594058334827423096 0.0031329037155956029892 0.0013146710116416215897 0.0023180779535323381424 0.03936880454421043396 0.006456255447119474411 0.001888676895759999752 0.0011705299839377403259 -9999
0.0059267915785312652588 0.0049167135730385780334 0.0032364150974899530411 0.0052511622197926044464 0.0038448404520750045776 0.0037212574388831853867 0.0027450099587440490723 0.0030552477110177278519 0.004145979415625333786 0.0023597411345690488815 0.0011040660319849848747 0.001668765675276517868 0.0021439769770950078964 0.0029609310440719127655 0.003304299432784318924 0.0045516029931604862213 0.0035713321994990110397 0.0028774540405720472336 0.0028904231730848550797 0.0025312802754342556 0.0021457842085510492325 0.0021774957422167062759 0.0022194813936948776245 0.0022500799968838691711 0.0022572418674826622009 0.0045263250358402729034 0.0026839333586394786835 0.0027037505060434341431 0.0027762178797274827957 0.0079471077769994735718 0.0098950220271944999695 0.0031943973153829574585 0.0031865602359175682068 0.0020246230997145175934 0.0012924149632453918457 0.001329371938481926918 0.038072865456342697144 0.0072150253690779209137 0.0018549434607848525047 0.0011501628905534744263
0.0063604079186916351318 0.0052808886393904685974 0.0034580768551677465439 0.0052436687983572483063 0.0039731976576149463654 0.0038124290294945240021 0.0029140845872461795807 0.0032280704472213983536 0.0042896172963082790375 0.0026118792593479156494 0.0015989253297448158264 0.0010879893088713288307 0.0021009747870266437531 0.0025432694237679243088 0.0032579919788986444473 0.0035524123813956975937 0.0047794766724109649658 0.0038906752597540616989 0.0032459883950650691986 0.0032721697352826595306 0.0029542816337198019028 0.0026011990848928689957 0.0026220635045319795609 0.0026225799228996038437 0.0026197310071438550949 0.0026377160102128982544 0.0048032659105956554413 0.003159342566505074501 0.003271313617005944252 0.0091535868123173713684 0.0092928810045123100281 0.0033229622058570384979 0.0034556314349174499512 0.0023249671794474124908 0.0019711456261575222015 0.0012107203947380185127 0.0021197593305259943008 0.034804124385118484497 0.0077082794159650802612 0.0029574318323284387589
0.0067663663066923618317 0.0056868782266974449158 0.0038605548907071352005 0.0054781083017587661743 0.0041838572360575199127 0.0039865612052381038666 0.0031371298246085643768 0.0034249722957611083984 0.0045165233314037322998 0.0028952017892152070999 0.0019851026590913534164 0.0016038028988987207413 0.0010875149164348840714 0.0024862089194357395172 0.0028460384346544742584 0.0035074001643806695938 0.0038588219322264194489 0.0050955410115420818329 0.0042308843694627285004 0.0036210010293871164322 0.0036695799790322780609 0.003346289508044719696 0.0029722857289016246796 0.0029683576431125402451 0.0029899056535214185715 0.0030301511287689208984 0.0030814358033239841461 0.0053357779979705810547 0.0037288258317857980728 0.010815447196364402771 0.0092259915545582771301 0.0036379108205437660217 0.0036625824868679046631 0.0025528969708830118179 0.0022725143935531377792 0.0018494733376428484917 0.0024705792311578989029 0.0011949911713600158691 0.03426150977611541748 0.007872711867094039917
0.0070694996975362300873 0.0060786483809351921082 0.0043055042624473571777 0.0059769595973193645477 0.0045014084316790103912 0.0042964164167642593384 0.0034358715638518333435 0.0036632011178880929947 0.0048077856190502643585 0.0032188482582569122314 0.0023576484527438879013 0.002023278968408703804 0.0010774539550766348839 0.0016015664441511034966 0.0027803953271359205246 0.0031549436971545219421 0.0038617083337157964706 0.0042101847939193248749 0.0053970837034285068512 0.0045615234412252902985 0.0039953473024070262909 0.0040276814252138137817 0.0036837793886661529541 0.0033495568204671144485 0.0033834243658930063248 0.0034143689554184675217 0.0034751754719763994217 0.0036070686765015125275 0.0059345499612390995026 0.012968149036169052124 0.0098057417199015617371 0.0038398792967200279236 0.0037309981416910886765 0.0027551951352506875992 0.0025181213859468698502 0.0021565922070294618607 0.0025545961689203977585 0.0011861001839861273766 0.00197808118537068367 0.033818844705820083618
0.0074058258906006813049 0.006435599643737077713 0.0046949544921517372131 0.0064085726626217365265 0.0048145125620067119598 0.0045332973822951316833 0.0036766033153980970383 0.0038964517880231142044 0.0050543840043246746063 0.0034943779464811086655 0.0026657083071768283844 0.0010671126656234264374 0.0023625767789781093597 0.0015671767760068178177 0.0019977004267275333405 0.0031205266714096069336 0.003515264950692653656 0.0041963877156376838684 0.0045359693467617034912 0.0057441149838268756866 0.0049544507637619972229 0.0043637757189571857452 0.0043532778508961200714 0.0040377844125032424927 0.003719638800248503685 0.0037690182216465473175 0.0038738667499274015427 0.0040129465050995349884 0.0041427481919527053833 0.015819398686289787292 0.010172585025429725647 0.0040379753336310386658 0.0038823771756142377853 0.0030198092572391033173 0.0027615807484835386276 0.002412263769656419754 0.0026707942597568035126 0.0016651694895699620247 0.0022905140649527311325 0.0011917543597519397736
0.015101592056453227997 0.0068125398829579353333 0.0050371135585010051727 0.0067522055469453334808 0.0050984872505068778992 0.0046963430941104888916 0.0038460695650428533554 0.0041324705816805362701 0.0052623543888330459595 0.0037248539738357067108 0.0029156785458326339722 0.0015347572043538093567 0.0010400827741250395775 0.0026531026232987642288 0.0019684003200381994247 0.002376372460275888443 0.0034527392126619815826 0.0038675027899444103241 0.0045867250300943851471 0.00497167930006980896 0.006168656516820192337 0.0052766297012567520142 0.0046353014186024665833 0.0046374970115721225739 0.0043655438348650932312 0.0041425414383411407471 0.0042917621321976184845 0.0043929074890911579132 0.0044073481112718582153 0.016667993739247322083 0.010031492449343204498 0.0043075871653854846954 0.0041988124139606952667 0.0033131025265902280807 0.0030195517465472221375 0.0026621520519256591797 0.0028341566212475299835 0.0019321346189826726913 0.0023907090071588754654 0.0017319133039563894272
0.0022084431257098913193 0.018475838005542755127 0.0054178913123905658722 0.0071484786458313465118 0.0054375887848436832428 0.0049908980727195739746 0.0040893899276852607727 0.0043705091811716556549 0.0054208626970648765564 0.0039283069781959056854 0.0031611479353159666061 0.0018934515537694096565 0.0010238959221169352531 0.0015186386881396174431 0.0029639729764312505722 0.0023517624940723180771 0.0027712152805179357529 0.0038685668259859085083 0.0043089194223284721375 0.00500117521733045578 0.0052794306538999080658 0.006348143797367811203 0.0054842061363160610199 0.0049244128167629241943 0.0050078877247869968414 0.0048255766741931438446 0.0046179969795048236847 0.0046778954565525054932 0.0046728746965527534485 0.018293686211109161377 0.010300912894308567047 0.0046573933213949203491 0.0045961355790495872498 0.0036973892711102962494 0.0033688207622617483139 0.0029789367690682411194 0.0030645334627479314804 0.0022164001129567623138 0.0025494601577520370483 0.0019784092437475919724
0.010886397212743759155 0.019560577347874641418 0.0058333342894911766052 0.0076260878704488277435 0.0058814170770347118378 0.0054040788672864437103 0.0044401329942047595978 0.0046140612103044986725 0.005514807533472776413 0.0040864166803658008575 0.0033937478438019752502 0.002212572610005736351 0.0014826880069449543953 0.0018843188881874084473 0.001033934764564037323 0.0033252136781811714172 0.002786711324006319046 0.003231423674151301384 0.0042921365238726139069 0.0046291355974972248077 0.0051962165161967277527 0.0054612662643194198608 0.0065725408494472503662 0.0058089252561330795288 0.0053167338483035564423 0.0053965342231094837189 0.0051482492126524448395 0.004885368049144744873 0.0049559627659618854523 0.02060082554817199707 0.011040634475648403168 0.005192962009459733963 0.0051184007897973060608 0.0042039426043629646301 0.0038576154038310050964 0.0034217683132737874985 0.0034278712701052427292 0.0025037378072738647461 0.0028129941783845424652 0.0022397581487894058228
0.0026694107800722122192 0.026460522785782814026 0.006218595895916223526 0.0079335188493132591248 0.0061927242204546928406 0.0057387594133615493774 0.0047706528566777706146 0.0048818835057318210602 0.0056498465128242969513 0.0042565595358610153198 0.0036324551329016685486 0.0025189053267240524292 0.001857752213254570961 0.0022211787290871143341 0.0015214992454275488853 0.0035944555420428514481 0.003100025467574596405 0.0011018035002052783966 0.0036045769229531288147 0.004579045809805393219 0.0048619862645864486694 0.0054257777519524097443 0.0057266526855528354645 0.006858836393803358078 0.0061374348588287830353 0.0056403703056275844574 0.0057164225727319717407 0.0055230702273547649384 0.0053206826560199260712 0.02285963110625743866 0.011493421159684658051 0.0055846055038273334503 0.0054241563193500041962 0.0044968305155634880066 0.004161477554589509964 0.0037489708047360181808 0.0037700063548982143402 0.0028483620844781398773 0.0031330876518040895462 0.0025235898792743682861
0.020244054496288299561 0.0031043067574501037598 0.028139466419816017151 0.0081093721091747283936 0.0063116527162492275238 0.0058786803856492042542 0.0049818991683423519135 0.0051140133291482925415 0.0058206692337989807129 0.0044498760253190994263 0.0038817038293927907944 0.0028238501399755477905 0.0022100755013525485992 0.0025579144712537527084 0.0019236615626141428947 0.0038426904939115047455 0.0033615177962929010391 0.0010900900233536958694 0.0016564410179853439331 0.0039409669116139411926 0.0048501868732273578644 0.0050923353992402553558 0.0056495266035199165344 0.0059710289351642131805 0.007131631951779127121 0.0064748823642730712891 0.00609538983553647995 0.0063152611255645751953 0.0061196507886052131653 0.0057138493284583091736 0.028332764282822608948 0.0057904343120753765106 0.0055296323262155056 0.0045713772997260093689 0.004229568876326084137 0.0038797832094132900238 0.0039788461290299892426 0.0031595360487699508667 0.0034824565518647432327 0.0028375477995723485947
0.060593504458665847778 0.07426337897777557373 0.078861132264137268066 0.035491079092025756836 0.0075577665120363235474 0.0067992778494954109192 0.0057455445639789104462 0.0057685216888785362244 0.006368172820657491684 0.0048244791105389595032 0.0042238314636051654816 0.0031922305934131145477 0.0026038419455289840698 0.0029465563129633665085 0.0023313285782933235168 0.0041585275903344154358 0.003662977367639541626 0.0016135891200974583626 0.0010918726911768317223 0.0021056295372545719147 0.0042044431902468204498 0.0050750565715134143829 0.0054036034271121025085 0.0060491338372230529785 0.0064654452726244926453 0.0077377459965646266937 0.0071366010233759880066 0.0067123379558324813843 0.0066961734555661678314 0.0061891651712357997894 0.005631739739328622818 0.028525490313768386841 0.0056414096616208553314 0.0047006988897919654846 0.0043427501805126667023 0.0040168468840420246124 0.0041555464267730712891 0.0034329302143305540085 0.0038157792296260595322 0.0031636108178645372391
0.047578662633895874023 0.048222593963146209717 0.04957901686429977417 0.093351602554321289062 0.14148409664630889893 0.14809264242649078369 0.0086542982608079910278 0.011162476614117622375 0.0076243309304118156433 0.0055106705985963344574 0.0047017624601721763611 0.0036662011407315731049 0.003101252485066652298 0.0034629662986844778061 0.0028281488921493291855 0.0046131974086165428162 0.004031497519463300705 0.0020452574826776981354 0.0016136787598952651024 0.0010813181288540363312 0.0024723692331463098526 0.0045422194525599479675 0.0055772787891328334808 0.0060415780171751976013 0.0068348450586199760437 0.0073167257942259311676 0.0085410093888640403748 0.0075473543256521224976 0.0067228320986032485962 0.0064448737539350986481 0.0059135500341653823853 0.029497887939214706421 0.0057143284939229488373 0.0048382556997239589691 0.0044821524061262607574 0.0041756299324333667755 0.0043588709086179733276 0.003691968042403459549 0.0041078291833400726318 0.0034865713678300380707
0.0041341744363307952881 0.0036856562364846467972 0.0037135509774088859558 0.0069473041221499443054 0.0090373046696186065674 0.010194396600127220154 0.11655076593160629272 0.13968247175216674805 0.1493880152702331543 0.009041134268045425415 0.0099617680534720420837 0.0046277483925223350525 0.0039246985688805580139 0.0042714653536677360535 0.003538322867825627327 0.0053928927518427371979 0.0046569160185754299164 0.0011220084270462393761 0.0025131092406809329987 0.0020906289573758840561 0.0016578768845647573471 0.0029549910686910152435 0.005067198537290096283 0.0061094458214938640594 0.0065508880652487277985 0.0072085927240550518036 0.0074273846112191677094 0.0083013568073511123657 0.00726380152627825737 0.0065340176224708557129 0.0063678608275949954987 0.031973265111446380615 0.006025966256856918335 0.0051116631366312503815 0.0046830619685351848602 0.0043585817329585552216 0.0045955288223922252655 0.0039507322944700717926 0.0043575437739491462708 0.0037763072177767753601
0.0036030134651809930801 0.0034786509349942207336 0.0043114689178764820099 0.0032495933119207620621 0.0032526236027479171753 0.0033085753675550222397 0.0053717279806733131409 0.0069255032576620578766 0.0081410631537437438965 0.12428489327430725098 0.14015646278858184814 0.18030406534671783447 0.0064130672253668308258 0.0052779717370867729187 0.0053706332109868526459 0.0043515465222299098969 0.0063046272844076156616 0.0054255137220025062561 0.0017933821072801947594 0.0030594333074986934662 0.0026249927468597888947 0.0021927463822066783905 0.003366777440533041954 0.0052964221686124801636 0.0061304406262934207916 0.0063411071896553039551 0.0068066096864640712738 0.0070196469314396381378 0.0079775061458349227905 0.0072357794269919395447 0.0067523429170250892639 0.0067785889841616153717 0.03538478165864944458 0.0056396527215838432312 0.0050572808831930160522 0.0046431440860033035278 0.0048723686486482620239 0.0041992040351033210754 0.0045611378736793994904 0.0040103346109390258789
0.0032144389115273952484 0.0042079868726432323456 0.003015614580363035202 0.0029346717055886983871 0.0027736639603972434998 0.0027456646785140037537 0.0023807613179087638855 0.0024158037267625331879 0.0024294678587466478348 0.0025224017444998025894 0.0043266350403428077698 0.0060727209784090518951 0.14566361904144287109 0.17702907323837280273 0.17788149416446685791 0.0057053701020777225494 0.0047377971932291984558 0.006724673788994550705 0.0057933698408305644989 0.0022961285430938005447 0.0034407435450702905655 0.0029887468554079532623 0.0025521658826619386673 0.0035771401599049568176 0.005285414867103099823 0.0059728655032813549042 0.0061612501740455627441 0.0066649927757680416107 0.0070018032565712928772 0.0081148324534296989441 0.0075966743752360343933 0.007270304020494222641 0.040058802813291549683 0.006324137561023235321 0.0056972010061144828796 0.0051905051805078983307 0.0053630312904715538025 0.0045892107300460338593 0.0048633459955453872681 0.0042684269137680530548
0.0038929528091102838516 0.0026469682343304157257 0.0025965520180761814117 0.0025785446632653474808 0.002565087517723441124 0.0021300597582012414932 0.0020098404493182897568 0.0019819333683699369431 0.0019514975138008594513 0.0020118467509746551514 0.0021479546558111906052 0.0049984245561063289642 0.0068723871372640132904 0.0082516232505440711975 0.0069954381324350833893 0.14752022922039031982 0.0056096273474395275116 0.0048316763713955879211 0.0064692432060837745667 0.0056583615951240062714 0.002519596833735704422 0.003508141031488776207 0.0030882430728524923325 0.0026888200081884860992 0.0035856538452208042145 0.0051389369182288646698 0.0057953367941081523895 0.0060252808034420013428 0.0066149155609309673309 0.0071190092712640762329 0.0084371380507946014404 0.0080618280917406082153 0.0077894744463264942169 0.044590052217245101929 0.006534403190016746521 0.0059589333832263946533 0.006030873861163854599 0.0052036144770681858063 0.0053226551972329616547 0.0045915665104985237122
