tests/data/reference/gistest/full/mwlevel_m.asc
ncols        125
nrows        78
xllcorner    -713756.799299980048
yllcorner    -1061032.369616159936
cellsize     10.000000000000
NODATA_value  -9999
[rows 34 to 50 of 78, columns 80 to 119 of 125]
0.029502823948860168457 0.0044922418892383575439 0.011173212900757789612 0.020000778138637542725 0.0030779493972659111023 0.0027009733021259307861 0.0030693660955876111984 0.0010000000474974513054 0.0021219737827777862549 0.0035835336893796920776 0.0038212118670344352722 0.0037881508469581604004 0.010657745413482189178 0.0037637576460838317871 0.0019674713257700204849 0.0011834114557132124901 0.002619137987494468689 0.0037329609040170907974 0.0054975203238427639008 0.0032221621368080377579 0.0023572426289319992065 0.001347375684417784214 0.0024700178764760494232 0.0015071735251694917679 0.0010000000474974513054 -9999 -9999 -9999 -9999 -9999 -9999 -9999 -9999 -9999 -9999 -9999 -9999 -9999 -9999 -9999
0.032366115599870681763 0.0050064022652804851532 0.011675578542053699493 0.021425124257802963257 0.0030755396001040935516 0.0037910137325525283813 0.0010000000474974513054 0.0017932519549503922462 0.002486266428604722023 0.0039096907712519168854 0.0041552032344043254852 0.011811021715402603149 0.0039030271582305431366 0.0023963223211467266083 0.0019264172296971082687 0.003016466507688164711 0.0011833797907456755638 0.0040676854550838470459 0.0065904874354600906372 0.0012429328635334968567 0.0027582724578678607941 0.002160336589440703392 0.003521617501974105835 0.0013522933004423975945 0.0024235255550593137741 0.0010000000474974513054 -9999 -9999 -9999 -9999 -9999 -9999 -9999 -9999 -9999 -9999 -9999 -9999 -9999 -9999
0.033605024218559265137 0.0052979253232479095459 0.011765731498599052429 0.022289097309112548828 0.0051648993976414203644 0.0011710637481883168221 0.0011344488011673092842 0.0022010421380400657654 0.0028031214606016874313 0.0042073675431311130524 0.0044952156022191047668 0.013625502586364746094 0.0027384269051253795624 0.0023626293987035751343 0.0033332521561533212662 0.0019391372334212064743 0.0011963403085246682167 0.0044056577607989311218 0.0066809114068746566772 0.0020473161712288856506 0.0031593644525855779648 0.0026848395355045795441 0.0037996380124241113663 0.0021052733063697814941 0.0026386708486825227737 0.0022843973711133003235 0.0010000000474974513054 -9999 -9999 -9999 -9999 -9999 -9999 -9999 -9999 -9999 -9999 -9999 -9999 -9999
0.032267145812511444092 0.0052570826373994350433 0.011416295543313026428 0.05722073093056678772 0.0039929184131324291229 0.0017093322239816188812 0.0011234905105084180832 0.0025323007721453905106 0.003088513622060418129 0.0045234211720526218414 0.0048776371404528617859 0.014960608445107936859 0.0027519762516021728516 0.0036191516555845737457 0.0024016939569264650345 0.0019132964080199599266 0.0046604871749877929688 0.0070036938413977622986 0.0012079706648364663124 0.0027030995115637779236 0.0037285650614649057388 0.0031844235491007566452 0.0040171239525079727173 0.0024953039828687906265 0.0029124580323696136475 0.0025260990951210260391 0.002146326238289475441 0.0013312913943082094193 0.0010000000474974513054 -9999 -9999 -9999 -9999 -9999 -9999 -9999 -9999 -9999 -9999 -9999
0.03180219605565071106 0.0049927821382880210876 0.02841735444962978363 0.057483214884996414185 0.0021633862052112817764 0.0016931365244090557098 0.0011151441140100359917 0.002832966390997171402 0.0033838870003819465637 0.0048542739823460578918 0.016617909073829650879 0.0030792851466685533524 0.0038783543277531862259 0.0027614263817667961121 0.0023651700466871261597 0.0048522818833589553833 0.0070495973341166973114 0.0019875490106642246246 0.0031485303770750761032 0.001220229780301451683 0.0041770790703594684601 0.0036014572251588106155 0.0042751301079988479614 0.0028903477359563112259 0.0033472352661192417145 0.0029914833139628171921 0.0025437856093049049377 0.0019813422113656997681 0.0022884118370711803436 0.0010000000474974513054 -9999 -9999 -9999 -9999 -9999 -9999 -9999 -9999 -9999 -9999
0.03520350530743598938 0.01423197425901889801 0.0044514187611639499664 0.02221193164587020874 0.0032797905150800943375 0.0016825792845338582993 0.0011095096124336123466 0.0031159666832536458969 0.0036811386235058307648 0.0051607643254101276398 0.017667034640908241272 0.004082408268004655838 0.0030608540400862693787 0.0026963858399540185928 0.0049761757254600524902 0.0071039143949747085571 0.0024560242891311645508 0.0034236810170114040375 0.0019850698299705982208 0.0011869878508150577545 0.0045063192956149578094 0.0039989911019802093506 0.0047128242440521717072 0.0034487710800021886826 0.0039409529417753219604 0.0034471340477466583252 0.0028212573379278182983 0.002329808427020907402 0.0024256934411823749542 0.0012691951123997569084 0.0011821300722658634186 -9999 -9999 -9999 -9999 -9999 -9999 -9999 -9999 -9999
0.0011911271139979362488 0.017086369916796684265 0.010533864609897136688 0.0225047282874584198 0.0042290217243134975433 0.0011029241140931844711 0.0016262478893622756004 0.0033785703126341104507 0.0039867446757853031158 0.0054650525562465190887 0.019197706133127212524 0.0033484129235148429871 0.0030168893281370401382 0.0051052980124950408936 0.0070796944200992584229 0.002826749579980969429 0.0037563387304544448853 0.0024613004643470048904 0.0019446448422968387604 0.0047349077649414539337 0.0011886679567396640778 0.0042847879230976104736 0.005035291425883769989 0.0038728357758373022079 0.0043310704641044139862 0.0037410261575132608414 0.0032525211572647094727 0.0027163296472281217575 0.0027835695073008537292 0.0018932265229523181915 0.0029175390955060720444 0.0010000000474974513054 -9999 -9999 -9999 -9999 -9999 -9999 -9999 -9999
0.020134586840867996216 0.10712143033742904663 0.011404031887650489807 0.022745922207832336426 0.0047743567265570163727 0.0010867629898712038994 0.001992284553125500679 0.0036573209799826145172 0.0043110777623951435089 0.020893575623631477356 0.0036086367908865213394 0.0033132180105894804001 0.0052785277366638183594 0.0071414373815059661865 0.0031277597881853580475 0.0039990236982703208923 0.0028907614760100841522 0.0024542259052395820618 0.0049417861737310886383 0.0019330342765897512436 0.0011966997990384697914 0.0044412896968424320221 0.0051710233092308044434 0.0041101663373410701752 0.0045606512576341629028 0.0039755604229867458344 0.0037873755209147930145 0.0032040700316429138184 0.003137513529509305954 0.0023508879821747541428 0.0028185306582599878311 0.0038002417422831058502 0.0026108978781849145889 -9999 -9999 -9999 -9999 -9999 -9999 -9999
0.030639588832855224609 0.05256888270378112793 0.015010820701718330383 0.021958976984024047852 0.0049656969495117664337 0.00164857436902821064 0.0024031477514654397964 0.0040164352394640445709 0.004610395524650812149 0.022116059437394142151 0.0035869416315108537674 0.0054763285443186759949 0.0072033363394439220428 0.0033774776384234428406 0.0041853138245642185211 0.0031960378400981426239 0.0028743550647050142288 0.0052576409652829170227 0.002453782595694065094 0.0011968706967309117317 0.0018922460731118917465 0.0046864361502230167389 0.0054122996516525745392 0.0044003380462527275085 0.0047637457028031349182 0.0040928600355982780457 0.0041038696654140949249 0.0035977230872958898544 0.0033232024870812892914 0.0026423919480293989182 0.0030716392211616039276 0.0023357800673693418503 0.0035334317944943904877 0.0025491451378911733627 0.0010000000474974513054 -9999 -9999 -9999 -9999 -9999
0 0.16077971458435058594 0.056863147765398025513 0.035948976874351501465 0.0054216440767049789429 0.0022437269799411296844 0.0029231861699372529984 0.0043890331871807575226 0.0048447027802467346191 0.023104552179574966431 0.0056261094287037849426 0.0074003669433295726776 0.0036553023383021354675 0.0043328856118023395538 0.0034179477952420711517 0.0031582936644554138184 0.0054885772988200187683 0.0029186692554503679276 0.0019151299493387341499 0.001196902361698448658 0.0024001477286219596863 0.0049975416623055934906 0.0057426174171268939972 0.0047132214531302452087 0.0047978991642594337463 0.0041435859166085720062 0.0041700312867760658264 0.0038220651913434267044 0.0035287693608552217484 0.0027733345050364732742 0.0032351354602724313736 0.0026646272744983434677 0.0024007426109164953232 0.0045930622145533561707 0.0025620707310736179352 0.0010000000474974513054 -9999 -9999 -9999 -9999
0.0060365055687725543976 0 0 0.082025654613971710205 0.006040430162101984024 0.0026057821232825517654 0.0031878813169896602631 0.0045461622066795825958 0.0050690653733909130096 0.025494899600744247437 0.0074782357551157474518 0.0039517623372375965118 0.004578958265483379364 0.0036352977622300386429 0.0033550197258591651917 0.0054639666341245174408 0.0032123187556862831116 0.0023911187890917062759 0.0018843199359253048897 0.0011926706647500395775 0.0028273127973079681396 0.0052861766889691352844 0.0059766918420791625977 0.0048277778550982475281 0.004592018667608499527 0.0043758847750723361969 0.0042023258283734321594 0.0039238175377249717712 0.0038589606992900371552 0.0029583645518869161606 0.0034514092840254306793 0.002987863495945930481 0.0039763543754816055298 0.001949890749529004097 0.0011986248428001999855 0.0037870462983846664429 0.0010000000474974513054 -9999 -9999 -9999
0.0025806115008890628815 0.0030331138987094163895 0.0032621324062347412109 0 0 0.0028930320404469966888 0.0030071283690631389618 0.0046300240792334079742 0.0053502162918448448181 0.029321549460291862488 0.0042292014695703983307 0.0048268884420394897461 0.00391107192263007164 0.0035979968961328268051 0.0054840319789946079254 0.0033727830741554498672 0.0026888102293014526367 0.0022988191340118646622 0.0018261253135278820992 0.0011819710489362478256 0.0032078162766993045807 0.0055639971978962421417 0.0060292924754321575165 0.0046978802420198917389 0.0046408581547439098358 0.0045456527732312679291 0.004269198048859834671 0.0039698523469269275665 0.0040413998067378997803 0.0032905063126236200333 0.003709119744598865509 0.0032882459927350282669 0.0047795362770557403564 0.0018116439459845423698 0.0011912923073396086693 0.0025386051274836063385 0.0021333899348974227905 0.0025569424033164978027 -9999 -9999
0.0010557124624028801918 0.0016303545562550425529 0.002027922309935092926 0.0023468565195798873901 0.0032094421330839395523 0 0.0036541731096804141998 0.0050738030113279819489 0.0058922502212226390839 0.032104875892400741577 0.0052121439948678016663 0.0042258887551724910736 0.003896570298820734024 0.0056782048195600509644 0.0036242990754544734955 0.0029630449134856462479 0.0026186478789895772934 0.0022230721078813076019 0.0017666902858763933182 0.0011630114167928695679 0.0034989924170076847076 0.005681003909558057785 0.0058654304593801498413 0.0045245829969644546509 0.0048527340404689311981 0.0047141877003014087677 0.0044431942515075206757 0.0041316999122500419617 0.0041896542534232139587 0.0035179504193365573883 0.0039645135402679443359 0.0036463278811424970627 0.0056888875551521778107 0.0017725821817293763161 0.0011783149093389511108 0.0039023223798722028732 0.0020289970561861991882 0.0012331556063145399094 0.0027746688574552536011 0.0012574645224958658218
0.0023654871620237827301 0.0027468788903206586838 0.0029280649032443761826 0.0030787601135671138763 0.0032817537430673837662 0.0062928381375968456268 0 0.0061156088486313819885 0.0067434147931635379791 0.036463029682636260986 0.0047797374427318572998 0.0042800162918865680695 0.0059449910186231136322 0.003923525102436542511 0.0033015392255038022995 0.0029592255596071481705 0.0025777313858270645142 0.0021607461385428905487 0.0017072334885597229004 0.0011359037598595023155 0.0036934779491275548935 0.005668858066201210022 0.0056604468263685703278 0.0047238878905773162842 0.0051197996363043785095 0.0049263807013630867004 0.0046653021126985549927 0.0043773176148533821106 0.0044057318009436130524 0.0036978395655751228333 0.0043648928403854370117 0.0079152407124638557434 0.0023237816058099269867 0.0018093270482495427132 0.0042035682126879692078 0.0025736319366842508316 0.0021102870814502239227 0.0021830978803336620331 0.0023630689829587936401 0.0013713160296902060509
0.017688818275928497314 0.017495710402727127075 0.016173122450709342957 0.015329669229686260223 0.014910161495208740234 0.017454182729125022888 0.0012202148791402578354 0 0.0069803688675165176392 0.040047165006399154663 0.0049629090353846549988 0.0064363833516836166382 0.0042536305263638496399 0.0036052030045539140701 0.0033095225226134061813 0.0029461442027240991592 0.0025365778710693120956 0.0021066763438284397125 0.0016605674754828214645 0.001112545025534927845 0.0038708089850842952728 0.0056547229178249835968 0.0055805072188377380371 0.0049388771876692771912 0.0053564701229333877563 0.0051713534630835056305 0.0048912791535258293152 0.0046102139167487621307 0.0046733673661947250366 0.0039564077742397785187 0.0049203606322407722473 0.0093356585130095481873 0.0023849057033658027649 0.0045057670213282108307 0.0028582159429788589478 0.0025034295395016670227 0.0026881410740315914154 0.0029449360445141792297 0.0022246004082262516022 -9999
0.0020631812512874603271 0.0022357592824846506119 0.0023568647447973489761 0.0025135530158877372742 0.0027002620045095682144 0.0035356259904801845551 0.023479955270886421204 0 0.0066944370046257972717 0.042797509580850601196 0.0073647433891892433167 0.0048349178396165370941 0.0040016672573983669281 0.0036232697311788797379 0.0032963177654892206192 0.002913064323365688324 0.0024889241904020309448 0.0020574999507516622543 0.001624362659640610218 0.0010935892350971698761 0.0040220911614596843719 0.0056129540316760540009 0.0056341169402003288269 0.0049574295990169048309 0.0054936646483838558197 0.0054230596870183944702 0.0051798853091895580292 0.0048668435774743556976 0.0049124225042760372162 0.0044521628879010677338 0.011727524921298027039 0.002814439358189702034 0.0049160746857523918152 0.0033000321127474308014 0.0028335019014775753021 0.0028652036562561988831 0.0031060185283422470093 0.0027571008540689945221 -9999 -9999
0.0010307355551049113274 0.001357257133349776268 0.0016222605481743812561 0.0018473379313945770264 0.0021157769951969385147 0.0027446579188108444214 0.0064321411773562431335 0.025716062635183334351 0 0.046124037355184555054 0.00560760498046875 0.004620434250682592392 0.0040761614218354225159 0.0036553069949150085449 0.0032834785524755716324 0.0028776733670383691788 0.0010915893362835049629 0.0024094823747873306274 0.0024058276321738958359 0.0010760588338598608971 0.0041495095938444137573 0.0056421393528580665588 0.0058216624893248081207 0.0050167255103588104248 0.0053662853315472602844 0.0054404903203248977661 0.0053741754963994026184 0.0050602410919964313507 0.0049534002318978309631 0.0049367444589734077454 0.01322069857269525528 0.0052604177035391330719 0.003752710297703742981 0.0033392889890819787979 0.0032987110316753387451 0.0033384147100150585175 0.0028829993680119514465 0.0012062999885529279709 -9999 -9999
