tests/data/reference/gistest_nucice/dpre/grass/control/hcrit.asc
ncols        123
nrows        77
xllcorner    -713746.799299980048
yllcorner    -1061022.369616159936
cellsize     10.000000000000
NODATA_value -9999
[rows 51 to 67 of 77, columns 78 to 116 of 123]
0.00075615727109834551811 0.0007220729021355509758 0.00069875764893367886543 0.00051119923591613769531 0.00051355967298150062561 0.00053340964950621128082 0.00059386307839304208755 0.0007269016350619494915 0.0009493015240877866745 0.0011537643149495124817 0.0010133261093869805336 0.00086618011118844151497 0.0009276418713852763176 0.00086185516556724905968 0.00083231349708512425423 0.00082817085785791277885 0.00082223251229152083397 0.00082166591892018914223 0.00081749341916292905807 0.00079861102858558297157 0.00078472349559888243675 0.00078772939741611480713 0.00080155674368143081665 0.00081683608004823327065 0.00083146878750994801521 0.00085751363076269626617 0.00089424953330308198929 0.00091751426225528120995 0.00092693278566002845764 0.000944808183703571558 0.00097438809461891651154 0.00099840969778597354889 0.0010115862824022769928 0.001005779951810836792 0.0010041586356237530708 0.0010151583701372146606 0.00099637219682335853577 0.0009662001393735408783 0.0010198196396231651306
0.00075082574039697647095 0.00071399484295397996902 0.00068296078825369477272 0.0006571419653482735157 0.0004873590951319783926 0.00051698170136660337448 0.0005687093944288790226 0.0006529417005367577076 0.00082188076339662075043 0.0010508353589102625847 0.0050746812485158443451 0.00083746010204777121544 0.00092757568927481770515 0.00088006979785859584808 0.00085727940313518047333 0.00085200025932863354683 0.0008367709815502166748 0.00082497001858428120613 0.00081626157043501734734 0.00079699925845488905907 0.00077599630458280444145 0.00076957169221714138985 0.00078017183113843202591 0.00079578062286600470543 0.00080777396215125918388 0.00082217407179996371269 0.000843199901282787323 0.00086306140292435884476 0.0008847502758726477623 0.00091888470342382788658 0.00096071895677596330643 0.00098647200502455234528 0.0010036486200988292694 0.0010110026923939585686 0.0010207961313426494598 0.0010524932295083999634 0.0010387739166617393494 0.00099153560586273670197 0.0010022660717368125916
0.00073971727397292852402 0.00070419162511825561523 0.00066975824302062392235 0.00063674157718196511269 0.00063924456480890512466 0.00050650938646867871284 0.00054788362467661499977 0.00058663875097408890724 0.00069435528712347149849 0.0008684251224622130394 0.00083381112199276685715 0.00076014152728021144867 0.0007284632301889359951 0.00088983774185180664062 0.00089115696027874946594 0.00089661008678376674652 0.00087179464753717184067 0.00083824858302250504494 0.00081140577094629406929 0.00078956293873488903046 0.00077217043144628405571 0.00076005276059731841087 0.00075906998245045542717 0.00077285850420594215393 0.00079116824781522154808 0.00079453916987404227257 0.00078728271182626485825 0.00079489900963380932808 0.00082970759831368923187 0.00088606920326128602028 0.00094460952095687389374 0.00095808150945231318474 0.00097469083266332745552 0.0010241029085591435432 0.001055572880432009697 0.0010870357509702444077 0.0010714050149545073509 0.0010203706333413720131 0.0010108435526490211487
0.00072393886512145400047 0.00068840786116197705269 0.00065562949748709797859 0.00062581058591604232788 0.00063060870161280035973 0.00067163165658712387085 0.0005280183977447450161 0.00053707626648247241974 0.00061210757121443748474 0.000765376316849142313 0.00077486032387241721153 0.0037538947071880102158 0.00068212952464818954468 0.00069700449239462614059 0.00088017212692648172379 0.00088820187374949455261 0.00086281390395015478134 0.00082616967847570776939 0.00079622433986514806747 0.00077751016942784190178 0.00076794053893536329269 0.00075865199323743581772 0.0007518620113842189312 0.0007576288771815598011 0.00077266508014872670174 0.00077614048495888710022 0.00076898070983588695526 0.00078106450382620096207 0.00082248961552977561951 0.00087324163177981972694 0.00090678635751828551292 0.00089030386880040168762 0.00091413763584569096565 0.0010239190887659788132 0.0010985812405124306679 0.0011291757691651582718 0.0011006947606801986694 0.0010232019703835248947 0.00099482422228902578354
0.00069581333082169294357 0.00066706223879009485245 0.00064568687230348587036 0.00063074409263208508492 0.0006377121899276971817 0.00066590163623914122581 0.00067950435914099216461 0.00050378427840769290924 0.00056035676971077919006 0.00069244683254510164261 0.00075007602572441101074 0.0036075846292078495026 0.00063874095212668180466 0.00065740343416109681129 0.00083157129120081663132 0.0008263170020654797554 0.00080770632484927773476 0.00078584649600088596344 0.00076888798503205180168 0.00076137046562507748604 0.0007632930646650493145 0.00076349964365363121033 0.00075696123531088232994 0.00075113034108653664589 0.00075359601760283112526 0.00076348532456904649734 0.00078007054980844259262 0.00081144605064764618874 0.00085231958655640482903 0.00086827151244506239891 0.00086111109703779220581 0.00083508028183132410049 0.00086487655062228441238 0.00099592888727784156799 0.001103502931073307991 0.0011484215501695871353 0.0011168414494022727013 0.0010195593349635601044 0.00098757504019886255264
0.00067824812140315771103 0.0006629479466937482357 0.00065741589060053229332 0.00066044717095792293549 0.00066328555112704634666 0.00066440732916817069054 0.00066409324062988162041 0.00066256057471036911011 0.00053729931823909282684 0.00065004505449905991554 0.00078164332080632448196 0.00069711951073259115219 0.0031501192133873701096 0.00058649474522098898888 0.00058873562375083565712 0.00076583627378568053246 0.00076167820952832698822 0.0007558054639957845211 0.00075190345523878931999 0.00075051974272355437279 0.00075576920062303543091 0.00076397770317271351814 0.00076657260069623589516 0.00076257978798821568489 0.00076125044142827391624 0.00077502027852460741997 0.00080516992602497339249 0.00084581470582634210587 0.00087266042828559875488 0.00084276997949928045273 0.00081439001951366662979 0.00080419931327924132347 0.00083708082092925906181 0.00094800832448527216911 0.0010508913546800613403 0.0011065780417993664742 0.0010931736323982477188 0.001015575602650642395 0.0010041506029665470123
0.00068078073672950267792 0.00068106915568932890892 0.00068860145984217524529 0.00070178194437175989151 0.00069055077619850635529 0.00066087360028177499771 0.00064912007655948400497 0.00065119640203192830086 0.00050796056166291236877 0.0005736533203162252903 0.00074738124385476112366 0.00075958226807415485382 0.0029445469845086336136 0.00049942755140364170074 0.00050820084288716316223 0.00070895173121243715286 0.00072389427805319428444 0.00073465553577989339828 0.00074436148861423134804 0.00074605626286938786507 0.0007470279233530163765 0.00075917766662314534187 0.00077892205445095896721 0.00079170806566253304482 0.00079684547381475567818 0.00081329315435141324997 0.0008444418199360370636 0.0008760155760683119297 0.00087720697047188878059 0.00081955222412943840027 0.00078723550541326403618 0.00079094799002632498741 0.00081747339572757482529 0.0008884604903869330883 0.00096506084082648158073 0.0010215761139988899231 0.0010370167437940835953 0.0010099170031026005745 0.0010370005620643496513
0.00068778713466599583626 0.00070164410863071680069 0.00071491388371214270592 0.00072680209996178746223 0.00070332532050088047981 0.00065562600502744317055 0.00063543021678924560547 0.0006354664219543337822 0.0006396950921043753624 0.00048147773486562073231 0.00059024826623499393463 0.00084358884487301111221 0.00065970589639618992805 0.0027913849335163831711 0.00049974524881690740585 0.00051833526231348514557 0.00071069941623136401176 0.00072893040487542748451 0.00074376311386004090309 0.00074953766306862235069 0.00075147155439481139183 0.00076260732021182775497 0.00078631140058860182762 0.00080574024468660354614 0.00081164378207176923752 0.000828229531180113554 0.00085715431487187743187 0.00086696358630433678627 0.00085184175986796617508 0.00080851610982790589333 0.0007861707126721739769 0.00079559808364138007164 0.00081157154636457562447 0.00084413465810939669609 0.00088687834795564413071 0.00092930340906605124474 0.0009651573491282761097 0.00099237926770001649857 0.0010650373296812176704
0.00068303983425721526146 0.00070667103864252567291 0.00071957893669605255127 0.0007242393912747502327 0.00070112803950905799866 0.00065401318715885281563 0.00062859390163794159889 0.00062166101997718214989 0.00060841307276859879494 0.00059143925318494439125 0.00046867481432855129242 0.00064266007393598556519 0.00091623590560629963875 0.0039463834837079048157 0.0030333301983773708344 0.00053497863700613379478 0.00054513977374881505966 0.00073836324736475944519 0.00075085920980200171471 0.00075982703128829598427 0.00076828652527183294296 0.00077654147753491997719 0.00079199607716873288155 0.00080445926869288086891 0.00080295355292037129402 0.0008140238933265209198 0.00083406537305563688278 0.0008186379563994705677 0.0008074265788309276104 0.00081060081720352172852 0.00080438604345545172691 0.00080566253745928406715 0.00081235024845227599144 0.00082258932525292038918 0.00083782267756760120392 0.00085823272820562124252 0.00089408986968919634819 0.00094628927763551473618 0.0010511825093999505043
0.00067982933251187205315 0.00070939201395958662033 0.00072240509325638413429 0.00072103861020877957344 0.00070364621933549642563 0.00066752411657944321632 0.00064063229365274310112 0.00062519812490791082382 0.0006018285057507455349 0.00057163566816598176956 0.00058300053933635354042 0.00048102010623551905155 0.00065868149977177381516 0.0010676957899704575539 0.0042049428448081016541 0.00063884200062602758408 0.00060608488274738192558 0.0007782795000821352005 0.00077244971180334687233 0.00077096844324842095375 0.00077672104816883802414 0.00078017154010012745857 0.0007895405287854373455 0.00080654799239709973335 0.00081826210953295230865 0.00082983932225033640862 0.00082718761404976248741 0.00077708211028948426247 0.00076844298746436834335 0.00081765122013166546822 0.00082916783867403864861 0.00081114401109516620636 0.0008065148722380399704 0.00081029470311477780342 0.00081153964856639504433 0.00081245141336694359779 0.00083580543287098407745 0.00088431301992386579514 0.00099793868139386177063
0.00069337949389591813087 0.00072302378248423337936 0.00073685683310031890869 0.00073212367715314030647 0.00071942113572731614113 0.00069636537227779626846 0.00067118887091055512428 0.00064809934701770544052 0.00061870651552453637123 0.00058325455756857991219 0.00057264027418568730354 0.00058995001018047332764 0.00050076999468728899956 0.00076585420174524188042 0.0012727366993203759193 0.005510201677680015564 0.00079466111492365598679 0.00070131488610059022903 0.00081580079859122633934 0.00078618072438985109329 0.00077856861753389239311 0.00077473674900829792023 0.00077736662933602929115 0.00080705666914582252502 0.00084842211799696087837 0.00084668042836710810661 0.00081391719868406653404 0.00076590874232351779938 0.00076370354508981108665 0.00082313566235825419426 0.00084326224168762564659 0.00081680802395567297935 0.00080325617454946041107 0.00080183270620182156563 0.00079487281618639826775 0.00078305933857336640358 0.00079546804772689938545 0.00083370885113254189491 0.00092691433383151888847
0.00070955598494037985802 0.00073114666156470775604 0.00074363843305036425591 0.00074114784365519881248 0.00073538033757358789444 0.00072566984454169869423 0.00070382928242906928062 0.00067411980126053094864 0.00064206507522612810135 0.00060775055317208170891 0.00058560515753924846649 0.00057622900931164622307 0.00061323476256802678108 0.00056196143850684165955 0.00083777291001752018929 0.0014778714394196867943 0.0056662461720407009125 0.00080326100578531622887 0.00086269166786223649979 0.00081148231402039527893 0.00079743436072021722794 0.00079751969315111637115 0.00079979840666055679321 0.00083691405598074197769 0.00087207206524908542633 0.00080543087096884846687 0.00076612486736848950386 0.0007746533956378698349 0.00079190055839717388153 0.00083089363761246204376 0.0008432993781752884388 0.00082043360453099012375 0.0008007901487872004509 0.00078961404506117105484 0.00078035122714936733246 0.0007681087590754032135 -9999 -9999 -9999
0.00071809388464316725731 0.0007255813106894493103 0.00073441345011815428734 0.00073988264193758368492 0.00074405811028555035591 0.0007481446373276412487 0.00073576264549046754837 0.00070823222631588578224 0.00067477946868166327477 0.00063894019694998860359 0.00061267800629138946533 0.00059299537679180502892 0.00060231593670323491096 0.00065514561720192432404 0.00060980237321928143501 0.0009442715090699493885 0.0057230936363339424133 0.00084633554797619581223 0.00073498708661645650864 0.00084599707042798399925 0.00083229190204292535782 0.00085046206368133425713 0.00085911137284711003304 0.00088099716231226921082 0.00086514384020119905472 0.00076526723569259047508 0.00074077269528061151505 0.0007927001570351421833 0.00082677591126412153244 0.00084273761603981256485 0.00084296497516334056854 0.00082294305320829153061 0.00079183222260326147079 0.00076343346154317259789 -9999 -9999 -9999 -9999 -9999
0.00071183854015544056892 0.00070080085424706339836 0.00070444133598357439041 0.00072052550967782735825 0.00073606031946837902069 0.00075247033964842557907 0.00075542950071394443512 0.00074375839903950691223 0.00071414886042475700378 0.00067198008764535188675 0.00064266816480085253716 0.00062200071988627314568 0.00061244668904691934586 0.00062038830947130918503 0.00067946809576824307442 0.00066017982317134737968 0.00084573723142966628075 0.0046421620063483715057 0.00082146830391138792038 0.00072817446198314428329 0.00085281417705118656158 0.00087882037041708827019 0.00089134043082594871521 0.00085593294352293014526 0.00080392800737172365189 0.00074293842772021889687 0.00074278505053371191025 0.00081192835932597517967 0.00085418426897376775742 0.00085932697402313351631 0.00085135159315541386604 0.00083266437286511063576 -9999 -9999 -9999 -9999 -9999 -9999 -9999
0.00069994636578485369682 0.0006745854625478386879 0.00067353557096794247627 0.00069511198671534657478 0.00071862590266391634941 0.000745018769521266222 0.00076214055297896265984 0.00076863850699737668037 0.00075281120371073484421 0.00071554834721609950066 0.00068122346419841051102 0.00065268075559288263321 0.00063117640092968940735 0.00061554036801680922508 0.00063433125615119934082 0.00052955164574086666107 0.00064293295145034790039 0.00079904426820576190948 0.0049278093501925468445 0.0008192114182747900486 0.00086618727073073387146 0.00086782599100843071938 0.00087508693104609847069 0.00081104942364618182182 0.00075839541386812925339 0.0007301869918592274189 0.00074633397161960601807 0.00081873481394723057747 0.00086943479254841804504 0.00088015425717458128929 0.00086305098375305533409 -9999 -9999 -9999 -9999 -9999 -9999 -9999 -9999
0.00069518078817054629326 0.0006590228877030313015 0.00065145996632054448128 0.00066941516706719994545 0.00069441023515537381172 0.00072782469214871525764 0.0007560803205706179142 0.0007782528991810977459 0.00078458420466631650925 0.00077140872599557042122 0.00073378981323912739754 0.000683731806930154562 0.00064985163044184446335 0.00062641815748065710068 0.00062274490483105182648 0.00064253591699525713921 0.00052966899238526821136 0.00065096758771687746048 0.00088265608064830303192 0.00098799215629696846008 0.00075586762977764010429 0.00084007461555302143097 0.00080784922465682029724 0.00076695944881066679955 0.00073508353671059012413 0.00072234950494021177292 0.00074487220263108611107 0.00081362569471821188927 0.00086942873895168304443 -9999 -9999 -9999 -9999 -9999 -9999 -9999 -9999 -9999 -9999
0.00070240459172055125237 0.00065536762122064828873 0.00063827802659943699837 0.00064551766263321042061 0.00066683621844276785851 0.00070442300057038664818 0.00074215786298736929893 0.00078073982149362564087 0.00080956146121025085449 0.00082340743392705917358 0.00079075095709413290024 0.00072394002927467226982 0.0006751885521225631237 0.00064122217008844017982 0.00062398210866376757622 0.00061967829242348670959 0.00064950028900057077408 0.00055539380991831421852 0.0007333573303185403347 0.0057817092165350914001 0.0008943555876612663269 0.00065399624872952699661 0.00074235076317563652992 0.00071834493428468704224 0.00070693640736863017082 0.00070916017284616827965 0.00073862978024408221245 -9999 -9999 -9999 -9999 -9999 -9999 -9999 -9999 -9999 -9999 -9999 -9999
