tests/data/reference/gistest_nucice/dpre/grass/control/hcrit.asc
ncols        123
nrows        77
xllcorner    -713746.799299980048
yllcorner    -1061022.369616159936
cellsize     10.000000000000
NODATA_value -9999
[rows 34 to 50 of 77, columns 0 to 38 of 123]
-9999 -9999 -9999 -9999 -9999 -9999 -9999 -9999 -9999 -9999 -9999 -9999 -9999 0.0093339234590530395508 0.007608110085129737854 0.0016037222230806946754 0.0015350907342508435249 0.0014799010241404175758 0.0014815408503636717796 0.0015079065924510359764 0.00151948537677526474 0.0014878215733915567398 0.0014268179656937718391 0.0013525960966944694519 0.0012994551798328757286 0.001282575889490544796 0.0012257527559995651245 0.0011229438241571187973 0.001074648112989962101 0.0010648762108758091927 0.0010810889070853590965 0.0011162197915837168694 0.0011192017700523138046 0.0011075726943090558052 0.0010799652663990855217 0.0010484799277037382126 0.0010320997098460793495 0.001009614323265850544 0.000974099733866751194
-9999 -9999 -9999 -9999 -9999 -9999 -9999 -9999 -9999 -9999 -9999 -9999 0.009743840433657169342 0.0090580880641937255859 0.0015842384891584515572 0.0015732969623059034348 0.0015279815997928380966 0.0014697787119075655937 0.0014524882426485419273 0.0014575276290997862816 0.0014723547501489520073 0.0014853258617222309113 0.0014656161656603217125 0.0014200030127540230751 0.0013606278225779533386 0.0013065107632428407669 0.0012266549747437238693 0.001122433575801551342 0.0010741598671302199364 0.0010594424093142151833 0.001051529543474316597 0.0010487261461094021797 0.0010323299793526530266 0.0010378365404903888702 0.00105674786027520895 0.0010451249545440077782 0.0010222464334219694138 0.00099283677991479635239 0.00094980851281434297562
-9999 -9999 -9999 -9999 -9999 -9999 -9999 -9999 -9999 -9999 -9999 -9999 0.0097211450338363647461 0.001666199415922164917 0.0015719310613349080086 0.0015357754891738295555 0.0015073588583618402481 0.001452960306778550148 0.0014235547278076410294 0.0014145456952974200249 0.0014278494054451584816 0.0014623284805566072464 0.0014681544853374361992 0.001448649214580655098 0.0013999614166095852852 0.0013372061075642704964 0.0012593740830197930336 0.0011630615917965769768 0.0011199575383216142654 0.0011062573175877332687 0.0010813510743901133537 0.0010589915327727794647 0.0010353921679779887199 0.0010406960500404238701 0.0010735167888924479485 0.0010785390622913837433 0.0010608891025185585022 0.0010359131265431642532 0.00099214608781039714813
-9999 -9999 -9999 -9999 -9999 -9999 -9999 -9999 -9999 -9999 -9999 0.01167481299489736557 0.0091737527400255203247 0.0018297398928552865982 0.0016414630226790904999 0.0015325101558119058609 0.001490332302637398243 0.0014351059217005968094 0.0014010305749252438545 0.0013887465465813875198 0.0013963086530566215515 0.0014276728034019470215 0.0014333641156554222107 0.0014236674178391695023 0.0013949259882792830467 0.0013477585744112730026 0.0013012107228860259056 0.0012398491380736231804 0.0012204205850139260292 0.0012254646280780434608 0.0011953776702284812927 0.0011679679155349731445 0.0011404216056689620018 0.0011156389955431222916 0.0011323456419631838799 0.0011587128974497318268 0.0011534704826772212982 0.0011406436096876859665 0.0011130628408864140511
-9999 -9999 -9999 -9999 -9999 -9999 -9999 -9999 -9999 -9999 0.012586341239511966705 0.012247224338352680206 0.0020993931684643030167 0.0020083431154489517212 0.0018054257379844784737 0.0016385272610932588577 0.0015419375849887728691 0.0014550725463777780533 0.00140768405981361866 0.0013963320525363087654 0.0014005033299326896667 0.0014276141300797462463 0.0014329316327348351479 0.0014249633532017469406 0.0014023963594809174538 0.0013532083248719573021 0.0013268353650346398354 0.0013110544532537460327 0.0013276099925860762596 0.0013644323917105793953 0.001340983901172876358 0.0013234447687864303589 0.0012916016858071088791 0.0011951972264796495438 0.0011837756028398871422 0.0012613973813131451607 0.001300265197642147541 0.001308994716964662075 0.0012986235087737441063
-9999 -9999 -9999 -9999 -9999 -9999 -9999 -9999 -9999 -9999 0.014279481954872608185 0.0025341368746012449265 0.0022371120285242795944 0.0021208932157605886459 0.0021030504722148180008 0.001906439661979675293 0.0016966656548902392387 0.0015383532736450433731 0.0014589532511308789253 0.0014359166380017995834 0.0014285846846178174019 0.0014483302365988492966 0.0014564887387678027153 0.0014458546647801995277 0.0014250708045437932014 0.0013786995550617575645 0.0013631918700411915779 0.0013778443681076169014 0.0014262731419876217842 0.0015087741194292902946 0.0015193538274616003036 0.001523250131867825985 0.0014579280978068709373 0.0012637079926207661629 0.0012210806598886847496 0.0013251691125333309174 0.0014108888572081923485 0.0014524074504151940346 0.0014272303087636828423
-9999 -9999 -9999 -9999 -9999 -9999 -9999 -9999 -9999 0.014078292995691299438 0.01209177263081073761 0.0027108632493764162064 0.0023436623159795999527 0.0022173300385475158691 0.0022489863913506269455 0.0020843744277954101562 0.0018533362308517098427 0.0016593795735388994217 0.0015471931546926498413 0.0014982323627918958664 0.0014719291357323527336 0.0014727414818480610847 0.0014647551579400897026 0.00143319740891456604 0.001420549699105322361 0.0014155779499560594559 0.0014240628806874155998 0.0014561171410605311394 0.0015350918984040617943 0.0016838858136907219887 0.0017148819752037525177 0.0016118038911372423172 0.0014537087408825755119 0.0012695020996034145355 0.0012210723944008350372 0.0012785966973751783371 0.0013291817158460617065 0.0013670476619154214859 0.0013103815726935863495
-9999 -9999 -9999 -9999 -9999 -9999 -9999 -9999 -9999 0.011932907626032829285 0.0022262518759816884995 0.0023715270217508077621 0.0023795317392796278 0.0023048438597470521927 0.0021995794959366321564 0.0021136037539690732956 0.0019778728019446134567 0.0018226553220301866531 0.0016712102806195616722 0.0015678042545914649963 0.0015178500907495617867 0.0014975958038121461868 0.0014627621276304125786 0.0014055809006094932556 0.0014064655406400561333 0.001461639883928000927 0.0014962265267968177795 0.0015241238288581371307 0.0016236767405644059181 0.0018390950281172990799 0.001824711100198328495 0.0015536767896264791489 0.0013666179729625582695 0.0012352669145911931992 0.00118830858264118433 0.0011999815469607710838 0.0012230776483193039894 0.0012591863051056861877 0.0012023503659293055534
-9999 -9999 -9999 -9999 -9999 -9999 -9999 -9999 0.010634147562086582184 0.0096431728452444076538 0.0020526279695332050323 0.002172634471207857132 0.0023824514355510473251 0.0022900868207216262817 0.0021267656702548265457 0.0020838782656937837601 0.002044377615675330162 0.0019909013062715530396 0.0018104612827301025391 0.0016272821230813860893 0.001540589379146695137 0.0014986845199018716812 0.0014438533689826726913 0.0013761487789452075958 0.0013845774810761213303 0.0014741665218025445938 0.0015209150733426213264 0.0015258430503308773041 0.0016051046550273895264 0.0017864538822323083878 0.0017181388102471828461 0.00145148509182035923 0.0012938857544213533401 0.001195380697026848793 0.0011543015716597437859 0.0011547652538865804672 0.0011748049873858690262 0.0012145891087129712105 0.0011685497593134641647
-9999 -9999 -9999 -9999 -9999 -9999 -9999 0.012777312658727169037 0.011329896748065948486 0.0020375766325742006302 0.0019684340804815292358 0.0020628967322409152985 0.002292966935783624649 0.0022150974255055189133 0.0020868352148681879044 0.0020572976209223270416 0.0020510044414550065994 0.0020688155200332403183 0.001906800433062016964 0.0016645676223561167717 0.0015488310018554329872 0.0015002688160166144371 0.0014466729480773210526 0.0013851055409759283066 0.0013660639524459838867 0.0014106706948950886726 0.0014513495843857526779 0.0014594185631722211838 0.0015180547488853335381 0.0016470649279654026031 0.0015782624250277876854 0.0013672300847247242928 0.0012461300939321517944 0.0011774402810260653496 0.0011515023652464151382 0.0011593523668125271797 0.0011816688347607851028 0.00121871184092015028 0.001185383298434317112
-9999 -9999 -9999 -9999 -9999 -9999 -9999 0.014867710880935192108 0.0022939899936318397522 0.002132160356268286705 0.0020196884870529174805 0.0020242952741682529449 0.0021127217914909124374 0.0021078004501760005951 0.0020642664749175310135 0.0020476516801863908768 0.0020175189711153507233 0.0020096970256417989731 0.0018679501954466104507 0.0016239347169175744057 0.0015102244215086102486 0.0014780786586925387383 0.0014566842000931501389 0.0014369959244504570961 0.0013954982860013842583 0.0013697801623493432999 0.0013782483292743563652 0.0013898109318688511848 0.0014315439620986580849 0.0015198654728010296822 0.0014715510187670588493 0.0013184320414438843727 0.0012371796183288097382 0.0012016561813652515411 0.0011916038347408175468 0.001201854669488966465 0.00120598555076867342 0.0012091610115021467209 0.0011773265432566404343
-9999 -9999 -9999 -9999 -9999 -9999 -9999 0.012259610928595066071 0.0023988040629774332047 0.0022960277274250984192 0.0022385634947568178177 0.0020784088410437107086 0.0019993328023701906204 0.0020114735234528779984 0.0020168540067970752716 0.0020072895567864179611 0.001930590486153960228 0.0018625750672072172165 0.0017371169524267315865 0.001536133582703769207 0.0014332362916320562363 0.0014071102486923336983 0.0014155578101053833961 0.0014542492572218179703 0.0014307404635474085808 0.0013549572322517633438 0.0013361027231439948082 0.0013623620616272091866 0.0013878369936719536781 0.0014225459890440106392 0.0013984165852889418602 0.0013186879223212599754 0.0012757066870108246803 0.0012536516878753900528 0.0012259203940629959106 0.0011945629958063364029 0.0011464132694527506828 0.0011003523832187056541 0.0010619309032335877419
-9999 -9999 -9999 -9999 -9999 -9999 0.013518920168280601501 0.002512449631467461586 0.0023139216937124729156 0.0022208269219845533371 0.0022006202489137649536 0.0020184859167784452438 0.0019033190328627824783 0.00189736182801425457 0.0019094466697424650192 0.001935214153490960598 0.0019086331594735383987 0.0018604297656565904617 0.0017441867385059595108 0.0015486739575862884521 0.0014334847219288349152 0.0013856231234967708588 0.0013827983057126402855 0.0014236987335607409477 0.0014024304691702127457 0.0013154215412214398384 0.0013027485692873597145 0.0013606701977550983429 0.0013750274665653705597 0.0013528229901567101479 0.0013477212050929665565 0.0013436769368126988411 0.0013221162371337413788 0.0012804272118955850601 0.0012179805198684334755 0.0011536821257323026657 0.0010865875519812107086 0.0010284833842888474464 0.00098879134748131036758
-9999 -9999 -9999 -9999 -9999 -9999 0.013230057433247566223 0.0024790789466351270676 0.0021127304062247276306 0.0019784651231020689011 0.0019504433730617165565 0.0018574555870145559311 0.0017681067110970616341 0.0017368557164445519447 0.0017380290664732456207 0.0018082679016515612602 0.0019140145741403102875 0.0019741517025977373123 0.0018697862979024648666 0.0016471733106300234795 0.0015082012396305799484 0.0014305853983387351036 0.0013937341282144188881 0.0013967701233923435211 0.00136714207474142313 0.001298036426305770874 0.0012912001693621277809 0.0013487974647432565689 0.0013525844551622867584 0.0013021756894886493683 0.0012949605006724596024 0.00131136295385658741 0.0012801695847883820534 0.0012251342413946986198 0.0011696260189637541771 0.0011211284436285495758 0.0010708480840548872948 0.0010209056781604886055 0.00098615628667175769806
-9999 -9999 -9999 -9999 -9999 0.016352368518710136414 0.0026969779282808303833 0.002261683344841003418 0.0020766118541359901428 0.0020228405483067035675 0.0019582479726523160934 0.0018751097377389669418 0.0017667574575170874596 0.0017062539700418710709 0.001693243393674492836 0.0017382681835442781448 0.0018433977384120225906 0.0019478823523968458176 0.0018705617403611540794 0.0016647570300847291946 0.0015316748758777976036 0.0014490145258605480194 0.0013862205669283866882 0.0013486655661836266518 0.0013239316176623106003 0.0012939849402755498886 0.0012871022336184978485 0.001315324101597070694 0.0013160018716007471085 0.0012760142562910914421 0.0012644820380955934525 0.0012737846700474619865 0.0012440300779417157173 0.0011985296150669455528 0.0011582984589040279388 0.0011242886539548635483 0.0010825891513377428055 0.0010293317027390003204 0.000992046319879591465
-9999 -9999 -9999 -9999 0.013654809445142745972 0.011285524815320968628 0.0021368868183344602585 0.0020531576592475175858 0.0022564805112779140472 0.0023969442117959260941 0.0022464604116976261139 0.0021145420614629983902 0.0019170370651409029961 0.0017946602310985326767 0.0017572049982845783234 0.0017397990450263023376 0.0017831920413300395012 0.0018785666907206177711 0.0018065564800053834915 0.001621403498575091362 0.0014993745135143399239 0.0014184326864778995514 0.0013378731673583388329 0.0012708114227280020714 0.0012500714510679244995 0.0012531104730442166328 0.0012485809857025742531 0.0012533906847238540649 0.0012624150840565562248 0.0012535291025415062904 0.0012471681693568825722 0.0012586574302986264229 0.0012568363454192876816 0.0012391041964292526245 0.0012129810638725757599 0.0011833143653348088264 0.0011375591857358813286 0.0010687356116250157356 0.0010155575582757592201
-9999 -9999 -9999 -9999 0.014136455021798610687 0.0023003120440989732742 0.0020945572759956121445 0.0021768135484308004379 0.0025603813119232654572 0.0026885697152465581894 0.0025229458697140216827 0.002379979938268661499 0.0021025948226451873779 0.0018852461362257599831 0.001789864501915872097 0.0017317268066108226776 0.0017534689977765083313 0.0018548632506281137466 0.0017886123387143015862 0.0016013773856684565544 0.0014572291402146220207 0.0013581506209447979927 0.0012707024579867720604 0.0011933401692658662796 0.0011685146018862724304 0.0011784117668867111206 0.0011719538597390055656 0.0011622000019997358322 0.0011738064931705594063 0.0011876105563715100288 0.0011850753799080848694 0.00118886574637144804 0.0011990228667855262756 0.0012067166389897465706 0.0012049992801621556282 0.0011925969738513231277 0.0011630922090262174606 0.0011058591771870851517 0.0010460609337314963341
