tests/data/reference/gistest_nucice/dpre/grass/control/hcrit.asc
ncols        123
nrows        77
xllcorner    -713746.799299980048
yllcorner    -1061022.369616159936
cellsize     10.000000000000
NODATA_value -9999
[rows 17 to 33 of 77, columns 39 to 77 of 123]
0.00097115832613781094551 0.00094811222516000270844 0.00095347478054463863373 0.00098155497107654809952 0.00099911866709589958191 0.00099949224386364221573 0.001010441221296787262 0.0010441695339977741241 0.0010797062423080205917 0.0010786147322505712509 0.0010334159014746546745 0.0009706386481411755085 0.00090463412925601005554 0.00086323317373171448708 0.00084179878467693924904 0.00082749995635822415352 0.00081902969395741820335 0.00081743753980845212936 0.00082412967458367347717 0.0008439123048447072506 0.0008774196612648665905 0.00091394706396386027336 0.00095329893520101904869 0.00098760635592043399811 0.0010243400465697050095 0.0010726345935836434364 0.0011219681473448872566 0.001136517268605530262 0.0011170016368851065636 0.001139144296757876873 0.0012415047967806458473 0.0013957085320726037025 0.0015541728353127837181 0.0016540974611416459084 0.0014457699144259095192 0.0011804052628576755524 0.001099332934245467186 0.0011573217343538999557 0.0012759976089000701904
0.00091812427854165434837 0.00089678034419193863869 0.00089738244423642754555 0.00091514975065365433693 0.000926557113416492939 0.00092632742598652839661 0.0009398617548868060112 0.00096970045706257224083 0.00099349103402346372604 0.00098989123944193124771 0.00095555529696866869926 0.00091135548427700996399 0.00086791423382237553596 0.0008414423791691660881 0.00083031889516860246658 0.00082137243589386343956 0.00081161496927961707115 0.00081159156979992985725 0.00082605454372242093086 0.00084598414832726120949 0.00086776586249470710754 0.0008895032806321978569 0.00091058673569932579994 0.00093828525859862565994 0.00097724923398345708847 0.001005758531391620636 0.0010189154418185353279 0.0010171029716730117798 0.0010075436439365148544 0.0010521369986236095428 0.0011756337480619549751 0.0013346625491976737976 0.0015538166044279932976 0.0017286607762798666954 0.0015275038313120603561 0.0012913477839902043343 0.0011699121678248047829 0.0011501463595777750015 0.0011992229847237467766
0.00089460890740156173706 0.00088407000293955206871 0.00087635283125564455986 0.00087377923773601651192 0.00087680970318615436554 0.00088160985615104436874 0.00089264649432152509689 0.00090692075900733470917 0.00091870228061452507973 0.00091872835764661431313 0.00089687341824173927307 0.00086864351760596036911 0.00084607856115326285362 0.00083308410830795764923 0.00082397082587704062462 0.00081187766045331954956 0.00079992198152467608452 0.00080016680294647812843 0.00081250065704807639122 0.00082414905773475766182 0.0008366263355128467083 0.00085394649067893624306 0.00087726488709449768066 0.00090721331071108579636 0.00093456625472754240036 0.00093949469737708568573 0.00092702195979654788971 0.00092100095935165882111 0.00094476563390344381332 0.0010336241684854030609 0.0011832511518150568008 0.0013087426777929067612 0.0014190149959176778793 0.0015174644067883491516 0.0015005848836153745651 0.0015382150886580348015 0.0014952662168070673943 0.0012248246930539608002 0.0010676453821361064911
0.00088852236513048410416 0.00087798800086602568626 0.00086268206359818577766 0.00084678467828780412674 0.00084331410471349954605 0.00085015856893733143806 0.00086052430560812354088 0.00086882518371567130089 0.00087370641995221376419 0.00087101524695754051208 0.00085410953033715486526 0.00083741790149360895157 0.00083112088032066822052 0.00082622427726164460182 0.00081210467033088207245 0.00079652317799627780914 0.00078810192644596099854 0.00078944757115095853806 0.00079659087350592017174 0.00080459791934117674828 0.00081765366485342383385 0.00083692016778513789177 0.00086300552356988191605 0.00088296929607167840004 0.00088613794650882482529 0.00088117778068408370018 0.00087311479728668928146 0.00088669121032580733299 0.00094125885516405105591 0.0010392795084044337273 0.0011595820542424917221 0.0012402295833453536034 0.0012933060061186552048 0.0013556131161749362946 0.0014599722344428300858 0.0015561205800622701645 0.0014657655265182256699 0.0012474572286009788513 0.0010793409310281276703
0.00089653610484674572945 0.00087725400226190686226 0.00085448101162910461426 0.00083052623085677623749 0.00082201691111549735069 0.0008286719094030559063 0.00084064685506746172905 0.00084973819321021437645 0.00084935990162193775177 0.00083871040260419249535 0.0008227850194089114666 0.00081535422941669821739 0.00082089018542319536209 0.00081987486919388175011 0.00079755426850169897079 0.00077960983617231249809 0.00077879388118162751198 0.0007851045229472219944 0.00079274451127275824547 0.00080402079038321971893 0.00082089181523770093918 0.00083576608449220657349 0.00084444135427474975586 0.00084335257997736334801 0.00084172800416126847267 0.00085071008652448654175 0.00086452637333422899246 0.000905550376046448946 0.00097633263794705271721 0.0010440330952405929565 0.0011076435912400484085 0.0011563624721020460129 0.001197895267978310585 0.0012297845678403973579 0.001250758068636059761 0.0012594917789101600647 0.0012567022349685430527 0.0012582290219143033028 0.0012148814275860786438
0.00089409551583230495453 0.00087874231394380331039 0.00085858843522146344185 0.0008345093228854238987 0.00082355231279507279396 0.00082737923366948962212 0.00083675573114305734634 0.00084367115050554275513 0.00083950581029057502747 0.00082543212920427322388 0.00081157922977581620216 0.00080749118933454155922 0.00081168615724891424179 0.00080476375296711921692 0.00077895552385598421097 0.00076668179826810956001 0.00077573925955221056938 0.00078573712380602955818 0.00079235195880755782127 0.00080345652531832456589 0.00082036299863830208778 0.00082951365038752555847 0.0008257298031821846962 0.00082277401816099882126 0.00083136674948036670685 0.00084855913883075118065 0.00087080610683187842369 0.00092088832752779126167 0.00099333852995187044144 0.001055965665727853775 0.0010981882223859429359 0.0011098984396085143089 0.001118679530918598175 0.0011182733578607439995 0.0010991966119036078453 0.0010877624154090881348 0.0011388912098482251167 0.0012227807892486453056 0.0012056257110089063644
0.00088514032540842890739 0.00088442594278603792191 0.0008757950272411108017 0.00085926771862432360649 0.00084825331578031182289 0.00084618403343483805656 0.00084837136091664433479 0.00084990053437650203705 0.00084310537204146385193 0.00082961865700781345367 0.00081837753532454371452 0.00081102864351123571396 0.00079976086271926760674 0.00077937921741977334023 0.00076099153375253081322 0.00076344382250681519508 0.00077960995258763432503 0.00078802672214806079865 0.00079020031262189149857 0.00079874240327626466751 0.00081639189738780260086 0.0008269276004284620285 0.00082571810344234108925 0.0008310566190630197525 0.00084209314081817865372 0.00085310824215412139893 0.0008769667474552989006 0.0009309456218034029007 0.0010087031405419111252 0.0010915661696344614029 0.0011311342241242527962 0.0010946070542559027672 0.0010533453896641731262 0.0010215525981038808823 0.0009952795226126909256 0.0009875692194327712059 0.0010148244909942150116 0.0010676193051040172577 0.0011146733304485678673
0.00088861136464402079582 0.0008901553228497505188 0.00088387745199725031853 0.00087245000759139657021 0.00086271530017256736755 0.0008565279422327876091 0.00085230648983269929886 0.00084751949179917573929 0.00083654728950932621956 0.00082147627836093306541 0.00080841995077207684517 0.00079509196802973747253 0.00077589624561369419098 0.00075697497231885790825 0.00075104925781488418579 0.00076165993232280015945 0.00077789789065718650818 0.00078800204209983348846 0.00079387472942471504211 0.00080522475764155387878 0.00082266848767176270485 0.00083002849714830517769 0.00082773750182241201401 0.0008314464939758181572 0.00083702296251431107521 0.00085261353524401783943 0.00089057377772405743599 0.00094618665752932429314 0.0010112551972270011902 0.0010737469419836997986 0.0010948869166895747185 0.0010518106864765286446 0.0009999719914048910141 0.00095942488405853509903 0.00093252479564398527145 0.00092676666099578142166 0.00094039470423012971878 0.00097299652406945824623 0.0010416256263852119446
0.00090094091137871146202 0.00089304824359714984894 0.00088198046432808041573 0.00087284715846180915833 0.00086534197907894849777 0.00085746508557349443436 0.000848245981615036726 0.00083659397205337882042 0.00082019041292369365692 0.00080129934940487146378 0.00078195863170549273491 0.00076308258576318621635 0.0007483176887035369873 0.00074215413769707083702 0.00074447860242798924446 0.00075377151370048522949 0.00077104085357859730721 0.00079177779844030737877 0.00081100920215249061584 0.0008278675377368927002 0.00083533878205344080925 0.00082835124339908361435 0.00081838993355631828308 0.00081901223165914416313 0.00083078065654262900352 0.00086257286602631211281 0.00091168197104707360268 0.00095357827376574277878 0.00098190340213477611542 0.0010015520965680480003 0.0010078469058498740196 0.00098768353927880525589 0.00095373531803488731384 0.00091926020104438066483 0.0008957230602391064167 0.00089199986541643738747 0.0009027915075421333313 0.00092260778183117508888 0.00095553207211196422577
0.00090349465608596801758 0.00089434679830446839333 0.00088780600344762206078 0.00088247784879058599472 0.00087384245125576853752 0.00085845880676060914993 0.00083787448238581418991 0.00081522640539333224297 0.00079477526014670729637 0.00077723868889734148979 0.00075742299668490886688 0.00073892256477847695351 0.00073000777047127485275 0.00073171273106709122658 0.00073994655394926667213 0.00075445725815370678902 0.00077934545697644352913 0.00080732553033158183098 0.00082912622019648551941 0.00083883915795013308525 0.00082963082240894436836 0.00081605685409158468246 0.00080944050569087266922 0.00081501394743099808693 0.00083608308341354131699 0.00087045563850551843643 0.00090752297546714544296 0.00093441875651478767395 0.0009535200078971683979 0.00097349553834646940231 0.00098712474573403596878 0.00097425014246255159378 0.00094633153639733791351 0.00091835187049582600594 0.00089899514568969607353 0.00089481478789821267128 0.00089795206440612673759 0.00090101681416854262352 0.00090507150162011384964
0.00089858763385564088821 0.00089739926625043153763 0.00090278242714703083038 0.00090189673937857151031 0.00088785280240699648857 0.00085850298637524247169 0.00082043273141607642174 0.0007846725056879222393 0.0007629446336068212986 0.00075154227670282125473 0.00073620787588879466057 0.00072191160870715975761 0.00071763334563001990318 0.00072370516136288642883 0.00074111274443566799164 0.00076903507579118013382 0.00080331054050475358963 0.0008292142883874475956 0.00083642394747585058212 0.00082900078268721699715 0.00081249437062069773674 0.0008049407624639570713 0.00080798921408131718636 0.00081903388490900397301 0.00083971780259162187576 0.00086106179514899849892 0.00087961473036557435989 0.00090399337932467460632 0.00094292633002623915672 0.00099100091028958559036 0.0010203066049143671989 0.0010044442024081945419 0.00097622181056067347527 0.00095726764993742108345 0.00094311515567824244499 0.00093538506189361214638 0.00092451227828860282898 0.00090495077893137931824 0.00088516762480139732361
0.00076776411151513457298 0.00091546663315966725349 0.00090502318926155567169 0.00088810548186302185059 0.00086344277951866388321 0.00083018728764727711678 0.00079173350241035223007 0.00075950019527226686478 0.00074373831739649176598 0.00073691573925316333771 0.00072375591844320297241 0.00071375747211277484894 0.00071615056367591023445 0.00072901090607047080994 0.00075410434510558843613 0.00078688946086913347244 0.0008180902223102748394 0.0008349549025297164917 0.00083295296644791960716 0.00082175101852044463158 0.00080568558769300580025 0.00079878070391714572906 0.00080257834633812308311 0.00081390765262767672539 0.00083303212886676192284 0.00085215980652719736099 0.00087344460189342498779 0.00090940122026950120926 0.00096278375713154673576 0.001008203485980629921 0.0010182064725086092949 0.00099060521461069583893 0.00096020451746881008148 0.00094361597439274191856 0.00093405903317034244537 0.00093075766926631331444 0.0009221587679348886013 0.00089945155195891857147 0.00087017787154763936996
0.00081920815864577889442 0.0007578856893815100193 0.00071353989187628030777 0.00084122474072501063347 0.0008082413114607334137 0.00078152399510145187378 0.00075688102515414357185 0.0007403391646221280098 0.00073502032319083809853 0.00073117582360282540321 0.00071905547520145773888 0.00071445340290665626526 0.00072677369462326169014 0.00074890075484290719032 0.00077758595580235123634 0.00080391875235363841057 0.00081978592788800597191 0.00082477764226496219635 0.00082656648010015487671 0.00082407298032194375992 0.00080440385499969124794 0.00078906799899414181709 0.00078924826811999082565 0.00080076447920873761177 0.00082348816795274615288 0.00085385324200615286827 0.00089711154578253626823 0.00095329189207404851913 0.0010020788758993148804 0.0010086382972076535225 0.00097777438350021839142 0.00093638867838308215141 0.00090218306286260485649 0.00088201696053147315979 0.00087699125288054347038 0.00088510033674538135529 0.00089256477076560258865 0.00088485633023083209991 0.00085888290777802467346
0.00084558100206777453423 0.00082745502004399895668 0.00083917117444798350334 0.00080166192492470145226 0.00074823352042585611343 0.00069296418223530054092 0.00081769574899226427078 0.00078933726763352751732 0.00077166483970358967781 0.00075329106766730546951 0.00073663116199895739555 0.00074023782508447766304 0.00076513591920956969261 0.00079404283314943313599 0.00081806234084069728851 0.00082893291255459189415 0.000826740986667573452 0.0008210401865653693676 0.00082119420403614640236 0.00081773975398391485214 0.00079592416295781731606 0.00078577682143077254295 0.00079651025589555501938 0.00081719167064875364304 0.00084897642955183982849 0.00088908098405227065086 0.00093962147366255521774 0.00098139024339616298676 0.00098826142493635416031 0.00095839228015393018723 0.00091216014698147773743 0.0008742966456338763237 0.00085093226516619324684 0.00084140582475811243057 0.00084707804489880800247 0.00086277350783348083496 0.00087462045485153794289 0.00087047013221308588982 0.00084716075798496603966
0.00079749629367142915726 0.00079914525849744677544 0.00089400587603449821472 0.0010146206477656960487 0.0010923038935288786888 0.00099542282987385988235 0.00085233367281034588814 0.00076121068559587001801 0.00086154922610148787498 0.00080458511365577578545 0.00078106776345521211624 0.0008008508593775331974 0.00084396178135648369789 0.00087636517127975821495 0.00088155234698206186295 0.00086343131260946393013 0.00084050412988290190697 0.00082362943794578313828 0.0008108226465992629528 0.0007974313921295106411 0.00078800925984978675842 0.0008022336987778544426 0.00083489372627809643745 0.00087220786372199654579 0.00091767788399010896683 0.00095915014389902353287 0.00098337500821799039841 0.00096893502632156014442 0.00092544942162930965424 0.0008792352164164185524 0.00083737564273178577423 0.0008130071801133453846 0.00080885662464424967766 0.00081822241190820932388 0.00083787477342411875725 0.00085817842045798897743 0.00086562888463959097862 0.00085602264152839779854 0.0008371403091587126255
0.00075241434387862682343 0.00071081006899476051331 0.00072021008236333727837 0.00076716614421457052231 0.00085683382349088788033 0.00094448251184076070786 0.00097540381830185651779 0.0009591004345566034317 0.00089307606685906648636 0.00081686658086255192757 0.00078766740625724196434 0.00097287719836458563805 0.0010110867442563176155 0.0010206437436863780022 0.00098659086506813764572 0.00093883607769384980202 0.00089906516950577497482 0.00086793862283229827881 0.0008395009208470582962 0.0008170026121661067009 0.00081281235907226800919 0.00083255197387188673019 0.00086140452185645699501 0.00089192960876971483231 0.00092595367459580302238 0.00094392488244920969009 0.00093660253332927823067 0.00090533174807205796242 0.00086461775936186313629 0.00083233381155878305435 0.00080866151256486773491 0.00080327957402914762497 0.00081499892985448241234 0.0008306269301101565361 0.00084797746967524290085 0.00085927185136824846268 0.00085656228475272655487 0.00084314856212586164474 0.0008322253124788403511
0.00093557551736012101173 0.0008845461416058242321 0.00067952950485050678253 0.00066017190692946314812 0.00066091172629967331886 0.00067739444784820079803 0.0007084230310283601284 0.00075237610144540667534 0.00080488563980907201767 0.00091214489657431840897 0.0011022896505892276764 0.0012351134791970252991 0.0012600682675838470459 0.0012785056605935096741 0.001156490878202021122 0.0010767622152343392372 0.0010190190514549612999 0.00096456415485590696335 0.00091565249022096395493 0.00088113930542021989822 0.00086363707669079303741 0.0008566065225750207901 0.00085318501805886626244 0.00085465639131143689156 0.00085695052985101938248 0.00085013709031045436859 0.00083993072621524333954 0.00082990637747570872307 0.00081953755579888820648 0.0008165209437720477581 0.00082171655958518385887 0.00084206857718527317047 0.00086851837113499641418 0.00087877188343554735184 0.00087713898392394185066 0.00086531683336943387985 0.00084710319060832262039 0.00083206634735688567162 0.00083220109809190034866
