tests/data/reference/gistest_nucice/dpre/grass/control/hcrit.asc
ncols        123
nrows        77
xllcorner    -713746.799299980048
yllcorner    -1061022.369616159936
cellsize     10.000000000000
NODATA_value -9999
[rows 34 to 50 of 77, columns 39 to 77 of 123]
0.00092954235151410102844 0.00088343606330454349518 0.00084278685972094535828 0.00080911198165267705917 0.00061273598112165927887 0.00060065311845391988754 0.00060045591089874505997 0.00061040249420329928398 0.0006273260805755853653 0.00068951788125559687614 0.00083485245704650878906 0.0010460455669090151787 0.0013319334248080849648 0.00138307956513017416 0.0011686761863529682159 0.0010312030790373682976 0.00094286556122824549675 0.0010229760082438588142 0.00095467083156108856201 0.00090515153715386986732 0.00087307818466797471046 0.00084659643471240997314 0.00082618708256632089615 0.00081292423419654369354 0.00080048531526699662209 0.00078780611511319875717 0.00078234105603769421577 0.00078452989691868424416 0.00079329300206154584885 0.00081288034562021493912 0.00084166321903467178345 0.00088135269470512866974 0.000753775064367800951 0.00093762273900210857391 0.00093009008560329675674 0.00090259977150708436966 0.00087247311603277921677 0.00085715914610773324966 0.00086739315884187817574
0.00090434786397963762283 0.00086190545698627829552 0.00083346531027927994728 0.00082158867735415697098 0.00081399170449003577232 0.00080251129111275076866 0.00061705661937594413757 0.00060710136312991380692 0.00059803144540637731552 0.00062334188260138034821 0.00069800694473087787628 0.00079759338404983282089 0.00094479334075003862381 0.0010584503179416060448 0.0010185559513047337532 0.00096669176127761602402 0.00093485147226601839066 0.00086673960322514176369 0.000770254526287317276 0.00070613151183351874352 0.00066935678478330373764 0.00063930649776011705399 0.00061739527154713869095 0.00060133566148579120636 0.00058589008403941988945 0.00057534698862582445145 0.00057368830312043428421 0.00058117025764659047127 0.00060383608797565102577 0.00064373383065685629845 0.00069350941339507699013 0.00075264496263116598129 0.00081616250099614262581 0.00085930112982168793678 0.00085890013724565505981 0.00081776012666523456573 0.00077479326864704489708 0.00092793093062937259674 0.00095022958703339099884
0.00094390742015093564987 0.00089378864504396915436 0.00085384841077029705048 0.00084454048192128539085 0.0008490269538015127182 0.0008392725139856338501 0.00081887736450880765915 0.00080035888822749257088 0.00060977309476584196091 0.00062106159748509526253 0.00066846760455518960953 0.00071873201522976160049 0.00078666751505807042122 0.00083518348401412367821 0.00080704945139586925507 0.00081608456093817949295 0.0008808912825770676136 0.00085077824769541621208 0.00074726913589984178543 0.00070290430448949337006 0.00069870328297838568687 0.00069133366923779249191 0.00068475340958684682846 0.00067627336829900741577 0.00066448625875636935234 0.00066344958031550049782 0.00067365699214860796928 0.00069101084955036640167 0.00072306988295167684555 0.00076379301026463508606 0.00080312346108257770538 0.00084715534467250108719 0.00089352624490857124329 0.00091302819782868027687 0.00088431511539965867996 0.00083867792272940278053 0.00081500352825969457626 0.00083141628419980406761 0.00087845936650410294533
0.0010731555521488189697 0.00099986407440155744553 0.00091196357971057295799 0.0008809568244032561779 0.00088873581262305378914 0.00087964109843596816063 0.00085576646961271762848 0.00083753763465210795403 0.00082340894732624292374 0.00083381711738184094429 0.00070359726669266819954 0.00072600232670083642006 0.0007394903223030269146 0.0007405698997899889946 0.00070313253672793507576 0.00072324287611991167068 0.00082536198897287249565 0.00083292508497834205627 0.00074492284329608082771 0.00072831741999834775925 0.00077050767140462994576 0.0008131802314892411232 0.0008558255503885447979 0.00088536011753603816032 0.00090002565411850810051 0.00094166368944570422173 0.0010140752419829368591 0.0010913704754784703255 0.0011537652462720870972 0.0011318294564262032509 0.0010560125811025500298 0.00099878211040049791336 0.00095551682170480489731 0.0008963751024566590786 0.00082633818965405225754 0.00079465523594990372658 0.00082092569209635257721 0.0008939514518715441227 0.00096849346300587058067
0.001269972766749560833 0.0011439992813393473625 0.00097384769469499588013 0.00091305025853216648102 0.00091956794494763016701 0.00091038842219859361649 0.00088657328160479664803 0.00087080191588029265404 0.00086227239808067679405 0.00087623920990154147148 0.00091838138177990913391 0.00091956002870574593544 0.00071057316381484270096 0.00068305712193250656128 0.00066102138953283429146 0.00068783032475039362907 0.00078398192999884486198 0.00080737326061353087425 0.00074055191362276673317 0.0007230767514556646347 0.0007496956968680024147 0.00077869545202702283859 0.00081106275320053100586 0.00083856220589950680733 0.00085676170419901609421 0.00088471220806241035461 0.0009330942411907017231 0.00099813134875148534775 0.0010818081209436058998 0.0011539367260411381721 0.0011598113924264907837 0.0011376860784366726875 0.0011085479054600000381 0.0010154816554859280586 0.00089523108908906579018 0.00086244277190417051315 0.000912383256945759058 0.00098517141304910182953 0.0010362516622990369797
0.0013431349070742726326 0.0011676647700369358063 0.00098709436133503913879 0.00093105208361521363258 0.00094814214389771223068 0.00094984297174960374832 0.00093351269606500864029 0.00091174821136519312859 0.00089085864601656794548 0.000898523721843957901 0.00093708123313263058662 0.00093769968952983617783 0.00089305668370798230171 0.0008637746213935315609 0.00084288785001263022423 0.00084224669262766838074 0.00086259393719956278801 0.00083985558012500405312 0.00079011585330590605736 0.0007688397308811545372 0.00077017105650156736374 0.00077646062709391117096 0.00078837812179699540138 0.0008047595038078725338 0.00065350410295650362968 0.00068275374360382556915 0.00072371598798781633377 0.00077437004074454307556 0.00082817097427323460579 0.00089193985331803560257 0.00096281443256884813309 0.0010599616216495633125 0.0012059160508215427399 0.0011854674667119979858 0.0010057293111458420753 0.0010117125930264592171 0.0011280460748821496964 0.0011097827227786183357 0.0010691686766222119331
0.0011814621975645422935 0.0010580121306702494621 0.00096223450964316725731 0.00094432465266436338425 0.00098211574368178844452 0.0010026592062786221504 0.00099935929756611585617 0.00096936378395184874535 0.00092253193724900484085 0.0009064854821190237999 0.00091807177523151040077 0.0009305109269917011261 0.00093619292601943016052 0.00092286907602101564407 0.00088634114945307374001 0.00085219147149473428726 0.00082874350482597947121 0.00078787864185869693756 0.0007397365989163517952 0.00071516458410769701004 0.00070778880035504698753 0.00070444407174363732338 0.0007073563174344599247 0.00071734277298673987389 0.00073271925793960690498 0.00075250875670462846756 0.00077763554872944951057 0.00080889300443232059479 0.00067042041337117552757 0.0007091327570378780365 0.000757893372792750597 0.00084045465337112545967 0.00098052714020013809204 0.0010071579599753022194 0.0046894117258489131927 0.0009705472039058804512 0.0014214415568858385086 0.0015123205957934260368 0.0012760079698637127876
0.001082732807844877243 0.0010081272339448332787 0.00097280868794769048691 0.00098357733804732561111 0.0010327445343136787415 0.001052613602951169014 0.0010354497935622930527 0.0010039882035925984383 0.00096469029085710644722 0.00094437011284753680229 0.00093638256657868623734 0.0009476977866142988205 0.00097010843455791473389 0.00094900868134573101997 0.00090438354527577757835 0.00087437592446804046631 0.00085935444803908467293 0.00082898442633450031281 0.00078094145283102989197 0.00074884755304083228111 0.00073090638034045696259 0.00071365077747032046318 0.00070347415748983621597 0.00070523418253287672997 0.00071222230326384305954 0.00071759690763428807259 0.00072305893991142511368 0.00073393573984503746033 0.00074847805080935359001 0.00076410773908719420433 0.00078607199247926473618 0.00066211598459631204605 0.00075531279435381293297 0.00080856878776103258133 0.00076079159043729305267 0.0043941810727119445801 0.001184145687147974968 0.0017462264513596892357 0.0016451854025945067406
0.001064230804331600666 0.0010207665618509054184 0.0010252074571326375008 0.0010509177809581160545 0.0010931408032774925232 0.0010896230814978480339 0.0010419308673590421677 0.0010215392103418707848 0.0010281668510288000107 0.0010304664028808474541 0.001012902124784886837 0.0010000087786465883255 0.0009949728846549987793 0.00096215482335537672043 0.00092112494166940450668 0.00090019335038959980011 0.00089618092169985175133 0.00087879272177815437317 0.00083770352648571133614 0.00080526678357273340225 0.00078364933142438530922 0.00075539312092587351799 0.00072884425753727555275 0.00071856618160381913185 0.00071778509300202131271 0.00071369064971804618835 0.00070720870280638337135 0.00070594757562503218651 0.00070890685310587286949 0.00070949009386822581291 0.00071243516867980360985 0.000734004192054271698 0.00078075035708025097847 0.00065040437038987874985 0.00065909337718039751053 0.00070727156708016991615 0.00085753307212144136429 0.0056010317057371139526 0.0064214365556836128235
0.0010990931186825037003 0.0010739174904301762581 0.001096861204132437706 0.0011115361703559756279 0.0011180342407897114754 0.0010986990528181195259 0.0010579382069408893585 0.0010633495403453707695 0.001109837554395198822 0.0011263164924457669258 0.001095466315746307373 0.0010455670999363064766 0.0010124344844371080399 0.00099126272834837436676 0.00096738082356750965118 0.00095156894531100988388 0.00094991974765434861183 0.00094176991842687129974 0.0009130281396210193634 0.00088993727695196866989 0.00087591720512136816978 0.00084178720135241746902 0.00079437735257670283318 0.00076442002318799495697 0.0007503816741518676281 0.00073706381954252719879 0.0007218053797259926796 0.0007113704923540353775 0.0007052709115669131279 0.00069350836565718054771 0.00068035942967981100082 0.00068057805765420198441 0.00069468695437535643578 0.00071269407635554671288 0.00055848679039627313614 0.00060509622562676668167 0.00069343065842986106873 0.00076089723734185099602 0.0042220898903906345367
0.0011128577170893549919 0.0010880718473345041275 0.001099209650419652462 0.0010918683838099241257 0.0010692228097468614578 0.0010651743505150079727 0.0010719564743340015411 0.001099549001082777977 0.0011499844258651137352 0.0011762046488001942635 0.0011621979065239429474 0.0011021877871826291084 0.0010491064749658107758 0.0010310899233445525169 0.001019361778162419796 0.0010002456838265061378 0.00098793650977313518524 0.00098231341689825057983 0.0009678821079432964325 0.00095687678549438714981 0.00095596484607085585594 0.00093002815265208482742 0.00087690242798998951912 0.00083344482118263840675 0.00080569687997922301292 0.00078449532156810164452 0.00076387962326407432556 0.00074725714512169361115 0.00073488074121996760368 0.00071358849527314305305 0.00068887183442711830139 0.00067824654979631304741 0.00067877222318202257156 0.00068029807880520820618 0.00068564497632905840874 0.00054988882038742303848 0.00062602316029369831085 0.00066647020867094397545 0.0034906882792711257935
0.0010239253751933574677 0.0010097490157932043076 0.001019342103973031044 0.0010177689837291836739 0.00099801190663129091263 0.0010042439680546522141 0.0010353852994740009308 0.0010637823725119233131 0.0011000505182892084122 0.0011495227226987481117 0.0012013468658551573753 0.0011914308415725827217 0.0011346148094162344933 0.0011069910833612084389 0.0010937390616163611412 0.0010540988296270370483 0.0010126554407179355621 0.0009993379935622215271 0.00099615880753844976425 0.00099200068507343530655 0.00099933578167110681534 0.00099819048773497343063 0.00096947205020114779472 0.00092714244965463876724 0.0008877289947122335434 0.0008617079583927989006 0.00084076216444373130798 0.00082156603457406163216 0.00080569455167278647423 0.00077389657963067293167 0.00073512527160346508026 0.00071777403354644775391 0.00071409804513677954674 0.00070206285454332828522 0.00068608578294515609741 0.00070688797859475016594 0.00060251116519793868065 0.00064169667894020676613 0.0032884657848626375198
0.00095735717331990599632 0.00094278727192431688309 0.00094479543622583150864 0.00094667769735679030418 0.00094044249271973967552 0.00095054070698097348213 0.00098178093321621417999 0.0010069384006783366203 0.0010326181072741746902 0.001082182861864566803 0.0011607236228883266449 0.0012044882168993353844 0.0011826783884316682816 0.001177805708721280098 0.0011915152426809072495 0.0011444302508607506752 0.0010681649437174201012 0.0010411255061626434326 0.0010457497555762529373 0.0010391548275947570801 0.0010310329962521791458 0.0010347896022722125053 0.0010360087035223841667 0.0010051045101135969162 0.00095798290567472577095 0.00093372620176523923874 0.00092297955416142940521 0.00091011868789792060852 0.00089814572129398584366 0.00085552810924127697945 0.0007939074421301484108 0.00076528172940015792847 0.00075916724745184183121 0.00073648750549182295799 0.00070316880010068416595 0.0007060463540256023407 0.00075494457269087433815 0.00078802334610372781754 0.0031884380150586366653
0.00095516891451552510262 0.00092924368800595402718 0.00091240578331053256989 0.00090236781397834420204 0.00089657393982633948326 0.00090560532407835125923 0.00093485310208052396774 0.00096565193962305784225 0.0009906917111948132515 0.0010219359537586569786 0.0010795388370752334595 0.0011417437344789505005 0.0011703571071848273277 0.0012137159937992691994 0.0012883784947916865349 0.0012645297683775424957 0.0011553701478987932205 0.0011113904183730483055 0.0011190748773515224457 0.0011061636032536625862 0.0010735531104728579521 0.0010597450891509652138 0.0010660575935617089272 0.0010457783937454223633 0.0010004385840147733688 0.00098537618760019540787 0.00099513074383139610291 0.0010002467315644025803 0.0010038084583356976509 0.00095693673938512802124 0.00087068421998992562294 0.00082759850192815065384 0.0008165807812474668026 0.00078488473081961274147 0.00073792686453089118004 0.00071868760278448462486 0.00073443818837404251099 0.00075775285949930548668 0.0036285573150962591171
0.00096469029085710644722 0.00093734834808856248856 0.00091258058091625571251 0.00089324318105354905128 0.0008804171229712665081 0.00088065734598785638809 0.00089852767996490001678 0.00092824810417369008064 0.00096167105948552489281 0.00098680367227643728256 0.0010193898342549800873 0.0010728867491707205772 0.0011256299912929534912 0.0011942192213609814644 0.001302170916460454464 0.0013151915045455098152 0.0012132930569350719452 0.0011684146011248230934 0.001175469602458178997 0.0011660148156806826591 0.0011353628942742943764 0.0011086347512900829315 0.0010968554997816681862 0.0010705823078751564026 0.0010240869596600532532 0.0010124671971425414085 0.0010338260326534509659 0.0010482555953785777092 0.0010574368061497807503 0.0010181947145611047745 0.00093691685469821095467 0.00089543277863413095474 0.00088544649770483374596 0.00085224537178874015808 0.00079972331877797842026 0.00075410748831927776337 0.00072329316753894090652 0.00072661915328353643417 0.003568231360986828804
0.00098251015879213809967 0.00095924531342461705208 0.00093829684192314743996 0.00091459299437701702118 0.00089306570589542388916 0.00088077218970283865929 0.0008814699249342083931 0.00090089533478021621704 0.00093771825777366757393 0.00096423481591045856476 0.00097811932209879159927 0.001015541725791990757 0.0010741199366748332977 0.0011429422302171587944 0.0012409775517880916595 0.0012841464485973119736 0.0012344690039753913879 0.001207657158374786377 0.0012116832658648490906 0.0012128285598009824753 0.0012052056845277547836 0.0011723563075065612793 0.0011303456267341971397 0.0010887328535318374634 0.0010406917426735162735 0.0010267561301589012146 0.0010462565114721655846 0.0010563632240518927574 0.0010573953622952103615 0.0010266990866512060165 0.00096666801255196332932 0.0009386698366142809391 0.00093778781592845916748 0.00091766816331073641777 0.00087885651737451553345 0.00081615272210910916328 0.00074485613731667399406 0.00072438857750967144966 0.0035227469634264707565
0.0010009149555116891861 0.0009809172479435801506 0.00097206857753917574883 0.00095105910440906882286 0.00092486635548993945122 0.00090260617434978485107 0.0008882508263923227787 0.0008948056492954492569 0.00092441297601908445358 0.00094623741460964083672 0.0009476093691773712635 0.00097325019305571913719 0.0010306935291737318039 0.0010879933834075927734 0.0011534317163750529289 0.0012063292087987065315 0.0012197642354294657707 0.0012191991554573178291 0.0012168023968115448952 0.0012260588118806481361 0.0012432250659912824631 0.0012092328397557139397 0.0011419935617595911026 0.0010970853036269545555 0.0010619094828143715858 0.0010478453477844595909 0.0010573026956990361214 0.0010547742713242769241 0.0010403669439256191254 0.0010055713355541229248 0.00095356581732630729675 0.00093064911197870969772 0.00093194423243403434753 0.00093187898164615035057 0.00092995975865051150322 0.00088109471835196018219 0.00079962314339354634285 0.00076134112896397709846 0.0041584745049476623535
