tests/data/reference/gistest_nucice/full/cvsur_m3.asc
ncols        123
nrows        77
xllcorner    -713746.799299980048
yllcorner    -1061022.369616159936
cellsize     10.000000000000
NODATA_value  -9999
[rows 36 to 53 of 77, columns 82 to 122 of 123]
0.16343998908996582031 0 2.09470367431640625 0.075428232550621032715 0.54865449666976928711 0.27974438667297363281 0.10317700356245040894 0.10293097048997879028 0.15950316190719604492 0.099496282637119293213 0.096280984580516815186 0.093009449541568756104 0.085678331553936004639 0.06522846221923828125 0.082522451877593994141 0.08597860485315322876 0.077006205916404724121 0.079306162893772125244 0.077911078929901123047 0.11366056650876998901 0.071099512279033660889 0.28844088315963745117 0.68579137325286865234 1.0455594062805175781 -9999 -9999 -9999 -9999 -9999 -9999 -9999 -9999 -9999 -9999 -9999 -9999 -9999 -9999 -9999 -9999 -9999
0 1.0465233325958251953 0.10185963660478591919 0.076090298593044281006 0.27600455284118652344 0.12774091958999633789 0.1038478165864944458 0.10329756885766983032 0.15911467373371124268 0.10098914057016372681 0.098702423274517059326 0.094730146229267120361 0.087833017110824584961 0.088118873536586761475 0.084856085479259490967 0.061657927930355072021 0.079052083194255828857 0.0792390480637550354 0.079731561243534088135 0.083085522055625915527 0.080054871737957000732 0.10920847952365875244 0.34635728597640991211 0.69887274503707885742 0.05380134284496307373 1.0459580421447753906 -9999 -9999 -9999 -9999 -9999 -9999 -9999 -9999 -9999 -9999 -9999 -9999 -9999 -9999 -9999
0.11108008772134780884 0.1085279509425163269 0.10263123363256454468 0.076502129435539245605 0.13133507966995239258 0.10807280987501144409 0.104862213134765625 0.16275866329669952393 0.10355187952518463135 0.10287052392959594727 0.10079795122146606445 0.096950888633728027344 0.093976289033889770508 0.090376131236553192139 0.082961641252040863037 0.082626909017562866211 0.060804072767496109009 0.078645855188369750977 0.079622216522693634033 0.081790961325168609619 0.082979038357734680176 0.084352888166904449463 0.12769810855388641357 0.36266055703163146973 0.072937801480293273926 0.70480501651763916016 1.0459153652191162109 -9999 -9999 -9999 -9999 -9999 -9999 -9999 -9999 -9999 -9999 -9999 -9999 -9999 -9999
0.076720342040061950684 0.15511904656887054443 0.10308407992124557495 0.076678544282913208008 0.11040183901786804199 0.10781396925449371338 0.10631183534860610962 0.16642341017723083496 0.10596919059753417969 0.10549287497997283936 0.10355070233345031738 0.10019986331462860107 0.096187129616737365723 0.091903381049633026123 0.089248664677143096924 0.082637861371040344238 0.063159972429275512695 0.079727120697498321533 0.079052954912185668945 0.0795992240309715271 0.080247603356838226318 0.080530151724815368652 0.083404265344142913818 0.13565383851528167725 0.081121467053890228271 0.37344652414321899414 0.057559978216886520386 2.0882697105407714844 -9999 -9999 -9999 -9999 -9999 -9999 -9999 -9999 -9999 -9999 -9999 -9999 -9999
0.099294953048229217529 0.17142577469348907471 0.078306190669536590576 0.10289315134286880493 0.10970123112201690674 0.10869257897138595581 0.10763189196586608887 0.17090882360935211182 0.10833167284727096558 0.1078688204288482666 0.10585931688547134399 0.10244474560022354126 0.098198063671588897705 0.09415607154369354248 0.091125443577766418457 0.085637353360652923584 0.085750356316566467285 0.063037768006324768066 0.080666802823543548584 0.079626187682151794434 0.079002425074577331543 0.079181589186191558838 0.080233752727508544922 0.086521647870540618896 0.084852986037731170654 0.14522932469844818115 0.077337324619293212891 1.570660710334777832 1.0458076000213623047 -9999 -9999 -9999 -9999 -9999 -9999 -9999 -9999 -9999 -9999 -9999 -9999
0.14813442528247833252 0.16346792876720428467 0.079069398343563079834 0.11145778000354766846 0.11104643344879150391 0.10936569422483444214 0.17373041808605194092 0.10955151915550231934 0.11027110368013381958 0.10984444618225097656 0.10750585049390792847 0.10392148792743682861 0.09976215660572052002 0.095485091209411621094 0.092507213354110717773 0.091457426548004150391 0.085506737232208251953 0.065869793295860290527 0.084822289645671844482 0.083093516528606414795 0.081613369286060333252 0.080706194043159484863 0.080507650971412658691 0.083123899996280670166 0.085619896650314331055 0.091572307050228118896 0.08488394320011138916 1.0460861921310424805 0.19962865114212036133 0 -9999 -9999 -9999 -9999 -9999 -9999 -9999 -9999 -9999 -9999 -9999
0.15677106380462646484 0.17151139676570892334 0.10325345396995544434 0.11222987622022628784 0.11143445223569869995 0.11006627976894378662 0.17677426338195800781 0.11100540310144424438 0.11168137937784194946 0.11153930425643920898 0.10933492332696914673 0.10547930747270584106 0.10102870315313339233 0.096544876694679260254 0.094016529619693756104 0.092372424900531768799 0.068290241062641143799 0.086246967315673828125 0.088343158364295959473 0.086440406739711761475 0.084560796618461608887 0.083449438214302062988 0.08320843428373336792 0.085219621658325195312 0.087171956896781921387 0.089118115603923797607 0.08995075523853302002 0.51581090688705444336 0.09352092444896697998 0 0 1.0456370115280151367 -9999 -9999 -9999 -9999 -9999 -9999 -9999 -9999 -9999
0.30318170785903930664 0.16357907652854919434 0.1019097939133644104 0.10663945227861404419 0.1093433871865272522 0.11067023873329162598 0.18046769499778747559 0.11258040368556976318 0.11292038857936859131 0.11296366900205612183 0.1111690327525138855 0.1073414236307144165 0.10246143490076065063 0.097557038068771362305 0.094644628465175628662 0.088756166398525238037 0.06811758875846862793 0.090960487723350524902 0.090253338217735290527 0.088626943528652191162 0.086659304797649383545 0.086566649377346038818 0.088320262730121612549 0.090085312724113464355 0.090350128710269927979 0.09173157811164855957 0.09485746920108795166 0.14270806312561035156 0.092381805181503295898 0.066062033176422119141 0.20344172418117523193 0 1.0459531545639038086 -9999 -9999 -9999 -9999 -9999 -9999 -9999 -9999
0.24304322898387908936 0.14549899101257324219 0.14006441831588745117 0.10231330245733261108 0.10733760148286819458 0.11043629050254821777 0.1833073049783706665 0.11389718204736709595 0.11454642564058303833 0.11448077857494354248 0.11288578808307647705 0.10945577919483184814 0.10466846078634262085 0.099638372659683227539 0.095797456800937652588 0.089819081127643585205 0.06870917975902557373 0.092254996299743652344 0.091416150331497192383 0.090705960988998413086 0.089724324643611907959 0.090790532529354095459 0.093711540102958679199 0.095055975019931793213 0.094436950981616973877 0.095372885465621948242 0.098355434834957122803 0.10118256509304046631 0.098279766738414764404 0.13216093182563781738 0.066805705428123474121 0.06232051551342010498 0.20178359746932983398 1.0464987754821777344 -9999 -9999 -9999 -9999 -9999 -9999 -9999
0 0 0.15410035848617553711 0.15268917381763458252 0.10757415741682052612 0.1093522682785987854 0.18389277160167694092 0.11487743258476257324 0.11625787615776062012 0.11605715751647949219 0.11461065709590911865 0.11177305132150650024 0.10768689960241317749 0.10313139855861663818 0.099182434380054473877 0.092452079057693481445 0.070166267454624176025 0.093575164675712585449 0.092227563261985778809 0.092737689614295959473 0.094189353287220001221 0.096382506191730499268 0.098682157695293426514 0.099542103707790374756 0.099261686205863952637 0.099316254258155822754 0.099965490400791168213 0.10115635395050048828 0.10199026018381118774 0.13711467385292053223 0.091107413172721862793 0.068543307483196258545 0.094591684639453887939 0.74341607093811035156 0 -9999 -9999 -9999 -9999 -9999 -9999
0.18005637824535369873 0 0 0 0.15163683891296386719 0.10532268881797790527 0.18070894479751586914 0.11460786312818527222 0.11700185388326644897 0.11701644212007522583 0.11575982719659805298 0.11334700137376785278 0.11010855436325073242 0.10644828528165817261 0.10281504690647125244 0.09571758657693862915 0.072319656610488891602 0.096488423645496368408 0.094446852803230285645 0.095122203230857849121 0.098028764128684997559 0.10071147233247756958 0.10213382542133331299 0.10253115743398666382 0.10241660475730895996 0.10177547484636306763 0.10078038275241851807 0.10082980990409851074 0.10238518565893173218 0.15351422131061553955 0.095914915204048156738 0.070998921990394592285 0.50664371252059936523 0.064423531293869018555 0.059922132641077041626 0 1.0316045284271240234 -9999 -9999 -9999 -9999
0.19581061601638793945 0.19069659709930419922 0.17134492099285125732 0 0 0.096169784665107727051 0.17169995605945587158 0.11221087723970413208 0.11626058816909790039 0.11709700524806976318 0.11597596108913421631 0.11361898481845855713 0.11122268438339233398 0.1088136136531829834 0.10614903271198272705 0.099332392215728759766 0.074908383190631866455 0.10105607658624649048 0.09857101738452911377 0.098359130322933197021 0.10073060542345046997 0.10292646288871765137 0.10381042957305908203 0.10364066809415817261 0.10302315652370452881 0.10233554989099502563 0.10133007168769836426 0.099972657859325408936 0.15632784366607666016 0.10100559890270233154 0.095765732228755950928 0.22153645753860473633 0.085008919239044189453 0.078855268657207489014 0.06030993536114692688 0.57903587818145751953 0.051567476242780685425 -9999 -9999 -9999 -9999
0.23411348462104797363 0.20788687467575073242 0.18743871152400970459 0.087288655340671539307 0 0.12819153070449829102 0.15983188152313232422 0.10867723822593688965 0.11432685703039169312 0.11642019450664520264 0.11571387201547622681 0.11350180208683013916 0.11190836131572723389 0.11071701347827911377 0.10913059115409851074 0.10262032598257064819 0.076986424624919891357 0.10568583756685256958 0.10335770994424819946 0.10230235010385513306 0.10312454402446746826 0.1039288640022277832 0.10400378704071044922 0.1033453717827796936 0.10245046764612197876 0.10177167505025863647 0.10070077329874038696 0.09888343513011932373 0.15328998863697052002 0.098925888538360595703 0.11154267936944961548 0.096108488738536834717 0.090372897684574127197 0.080638505518436431885 0.25800266861915588379 0.071402683854103088379 -9999 -9999 -9999 -9999 -9999
0.23703730106353759766 0.21816004812717437744 0.20215743780136108398 0.16617621481418609619 0 0 0.1494372636079788208 0.10468388348817825317 0.1113993525505065918 0.11489719897508621216 0.11511832475662231445 0.11359710991382598877 0.11270643770694732666 0.11235419660806655884 0.11163702607154846191 0.10530775785446166992 0.078622408211231231689 0.10971520096063613892 0.1082386896014213562 0.10673395544290542603 0.10545564442873001099 0.10407587885856628418 0.1027944907546043396 0.10189735889434814453 0.10135162621736526489 0.10033006966114044189 0.09843946993350982666 0.15035995841026306152 0.098242692649364471436 0.10000755637884140015 0.099058173596858978271 0.098315723240375518799 0.094479605555534362793 0.11319975554943084717 0.08031463623046875 -9999 -9999 -9999 -9999 -9999 -9999
0.22338140010833740234 0.22562588751316070557 0.21577705442905426025 0.31039199233055114746 0.15168270468711853027 0 0.20025531947612762451 0.10138510912656784058 0.10857894271612167358 0.11301884055137634277 0.11416886746883392334 0.1135568767786026001 0.11335305124521255493 0.078912653028964996338 0.11416605114936828613 0.15075437724590301514 0.080003246665000915527 0.1131332889199256897 0.1121522560715675354 0.11050716787576675415 0.10810425877571105957 0.10529529303312301636 0.10281272977590560913 0.10161236673593521118 0.10125408321619033813 0.099864788353443145752 0.097353436052799224854 0.14860785007476806641 0.097805999219417572021 0.098462529480457305908 0.098872661590576171875 0.098712041974067687988 0.099413290619850158691 0.093021430075168609619 0.066308304667472839355 -9999 -9999 -9999 -9999 -9999 -9999
0.2214514613151550293 0.23136666417121887207 0.22522540390491485596 0.20428982377052307129 0.20770868659019470215 0 0 0.14546205103397369385 0.10657987743616104126 0.11128687858581542969 0.11304288357496261597 0.11325176805257797241 0.10561503469944000244 0.078964091837406158447 0.11437024176120758057 0.16717450320720672607 0.081024989485740661621 0.11620911210775375366 0.11488130688667297363 0.11318863928318023682 0.11123108118772506714 0.10840978473424911499 0.10516428947448730469 0.10334562510251998901 0.10268717259168624878 0.10117526352405548096 0.098677694797515869141 0.14893561601638793945 0.097101129591464996338 0.097578532993793487549 0.097816593945026397705 0.097242318093776702881 0.096887320280075073242 0.092004433274269104004 0.069741606712341308594 0.062297344207763671875 -9999 -9999 -9999 -9999 -9999
0.20823530852794647217 0.2270453721284866333 0.22819967567920684814 0.21493159234523773193 0.18276624381542205811 0.15674069523811340332 0 0.21809656918048858643 0.1059193834662437439 0.10962700843811035156 0.11119925230741500854 0.11040557920932769775 0.078157395124435424805 0.10545628517866134644 0.11438962817192077637 0.12902966141700744629 0.10975380986928939819 0.11870260536670684814 0.11736865341663360596 0.1155887991189956665 0.11405050009489059448 0.11201788485050201416 0.10937691479921340942 0.10740029066801071167 0.10579244047403335571 0.10321975499391555786 0.1525869220495223999 0.097925968468189239502 0.097187057137489318848 0.096891827881336212158 0.096178591251373291016 0.094779700040817260742 0.094974286854267120361 0.092028647661209106445 0.088695250451564788818 0.066529870033264160156 0.057119362056255340576 -9999 -9999 -9999 -9999
0.14442555606365203857 0.19787840545177459717 0.21970775723457336426 0.22158025205135345459 0.20115132629871368408 0.25029850006103515625 0 0 0.15720373392105102539 0.10823672264814376831 0.10820275545120239258 0.07514718174934387207 0.10212448984384536743 0.11123977601528167725 0.11473939567804336548 0.11899743974208831787 0.11772482097148895264 0.1203422844409942627 0.11990136653184890747 0.11816439777612686157 0.11626474559307098389 0.11531967669725418091 0.11490162461996078491 0.11360877007246017456 0.11054551601409912109 0.10593375563621520996 0.15516826510429382324 0.099542900919914245605 0.1461483687162399292 0.13107547163963317871 0.093635268509387969971 0.092413134872913360596 0.093202047049999237061 0.094837367534637451172 0.12668599188327789307 0.10699943453073501587 0.0615789070725440979 -9999 -9999 -9999 -9999
