tests/data/reference/gistest_nucice/full/cvsur_m3.asc
ncols        123
nrows        77
xllcorner    -713746.799299980048
yllcorner    -1061022.369616159936
cellsize     10.000000000000
NODATA_value  -9999
[rows 38 to 56 of 77, columns 42 to 83 of 123]
1.1027909517288208008 1.4854843616485595703 1.7847918272018432617 2.0185141563415527344 2.1985723972320556641 2.3344631195068359375 0.63230925798416137695 0.62485396862030029297 0.62464976310729980469 0.69679242372512817383 1.2711050510406494141 1.7526347637176513672 2.1478061676025390625 34.755428314208984375 35.6324615478515625 36.862346649169921875 38.231449127197265625 39.42413330078125 40.47135162353515625 41.380527496337890625 42.188709259033203125 42.935588836669921875 43.7801361083984375 44.545291900634765625 45.242340087890625 45.852386474609375 43.53354644775390625 168.4860076904296875 166.1412811279296875 3.0137298107147216797 2.9930982589721679688 2.9785566329956054688 38.82935333251953125 3.0417311191558837891 2.9382679462432861328 2.9018120765686035156 2.7423856258392333984 2.5888814926147460938 2.4316966533660888672 1.7610445022583007812 18.11011505126953125 1.5263550281524658203
1.0969139337539672852 1.4732979536056518555 1.7633138895034790039 1.9851912260055541992 2.1536300182342529297 2.2807021141052246094 2.3718972206115722656 2.4286777973175048828 2.4612939357757568359 2.4844408035278320312 2.5053400993347167969 32.951755523681640625 34.04628753662109375 2.38470458984375 2.4254305362701416016 2.4674868583679199219 2.5047314167022705078 2.5378978252410888672 2.5703623294830322266 2.601512908935546875 2.628307342529296875 2.827007293701171875 2.8242897987365722656 2.8337619304656982422 2.840763092041015625 2.8448681831359863281 5.7573022842407226562 8.5420866012573242188 8.361972808837890625 169.273162841796875 166.7623138427734375 164.804595947265625 162.408416748046875 40.661540985107421875 2.9240252971649169922 2.8805038928985595703 2.7587835788726806641 2.6742682456970214844 1.881809234619140625 3.5055365562438964844 17.902425765991210938 2.9223952293395996094
1.4400006532669067383 1.7277871370315551758 1.9394830465316772461 2.0910079479217529297 2.1995513439178466797 2.2814276218414306641 2.3442091941833496094 2.3906891345977783203 2.4236516952514648438 2.4457495212554931641 31.61736297607421875 2.2965145111083984375 2.3269701004028320312 2.3572583198547363281 2.3845300674438476562 2.4110414981842041016 2.4381961822509765625 2.4677515029907226562 2.5002815723419189453 2.5320188999176025391 2.5595955848693847656 2.55582427978515625 2.57723236083984375 2.5992977619171142578 2.6195747852325439453 2.849010467529296875 2.8498580455780029297 4.986114501953125 6.9277882575988769531 9.0192842483520507812 11.21669769287109375 10.667719841003417969 10.348942756652832031 165.52642822265625 41.872562408447265625 2.8003375530242919922 2.7379293441772460938 0.66271859407424926758 6.29827880859375 3.4917244911193847656 17.715085983276367188 4.2094779014587402344
1.9717096090316772461 2.0835363864898681641 2.1610887050628662109 2.2132861614227294922 2.2499206066131591797 2.2807574272155761719 2.3104021549224853516 2.3402855396270751953 30.278385162353515625 30.8674163818359375 2.2701334953308105469 2.2825872898101806641 2.2978291511535644531 2.3111014366149902344 2.3229982852935791016 2.337139129638671875 2.355770111083984375 2.3817734718322753906 2.4118280410766601562 2.4417095184326171875 2.4172482490539550781 2.4429409503936767578 2.4719142913818359375 2.5013546943664550781 2.5870301723480224609 2.5902090072631835938 5.6565022468566894531 2.6772758960723876953 2.8316679000854492188 2.7776126861572265625 2.7745506763458251953 0 0 0 157.4104766845703125 39.839282989501953125 2.7039115428924560547 2.0126192569732666016 6.0384535789489746094 3.5135519504547119141 17.436998367309570312 4.9029474258422851562
6.8166294097900390625 6.3452291488647460938 5.8233008384704589844 5.2642493247985839844 4.6748080253601074219 4.0625615119934082031 3.4471955299377441406 29.609540939331054688 2.2852456569671630859 2.2740321159362792969 2.2678487300872802734 2.2650539875030517578 2.2655532360076904297 2.2657687664031982422 2.2645423412322998047 2.2643752098083496094 2.2766675949096679688 2.2977633476257324219 2.3240475654602050781 2.25481414794921875 2.2788295745849609375 2.3075840473175048828 2.3384242057800292969 2.4692533016204833984 2.4540357589721679688 6.7194299697875976562 2.581745147705078125 2.5484714508056640625 2.4982573986053466797 2.5098054409027099609 2.8309786319732666016 2.7093837261199951172 2.8516237735748291016 0 0 0 38.593730926513671875 42.583843231201171875 7.6130318641662597656 3.5149724483489990234 17.015539169311523438 5.0595002174377441406
2.1194193363189697266 2.1343138217926025391 2.1457445621490478516 2.1596262454986572266 2.1731791496276855469 2.1791760921478271484 27.842657089233398438 2.3193106651306152344 2.3019242286682128906 2.2825806140899658203 2.2631988525390625 2.2494401931762695312 2.2398331165313720703 2.2281315326690673828 2.2049314975738525391 2.1987307071685791016 2.2060174942016601562 2.2243394851684570312 2.0768344402313232422 2.0941050052642822266 2.1182205677032470703 2.1462123394012451172 2.3434822559356689453 2.2867665290832519531 7.7619280815124511719 2.4627346992492675781 2.3862273693084716797 2.3062233924865722656 2.3256890773773193359 2.5497472286224365234 2.3801145553588867188 2.5629675388336181641 2.5751595497131347656 2.6849277019500732422 2.6570184230804443359 0 0 0 41.071533203125 7.1117062568664550781 19.961030960083007812 5.0951027870178222656
24.145017623901367188 22.619859695434570312 21.0608062744140625 19.46707916259765625 26.62644195556640625 27.362636566162109375 2.3673274517059326172 2.3448772430419921875 2.3185024261474609375 2.2901861667633056641 2.2650213241577148438 2.2448322772979736328 2.224925994873046875 2.1764721870422363281 2.1524415016174316406 2.1421217918395996094 2.1509830951690673828 1.8860790729522705078 1.8930982351303100586 1.9071661233901977539 1.9288785457611083984 2.2265400886535644531 2.0988492965698242188 8.797893524169921875 2.3439009189605712891 2.1924574375152587891 2.0639178752899169922 2.0789802074432373047 2.4018611907958984375 2.1380076408386230469 2.1734883785247802734 2.1996572017669677734 2.3569495677947998047 2.3531489372253417969 2.4455924034118652344 1.7162380218505859375 3.8974661827087402344 0 0 0 26.270938873291015625 5.0055537223815917969
2.3154122829437255859 4.5452866554260253906 6.7045650482177734375 8.7926244735717773438 2.4157502651214599609 2.4096467494964599609 2.3931217193603515625 2.3660531044006347656 2.3336217403411865234 2.3030214309692382812 2.2762193679809570312 2.2494182586669921875 2.1656398773193359375 2.1285526752471923828 2.1002395153045654297 2.0954179763793945312 1.6639182567596435547 1.6674126386642456055 1.6713744401931762695 1.683545231819152832 2.1257271766662597656 1.8917173147201538086 9.8363666534423828125 2.2404468059539794922 1.9732259511947631836 1.7834045886993408203 1.7892984151840209961 2.2393677234649658203 1.83814239501953125 1.874840855598449707 1.9032918214797973633 1.9238820075988769531 1.9405559301376342773 2.0723967552185058594 2.0636255741119384766 2.1529133319854736328 1.9505786895751953125 2.6199593544006347656 2.9940731525421142578 0 0 0
2.3209276199340820312 2.3602836132049560547 2.3930535316467285156 2.4127440452575683594 2.4200348854064941406 2.4182186126708984375 2.4073631763458251953 2.3838572502136230469 2.3522462844848632812 2.322887420654296875 2.2951571941375732422 2.1626963615417480469 2.1148602962493896484 2.0707106590270996094 2.0499787330627441406 1.3828302621841430664 1.3882271051406860352 1.3914074897766113281 1.3987425565719604492 2.0409376621246337891 1.6582144498825073242 10.880658149719238281 2.1624658107757568359 1.7240538597106933594 1.4617371559143066406 1.4596483707427978516 2.0718321800231933594 1.4878015518188476562 1.521489262580871582 1.5477899312973022461 1.5634299516677856445 1.5819181203842163086 1.6011861562728881836 1.6060492992401123047 2.6012151241302490234 0.20250748097896575928 0.20059299468994140625 0.70519274473190307617 1.2747837305068969727 1.7414993047714233398 2.1094324588775634766 0
2.3116977214813232422 2.3501946926116943359 2.3804614543914794922 2.3984835147857666016 2.4074518680572509766 2.4110901355743408203 2.4074730873107910156 2.3911626338958740234 2.3670101165771484375 2.3443276882171630859 2.1530261039733886719 2.1043181419372558594 2.0463171005249023438 2.0079913139343261719 1.0287718772888183594 1.0338932275772094727 1.0350546836853027344 1.0420399904251098633 1.9576848745346069336 1.3807930946350097656 11.924294471740722656 2.1106183528900146484 1.4292044639587402344 1.0803287029266357422 1.0757985115051269531 1.8953940868377685547 1.0800454616546630859 1.1036052703857421875 1.1270627975463867188 1.1372969150543212891 1.1461920738220214844 1.1635280847549438477 1.1791439056396484375 2.5204546451568603516 0.65507471561431884766 0.53873103857040405273 0.47365045547485351562 0.96879088878631591797 1.4561392068862915039 1.8887354135513305664 2.2541453838348388672 2.5459723472595214844
2.2921690940856933594 2.3269698619842529297 2.3534412384033203125 2.3717644214630126953 2.3848683834075927734 2.3936715126037597656 2.3931415081024169922 2.3856725692749023438 2.3741843700408935547 2.1000437736511230469 2.069248199462890625 2.0148358345031738281 1.9597349166870117188 0.57984638214111328125 0.58601003885269165039 0.58502697944641113281 0.586345672607421875 1.8557095527648925781 1.0303777456283569336 12.959441184997558594 2.0846102237701416016 1.0625585317611694336 0.60924011468887329102 0.60587579011917114258 1.6914889812469482422 0.60222834348678588867 0.60833173990249633789 0.62166953086853027344 0.62887567281723022461 0.63065397739410400391 0.63669484853744506836 0.64668107032775878906 2.4239315986633300781 1.1745090484619140625 1.6079002618789672852 1.243901371955871582 6.6721806526184082031 10.896676063537597656 10.876196861267089844 10.773591995239257812 10.594149589538574219 10.335335731506347656
2.2655942440032958984 2.2944114208221435547 2.3176167011260986328 2.3380093574523925781 2.3582043647766113281 2.3674199581146240234 2.3716294765472412109 2.3718044757843017578 1.9757924079895019531 1.9615361690521240234 1.9294272661209106445 1.8816360235214233398 0.57052880525588989258 0.99921077489852905273 1.3229615688323974609 1.5606391429901123047 1.7292852401733398438 0.58094155788421630859 13.975808143615722656 2.0868959426879882812 0.59750467538833618164 0.60480749607086181641 1.0698060989379882812 1.424418330192565918 0.60239261388778686523 1.0617525577545166016 1.4189914464950561523 1.702411651611328125 1.9249898195266723633 2.0943531990051269531 2.2228868007659912109 2.3239233493804931641 0.64349794387817382812 0.65773355960845947266 3.1997253894805908203 5.5755486488342285156 4.1354274749755859375 2.6128990650177001953 3.0312318801879882812 3.3666238784790039062 3.6290385723114013672 3.8196203708648681641
2.2330963611602783203 2.2563064098358154297 2.2781908512115478516 2.3074567317962646484 2.3247606754302978516 2.3385629653930664062 2.3415725231170654297 1.7689419984817504883 1.7675096988677978516 1.7513141632080078125 1.7230968475341796875 7.8544893264770507812 7.1369051933288574219 6.3506860733032226562 5.5059123039245605469 4.6137037277221679688 3.6899893283843994141 14.969769477844238281 2.1142628192901611328 0.58974051475524902344 1.041529536247253418 1.3921723365783691406 1.6607787609100341797 1.8590928316116333008 2.0010695457458496094 2.1005656719207763672 2.1725511550903320312 2.2315347194671630859 2.2832980155944824219 2.3285045623779296875 2.3675739765167236328 2.4002692699432373047 2.4343047142028808594 2.4802975654602050781 2.6737279891967773438 4.1776728630065917969 2.2344484329223632812 0.65858328342437744141 1.2840763330459594727 1.8153096437454223633 2.2666134834289550781 2.6436419486999511719
2.1937427520751953125 2.2146556377410888672 2.2522838115692138672 2.2705471515655517578 2.2921979427337646484 2.293750762939453125 1.477848052978515625 1.481830596923828125 1.4775453805923461914 1.4621001482009887695 8.4928073883056640625 2.327236175537109375 4.5073580741882324219 4.8879952430725097656 6.8806815147399902344 10.521668434143066406 12.242914199829101562 2.1590743064880371094 2.1046094894409179688 2.0987718105316162109 2.1014597415924072266 2.1123487949371337891 2.1294283866882324219 2.1488690376281738281 2.1691813468933105469 2.1913492679595947266 4.2723269462585449219 4.1241369247436523438 3.9407775402069091797 3.7288706302642822266 3.4933249950408935547 3.2401576042175292969 2.9949154853820800781 2.7940218448638916016 2.4306392669677734375 1.7484191656112670898 0.65540152788162231445 1.1880574226379394531 1.6277807950973510742 2.1228606700897216797 2.5424940586090087891 2.8931221961975097656
2.1460185050964355469 2.1989321708679199219 2.212696075439453125 2.2370584011077880859 2.228572845458984375 1.0988588333129882812 1.1030534505844116211 1.1025491952896118164 1.0966815948486328125 9.0434846878051757812 2.3207783699035644531 2.3139615058898925781 0.60125768184661865234 2.3146314620971679688 4.1098384857177734375 2.2939977645874023438 2.2008831501007080078 2.1109256744384765625 2.1715855598449707031 2.1608593463897705078 2.1613047122955322266 2.165172576904296875 2.1688628196716308594 2.1717135906219482422 2.1749303340911865234 2.181751251220703125 0.61210769414901733398 1.0989215373992919922 1.4922571182250976562 1.8086589574813842773 2.0504577159881591797 2.2103750705718994141 2.3076267242431640625 2.3723857402801513672 0.63559824228286743164 2.3837616443634033203 2.7756340503692626953 3.1047215461730957031 3.3566086292266845703 3.5410711765289306641 3.8476300239562988281 4.0799684524536132812
2.1402242183685302734 2.1482479572296142578 2.1758832931518554688 2.1466629505157470703 0.61483198404312133789 0.61923432350158691406 0.61989581584930419922 0.61721539497375488281 9.5153264999389648438 2.2834720611572265625 2.2783350944519042969 2.2862775325775146484 2.3217880725860595703 4.3548932075500488281 2.3450093269348144531 2.2196419239044189453 2.0930685997009277344 2.1899235248565673828 2.2232336997985839844 4.2826242446899414062 4.1128726005554199219 3.8864111900329589844 3.6121623516082763672 3.3046061992645263672 2.9858732223510742188 2.6876511573791503906 2.4549617767333984375 2.3297595977783203125 2.3093786239624023438 2.3525900840759277344 2.4129915237426757812 2.4483652114868164062 4.7666106224060058594 5.2026958465576171875 4.9963469505310058594 6.7418465614318847656 6.4186539649963378906 6.1198835372924804688 5.8190560340881347656 5.5196814537048339844 5.222217559814453125 5.2037796974182128906
2.0607273578643798828 2.0974535942077636719 2.0416848659515380859 2.0530960559844970703 2.1634578704833984375 2.2443335056304931641 7.9306073188781738281 9.9087781906127929688 2.2143802642822265625 2.2108261585235595703 2.2146930694580078125 2.3547635078430175781 4.5209879875183105469 2.3760576248168945312 2.2075512409210205078 2.0353541374206542969 2.1922349929809570312 2.2440924644470214844 2.1698255538940429688 2.2696063518524169922 2.2911891937255859375 2.3083329200744628906 2.3142087459564208984 2.3027126789093017578 2.2785947322845458984 2.2530145645141601562 2.2384319305419921875 2.2465338706970214844 2.2806262969970703125 2.3377199172973632812 2.3980157375335693359 2.4278340339660644531 0.60310113430023193359 0.62517344951629638672 1.1302638053894042969 2.8783161640167236328 3.4536328315734863281 4.0910730361938476562 4.6193294525146484375 5.0389585494995117188 5.1157484054565429688 5.0894603729248046875
1.9824701547622680664 1.8943361043930053711 1.9018594026565551758 2.1755750179290771484 4.0718684196472167969 5.8909125328063964844 2.2860002517700195312 2.1052615642547607422 2.10370635986328125 2.1044080257415771484 2.3131203651428222656 2.2325618267059326172 2.3686776161193847656 2.1489217281341552734 1.9279689788818359375 2.1642253398895263672 2.2604191303253173828 2.1165146827697753906 2.2518842220306396484 0.61372405290603637695 4.7084946632385253906 6.7251729965209960938 6.4622735977172851562 10.413319587707519531 12.309861183166503906 11.76676177978515625 11.157442092895507812 10.492535591125488281 9.7792596817016601562 9.0231418609619140625 8.2162532806396484375 7.3386173248291015625 6.4073042869567871094 5.4558072090148925781 4.4961380958557128906 2.8744215965270996094 1.9419289827346801758 1.8542298078536987305 2.0245327949523925781 2.262882232666015625 2.4996364116668701172 2.7007665634155273438
1.6893548965454101562 1.6957701444625854492 2.0868093967437744141 1.8989121913909912109 1.9161673784255981445 2.2281560897827148438 1.9451307058334350586 1.9462232589721679688 1.9440665245056152344 2.2560648918151855469 2.1018917560577392578 2.3186578750610351562 2.0163710117340087891 1.7525200843811035156 2.0936791896820068359 2.2594704627990722656 2.027172088623046875 2.2381551265716552734 2.1439700126647949219 4.1850390434265136719 2.1956813335418701172 2.215572357177734375 4.3195371627807617188 2.3613915443420410156 2.3004550933837890625 4.4803481101989746094 4.350238800048828125 4.1672229766845703125 3.9452903270721435547 3.6978857517242431641 3.4323797225952148438 3.1564359664916992188 2.9070901870727539062 2.7319319248199462891 1.9783025979995727539 1.2142465114593505859 1.142002105712890625 1.4011710882186889648 1.781701207160949707 2.1188931465148925781 2.3992719650268554688 2.6258380413055419922
