tests/data/reference/gistest_nucice/full/cvsur_m3.asc
ncols        123
nrows        77
xllcorner    -713746.799299980048
yllcorner    -1061022.369616159936
cellsize     10.000000000000
NODATA_value  -9999
[rows 38 to 56 of 77, columns 0 to 41 of 123]
-9999 -9999 -9999 -9999 -9999 -9999 -9999 -9999 -9999 -9999 1.7429851293563842773 3.4771337509155273438 1.8742886781692504883 6.401607513427734375 0.51392203569412231445 0.86339068412780761719 1.223379969596862793 1.3826628923416137695 1.4785779714584350586 1.3780287504196166992 1.7779306173324584961 1.6056035757064819336 1.6309643983840942383 1.6584159135818481445 1.6904453039169311523 1.4508155584335327148 0.97336095571517944336 1.4739773273468017578 1.6852486133575439453 1.4431945085525512695 1.419525146484375 1.3948136568069458008 1.3828802108764648438 0.98395085334777832031 0.58387637138366699219 0.57346767187118530273 1.5278419256210327148 0.56737321615219116211 0.56868350505828857422 0.57235413789749145508 0.58945459127426147461 0.61548697948455810547
-9999 -9999 -9999 -9999 -9999 -9999 -9999 -9999 -9999 -9999 1.7416620254516601562 2.1539695262908935547 6.5239510536193847656 0.80368888378143310547 0.48837351799011230469 1.0207365751266479492 1.2524000406265258789 1.378567814826965332 1.1594576835632324219 1.8815214633941650391 1.5298427343368530273 1.5658944845199584961 1.6054967641830444336 1.6482498645782470703 1.2375289201736450195 0.55880969762802124023 1.2533748149871826172 1.5839669704437255859 1.2306139469146728516 1.2047747373580932617 1.1739416122436523438 1.1529630422592163086 0.54955518245697021484 0.57316690683364868164 1.0040079355239868164 1.3093702793121337891 0.55499094724655151367 0.95180183649063110352 1.2393082380294799805 1.453090667724609375 0.5861148834228515625 0.61331987380981445312
-9999 -9999 -9999 -9999 -9999 -9999 -9999 -9999 -9999 1.7418221235275268555 2.4943878650665283203 6.4625535011291503906 0.96180498600006103516 0.47951307892799377441 0.78589081764221191406 1.1253777742385864258 1.2989798784255981445 0.87063199281692504883 2.0492656230926513672 1.4473910331726074219 1.4909453392028808594 1.543824315071105957 1.6007261276245117188 0.94846254587173461914 0.55386072397232055664 0.95573902130126953125 1.4426665306091308594 0.941608428955078125 0.92812377214431762695 0.89932107925415039062 0.87568211555480957031 0.53286767005920410156 0.92969095706939697266 1.2435916662216186523 1.4857518672943115234 1.655696868896484375 1.7629963159561157227 1.8201316595077514648 0.56719875335693359375 0.5841960906982421875 1.6476938724517822266 1.0619169473648071289
-9999 -9999 -9999 -9999 -9999 -9999 -9999 -9999 -9999 1.7434802055358886719 6.1260776519775390625 1.2013485431671142578 0.76940119266510009766 0.4730351865291595459 0.98757022619247436523 1.2519686222076416016 0.49865165352821350098 2.2530546188354492188 1.3799704313278198242 1.4188387393951416016 1.4781785011291503906 1.5465381145477294922 0.54900598526000976562 0.55561494827270507812 0.95876383781433105469 1.2422543764114379883 0.54525047540664672852 0.54218012094497680664 0.53164410591125488281 0.51083081960678100586 0.51214456558227539062 0.89647203683853149414 1.1974624395370483398 1.4387459754943847656 1.6280303001403808594 1.7676715850830078125 1.8628957271575927734 0.5737559199333190918 1.8673038482666015625 1.0205049514770507812 1.0514103174209594727 1.8235546350479125977
-9999 -9999 -9999 -9999 -9999 -9999 -9999 -9999 3.480686187744140625 2.5401599407196044922 4.3377623558044433594 1.1548124551773071289 0.46749714016914367676 0.78295171260833740234 1.2126404047012329102 1.28415679931640625 2.4611155986785888672 1.3473062515258789062 1.3716936111450195312 1.4246954917907714844 1.4923236370086669922 0.93024617433547973633 1.216862797737121582 1.4287511110305786133 1.5764468908309936523 7.9639487266540527344 8.915149688720703125 8.2030239105224609375 7.4093484878540039062 6.5218763351440429688 5.5692133903503417969 4.5929584503173828125 3.6132895946502685547 2.6631591320037841797 1.8945577144622802734 1.8942168951034545898 1.9533382654190063477 3.7386767864227294922 4.1619896888732910156 5.8014192581176757812 6.5298328399658203125 7.2285604476928710938
-9999 -9999 -9999 -9999 -9999 -9999 -9999 1.742838740348815918 3.4773402214050292969 4.1789765357971191406 0.83317476511001586914 1.0300130844116210938 0.47389951348304748535 1.1416817903518676758 1.2502241134643554688 1.3342641592025756836 1.3524241447448730469 1.3647654056549072266 1.4032837152481079102 1.4467678070068359375 0.53950524330139160156 0.54480224847793579102 0.94244360923767089844 5.9649806022644042969 6.9411725997924804688 1.5873810052871704102 1.2471024990081787109 1.443043828010559082 1.5632539987564086914 1.6149889230728149414 1.6352851390838623047 1.6643553972244262695 1.7142567634582519531 1.7830120325088500977 1.8585071563720703125 1.9264404773712158203 1.9774733781814575195 2.0065979957580566406 2.0241901874542236328 2.0457241535186767578 2.0723714828491210938 2.0980935096740722656
-9999 -9999 -9999 -9999 -9999 -9999 -9999 1.7411894798278808594 0.51478308439254760742 4.3101911544799804688 0.4951476752758026123 0.81168991327285766602 1.0213197469711303711 1.1806311607360839844 1.3265626430511474609 1.359109044075012207 1.3829571008682250977 1.4273023605346679688 1.4186561107635498047 1.4707721471786499023 2.8445227146148681641 4.1539015769958496094 5.4184312820434570312 1.4441983699798583984 1.4495670795440673828 0.96099096536636352539 0.55886381864547729492 0.96436256170272827148 1.2519757747650146484 1.4393666982650756836 1.5626991987228393555 1.6587424278259277344 1.7410625219345092773 1.814339756965637207 1.8779278993606567383 1.9281327724456787109 19.478391647338867188 20.249280929565429688 21.017946243286132812 21.795660018920898438 22.5793609619140625 23.361383438110351562
-9999 -9999 -9999 -9999 -9999 -9999 -9999 0.077276401221752166748 3.7903134822845458984 1.1371635198593139648 0.47791779041290283203 0.80895256996154785156 1.0536249876022338867 1.2927877902984619141 1.3479338884353637695 1.3865380287170410156 1.478197932243347168 1.4002962112426757812 1.4317049980163574219 1.4687465429306030273 1.5210589170455932617 1.5814981460571289062 1.2421370744705200195 1.2445937395095825195 0.55267637968063354492 0.56168025732040405273 0.9749075770378112793 1.2733331918716430664 1.4804828166961669922 1.6137940883636474609 1.6973519325256347656 1.7562694549560546875 1.8026329278945922852 17.06699371337890625 17.936426162719726562 18.784669876098632812 2.0601947307586669922 2.1046295166015625 2.1479165554046630859 2.1918880939483642578 2.235599517822265625 2.2767629623413085938
-9999 -9999 -9999 -9999 -9999 -9999 1.7422633171081542969 3.373683929443359375 1.004952549934387207 1.0309358835220336914 0.48077943921089172363 0.83346700668334960938 1.208594202995300293 1.298958897590637207 1.3654018640518188477 1.5567742586135864258 1.3556863069534301758 1.3955329656600952148 1.4175239801406860352 1.4550305604934692383 1.511246800422668457 0.95000112056732177734 0.9591630101203918457 0.95776915550231933594 1.2490991353988647461 1.46714019775390625 1.6240657567977905273 1.7236870527267456055 1.7808926105499267578 1.812455296516418457 1.8283601999282836914 15.363915443420410156 16.345636367797851562 2.0009083747863769531 2.0277931690216064453 2.0592217445373535156 2.0904710292816162109 2.1215462684631347656 2.1546709537506103516 2.1934866905212402344 2.2376894950866699219 2.2801983356475830078
-9999 -9999 -9999 -9999 -9999 -9999 2.0328187942504882812 1.8944200277328491211 0.81446528434753417969 0.83190077543258666992 0.50099039077758789062 1.0511454343795776367 1.1889215707778930664 1.3007171154022216797 1.6917635202407836914 1.2685762643814086914 1.3452534675598144531 1.3813645839691162109 1.4081484079360961914 1.4493463039398193359 0.54392600059509277344 0.55269438028335571289 0.55701577663421630859 0.55665570497512817383 0.96536332368850708008 1.2733892202377319336 1.4984568357467651367 11.197163581848144531 12.321745872497558594 13.424150466918945312 14.509538650512695312 2.0140578746795654297 2.0266280174255371094 2.0441153049468994141 2.0627207756042480469 2.0793006420135498047 2.0957281589508056641 2.1162254810333251953 2.1448218822479248047 2.1849658489227294922 2.2274162769317626953 2.2705066204071044922
-9999 -9999 -9999 -9999 -9999 1.7399698495864868164 1.4334609508514404297 2.0844988822937011719 0.49049240350723266602 0.49488648772239685059 0.80795407295227050781 1.0074061155319213867 1.1874846220016479492 1.8760486841201782227 1.1046057939529418945 1.25099945068359375 1.3351285457611083984 1.3795559406280517578 1.4096982479095458984 1.4493534564971923828 2.7980263233184814453 4.0882816314697265625 5.3461260795593261719 7.19732666015625 8.1938295364379882812 9.2915592193603515625 10.432232856750488281 1.9240796566009521484 1.9571908712387084961 1.9959735870361328125 2.0238451957702636719 2.0397691726684570312 2.0545101165771484375 2.0655739307403564453 2.0730447769165039062 2.078540802001953125 2.0864527225494384766 2.1033079624176025391 2.1363236904144287109 2.1717493534088134766 2.2124993801116943359 2.2526073455810546875
-9999 -9999 -9999 -9999 3.9578828811645507812 0.5531775355339050293 1.0026497840881347656 1.6889127492904663086 0.47658354043960571289 0.46648347377777099609 0.76337701082229614258 1.0532184839248657227 2.0964910984039306641 0.84548640251159667969 1.0754522085189819336 1.2261205911636352539 1.3204075098037719727 1.3710159063339233398 1.4014762639999389648 1.4374833106994628906 1.4898842573165893555 1.5535796880722045898 2.2798159122467041016 1.5156396627426147461 1.6906833648681640625 1.8012487888336181641 1.8677644729614257812 1.9146558046340942383 1.9627025127410888672 1.9992890357971191406 2.0260028839111328125 2.0474486351013183594 2.0581402778625488281 2.0621230602264404297 2.0622870922088623047 2.0618402957916259766 2.0666840076446533203 2.0941665172576904297 2.1201627254486083984 2.1572082042694091797 2.1931183338165283203 2.2307288646697998047
-9999 -9999 -9999 -9999 2.2361671924591064453 1.2345129251480102539 0.78799349069595336914 0.90622472763061523438 0.72519701719284057617 0.44733205437660217285 0.92122805118560791016 2.3268480300903320312 0.48840981721878051758 0.82171028852462768555 1.0448977947235107422 1.1941137313842773438 1.2926291227340698242 1.3440599441528320312 1.3677221536636352539 1.4025810956954956055 1.4526542425155639648 2.4680585861206054688 1.2854207754135131836 1.5148104429244995117 1.6645729541778564453 1.7546329498291015625 1.8170778751373291016 1.8838248252868652344 1.9315981864929199219 1.9695905447006225586 2.0073449611663818359 2.0274884700775146484 2.0353705883026123047 2.0354962348937988281 2.0320432186126708984 2.0298113822937011719 2.0561487674713134766 2.0691127777099609375 2.1039090156555175781 2.1354486942291259766 2.1708607673645019531 2.2046551704406738281
-9999 -9999 -9999 1.7406125068664550781 0.50147366523742675781 1.1850905418395996094 0.45925718545913696289 0.68002116680145263672 0.43371754884719848633 0.77546018362045288086 1.5972149372100830078 0.93181210756301879883 0.47327923774719238281 0.79083490371704101562 1.0017758607864379883 1.1507335901260375977 1.2505817413330078125 1.285221099853515625 1.3031889200210571289 1.3317000865936279297 2.6387321949005126953 0.96934777498245239258 1.2623670101165771484 1.4577218294143676758 1.5772817134857177734 1.6545168161392211914 1.7412842512130737305 1.8030681610107421875 1.8560377359390258789 1.913592219352722168 1.9474714994430541992 1.9658117294311523438 1.973096013069152832 1.9729381799697875977 1.9705181121826171875 2.0116791725158691406 2.0117411613464355469 2.0473065376281738281 2.0729572772979736328 2.1068212985992431641 2.1416113376617431641 2.1710436344146728516
-9999 -9999 -9999 1.7383852005004882812 1.229077458381652832 0.64577049016952514648 0.421894073486328125 0.39421299099922180176 0.58513224124908447266 0.60770696401596069336 1.0764518976211547852 0.81086063385009765625 0.4506817162036895752 0.74285203218460083008 0.94809871912002563477 1.0973304510116577148 1.1607818603515625 1.1824461221694946289 1.1925069093704223633 2.7667491436004638672 0.54612565040588378906 0.92896056175231933594 1.1819382905960083008 1.3327311277389526367 1.4239989519119262695 1.5359948873519897461 1.6081032752990722656 1.6746879816055297852 1.7602392435073852539 1.8112699985504150391 1.8417702913284301758 1.8584870100021362305 1.8651857376098632812 1.8666996955871582031 1.9403319358825683594 1.929463505744934082 1.9781897068023681641 1.9996204376220703125 2.0310981273651123047 2.0662035942077636719 2.0996451377868652344 2.1246783733367919922
-9999 -9999 4.2830514907836914062 0.057280372828245162964 0.62668049335479736328 0.58727061748504638672 0.36275452375411987305 0.33977368474006652832 0.35834029316902160645 0.32843416929244995117 0.74987262487411499023 0.67364597320556640625 0.41270995140075683594 0.68849337100982666016 0.89395415782928466797 0.97393047809600830078 1.0079343318939208984 1.0222311019897460938 1.6841105222702026367 1.1555205583572387695 0.5119069218635559082 0.84841328859329223633 1.0394306182861328125 1.1352684497833251953 1.2782930135726928711 1.3595945835113525391 1.4358259439468383789 1.5535963773727416992 1.6249467134475708008 1.6707727909088134766 1.69867706298828125 1.7117896080017089844 1.7150533199310302734 1.8392672538757324219 1.8053309917449951172 1.8786075115203857422 1.9004473686218261719 1.9371781349182128906 1.9713189601898193359 2.0047061443328857422 2.0331254005432128906 2.0578534603118896484
-9999 -9999 2.7564649581909179688 0.64184874296188354492 0.41919186711311340332 0.36703827977180480957 0.31556677818298339844 0.36437079310417175293 0.53524023294448852539 0.40629363059997558594 0.33842700719833374023 0.52882081270217895508 0.37472808361053466797 0.64541333913803100586 0.72971946001052856445 0.76010495424270629883 0.77484488487243652344 0.79233318567276000977 0.78874558210372924805 1.0214186906814575195 0.46208941936492919922 0.71366918087005615234 0.80353367328643798828 0.98252248764038085938 1.0650278329849243164 1.1469032764434814453 1.3038434982299804688 1.3908044099807739258 1.4514701366424560547 1.4932482242584228516 1.5155918598175048828 1.5200542211532592773 1.7201428413391113281 1.6408828496932983398 1.7480109930038452148 1.7587790489196777344 1.8075672388076782227 1.8512847423553466797 1.8838813304901123047 1.9084681272506713867 1.9338032007217407227 2.0630276203155517578
-9999 1.7249292135238647461 3.9861822128295898438 0.89791065454483032227 0.40379768610000610352 0.27015957236289978027 0.37770405411720275879 0.37668535113334655762 -9999 -9999 -9999 0.33501124382019042969 0.35600563883781433105 0.4187532961368560791 0.44260671734809875488 0.44390565156936645508 0.45443168282508850098 0.47182545065879821777 0.45374384522438049316 0.38084045052528381348 0.36124914884567260742 0.4286244511604309082 0.66691881418228149414 0.73874354362487792969 0.81207740306854248047 1.0191179513931274414 1.1124581098556518555 1.1774386167526245117 1.2281266450881958008 1.2607232332229614258 1.2720725536346435547 1.593403935432434082 1.4405496120452880859 1.6021612882614135742 1.5819323062896728516 1.6358435153961181641 1.6910016536712646484 1.7310730218887329102 1.752141118049621582 1.7713141441345214844 1.9660457372665405273 1.9351271390914916992
-9999 4.6118674278259277344 0.95249456167221069336 0.40238609910011291504 0.35263913869857788086 0.35913032293319702148 -9999 -9999 -9999 -9999 -9999 -9999 0.37246280908584594727 0.40725907683372497559 0.66335415840148925781 0.8219559788703918457 0.44384878873825073242 0.73899686336517333984 0.90005576610565185547 0.86817711591720581055 0.33039370179176330566 0.33715733885765075684 0.39142340421676635742 0.44290757179260253906 0.71493577957153320312 0.7973219752311706543 0.85157334804534912109 0.89785790443420410156 0.93211674690246582031 0.94794875383377075195 1.4573183059692382812 1.1979565620422363281 1.450489044189453125 1.3728406429290771484 1.4258648157119750977 1.4859086275100708008 1.5331121683120727539 1.5540219545364379883 1.5661336183547973633 1.8564299345016479492 1.7682060003280639648 1.8211584091186523438
