tests/data/reference/gistest_nucice/full/cvsur_m3.asc
ncols        123
nrows        77
xllcorner    -713746.799299980048
yllcorner    -1061022.369616159936
cellsize     10.000000000000
NODATA_value  -9999
[rows 19 to 37 of 77, columns 42 to 83 of 123]
2.2502956390380859375 2.1234087944030761719 2.1160588264465332031 1.9164966344833374023 2.0021138191223144531 2.4262719154357910156 1.4512004852294921875 0.62862056493759155273 1.1150454282760620117 1.7445808649063110352 1.9504035711288452148 2.2190916538238525391 2.1732509136199951172 1.8666731119155883789 1.8781569004058837891 1.5623875856399536133 1.1496095657348632812 1.1428176164627075195 1.1347639560699462891 1.125649571418762207 1.1155310869216918945 2.4126064777374267578 1.4640080928802490234 1.4541302919387817383 1.4450836181640625 2.2847185134887695312 1.6578820943832397461 4.5347661972045898438 1.4861165285110473633 1.3967847824096679688 0.54290819168090820312 0.91204267740249633789 20.95244598388671875 5.0550642013549804688 1.589589238166809082 1.3540356159210205078 1.0382417440414428711 0.60458087921142578125 -9999 -9999 -9999 -9999
2.3161542415618896484 2.2476480007171630859 2.2406599521636962891 2.1104407310485839844 2.1567957401275634766 2.4167318344116210938 1.7602975368499755859 0.63635027408599853516 1.1325544118881225586 1.5179603099822998047 2.0026051998138427734 2.1621630191802978516 2.3511786460876464844 2.3455569744110107422 2.1282086372375488281 2.1375370025634765625 1.8885632753372192383 1.5564322471618652344 1.5449951887130737305 1.5307221412658691406 1.5165112018585205078 1.5045237541198730469 2.4570746421813964844 1.769459843635559082 1.7583727836608886719 1.7400424480438232422 3.8917484283447265625 4.3541650772094726562 1.6514991521835327148 1.5576862096786499023 0.95323103666305541992 0.54932272434234619141 0.53872382640838623047 19.44994354248046875 6.3656005859375 1.6200262308120727539 1.4068303108215332031 1.0787276029586791992 0.60658222436904907227 0.59384644031524658203 -9999 -9999
2.3971951007843017578 2.3603436946868896484 2.3526608943939208984 2.2665662765502929688 2.2855505943298339844 2.4274792671203613281 2.0104360580444335938 1.1441408395767211914 0.64365136623382568359 1.5386663675308227539 1.8417487144470214844 2.2128717899322509766 2.3371999263763427734 2.4693331718444824219 2.4821765422821044922 2.3315451145172119141 2.3367192745208740234 2.1411883831024169922 1.8755757808685302734 1.861202239990234375 1.8455972671508789062 1.8305983543395996094 1.8167673349380493164 2.4898788928985595703 2.0034341812133789062 1.9795725345611572266 5.5141963958740234375 4.1186881065368652344 1.7818970680236816406 1.6916050910949707031 1.2739788293838500977 0.97512012720108032227 0.57371604442596435547 0.96353358030319213867 17.923418045043945312 6.007221221923828125 3.1442828178405761719 1.4415107965469360352 1.0875397920608520508 1.070601344108581543 0.59965312480926513672 -9999
2.4744093418121337891 2.4564816951751708984 2.44805145263671875 2.3892652988433837891 2.3906793594360351562 2.4597301483154296875 2.2095711231231689453 1.5526374578475952148 1.1554888486862182617 0.64435780048370361328 1.8655108213424682617 2.1055788993835449219 2.3852899074554443359 2.4780139923095703125 2.5679039955139160156 2.5862357616424560547 2.4835085868835449219 2.4824106693267822266 2.33126068115234375 2.1247861385345458984 2.1104602813720703125 2.0933015346527099609 2.0753583908081054688 2.05728912353515625 2.5064749717712402344 2.1628468036651611328 7.2904706001281738281 3.8321917057037353516 1.887115478515625 1.8090054988861083984 1.5315811634063720703 1.3190734386444091797 1.026411890983581543 1.3020659685134887695 0.57857012748718261719 16.350522994995117188 5.5843930244445800781 4.5864615440368652344 1.4530887603759765625 1.4411238431930541992 1.0631973743438720703 0.58776605129241943359
2.5356431007385253906 2.5303685665130615234 2.5222942829132080078 2.4809691905975341797 2.4729495048522949219 2.5037963390350341797 2.3629081249237060547 1.87652587890625 1.564579010009765625 0.64667373895645141602 1.1625193357467651367 2.1328868865966796875 2.31766510009765625 2.519809722900390625 2.5860407352447509766 2.6459331512451171875 2.6620523929595947266 2.5909404754638671875 2.5838587284088134766 2.4706606864929199219 2.3134198188781738281 2.2977800369262695312 2.27893829345703125 2.2562892436981201172 2.2271912097930908203 2.5004451274871826172 9.1537008285522460938 3.4991567134857177734 1.9714372158050537109 1.9161844253540039062 1.7444462776184082031 1.6022282838821411133 1.392584681510925293 1.581584930419921875 0.60067784786224365234 1.0268909931182861328 14.730156898498535156 5.0852036476135253906 5.8939332962036132812 1.6807179450988769531 1.4097781181335449219 1.0445914268493652344
2.5783154964447021484 2.5820879936218261719 2.5758061408996582031 2.5467739105224609375 2.5357940196990966797 2.5504350662231445312 2.4793000221252441406 2.1316666603088378906 0.64758855104446411133 1.8970952033996582031 1.1701784133911132812 1.5867027044296264648 2.3452672958374023438 2.4808225631713867188 2.6209104061126708984 2.6656739711761474609 2.7022299766540527344 2.710662841796875 2.6606776714324951172 2.6503226757049560547 2.5674526691436767578 2.4507856369018554688 2.43271636962890625 2.4071760177612304688 2.3733525276184082031 2.328884124755859375 11.259115219116210938 3.1445720195770263672 2.0436804294586181641 2.0162758827209472656 1.922421574592590332 1.8360351324081420898 1.6900913715362548828 1.8142373561859130859 1.0753530263900756836 1.3817124366760253906 0.58810847997665405273 13.024222373962402344 4.5105524063110351562 5.6366128921508789062 3.1822655200958251953 1.3924658298492431641
2.6047937870025634766 2.6149206161499023438 2.6116564273834228516 2.5926289558410644531 2.5838267803192138672 2.5949904918670654297 2.5685272216796875 2.3332784175872802734 1.1697908639907836914 0.6570160984992980957 2.1689488887786865234 1.5971359014511108398 1.9291635751724243164 2.5082700252532958984 2.6006674766540527344 2.6902294158935546875 2.7157220840454101562 2.7349646091461181641 2.7380547523498535156 2.7042059898376464844 2.6918499469757080078 2.6311552524566650391 2.5420110225677490234 2.5148851871490478516 2.4800662994384765625 2.4374475479125976562 13.116625785827636719 2.8062372207641601562 2.1129753589630126953 2.1108772754669189453 2.07192230224609375 2.0280435085296630859 1.9301775693893432617 2.0063371658325195312 1.4559358358383178711 1.6699748039245605469 1.057036280632019043 11.342318534851074219 0.59491187334060668945 3.9076838493347167969 8.4622020721435546875 1.6293655633926391602
2.6165184974670410156 2.6312122344970703125 2.6330373287200927734 2.6246750354766845703 2.6228940486907958984 2.6375062465667724609 2.6393041610717773438 2.49268341064453125 1.5976343154907226562 0.66084361076354980469 1.1875671148300170898 2.3859994411468505859 1.9400703907012939453 2.196414947509765625 2.6229710578918457031 2.6784801483154296875 2.7299435138702392578 2.7436382770538330078 2.7537641525268554688 2.7533946037292480469 2.7288174629211425781 2.7121939659118652344 2.6628663539886474609 2.5904040336608886719 2.5552961826324462891 2.5139231681823730469 15.010451316833496094 2.5261523723602294922 2.1769347190856933594 2.1950953006744384766 2.1928567886352539062 2.1794912815093994141 2.1171481609344482422 2.1600587368011474609 1.7586278915405273438 1.9044901132583618164 1.4396981000900268555 9.6703128814697265625 1.0686811208724975586 3.3028438091278076172 8.0217266082763671875 1.7892215251922607422
2.6146700382232666016 2.6333212852478027344 2.6436645984649658203 2.6492815017700195312 2.6593964099884033203 2.6807560920715332031 2.6992561817169189453 2.6192679405212402344 1.948292851448059082 1.1951986551284790039 1.6206096410751342773 0.65851259231567382812 2.5494334697723388672 2.2017793655395507812 2.3914163112640380859 2.6948270797729492188 2.725025177001953125 2.7530012130737304688 2.7595534324645996094 2.7629582881927490234 2.7581992149353027344 2.7362987995147705078 2.7148408889770507812 2.6720709800720214844 2.6098859310150146484 2.5649614334106445312 16.905717849731445312 2.3543531894683837891 2.2279291152954101562 2.2608501911163330078 2.280887603759765625 2.2875695228576660156 2.2512185573577880859 2.2745308876037597656 1.992762446403503418 2.0922412872314453125 1.7505738735198974609 7.9953780174255371094 1.4543826580047607422 2.743877410888671875 7.5322546958923339844 1.9129900932312011719
2.6072449684143066406 2.63095855712890625 2.6521701812744140625 2.6734693050384521484 2.6972272396087646484 2.7253286838531494141 2.7524356842041015625 2.7198858261108398438 2.2328722476959228516 1.6308366060256958008 1.9705007076263427734 1.1839840412139892578 2.6660754680633544922 2.3959178924560546875 0.63992220163345336914 2.5292205810546875 2.7374172210693359375 2.7522928714752197266 2.7655844688415527344 2.7668771743774414062 2.7646100521087646484 2.7545287609100341797 2.7319214344024658203 2.7053546905517578125 2.6619164943695068359 2.5996229648590087891 18.77791595458984375 2.2943017482757568359 2.2692117691040039062 2.3123791217803955078 2.3448920249938964844 2.3633768558502197266 2.3448052406311035156 2.3573966026306152344 2.1702771186828613281 2.2407610416412353516 2.0009188652038574219 6.3802776336669921875 1.7673385143280029297 2.3344469070434570312 6.9975900650024414062 2.0148630142211914062
2.6053283214569091797 2.6360874176025390625 2.6681454181671142578 2.7033123970031738281 2.7382934093475341797 2.7704210281372070312 2.8005692958831787109 2.7996265888214111328 2.4592835903167724609 1.9817861318588256836 2.2455828189849853516 1.6030304431915283203 2.7422535419464111328 2.5348184108734130859 0.64184892177581787109 1.1472401618957519531 2.6226370334625244141 2.7607991695404052734 2.7682781219482421875 2.7729914188385009766 2.7696843147277832031 2.7607665061950683594 2.7431476116180419922 2.7135655879974365234 2.6759738922119140625 2.6257965564727783203 2.5653612613677978516 20.315067291259765625 2.3092010021209716797 2.3597981929779052734 2.3991019725799560547 2.4229753017425537109 2.4141814708709716797 2.4194612503051757812 2.3030900955200195312 2.3567841053009033203 2.1991662979125976562 4.9660258293151855469 2.0158295631408691406 2.2605886459350585938 6.4165983200073242188 2.103427886962890625
17.880075454711914062 2.8212056159973144531 2.8681538105010986328 2.7250089645385742188 2.7707996368408203125 2.8068814277648925781 2.8394579887390136719 2.8588712215423583984 2.6300187110900878906 2.2531671524047851562 2.4489712715148925781 1.9281072616577148438 2.7827332019805908203 2.6276073455810546875 1.1505498886108398438 0.64253222942352294922 1.5539983510971069336 2.6860756874084472656 2.7740273475646972656 2.7758622169494628906 2.7731142044067382812 2.7623338699340820312 2.7433300018310546875 2.7136600017547607422 2.6742875576019287109 2.6311719417572021484 2.5841414928436279297 2.5352220535278320312 22.082864761352539062 2.4092760086059570312 2.4498541355133056641 2.4729497432708740234 2.4670541286468505859 2.4669013023376464844 2.4013011455535888672 2.4468772411346435547 2.3525879383087158203 3.734653472900390625 2.2094368934631347656 2.3287680149078369141 5.7959232330322265625 2.1877071857452392578
76.4701995849609375 92.39943695068359375 93.6096954345703125 2.9967253208160400391 5.5992794036865234375 2.8194630146026611328 2.8610286712646484375 2.8939886093139648438 2.7431621551513671875 2.443927764892578125 2.5793650150299072266 2.1654381752014160156 2.7914328575134277344 2.6821095943450927734 1.5562280416488647461 1.1535274982452392578 0.64712959527969360352 1.883536219596862793 2.7248110771179199219 2.7725682258605957031 2.7663259506225585938 2.7529597282409667969 2.7316572666168212891 2.7035372257232666016 2.6703298091888427734 2.6337935924530029297 2.5969777107238769531 2.5611968040466308594 24.224630355834960938 2.4646940231323242188 2.5001811981201171875 2.5163941383361816406 2.5080201625823974609 2.5041577816009521484 2.4740107059478759766 2.5166697502136230469 2.4670619964599609375 2.8340761661529541016 2.3567483425140380859 2.4101099967956542969 5.1443505287170410156 2.2734577655792236328
4.9532685279846191406 7.2965087890625 9.5658273696899414062 101.8615875244140625 103.39208984375 107.48091888427734375 2.9874284267425537109 5.8472237586975097656 2.7811102867126464844 2.5424511432647705078 2.6300702095031738281 2.3155648708343505859 2.7663648128509521484 2.6984980106353759766 0.6338145136833190918 1.8741511106491088867 1.5611771345138549805 1.1581488847732543945 2.1356205940246582031 2.7363710403442382812 2.7546451091766357422 2.7394173145294189453 2.7179653644561767578 2.6923518180847167969 2.6647748947143554688 2.6371839046478271484 2.6092767715454101562 2.5830266475677490234 26.412164688110351562 2.5202579498291015625 2.5463187694549560547 2.5529367923736572266 2.5404758453369140625 2.5353052616119384766 2.5289049148559570312 2.5703058242797851562 2.5479543209075927734 2.5716125965118408203 2.4617900848388671875 2.4811632633209228516 4.4656729698181152344 7.9590024948120117188
2.3193938732147216797 2.3579277992248535156 2.5063970088958740234 4.9274358749389648438 7.0341796875 9.1323099136352539062 117.40712738037109375 118.9723358154296875 122.750091552734375 2.8837985992431640625 2.5352890491485595703 2.6058900356292724609 2.3877127170562744141 2.7091042995452880859 2.67995452880859375 1.1220729351043701172 2.1115505695343017578 1.8745702505111694336 1.5569162368774414062 2.3214964866638183594 2.7338206768035888672 2.7346830368041992188 2.7158710956573486328 2.6917073726654052734 2.6656134128570556641 2.6411626338958740234 2.6195955276489257812 2.5993225574493408203 2.5801935195922851562 28.55926513671875 2.5793709754943847656 2.5788547992706298828 2.5657646656036376953 2.5632367134094238281 2.5720880031585693359 2.6107461452484130859 2.5998315811157226562 2.5984869003295898438 2.5260720252990722656 2.5289533138275146484 11.7176361083984375 2.3776586055755615234
1.9974734783172607422 2.1769530773162841797 2.2164969444274902344 2.0073857307434082031 2.0995037555694580078 2.1059484481811523438 2.1037473678588867188 4.1191868782043457031 5.9558320045471191406 125.532958984375 124.47649383544921875 124.29337310791015625 2.7231051921844482422 2.5786843299865722656 2.6350624561309814453 2.6433064937591552734 1.5063023567199707031 2.2868583202362060547 2.1169388294219970703 1.8747736215591430664 2.4619786739349365234 2.7326982021331787109 2.7258799076080322266 2.7058160305023193359 2.6802220344543457031 2.6538765430450439453 2.6306040287017822266 2.6113643646240234375 2.5930283069610595703 31.0399627685546875 2.5916883945465087891 2.5873310565948486328 2.5788969993591308594 2.5834197998046875 2.6017549037933349609 2.6344168186187744141 2.6221005916595458984 2.6039261817932128906 2.5533783435821533203 2.5503590106964111328 13.363067626953125 1.9819006919860839844
1.7636551856994628906 1.802775263786315918 1.5425330400466918945 1.6594308614730834961 1.6689492464065551758 1.6807619333267211914 1.7557446956634521484 1.7368460893630981445 2.8762617111206054688 4.6570186614990234375 6.3044099807739257812 6.2030167579650878906 128.5595855712890625 2.7880828380584716797 2.7118551731109619141 2.7734088897705078125 2.8120927810668945312 1.9478435516357421875 2.5923111438751220703 2.4691455364227294922 2.2796299457550048828 2.7524347305297851562 2.9436781406402587891 2.9341783523559570312 2.9125037193298339844 2.8828628063201904297 2.8503468036651611328 2.8203415870666503906 2.7934067249298095703 2.7664284706115722656 33.407360076904296875 2.7569596767425537109 2.7588610649108886719 2.7748739719390869141 2.6097841262817382812 2.6322119235992431641 2.6096563339233398438 2.5798258781433105469 2.5473055839538574219 2.5468759536743164062 14.591314315795898438 2.0046596527099609375
1.475256800651550293 1.1331956386566162109 1.1337385177612304688 1.1398869752883911133 1.1486935615539550781 1.2494355440139770508 1.2494406700134277344 2.6960020065307617188 1.6964128017425537109 1.6673730611801147461 0.67297112941741943359 1.2171409130096435547 1.6576257944107055664 128.353759765625 129.224609375 130.0849609375 131.0079498291015625 2.9457707405090332031 2.3050370216369628906 2.8290908336639404297 2.7442724704742431641 2.6003904342651367188 2.9748871326446533203 3.104900360107421875 5.9145474433898925781 3.0338504314422607422 2.9927613735198974609 2.9542832374572753906 2.9173116683959960938 2.8791384696960449219 0.65960973501205444336 32.982349395751953125 5.5422530174255371094 2.9097237586975097656 2.7827100753784179688 2.7899777889251708984 2.5641376972198486328 2.5300981998443603516 2.5166676044464111328 2.5258510112762451172 15.824357032775878906 0.2482004016637802124
0.63145923614501953125 0.63006627559661865234 0.63169592618942260742 0.63604456186294555664 0.63943642377853393555 0.64210963249206542969 2.4390418529510498047 1.218848109245300293 1.2057610750198364258 1.2025129795074462891 1.6733350753784179688 2.0657017230987548828 2.3837687969207763672 2.6189935207366943359 2.7899653911590576172 2.9241271018981933594 3.0259311199188232422 132.3185882568359375 133.493621826171875 133.9716644287109375 134.935394287109375 135.756622314453125 135.2478790283203125 133.925018310546875 132.043609619140625 132.48431396484375 129.9919281005859375 3.0494627952575683594 3.0164816379547119141 2.9813971519470214844 2.9467990398406982422 1.1983944177627563477 38.08365631103515625 3.0007863044738769531 2.8911566734313964844 2.8761155605316162109 2.6842255592346191406 2.4644262790679931641 2.4743444919586181641 2.4986665248870849609 15.106264114379882812 3.7692649364471435547
