tests/data/reference/gistest_nucice/full/cvsur_m3.asc
ncols        123
nrows        77
xllcorner    -713746.799299980048
yllcorner    -1061022.369616159936
cellsize     10.000000000000
NODATA_value  -9999
[rows 36 to 53 of 77, columns 0 to 40 of 123]
-9999 -9999 -9999 -9999 -9999 -9999 -9999 -9999 -9999 -9999 -9999 -9999 2.0838634967803955078 0.17278285324573516846 0.066005431115627288818 0.068261027336120605469 0.069656439125537872314 0.071827769279479980469 0.073301069438457489014 0.074019663035869598389 0.073820926249027252197 0.072754994034767150879 0.072297997772693634033 0.072779387235641479492 0.074327908456325531006 0.076617620885372161865 0.079822592437267303467 0.084110617637634277344 0.086693115532398223877 0.087604656815528869629 0.088602051138877868652 0.12643577158451080322 0.06912311166524887085 0.087952934205532073975 0.090598016977310180664 0.090337790548801422119 0.090390123426914215088 0.091469600796699523926 0.09417524188756942749 0.096692383289337158203 0.1002233549952507019
-9999 -9999 -9999 -9999 -9999 -9999 -9999 -9999 -9999 -9999 -9999 1.0440187454223632812 0.70814287662506103516 0.058958277106285095215 0.065005503594875335693 0.065668649971485137939 0.06918420642614364624 0.071700498461723327637 0.073624931275844573975 0.074628092348575592041 0.074625141918659210205 0.073672935366630554199 0.073272034525871276855 0.073492310941219329834 0.074434250593185424805 0.076165750622749328613 0.078253418207168579102 0.080485843122005462646 0.081736169755458831787 0.081334486603736877441 0.081994988024234771729 0.10832021385431289673 0.065268017351627349854 0.085857011377811431885 0.086178906261920928955 0.082324616611003875732 0.081700026988983154297 0.085140496492385864258 0.082883216440677642822 0.084702245891094207764 0.088396184146404266357
-9999 -9999 -9999 -9999 -9999 -9999 -9999 -9999 -9999 -9999 1.0433681011199951172 2.0783841609954833984 0.055718164891004562378 0.068622030317783355713 0.049048334360122680664 0.061834301799535751343 0.066295452415943145752 0.069928988814353942871 0.072596989572048187256 0.073773615062236785889 0.073999136686325073242 0.073316216468811035156 0.073030360043048858643 0.073204785585403442383 0.073999710381031036377 0.075774617493152618408 0.074346840381622314453 0.077810242772102355957 0.077105753123760223389 0.075363934040069580078 0.07528982311487197876 0.075597718358039855957 0.076585993170738220215 0.078322231769561767578 0.063820146024227142334 0.061407998204231262207 0.078969322144985198975 0.060031741857528686523 0.060325413942337036133 0.061154570430517196655 0.065145596861839294434
-9999 -9999 -9999 -9999 -9999 -9999 -9999 -9999 -9999 -9999 1.0421181917190551758 0.1468232274055480957 0.062100570648908615112 0.052275180816650390625 0.04442092403769493103 0.056799191981554031372 0.061804160475730895996 0.066741280257701873779 0.070002183318138122559 0.071726299822330474854 0.072464175522327423096 0.072225093841552734375 0.072059065103530883789 0.072475560009479522705 0.073164232075214385986 0.058142516762018203735 0.075299806892871856689 0.074981167912483215332 0.072889499366283416748 0.069854952394962310791 0.068437613546848297119 0.067972674965858459473 0.056159239262342453003 0.061339467763900756836 0.079069569706916809082 0.078862212598323822021 0.057316932827234268188 0.070244431495666503906 0.072998076677322387695 0.076062411069869995117 0.064349256455898284912
-9999 -9999 -9999 -9999 -9999 -9999 -9999 -9999 -9999 1.0422693490982055664 0.693485260009765625 0.061501394957304000854 0.049422584474086761475 0.04290068894624710083 0.050111662596464157104 0.053928304463624954224 0.058447476476430892944 0.061827789992094039917 0.066847369074821472168 0.068953745067119598389 0.070532888174057006836 0.071072816848754882812 0.071582883596420288086 0.070416651666164398193 0.057074554264545440674 0.071247555315494537354 0.073278464376926422119 0.069522067904472351074 0.067177020013332366943 0.0629312172532081604 0.061167512089014053345 0.052728682756423950195 0.068845912814140319824 0.077871844172477722168 0.081982947885990142822 0.080837197601795196533 0.078526519238948822021 0.076608099043369293213 0.059992726892232894897 0.063895493745803833008 0.087998904287815093994
-9999 -9999 -9999 -9999 -9999 -9999 -9999 -9999 -9999 1.0438361167907714844 0.19157011806964874268 0.049832876771688461304 0.048126626759767532349 0.041815552860498428345 0.051764532923698425293 0.053738571703433990479 0.046238031238317489624 0.060845490545034408569 0.062860950827598571777 0.066244289278984069824 0.068771429359912872314 0.070163168013095855713 0.056043397635221481323 0.057451143860816955566 0.071635127067565917969 0.072392180562019348145 0.055256694555282592773 0.054620519280433654785 0.052484266459941864014 0.048468481749296188354 0.048714227974414825439 0.065034523606300354004 0.07361853867769241333 0.080214202404022216797 0.083848118782043457031 0.084320835769176483154 0.083417631685733795166 0.061473742127418518066 0.081906437873840332031 0.084165930747985839844 0.088997296988964080811
-9999 -9999 -9999 -9999 -9999 -9999 -9999 -9999 2.0817399024963378906 0.69883424043655395508 0.06977211683988571167 0.053104721009731292725 0.040905073285102844238 0.049560364335775375366 0.053269051015377044678 0.054415445774793624878 0.067638814449310302734 0.056169167160987854004 0.059539396315813064575 0.064314678311347961426 0.067956559360027313232 0.067991271615028381348 0.071956813335418701172 0.07476666569709777832 0.075232021510601043701 0.10098412632942199707 0.097629979252815246582 0.073352143168449401855 0.067922540009021759033 0.062840141355991363525 0.063156239688396453857 0.070146694779396057129 0.077137529850006103516 0.082693323493003845215 0.085914745926856994629 0.086751155555248260498 0.086062639951705932617 0.11243903636932373047 0.11448436975479125977 0.12741062045097351074 0.13623152673244476318
-9999 -9999 -9999 -9999 -9999 -9999 -9999 1.0432296991348266602 2.0785818099975585938 0.06661710888147354126 0.055450148880481719971 0.054856322705745697021 0.041959073394536972046 0.052253346890211105347 0.054338268935680389404 0.054991837590932846069 0.05515982210636138916 0.054980948567390441895 0.057939887046813964844 0.063720472157001495361 0.0540713481605052948 0.055163428187370300293 0.069763891398906707764 0.1012526974081993103 0.10378355532884597778 0.074237748980522155762 0.072998739778995513916 0.072371073067188262939 0.070550523698329925537 0.066716395318508148193 0.067449688911437988281 0.073784306645393371582 0.079811617732048034668 0.084141775965690612793 0.086408071219921112061 0.086664624512195587158 0.085732378065586090088 0.083941310644149780273 0.08468898385763168335 0.088674061000347137451 0.091210909187793731689
-9999 -9999 -9999 -9999 -9999 -9999 -9999 1.0416723489761352539 0.04194666445255279541 0.064944706857204437256 0.045611970126628875732 0.053786918520927429199 0.053846929222345352173 0.054393589496612548828 0.055136729031801223755 0.055404901504516601562 0.055958520621061325073 0.056403469294309616089 0.059367787092924118042 0.065402336418628692627 0.088330887258052825928 0.096049010753631591797 0.09894482046365737915 0.073318086564540863037 0.074248448014259338379 0.072563856840133666992 0.058154288679361343384 0.072357110679149627686 0.073473155498504638672 0.07080660015344619751 0.071384713053703308105 0.076403737068176269531 0.080827951431274414062 0.083412639796733856201 0.084480114281177520752 0.084321796894073486328 0.12116375565528869629 0.12237715721130371094 0.12560470402240753174 0.13155245780944824219 0.13660354912281036377
-9999 -9999 -9999 -9999 -9999 -9999 -9999 0 0.059441879391670227051 0.050759285688400268555 0.042631413787603378296 0.053002554923295974731 0.056093972176313400269 0.056523919105529785156 0.056516338139772415161 0.056658025830984115601 0.057942714542150497437 0.059325847774744033813 0.062096912413835525513 0.0675088539719581604 0.07175274193286895752 0.073696449398994445801 0.073826901614665985107 0.072791747748851776123 0.056821506470441818237 0.058769892901182174683 0.074243344366550445557 0.076190106570720672607 0.075440734624862670898 0.074098087847232818604 0.074469901621341705322 0.077218554913997650146 0.079561218619346618652 0.11338274925947189331 0.11629398912191390991 0.12006255984306335449 0.087212450802326202393 0.090427063405513763428 0.093416363000869750977 0.096266672015190124512 0.097836315631866455078
-9999 -9999 -9999 -9999 -9999 -9999 1.0426859855651855469 0.056647263467311859131 0.050735294818878173828 0.052601851522922515869 0.043115396052598953247 0.054825205355882644653 0.058644495904445648193 0.059263892471790313721 0.059275537729263305664 0.058832567185163497925 0.058989692479372024536 0.059386450797319412231 0.061446506530046463013 0.066503055393695831299 0.071043431758880615234 0.071512907743453979492 0.072162382304668426514 0.071213603019714355469 0.074028067290782928467 0.07726468890905380249 0.078639656305313110352 0.076988495886325836182 0.075956381857395172119 0.076432265341281890869 0.076788358390331268311 0.10901515930891036987 0.10969023406505584717 0.080101691186428070068 0.083147577941417694092 0.086583204567432403564 0.090346485376358032227 0.094044826924800872803 0.097135238349437713623 0.099749349057674407959 0.10143427550792694092
-9999 -9999 -9999 -9999 -9999 -9999 0.12092331796884536743 0.049250867217779159546 0.052831888198852539062 0.05526170879602432251 0.04665974155068397522 0.058801304548978805542 0.061138220131397247314 0.062437936663627624512 0.062877513468265533447 0.061526879668235778809 0.059198953211307525635 0.057556953281164169312 0.059018906205892562866 0.064113795757293701172 0.05498148500919342041 0.056825339794158935547 0.057753410190343856812 0.057675588876008987427 0.07291081547737121582 0.077964961528778076172 0.079276196658611297607 0.11019681394100189209 0.10863865166902542114 0.11038405448198318481 0.11212088912725448608 0.079264923930168151855 0.080261126160621643066 0.082624666392803192139 0.085403271019458770752 0.088046014308929443359 0.090877383947372436523 0.094036847352981567383 0.096916131675243377686 0.099576540291309356689 0.10186250507831573486
-9999 -9999 -9999 -9999 -9999 1.0405226945877075195 0.045911092311143875122 0.062798567116260528564 0.044790759682655334473 0.045565579086542129517 0.054488968104124069214 0.057287018746137619019 0.060032062232494354248 0.062323443591594696045 0.063176713883876800537 0.062597751617431640625 0.060555223375558853149 0.058344196528196334839 0.059344049543142318726 0.064052455127239227295 0.08642040938138961792 0.095771968364715576172 0.101568564772605896 0.10600499063730239868 0.10957304388284683228 0.11251600086688995361 0.11379972100257873535 0.079515673220157623291 0.07945140451192855835 0.080779984593391418457 0.081283293664455413818 0.080988228321075439453 0.081936940550804138184 0.083685286343097686768 0.085498973727226257324 0.08725191652774810791 0.089503377676010131836 0.092718251049518585205 0.095821350812911987305 0.098452419042587280273 0.10087621957063674927
-9999 -9999 -9999 -9999 2.0771620273590087891 0 0.053304094821214675903 0.064397886395454406738 0.042407233268022537231 0.04074010998010635376 0.049278482794761657715 0.052338708192110061646 0.057220056653022766113 0.058456942439079284668 0.061223022639751434326 0.062313724309206008911 0.061823587864637374878 0.059820227324962615967 0.060752969235181808472 0.065195769071578979492 0.06955874711275100708 0.07319952547550201416 0.076972566545009613037 0.080489143729209899902 0.082463249564170837402 0.082904398441314697266 0.083057925105094909668 0.082989707589149475098 0.082830652594566345215 0.083053253591060638428 0.083086974918842315674 0.082632362842559814453 0.082624636590480804443 0.083142243325710296631 0.084017492830753326416 0.085168600082397460938 0.087172649800777435303 0.090609565377235412598 0.09405838698148727417 0.096863560378551483154 0.099170289933681488037
-9999 -9999 -9999 -9999 1.0422257184982299805 0.050142236053943634033 0.051952756941318511963 0.05074767768383026123 0.044860240072011947632 0.037719223648309707642 0.04594150930643081665 0.058102026581764221191 0.044427238404750823975 0.056072328239679336548 0.059965725988149642944 0.06225056573748588562 0.062359988689422607422 0.060276001691818237305 0.061194758862257003784 0.065680228173732757568 0.070695124566555023193 0.075650699436664581299 0.079858325421810150146 0.084346570074558258057 0.086622096598148345947 0.086969748139381408691 0.087431252002716064453 0.088091559708118438721 0.087938770651817321777 0.087330736219882965088 0.087104395031929016113 0.086794316768646240234 0.086315445601940155029 0.085881054401397705078 0.085712514817714691162 0.085914403200149536133 0.086917981505393981934 0.089320324361324310303 0.09235788881778717041 0.095429919660091400146 0.097644515335559844971
-9999 -9999 -9999 1.0411283969879150391 0 0.051782540977001190186 0.039579093456268310547 0.042077485471963882446 0.035678233951330184937 0.041394561529159545898 0.050495896488428115845 0.045596566051244735718 0.041856039315462112427 0.053421258926391601562 0.058646347373723983765 0.061592109501361846924 0.062068074941635131836 0.060390878468751907349 0.061113905161619186401 0.065330259501934051514 0.073555730283260345459 0.075482822954654693604 0.082160413265228271484 0.086677893996238708496 0.08953008800745010376 0.0906580314040184021 0.091708727180957794189 0.092878371477127075195 0.092979602515697479248 0.092075124382972717285 0.091451637446880340576 0.091091513633728027344 0.09064693748950958252 0.089959189295768737793 0.089131146669387817383 0.088538512587547302246 0.088378697633743286133 0.089101620018482208252 0.091256760060787200928 0.094499804079532623291 0.096556909382343292236
-9999 -9999 -9999 1.0390316247940063477 0.044631514698266983032 0.040110137313604354858 0.033974077552556991577 0.030218724161386489868 0.034130826592445373535 0.035521198064088821411 0.041855197399854660034 0.040879998356103897095 0.038234710693359375 0.049750611186027526855 0.05622974783182144165 0.059444662183523178101 0.060512479394674301147 0.059756703674793243408 0.059562310576438903809 0.077529393136501312256 0.055439174175262451172 0.07197535783052444458 0.07862065732479095459 0.083704486489295959473 0.087698809802532196045 0.090186946094036102295 0.092006817460060119629 0.093480296432971954346 0.093747124075889587402 0.092695847153663635254 0.091625630855560302734 0.091008052229881286621 0.090855844318866729736 0.090943358838558197021 0.090913392603397369385 0.090897783637046813965 0.090606793761253356934 0.090124458074569702148 0.091310128569602966309 0.094457827508449554443 0.096437998116016387939
-9999 -9999 1.0327361822128295898 0 0.037231147289276123047 0.036187984049320220947 0.026320109143853187561 0.023700112476944923401 0.025802481919527053833 0.022473225370049476624 0.030926208943128585815 0.033717431128025054932 0.032692532986402511597 0.045177429914474487305 0.052494883537292480469 0.055759310722351074219 0.057772137224674224854 0.05816192924976348877 0.068081639707088470459 0.054237056523561477661 0.048669699579477310181 0.062605075538158416748 0.069763951003551483154 0.075949452817440032959 0.081539675593376159668 0.085690438747406005859 0.088414609432220458984 0.090318560600280761719 0.090924188494682312012 0.089935518801212310791 0.088554449379444122314 0.087709724903106689453 0.088087379932403564453 0.089493349194526672363 0.090927839279174804688 0.0921231880784034729 0.092451341450214385986 0.091599859297275543213 0.091845154762268066406 0.094462789595127105713 0.096552930772304534912
