tests/data/reference/gistest_nucice/full/cvsur_m3.asc
ncols        123
nrows        77
xllcorner    -713746.799299980048
yllcorner    -1061022.369616159936
cellsize     10.000000000000
NODATA_value  -9999
[rows 18 to 35 of 77, columns 41 to 81 of 123]
0.10371614992618560791 0.10195096582174301147 0.10083286464214324951 0.10079387575387954712 0.099776007235050201416 0.097484119236469268799 0.095499344170093536377 0.0912400856614112854 0.072440527379512786865 0.10020920634269714355 0.10476831346750259399 0.10844259709119796753 0.11085245758295059204 0.11149007827043533325 0.11274199187755584717 0.10641334950923919678 0.078727640211582183838 0.077675037086009979248 0.076562680304050445557 0.075490079820156097412 0.074483610689640045166 0.10229073464870452881 0.093273840844631195068 0.0912477150559425354 0.089893192052841186523 0.093827798962593078613 0.093166388571262359619 0.091192469000816345215 0.11371970176696777344 0.076476611196994781494 0.06847451627254486084 0.050433382391929626465 0.072001926600933074951 0.10568750649690628052 0.086981646716594696045 0.086365066468715667725 0.079768270254135131836 0.061285629868507385254 -9999 -9999 -9999
0.10695074498653411865 0.10650049895048141479 0.10593233257532119751 0.10563360899686813354 0.10458515584468841553 0.10290188342332839966 0.1015438959002494812 0.10097437351942062378 0.075134553015232086182 0.09990873187780380249 0.10799222439527511597 0.11038222908973693848 0.11220175772905349731 0.11373653262853622437 0.11496012657880783081 0.11539055407047271729 0.1134188920259475708 0.10540676862001419067 0.10413152724504470825 0.10254908353090286255 0.10065858066082000732 0.098472550511360168457 0.1026051938533782959 0.10039033740758895874 0.1003683432936668396 0.10028231143951416016 0.09946677088737487793 0.094862230122089385986 0.12485131621360778809 0.07822408527135848999 0.072464831173419952393 0.054770804941654205322 0.066896960139274597168 0.089001983404159545898 0.10573757439851760864 0.084088087081909179688 0.089298009872436523438 0.087687060236930847168 0.068858616054058074951 -9999 -9999
0.10878514498472213745 0.1097502782940864563 0.10981167107820510864 0.10923454910516738892 0.10818740725517272949 0.10710822045803070068 0.10636417567729949951 0.10648066550493240356 0.077255554497241973877 0.10298810899257659912 0.10973931849002838135 0.11187680065631866455 0.11357823014259338379 0.11522085219621658325 0.11635587364435195923 0.11674697697162628174 0.11632519960403442383 0.11521853506565093994 0.11263315379619598389 0.1108341217041015625 0.10851232707500457764 0.10651165246963500977 0.10544991493225097656 0.10590307414531707764 0.1059616580605506897 0.10526525229215621948 0.10211645066738128662 0.13260634243488311768 0.092802159488201141357 0.081077352166175842285 0.077672973275184631348 0.072376377880573272705 0.056110184639692306519 0.053911797702312469482 0.074114672839641571045 0.11314587295055389404 0.091387197375297546387 0.0960691794753074646 0.092419534921646118164 0.069363199174404144287 0.066205576062202453613
0.10988961160182952881 0.11193079501390457153 0.11257793009281158447 0.11189173907041549683 0.11070618778467178345 0.10975731909275054932 0.10955408215522766113 0.1103250458836555481 0.10485389083623886108 0.079307183623313903809 0.11159937083721160889 0.11301214993000030518 0.1150358244776725769 0.11693839728832244873 0.11762806028127670288 0.11757132411003112793 0.11708600819110870361 0.11604844778776168823 0.11448493599891662598 0.11279398947954177856 0.11150726675987243652 0.11067225784063339233 0.11004794389009475708 0.10917089134454727173 0.10833695530891418457 0.10594603419303894043 0.10158566385507583618 0.14446346461772918701 0.089476563036441802979 0.085236124694347381592 0.082680836319923400879 0.080359749495983123779 0.076283715665340423584 0.061464648693799972534 0.075377941131591796875 0.078782767057418823242 0.087749727070331573486 0.12515793740749359131 0.096282921731472015381 0.094461336731910705566 0.092304468154907226562
0.10997799783945083618 0.11239142715930938721 0.11341985315084457397 0.11289629340171813965 0.11181305348873138428 0.11100955307483673096 0.11124980449676513672 0.11253035068511962891 0.11291900277137756348 0.10677997022867202759 0.079508237540721893311 0.11465634405612945557 0.11674333363771438599 0.11847119778394699097 0.11855116486549377441 0.11799263209104537964 0.11738409101963043213 0.11633042991161346436 0.11470464617013931274 0.11344722658395767212 0.11310789734125137329 0.11288106441497802734 0.11211786419153213501 0.11085615307092666626 0.10910416394472122192 0.10566083341836929321 0.10057184100151062012 0.14562666416168212891 0.090112738311290740967 0.088522970676422119141 0.087395444512367248535 0.08681332319974899292 0.086887285113334655762 0.084463082253932952881 0.084983363747596740723 0.062580637633800506592 0.082742027938365936279 0.086307920515537261963 0.13605944812297821045 0.097464799880981445312 0.098076239228248596191
0.10883583873510360718 0.11079046875238418579 0.11191651225090026855 0.11187519878149032593 0.11134196817874908447 0.11095772683620452881 0.11152611672878265381 0.11294160783290863037 0.11415491998195648193 0.11367344856262207031 0.080170512199401855469 0.10882547497749328613 0.11870537698268890381 0.11943531036376953125 0.11886260658502578735 0.11810369044542312622 0.11762708425521850586 0.1167393028736114502 0.11505027115345001221 0.11367005109786987305 0.11331644654273986816 0.11293482780456542969 0.11219224333763122559 0.11117521673440933228 0.10911747068166732788 0.10514883697032928467 0.099498726427555084229 0.14257307350635528564 0.08892691880464553833 0.090165048837661743164 0.091790586709976196289 0.093222983181476593018 0.094743147492408752441 0.094911277294158935547 0.093087278306484222412 0.067883618175983428955 0.083703339099884033203 0.084973603487014770508 0.083024963736534118652 0.12694381177425384521 0.087098173797130584717
0.10783202201128005981 0.10921129584312438965 0.11024574935436248779 0.11066942662000656128 0.11079446226358413696 0.11100126057863235474 0.11196151375770568848 0.11351472139358520508 0.11489772796630859375 0.080433465540409088135 0.11738147586584091187 0.1107506975531578064 0.11901718378067016602 0.1203673630952835083 0.11928962171077728271 0.11811293661594390869 0.11733713001012802124 0.11636056751012802124 0.1147823631763458252 0.11359667032957077026 0.11326662451028823853 0.11295659840106964111 0.11242371797561645508 0.11106462031602859497 0.10825768858194351196 0.1041687503457069397 0.099123619496822357178 0.14168430864810943604 0.090046718716621398926 0.092574052512645721436 0.095809519290924072266 0.098532721400260925293 0.10060492902994155884 0.1010907590389251709 0.099622890353202819824 0.092257119715213775635 0.091877415776252746582 0.064823627471923828125 0.081976756453514099121 0.07812169194221496582 0.08516833186149597168
0.10761260241270065308 0.10863747447729110718 0.10947900265455245972 0.11017275601625442505 0.11086837202310562134 0.11176135390996932983 0.1132580488920211792 0.11516845971345901489 0.11709681153297424316 0.11042133718729019165 0.08318875730037689209 0.1212951168417930603 0.12039601802825927734 0.12141821533441543579 0.12006739526987075806 0.11795897781848907471 0.1160999685525894165 0.11463994532823562622 0.11372050642967224121 0.11355271190404891968 0.11384489387273788452 0.11376550793647766113 0.11284070461988449097 0.11052858084440231323 0.10693330317735671997 0.1033770442008972168 0.1002874523401260376 0.14617362618446350098 0.094680711627006530762 0.09659576416015625 0.099570594727993011475 0.10251699388027191162 0.10465810447931289673 0.10506115853786468506 0.10393694043159484863 0.10114118456840515137 0.098328888416290283203 0.089743755757808685303 0.089972503483295440674 0.06646493077278137207 0.082854852080345153809
0.10723260790109634399 0.10790582001209259033 0.10873492807149887085 0.10998634994029998779 0.11163350939750671387 0.11355494707822799683 0.11559850722551345825 0.11763159185647964478 0.11991560459136962891 0.12065054476261138916 0.084331467747688293457 0.11406668275594711304 0.12306398153305053711 0.12184692174196243286 0.11986314505338668823 0.11713111400604248047 0.11473403126001358032 0.11332657933235168457 0.11335095763206481934 0.11395176500082015991 0.11447640508413314819 0.1143175959587097168 0.11285638809204101562 0.11020737141370773315 0.10693200677633285522 0.10392323136329650879 0.10158529877662658691 0.15128242969512939453 0.097460478544235229492 0.098734796047210693359 0.10124194622039794922 0.1038670763373374939 0.10577161610126495361 0.10616017132997512817 0.10559404641389846802 0.10464014112949371338 0.1033461838960647583 0.10092632472515106201 0.099203519523143768311 0.091565527021884918213 0.089479438960552215576
0.10616576671600341797 0.10643319040536880493 0.10758703947067260742 0.10993436723947525024 0.1131483614444732666 0.1164806857705116272 0.11892082542181015015 0.12059138715267181396 0.12272290140390396118 0.12461057305335998535 0.11571873724460601807 0.12340905517339706421 0.08363386988639831543 0.12128426879644393921 0.11818517744541168213 0.11540044099092483521 0.11378847807645797729 0.1133893132209777832 0.11404857784509658813 0.11471902579069137573 0.11485888063907623291 0.11433058977127075195 0.11280829459428787231 0.11074547469615936279 0.1084727942943572998 0.10575816035270690918 0.10250656306743621826 0.15290506184101104736 0.09653453528881072998 0.097728110849857330322 0.10002756863832473755 0.10193499177694320679 0.1033703535795211792 0.10394760966300964355 0.10441924631595611572 0.10534732788801193237 0.1062165871262550354 0.10651101917028427124 0.10571143031120300293 0.10234098136425018311 0.098087020218372344971
0.10560509562492370605 0.10669828206300735474 0.10867801308631896973 0.11179269850254058838 0.11579103022813796997 0.11957212537527084351 0.12177924066781997681 0.12294478714466094971 0.12484075874090194702 0.12646810710430145264 0.12474738061428070068 0.12504163384437561035 0.11256392300128936768 0.11894166469573974609 0.1153642311692237854 0.078253328800201416016 0.11326446384191513062 0.11354040354490280151 0.11468114703893661499 0.11559106409549713135 0.1156155318021774292 0.11481540650129318237 0.11320550739765167236 0.11125938594341278076 0.10910270363092422485 0.10612197965383529663 0.10215080529451370239 0.15234957635402679443 0.096113622188568115234 0.097921758890151977539 0.10030651092529296875 0.10182631015777587891 0.10282734781503677368 0.10322850197553634644 0.10396020114421844482 0.10575733333826065063 0.10802376270294189453 0.10976150631904602051 0.10976210236549377441 0.10764325410127639771 0.1044566035270690918
0.23786446452140808105 0.10991317033767700195 0.11293222755193710327 0.1160550341010093689 0.11948204785585403442 0.12227676063776016235 0.1235494464635848999 0.12427899986505508423 0.12601193785667419434 0.12701809406280517578 0.12572747468948364258 0.12356049567461013794 0.11843255162239074707 0.11679694056510925293 0.11431344598531723022 0.078796267509460449219 0.10503958910703659058 0.11330309510231018066 0.11492267251014709473 0.11656516045331954956 0.11690036207437515259 0.1160172000527381897 0.1140467226505279541 0.11133092641830444336 0.10786149650812149048 0.10378997772932052612 0.10005360841751098633 0.09829445183277130127 0.15081332623958587646 0.10103078931570053101 0.10383481532335281372 0.10555977374315261841 0.1061933860182762146 0.10582087934017181396 0.10563395917415618896 0.10679049789905548096 0.10932955145835876465 0.111596718430519104 0.11168660223484039307 0.10968029499053955078 0.10716570913791656494
0.32705333828926086426 0.26722481846809387207 0.15760207176208496094 0.16413037478923797607 0.11652513593435287476 0.11955103278160095215 0.12128593027591705322 0.12295506149530410767 0.12495749443769454956 0.12501132488250732422 0.12250348925590515137 0.11932592839002609253 0.11605086922645568848 0.11426282674074172974 0.1135859265923500061 0.1056431010365486145 0.078989610075950622559 0.1124981418251991272 0.11544883996248245239 0.11689360439777374268 0.11677073687314987183 0.11537754535675048828 0.11280790716409683228 0.10941110551357269287 0.10532455146312713623 0.10167233645915985107 0.099794417619705200195 0.10011336207389831543 0.10228908061981201172 0.16128370165824890137 0.10848116874694824219 0.10974525660276412964 0.10957895964384078979 0.10837339609861373901 0.10748620331287384033 0.10810571163892745972 0.11053517460823059082 0.11248401552438735962 0.1122639775276184082 0.11062111705541610718 0.10898689180612564087
0.3124313652515411377 0.3921534419059753418 0.3833465874195098877 0.31053531169891357422 0.16928435862064361572 0.22118018567562103271 0.11369365453720092773 0.11834087222814559937 0.12087254226207733154 0.11934684962034225464 0.1152501329779624939 0.11186419427394866943 0.11042943596839904785 0.1109943687915802002 0.11239557713270187378 0.11232512444257736206 0.10641343891620635986 0.080301448702812194824 0.11610153317451477051 0.11597102880477905273 0.11421328037977218628 0.11153919994831085205 0.10806398093700408936 0.10461045801639556885 0.10199700295925140381 0.10130541026592254639 0.10250645875930786133 0.10477001219987869263 0.10781965404748916626 0.17280507087707519531 0.11306497454643249512 0.11284852027893066406 0.11139423400163650513 0.10956130921840667725 0.10871545970439910889 0.10951936244964599609 0.11163652688264846802 0.11248498409986495972 0.11181172728538513184 0.11118955165147781372 0.11098359525203704834
0.15659502148628234863 0.26432594656944274902 0.3096040189266204834 0.31640377640724182129 0.37511309981346130371 0.3213583827018737793 0.34328386187553405762 0.15139831602573394775 0.22012160718441009521 0.10596771538257598877 0.10233942419290542603 0.10067451000213623047 0.10211370140314102173 0.10515557229518890381 0.10816959291696548462 0.076554007828235626221 0.11238192766904830933 0.11311604827642440796 0.10686068981885910034 0.11416686326265335083 0.11196999996900558472 0.10911906510591506958 0.10592342168092727661 0.10353461652994155884 0.10272162407636642456 0.10371274501085281372 0.10620453953742980957 0.10906552523374557495 0.11178851127624511719 0.18237650394439697266 0.11433927714824676514 0.11306276172399520874 0.11126428097486495972 0.10981468111276626587 0.10969198495149612427 0.1108811497688293457 0.11236474663019180298 0.11180280148983001709 0.11036885529756546021 0.11020612716674804688 0.11084727197885513306
0.16055369377136230469 0.16436882317066192627 0.16598388552665710449 0.1896823495626449585 0.29708740115165710449 0.34722355008125305176 0.37607660889625549316 0.61873346567153930664 0.44062504172325134277 0.35135889053344726562 0.12130559980869293213 0.085935600101947784424 0.090422458946704864502 0.094632439315319061279 0.098617196083068847656 0.10263705253601074219 0.098846912384033203125 0.10932148993015289307 0.11108024418354034424 0.11055412143468856812 0.1116285175085067749 0.11058703064918518066 0.10935199260711669922 0.1086319461464881897 0.1085438653826713562 0.10911677777767181396 0.11043436825275421143 0.1117730364203453064 0.11257249116897583008 0.11221480369567871094 0.18322245776653289795 0.10975605249404907227 0.10919160395860671997 0.10945520550012588501 0.11064937710762023926 0.11211615055799484253 0.1126055791974067688 0.11050217598676681519 0.10790435969829559326 0.10710816085338592529 0.10747751593589782715
0.11006575822830200195 0.11350558698177337646 0.17009451985359191895 0.17197923362255096436 0.17227928340435028076 0.19598819315433502197 0.19509421288967132568 0.18937997519969940186 0.29217800498008728027 0.31189912557601928711 0.34822353720664978027 0.22822090983390808105 0.18949951231479644775 0.12702552974224090576 0.13420821726322174072 0.096245899796485900879 0.10123503208160400391 0.10431254655122756958 0.10853470861911773682 0.11090378463268280029 0.11238031834363937378 0.1134090125560760498 0.11400667577981948853 0.11459141969680786133 0.11492329835891723633 0.11491071432828903198 0.11458814889192581177 0.1137000545859336853 0.11211701482534408569 0.10965252667665481567 0.24570204317569732666 0.10476865619421005249 0.10510560870170593262 0.10696236789226531982 0.10935865342617034912 0.11089718341827392578 0.11033795773983001709 0.10708153992891311646 0.10410270094871520996 0.10329097509384155273 0.10356271266937255859
0.10904300957918167114 0.11126888543367385864 0.11260794848203659058 0.11262491345405578613 0.16688832640647888184 0.16880016028881072998 0.17072801291942596436 0.19217434525489807129 0.18355730175971984863 0.17441406846046447754 0.25953587889671325684 0.2799707949161529541 0.18023455142974853516 0.24303551018238067627 0.14538560807704925537 0.15356512367725372314 0.14764483273029327393 0.15549069643020629883 0.16071148216724395752 0.16543556749820709229 0.16893678903579711914 0.17154082655906677246 0.17383971810340881348 0.17549183964729309082 0.17612725496292114258 0.17549222707748413086 0.17289626598358154297 0.16836470365524291992 0.16281631588935852051 0.15649661421775817871 0.14992263913154602051 0.25922802090644836426 0.14461798965930938721 0.14863920211791992188 0.15325377881526947021 0.1058850511908531189 0.1043270602822303772 0.10062877833843231201 0.09857463836669921875 0.099172018468379974365 0.10035141557455062866
