tests/data/reference/gistest_nucice/full/cvsur_m3.asc
ncols        123
nrows        77
xllcorner    -713746.799299980048
yllcorner    -1061022.369616159936
cellsize     10.000000000000
NODATA_value  -9999
[rows 18 to 35 of 77, columns 0 to 40 of 123]
-9999 -9999 -9999 -9999 -9999 -9999 -9999 -9999 -9999 -9999 -9999 -9999 -9999 -9999 -9999 -9999 -9999 0.061986546963453292847 0.084336206316947937012 0.084670037031173706055 0.082648664712905883789 0.10551784932613372803 0.058256175369024276733 0.061029534786939620972 0 1.0479888916015625 1.8106251955032348633 1.2775887250900268555 0.061885941773653030396 0.17081524431705474854 0.088592290878295898438 0.095854870975017547607 0.099280603229999542236 0.10071612894535064697 0.095052309334278106689 0.098973035812377929688 0.10565547645092010498 0.09714266657829284668 0.099312409758567810059 0.10209964960813522339 0.10390026867389678955
-9999 -9999 -9999 -9999 -9999 -9999 -9999 -9999 -9999 -9999 -9999 -9999 -9999 -9999 -9999 -9999 0.05832228437066078186 0.076557047665119171143 0.081501789391040802002 0.078634433448314666748 0.10387953370809555054 0.071618542075157165527 0.060032792389392852783 0.066127151250839233398 1.1088426113128662109 0.25152456760406494141 1.310779571533203125 0.77618831396102905273 0.062930651009082794189 0.086159490048885345459 0.092609293758869171143 0.071683600544929504395 0.13946610689163208008 0.10169333964586257935 0.10056386888027191162 0.10096544027328491211 0.10178177058696746826 0.10142876207828521729 0.10319651663303375244 0.10521464794874191284 0.10652054101228713989
-9999 -9999 -9999 -9999 -9999 -9999 -9999 -9999 -9999 -9999 -9999 -9999 -9999 -9999 -9999 0.078089192509651184082 0.099741354584693908691 0.10750307142734527588 0.10810315608978271484 0.098474562168121337891 0.066114313900470733643 0.052471503615379333496 0.076313287019729614258 1.0476891994476318359 2.2203898429870605469 0.11112903058528900146 0.73127716779708862305 0.25281983613967895508 0.080726049840450286865 0.089675620198249816895 0.095510415732860565186 0.0719966888427734375 0.14310435950756072998 0.1014911457896232605 0.10139229893684387207 0.10183520615100860596 0.10253424942493438721 0.10349664837121963501 0.1050090789794921875 0.10654093325138092041 0.10761800408363342285
-9999 -9999 -9999 -9999 -9999 -9999 -9999 -9999 -9999 -9999 -9999 -9999 -9999 -9999 -9999 0.096078500151634216309 0.10103871673345565796 0.10007114708423614502 0.12875136733055114746 0.1124227866530418396 0.067653059959411621094 0.074050426483154296875 0 1.1236822605133056641 2.75798797607421875 0.078466936945915222168 0.20838814973831176758 0.082153871655464172363 0.085666269063949584961 0.092373579740524291992 0.070448316633701324463 0.098418258130550384521 0.14334958791732788086 0.10126610100269317627 0.10152506828308105469 0.10125493258237838745 0.10083521902561187744 0.10194537043571472168 0.10424749553203582764 0.10640352964401245117 0.10796370357275009155
-9999 -9999 -9999 -9999 -9999 -9999 -9999 -9999 -9999 -9999 -9999 -9999 -9999 -9999 -9999 0.090079136192798614502 0.087852410972118377686 0.075416520237922668457 0.12575162947177886963 0.062359318137168884277 0.064294092357158660889 0 1.1213300228118896484 0.31821286678314208984 2.2901020050048828125 0.072476930916309356689 0.076540492475032806396 0.081393130123615264893 0.088222511112689971924 0.093730963766574859619 0.070353172719478607178 0.093097418546676635742 0.10004178434610366821 0.15421846508979797363 0.1012788042426109314 0.10032116621732711792 0.099528066813945770264 0.072602882981300354004 0.14559508860111236572 0.10640665143728256226 0.10794805735349655151
-9999 -9999 -9999 -9999 -9999 -9999 -9999 -9999 -9999 -9999 -9999 -9999 -9999 -9999 0.050208982080221176147 0.071687489748001098633 0.090499356389045715332 0.093239791691303253174 0.056154824793338775635 0.024558538571000099182 0 1.1116442680358886719 0 1.089931488037109375 1.7112002372741699219 0.11372379213571548462 0.1196091771125793457 0.12593185901641845703 0.090013302862644195557 0.093692496418952941895 0.070048011839389801025 0.093041040003299713135 0.099231123924255371094 0.10051184147596359253 0.15625455975532531738 0.09994897991418838501 0.10053535550832748413 0.074402727186679840088 0.15024672448635101318 0.10697881877422332764 0.10756631940603256226
-9999 -9999 -9999 -9999 -9999 -9999 -9999 -9999 -9999 -9999 -9999 -9999 -9999 -9999 0.034521758556365966797 0.054502256214618682861 0.13543514907360076904 0.084940731525421142578 0.05439273640513420105 0.072618633508682250977 1.0718749761581420898 2.1564061641693115234 0.092734985053539276123 0.088756904006004333496 0.71901726722717285156 1.1993597745895385742 0.14202736318111419678 0.14646489918231964111 0.13499414920806884766 0.10314994305372238159 0.09561573714017868042 0.092647932469844818115 0.098559707403182983398 0.099218480288982391357 0.15411609411239624023 0.099133960902690887451 0.10152909904718399048 0.075103580951690673828 0.15331779420375823975 0.10701005160808563232 0.10705135762691497803
-9999 -9999 -9999 -9999 -9999 -9999 -9999 -9999 -9999 -9999 -9999 -9999 -9999 -9999 0.040880303829908370972 0.056735854595899581909 0.061658628284931182861 0.061452250927686691284 0.060104880481958389282 0 1.1201598644256591797 0.85090208053588867188 1.7850915193557739258 0.12589474022388458252 0.12964428961277008057 0.38541945815086364746 0.71697103977203369141 0.15737421810626983643 0.15480546653270721436 0.10478223115205764771 0.14633630216121673584 0.14250257611274719238 0.14197552204132080078 0.096664369106292724609 0.096061870455741882324 0.15101753175258636475 0.072731643915176391602 0.10417487472295761108 0.099334351718425750732 0.16587533056735992432 0.10668405890464782715
-9999 -9999 -9999 -9999 -9999 -9999 -9999 -9999 -9999 -9999 -9999 -9999 0.070249043405055999756 0.0561006888747215271 0.11037243157625198364 0.076238892972469329834 0.062586814165115356445 0.032010566443204879761 0 1.1073555946350097656 0.3138917386531829834 1.0831198692321777344 0.55727034807205200195 1.349080204963684082 0.13619185984134674072 0.14243097603321075439 0.52659577131271362305 0.15559583902359008789 0.15700206160545349121 0.14373059570789337158 0.10311428457498550415 0.15911805629730224609 0.15645046532154083252 0.15311658382415771484 0.13603991270065307617 0.095849983394145965576 0.10970239341259002686 0.097350150346755981445 0.10502273589372634888 0.10472249239683151245 0.16912503540515899658
-9999 -9999 -9999 -9999 -9999 -9999 -9999 -9999 -9999 -9999 -9999 -9999 -9999 0.068401776254177093506 0.069031126797199249268 0.068420127034187316895 0.040513381361961364746 0 1.0786366462707519531 0.27135729789733886719 0.14080752432346343994 0.11894702166318893433 0.78829973936080932617 0.83465790748596191406 1.5328176021575927734 0.96319788694381713867 0.44241994619369506836 0.18875010311603546143 0.14310063421726226807 0.15041457116603851318 0.15234979987144470215 0.14087688922882080078 0.15523806214332580566 0.15080589056015014648 0.15150325000286102295 0.15523974597454071045 0.14680272340774536133 0.15311403572559356689 0.10372457653284072876 0.10571021586656570435 0.16876871883869171143
-9999 -9999 -9999 -9999 -9999 -9999 -9999 -9999 -9999 -9999 -9999 -9999 -9999 -9999 -9999 0.050882909446954727173 0 1.045811772346496582 2.0884976387023925781 1.6651097536087036133 1.1747586727142333984 0.63781833648681640625 0.20586054027080535889 0.11616080999374389648 0.11753628402948379517 0.12264715135097503662 0.12424767762422561646 0.21292996406555175781 0.2197046130895614624 0.13534280657768249512 0.14305615425109863281 0.14551050961017608643 0.14182507991790771484 0.14312410354614257812 0.14579179883003234863 0.15668621659278869629 0.16517440974712371826 0.16434070467948913574 0.16817720234394073486 0.15164802968502044678 0.16742667555809020996
-9999 -9999 -9999 -9999 -9999 -9999 -9999 -9999 -9999 -9999 -9999 -9999 -9999 -9999 -9999 -9999 0 1.045836329460144043 0.76869863271713256836 0.45414203405380249023 0.20048707723617553711 0.11511435359716415405 0.10742425918579101562 0.11150797456502914429 0.11818739026784896851 0.12601888179779052734 0.12904414534568786621 0.12440441548824310303 0.12120614200830459595 0.20525254309177398682 0.21205741167068481445 0.21729677915573120117 0.13266173005104064941 0.13323669135570526123 0.13767267763614654541 0.14823333919048309326 0.23293702304363250732 0.27630242705345153809 0.16276125609874725342 0.17039568722248077393 0.17130064964294433594
-9999 -9999 -9999 -9999 -9999 -9999 -9999 -9999 -9999 -9999 -9999 -9999 -9999 -9999 -9999 -9999 1.0462108850479125977 0.22659066319465637207 0.11321964114904403687 0.10366738587617874146 0.10470716655254364014 0.15349105000495910645 0.11529141664505004883 0.11340846866369247437 0.11949440091848373413 0.12650023400783538818 0.1298214644193649292 0.12728445231914520264 0.12640924751758575439 0.13104015588760375977 0.13338078558444976807 0.13003087043762207031 0.20969127118587493896 0.20226696133613586426 0.20214605331420898438 0.2162653803825378418 0.157316550612449646 0.14715315401554107666 0.28063631057739257812 0.29802659153938293457 0.31637078523635864258
-9999 -9999 -9999 -9999 -9999 -9999 -9999 -9999 -9999 -9999 -9999 -9999 -9999 -9999 -9999 1.0462200641632080078 0.19594056904315948486 0.075493402779102325439 1.249599456787109375 0.4896888434886932373 0.1435136944055557251 0.10773785412311553955 0.15401391685009002686 0.17710584402084350586 0.13636483252048492432 0.19996590912342071533 0.20687653124332427979 0.21175928413867950439 0.15233960747718811035 0.14142614603042602539 0.1413202136754989624 0.13725812733173370361 0.12863898277282714844 0.11561629176139831543 0.10938771814107894897 0.11469842493534088135 0.19592010974884033203 0.2209660261869430542 0.25123500823974609375 0.282978057861328125 0.30720213055610656738
-9999 -9999 -9999 -9999 -9999 -9999 -9999 -9999 -9999 -9999 -9999 -9999 -9999 -9999 1.0455154180526733398 2.0874171257019042969 3.5210263729095458984 2.3693158626556396484 0.064441867172718048096 0.066062659025192260742 0.098945192992687225342 0.10293830931186676025 0.10694330930709838867 0.12154204398393630981 0.16232916712760925293 0.11429961025714874268 0.11714790761470794678 0.083587862551212310791 0.085895374417304992676 0.12874460220336914062 0.14231830835342407227 0.20323206484317779541 0.19505631923675537109 0.17924031615257263184 0.17014651000499725342 0.1765947490930557251 0.12048991024494171143 0.13098916411399841309 0.14043092727661132812 0.14961230754852294922 0.15540359914302825928
-9999 -9999 -9999 -9999 -9999 -9999 -9999 -9999 -9999 -9999 -9999 -9999 -9999 -9999 1.0460424423217773438 2.6998248100280761719 0.067937113344669342041 0.068600438535213470459 0.068663060665130615234 0.06843681633472442627 0.068981811404228210449 0.071068421006202697754 0.1073363572359085083 0.076935879886150360107 0.078856080770492553711 0.078958630561828613281 0.08099565654993057251 0.085812777280807495117 0.12021658569574356079 0.13248133659362792969 0.13443960249423980713 0.087397180497646331787 0.085115201771259307861 0.084540657699108123779 0.093800365924835205078 0.083921872079372406006 0.090036690235137939453 0.09342212975025177002 0.096973933279514312744 0.10142209380865097046 0.1056796535849571228
-9999 -9999 -9999 -9999 -9999 -9999 -9999 -9999 -9999 -9999 -9999 -9999 -9999 2.0863745212554931641 3.5133216381072998047 0.067181095480918884277 0.06899563223123550415 0.070915944874286651611 0.07138694077730178833 0.070869423449039459229 0.070555396378040313721 0.07133318483829498291 0.072984904050827026367 0.075416110455989837646 0.077590078115463256836 0.078790336847305297852 0.081520669162273406982 0.086739413440227508545 0.09056212007999420166 0.09208428114652633667 0.091739915311336517334 0.09034217149019241333 0.09034121781587600708 0.13594919443130493164 0.06742261350154876709 0.08871450275182723999 0.094540819525718688965 0.096073605120182037354 0.098563082516193389893 0.10205714404582977295 0.10608646273612976074
-9999 -9999 -9999 -9999 -9999 -9999 -9999 -9999 -9999 -9999 -9999 -9999 1.0453393459320068359 3.1191344261169433594 0.070127420127391815186 0.067742556333541870117 0.06938854604959487915 0.071344166994094848633 0.072376661002635955811 0.07257607579231262207 0.072289392352104187012 0.071824841201305389404 0.07208140939474105835 0.073334760963916778564 0.075344771146774291992 0.077606379985809326172 0.081155195832252502441 0.086318187415599822998 0.089866474270820617676 0.091360718011856079102 0.09201164543628692627 0.092539511620998382568 0.13052636384963989258 0.093514330685138702393 0.068295806646347045898 0.093181528151035308838 0.094189375638961791992 0.095869399607181549072 0.098607495427131652832 0.10213032364845275879 0.10582084953784942627
