tests/data/reference/gistest_nucice/full/cvsur_m3.asc
ncols        123
nrows        77
xllcorner    -713746.799299980048
yllcorner    -1061022.369616159936
cellsize     10.000000000000
NODATA_value  -9999
[rows 57 to 75 of 77, columns 42 to 83 of 123]
1.4219223260879516602 1.9697065353393554688 1.6826189756393432617 1.6938924789428710938 2.1588366031646728516 1.7214597463607788086 1.7274233102798461914 1.7245789766311645508 2.1795275211334228516 1.9218888282775878906 2.2487251758575439453 1.797953486442565918 1.4831812381744384766 1.9642913341522216797 2.2336544990539550781 1.8842209577560424805 2.2164630889892578125 2.0339114665985107422 2.0588002204895019531 2.0766527652740478516 2.0906941890716552734 2.1086392402648925781 2.3280875682830810547 2.2307708263397216797 2.2386527061462402344 2.3674631118774414062 4.5640797615051269531 6.6975779533386230469 8.881561279296875 8.57935333251953125 8.210906982421875 7.776477813720703125 7.2865309715270996094 6.7558903694152832031 5.7476868629455566406 4.3016171455383300781 3.4213273525238037109 2.6015894412994384766 1.9664471149444580078 2.0953650474548339844 2.3618571758270263672 2.5829610824584960938
1.8146010637283325195 1.4056655168533325195 1.4088034629821777344 2.0825715065002441406 1.4268141984939575195 1.433484196662902832 1.4346852302551269531 2.0859386920928955078 1.6838492155075073242 2.17151641845703125 1.4987833499908447266 1.1103976964950561523 1.7583601474761962891 2.1718668937683105469 1.6770725250244140625 2.1896853446960449219 1.8745949268341064453 1.8981122970581054688 1.9156702756881713867 1.9258594512939453125 1.9355138540267944336 2.2701244354248046875 2.10836029052734375 2.1239125728607177734 2.3206677436828613281 2.245395660400390625 2.2744197845458984375 2.4137253761291503906 2.4076778888702392578 4.7451806068420410156 4.6780915260314941406 4.5539093017578125 4.3836007118225097656 4.1791586875915527344 3.2502944469451904297 2.2235426902770996094 1.7976382970809936523 1.5540970563888549805 1.7712677717208862305 2.0761106014251708984 21.060308456420898438 21.222074508666992188
1.0516095161437988281 1.0523617267608642578 2.0061619281768798828 1.0577470064163208008 1.0607603788375854492 1.0620887279510498047 1.9733817577362060547 1.3938318490982055664 2.1043035984039306641 1.1041556596755981445 0.6311473846435546875 1.480281829833984375 2.0704731941223144531 1.3945739269256591797 2.1595792770385742188 1.6615296602249145508 1.68277740478515625 1.6975523233413696289 1.7070829868316650391 1.7126948833465576172 2.2081875801086425781 1.9301811456680297852 1.9529967308044433594 2.2596671581268310547 2.1144001483917236328 2.1379599571228027344 2.3377857208251953125 2.2899465560913085938 2.3357825279235839844 2.3886988162994384766 4.5765833854675292969 5.2188997268676757812 5.8025374412536621094 7.8316450119018554688 7.5463266372680664062 7.5447030067443847656 7.3257341384887695312 8.4806842803955078125 13.581994056701660156 18.873708724975585938 1.9798048734664916992 3.4824743270874023438
0.59602731466293334961 1.9236218929290771484 0.59787017107009887695 0.59818238019943237305 0.59703284502029418945 1.830248713493347168 1.0377985239028930664 2.0671977996826171875 0.60939228534698486328 0.62872725725173950195 1.1171332597732543945 1.9331547021865844727 1.0341256856918334961 2.1236186027526855469 1.3809871673583984375 1.404694676399230957 1.4168384075164794922 1.4224528074264526367 1.4239349365234375 2.1503124237060546875 1.6999418735504150391 1.7219791412353515625 2.1860349178314208984 1.9371356964111328125 1.9575902223587036133 2.251773834228515625 2.1382191181182861328 2.1790425777435302734 2.2276010513305664062 2.1247742176055908203 0.65163505077362060547 0.65191376209259033203 1.9239053726196289062 0.66532129049301147461 0.56822925806045532227 1.0169358253479003906 1.4480255842208862305 5.2061629295349121094 5.2575478553771972656 1.6235845088958740234 1.1980829238891601562 1.2100676298141479492
1.819416046142578125 0.59410208463668823242 1.0471081733703613281 1.3920736312866210938 1.6455515623092651367 0.58494418859481811523 2.0476000308990478516 0.59795773029327392578 1.064909815788269043 1.4430079460144042969 1.7343307733535766602 0.58823800086975097656 2.0804443359375 1.0199041366577148438 1.0437334775924682617 1.0570961236953735352 1.0624966621398925781 1.0590800046920776367 2.1001517772674560547 1.4054375886917114258 1.4265551567077636719 2.1121397018432617188 1.7022936344146728516 1.7195409536361694336 2.1577210426330566406 1.9443172216415405273 1.9806532859802246094 2.024188995361328125 1.8627178668975830078 0.65009760856628417969 1.1693065166473388672 1.5839449167251586914 0.65269041061401367188 1.1859623193740844727 2.9343001842498779297 3.5477411746978759766 4.3546323776245117188 5.1772165298461914062 1.1903504133224487305 0.66039717197418212891 0.66309386491775512695 0.66809290647506713867
1.6632007360458374023 1.7867754697799682617 1.8853571414947509766 1.9623274803161621094 2.0146691799163818359 2.0338640213012695312 0.57885599136352539062 1.0333982706069946289 1.3962006568908691406 1.6842310428619384766 1.8973193168640136719 2.0206806659698486328 0.57128864526748657227 0.58420389890670776367 0.59391701221466064453 0.59990328550338745117 0.59949588775634765625 2.0690891742706298828 1.0363652706146240234 1.0504888296127319336 2.0496890544891357422 1.4065477848052978516 1.4169714450836181641 2.0639204978942871094 1.6966054439544677734 1.7290855646133422852 1.7678420543670654297 1.5357687473297119141 0.64831739664077758789 1.1683038473129272461 1.5873563289642333984 1.9178606271743774414 2.179500579833984375 2.3926112651824951172 4.1403188705444335938 4.4486856460571289062 4.978973388671875 0.66060316562652587891 0.65798658132553100586 1.1864240169525146484 1.6160695552825927734 1.9654954671859741211
0.56846952438354492188 0.58384013175964355469 1.0288282632827758789 1.365218043327331543 1.606667637825012207 1.7577654123306274414 1.8550231456756591797 1.9387515783309936523 2.0160362720489501953 2.0832660198211669922 2.1323590278625488281 2.1475429534912109375 2.130702972412109375 2.1011743545532226562 2.0733873844146728516 2.0589635372161865234 2.0575630664825439453 0.58354967832565307617 0.58496445417404174805 2.0081248283386230469 1.0392475128173828125 1.0458540916442871094 1.9904199838638305664 1.3913704156875610352 1.4174581766128540039 1.4495024681091308594 1.1283251047134399414 0.64561456441879272461 1.1638705730438232422 1.5844883918762207031 1.9221361875534057617 2.1848154067993164062 2.3872144222259521484 2.5461428165435791016 4.2936253547668457031 4.5507955551147460938 4.9108386039733886719 4.9750576019287109375 4.9553074836730957031 4.8706803321838378906 4.7316346168518066406 4.5458889007568359375
-9999 -9999 0.59397560358047485352 0.59038567543029785156 1.0264695882797241211 1.3379410505294799805 0.57940649986267089844 1.0376658439636230469 1.3959016799926757812 1.6542618274688720703 1.8265548944473266602 1.9302713871002197266 1.9821699857711791992 2.0012686252593994141 2.0041277408599853516 2.0044143199920654297 2.0052421092987060547 2.0012342929840087891 1.9949476718902587891 0.58244824409484863281 0.58719456195831298828 1.9491811990737915039 1.0246524810791015625 1.0397135019302368164 1.0609482526779174805 0.62651431560516357422 0.63707363605499267578 1.1497222185134887695 1.5677015781402587891 1.9061142206192016602 2.1752912998199462891 2.3823173046112060547 2.5378742218017578125 2.6541249752044677734 4.4013986587524414062 4.6188564300537109375 4.7498316764831542969 4.7670392990112304688 4.7275915145874023438 4.6390690803527832031 4.5076308250427246094 4.3374066352844238281
-9999 -9999 -9999 -9999 -9999 -9999 -9999 -9999 0.60280638933181762695 1.0354369878768920898 1.3394579887390136719 1.5594382286071777344 1.7165513038635253906 1.8253366947174072266 1.897449493408203125 1.9414228200912475586 1.9634602069854736328 1.9677233695983886719 1.9602516889572143555 1.9481201171875 1.9381310939788818359 0.57592427730560302734 0.58207100629806518555 0.58971333503723144531 0.60358643531799316406 1.0853577852249145508 1.4800937175750732422 1.8067872524261474609 2.0748205184936523438 2.2896296977996826172 2.4568679332733154297 2.5815942287445068359 5.1735053062438964844 5.7255139350891113281 7.4719319343566894531 7.4699583053588867188 7.679309844970703125 7.9186563491821289062 7.9826292991638183594 7.7280468940734863281 7.3809161186218261719 6.9631290435791015625
-9999 -9999 -9999 -9999 -9999 -9999 -9999 -9999 -9999 0.57109719514846801758 0.55751937627792358398 0.97915637493133544922 1.3033353090286254883 1.5501805543899536133 1.7307362556457519531 1.8500647544860839844 1.9194954633712768555 1.9537885189056396484 1.9608557224273681641 1.9427349567413330078 1.9114035367965698242 1.8848688602447509766 1.8767182826995849609 1.894707798957824707 1.9430420398712158203 2.0214686393737792969 2.1226859092712402344 2.2381076812744140625 2.3557653427124023438 2.4637372493743896484 2.5543818473815917969 2.6230113506317138672 0.64553469419479370117 0.6540470123291015625 2.4023993015289306641 3.0000653266906738281 3.4945154190063476562 3.7170712947845458984 3.8653147220611572266 3.9488615989685058594 3.9716906547546386719 3.9363598823547363281
-9999 -9999 -9999 -9999 -9999 -9999 -9999 -9999 -9999 -9999 -9999 -9999 -9999 -9999 -9999 -9999 -9999 0.57998138666152954102 0.57437735795974731445 0.55797255039215087891 0.5503361821174621582 0.55716425180435180664 0.97922998666763305664 1.3147138357162475586 1.5874257087707519531 1.8125084638595581055 2.0025398731231689453 2.167987823486328125 2.3101205825805664062 2.4260599613189697266 2.5147852897644042969 2.5753674507141113281 2.6185896396636962891 2.659046173095703125 2.0046243667602539062 1.9261510372161865234 1.9350008964538574219 2.0510237216949462891 2.2559990882873535156 2.4788763523101806641 2.6754641532897949219 2.8287377357482910156
-9999 -9999 -9999 -9999 -9999 -9999 -9999 -9999 -9999 -9999 -9999 -9999 -9999 -9999 -9999 -9999 -9999 -9999 -9999 -9999 0.96242278814315795898 0.95960772037506103516 0.57548803091049194336 0.59810388088226318359 1.0677416324615478516 1.438808441162109375 1.7357401847839355469 1.9790279865264892578 2.1747639179229736328 2.3236467838287353516 2.4305019378662109375 2.5006613731384277344 2.5501232147216796875 2.5973036289215087891 1.9510899782180786133 1.8806092739105224609 1.8990600109100341797 2.025913238525390625 2.2387607097625732422 2.4694488048553466797 2.6762413978576660156 2.8411498069763183594
-9999 -9999 -9999 -9999 -9999 -9999 -9999 -9999 -9999 -9999 -9999 -9999 -9999 -9999 -9999 -9999 -9999 -9999 -9999 -9999 -9999 -9999 1.2875461578369140625 1.0381664037704467773 0.61614137887954711914 0.61519181728363037109 1.0964996814727783203 1.4870108366012573242 1.7995597124099731445 2.037506103515625 2.2115385532379150391 2.3342344760894775391 2.4250466823577880859 1.8006503582000732422 1.7583500146865844727 1.8029460906982421875 1.9486762285232543945 2.1672446727752685547 2.3980374336242675781 2.6111111640930175781 2.7939493656158447266 2.9386110305786132812
-9999 -9999 -9999 -9999 -9999 -9999 -9999 -9999 -9999 -9999 -9999 -9999 -9999 -9999 -9999 -9999 -9999 -9999 -9999 -9999 -9999 -9999 -9999 1.5671309232711791992 1.4119600057601928711 1.0900411605834960938 0.61767101287841796875 1.108977198600769043 1.4996321201324462891 1.7975633144378662109 2.0194342136383056641 2.1839423179626464844 2.3103456497192382812 1.7098287343978881836 1.6918426752090454102 1.760830998420715332 -9999 -9999 -9999 -9999 -9999 -9999
-9999 -9999 -9999 -9999 -9999 -9999 -9999 -9999 -9999 -9999 -9999 -9999 -9999 -9999 -9999 -9999 -9999 -9999 -9999 -9999 -9999 -9999 -9999 -9999 -9999 1.7003335952758789062 1.4611853361129760742 0.62545680999755859375 1.1133025884628295898 1.4882874488830566406 1.7756687402725219727 1.9988119602203369141 2.1755762100219726562 3.9227509498596191406 -9999 -9999 -9999 -9999 -9999 -9999 -9999 -9999
-9999 -9999 -9999 -9999 -9999 -9999 -9999 -9999 -9999 -9999 -9999 -9999 -9999 -9999 -9999 -9999 -9999 -9999 -9999 -9999 -9999 -9999 -9999 -9999 -9999 -9999 1.9238213300704956055 1.7514293193817138672 0.61934018135070800781 1.0957355499267578125 1.4698957204818725586 1.7697565555572509766 2.0122616291046142578 -9999 -9999 -9999 -9999 -9999 -9999 -9999 -9999 -9999
-9999 -9999 -9999 -9999 -9999 -9999 -9999 -9999 -9999 -9999 -9999 -9999 -9999 -9999 -9999 -9999 -9999 -9999 -9999 -9999 -9999 -9999 -9999 -9999 -9999 -9999 -9999 2.0875236988067626953 1.963910222053527832 0.61411064863204956055 0.62186431884765625 1.1192327737808227539 0.64269298315048217773 -9999 -9999 -9999 -9999 -9999 -9999 -9999 -9999 -9999
-9999 -9999 -9999 -9999 -9999 -9999 -9999 -9999 -9999 -9999 -9999 -9999 -9999 -9999 -9999 -9999 -9999 -9999 -9999 -9999 -9999 -9999 -9999 -9999 -9999 -9999 -9999 -9999 2.1941688060760498047 2.1156418323516845703 1.099903106689453125 0.63896524906158447266 1.3970818519592285156 -9999 -9999 -9999 -9999 -9999 -9999 -9999 -9999 -9999
-9999 -9999 -9999 -9999 -9999 -9999 -9999 -9999 -9999 -9999 -9999 -9999 -9999 -9999 -9999 -9999 -9999 -9999 -9999 -9999 -9999 -9999 -9999 -9999 -9999 -9999 -9999 -9999 -9999 2.2660768032073974609 2.2337033748626708984 1.5002627372741699219 -9999 -9999 -9999 -9999 -9999 -9999 -9999 -9999 -9999 -9999
