tests/data/reference/gistest_nucice/full/mqsur_m3_s.asc
ncols        123
nrows        77
xllcorner    -713746.799299980048
yllcorner    -1061022.369616159936
cellsize     10.000000000000
NODATA_value -9999
[rows 36 to 53 of 77, columns 80 to 119 of 123]
0.041418176144361495972 0.070667885243892669678 0.26512378454208374023 0.0057636643759906291962 0.0086680669337511062622 0.003748834831640124321 0.011836797930300235748 0.019262064248323440552 0.027731163427233695984 0.027523132041096687317 0.15404216945171356201 0.014667279087007045746 0.011096352711319923401 0.017913838848471641541 0.007424059789627790451 0.0037272528279572725296 0.022475725039839744568 0.045231930911540985107 0.0073880939744412899017 0.014221384190022945404 0.011048137210309505463 0.019179198890924453735 0.0074485559016466140747 0.011829398572444915771 0.0080831004306674003601 0.0043299999088048934937 -9999 -9999 -9999 -9999 -9999 -9999 -9999 -9999 -9999 -9999 -9999 -9999 -9999 -9999
0.043467991054058074951 0.070109784603118896484 0.26596039533615112305 0.012147977016866207123 0.0074871643446385860443 0.0037499044556170701981 0.015585406683385372162 0.022959882393479347229 0.029179701581597328186 0.028652453795075416565 0.16834695637226104736 0.014709862880408763885 0.021075025200843811035 0.011088045313954353333 0.0074340892024338245392 0.024678902700543403625 0.04711697995662689209 0.0037118489854037761688 0.011014465242624282837 0.017370559275150299072 0.014524639584124088287 0.022779259830713272095 0.011108743958175182343 0.015571088530123233795 0.011833224445581436157 0.008084384724497795105 0.0037451835814863443375 0.0043299999088048934937 -9999 -9999 -9999 -9999 -9999 -9999 -9999 -9999 -9999 -9999 -9999 -9999
0.045286908745765686035 0.069199025630950927734 0.26468920707702636719 0.011207527481019496918 0.007490202784538269043 0.0037506450898945331573 0.019330969080328941345 0.02663168683648109436 0.030363710597157478333 0.19583612680435180664 0.018243512138724327087 0.024013163521885871887 0.014695112593472003937 0.01110510900616645813 0.02659178711473941803 0.04849260672926902771 0.0074047283269464969635 0.014532301574945449829 0.0037053099367767572403 0.020237294957041740417 0.017810937017202377319 0.026282249018549919128 0.014695212244987487793 0.019300362095236778259 0.015577257610857486725 0.01183487381786108017 0.0074716233648359775543 0.0080827726051211357117 0.0043299999088048934937 -9999 -9999 -9999 -9999 -9999 -9999 -9999 -9999 -9999 -9999 -9999
0.04227031022310256958 0.069195345044136047363 0.2636909782886505127 0.022379551082849502563 0.0074922712519764900208 0.0037511468399316072464 0.023073012009263038635 0.030269049108028411865 0.031543571501970291138 0.21222400665283203125 0.026722874492406845093 0.018220955505967140198 0.014725552871823310852 0.028288181871175765991 0.049297623336315155029 0.011056375689804553986 0.017899380996823310852 0.0073971939273178577423 0.0037171083968132734299 0.022786453366279602051 0.020839558914303779602 0.029602898284792900085 0.018138363957405090332 0.022997533902525901794 0.019311100244522094727 0.015582072548568248749 0.011176016181707382202 0.011833243072032928467 0.0036982856690883636475 0.0086599998176097869873 -9999 -9999 -9999 -9999 -9999 -9999 -9999 -9999 -9999 -9999
0.37196806073188781738 0.068704396486282348633 0.26286742091178894043 0.033502448350191116333 0.0037509032990783452988 0.0074958321638405323029 0.026810072362422943115 0.03386088833212852478 0.032959390431642532349 0.23691935837268829346 0.021631585434079170227 0.018269956111907958984 0.029825139790773391724 0.049523193389177322388 0.014643247239291667938 0.021042482927441596985 0.011049560271203517914 0.0074157472699880599976 0.024987878277897834778 0.0037218555808067321777 0.02357311733067035675 0.032632615417242050171 0.021376030519604682922 0.026624176651239395142 0.023027004674077033997 0.019323106855154037476 0.014837129972875118256 0.015579066239297389984 0.0074154296889901161194 0.012414508499205112457 0.0043299999088048934937 -9999 -9999 -9999 -9999 -9999 -9999 -9999 -9999 -9999
0.36971533298492431641 0.068215429782867431641 0.26224505901336669922 0.040818598121404647827 0.0037519519682973623276 0.011231167241930961609 0.030537812039256095886 0.037390287965536117554 0.26806458830833435059 0.024891650304198265076 0.021706784144043922424 0.031239215284585952759 0.04910323023796081543 0.018136125057935714722 0.023920968174934387207 0.014631447382271289825 0.011072599329054355621 0.026856873184442520142 0.0074249072931706905365 0.0037338605616241693497 0.026022883132100105286 0.035270292311906814575 0.024372359737753868103 0.030112985521554946899 0.026707710698246955872 0.023049438372254371643 0.018410250544548034668 0.019318861886858940125 0.01111345924437046051 0.016166955232620239258 0.0079429466277360916138 0.0013942335499450564384 -9999 -9999 -9999 -9999 -9999 -9999 -9999 -9999
0.37325114011764526367 0.067687571048736572266 0.26170262694358825684 0.044346056878566741943 0.0074970396235585212708 0.014949091710150241852 0.034243989735841751099 0.040832638740539550781 0.29024437069892883301 0.025000171735882759094 0.03256823122501373291 0.048386353999376296997 0.021502247080206871033 0.026524586603045463562 0.018110953271389007568 0.014660547487437725067 0.028372636064887046814 0.011085793375968933105 0.0037367811892181634903 0.0074499924667179584503 0.028150156140327453613 0.037336938083171844482 0.027051713317632675171 0.033354125916957855225 0.030327422544360160828 0.026742754504084587097 0.021842462942004203796 0.023051509633660316467 0.014785147272050380707 0.019916286692023277283 0.011592069640755653381 0.0019605914130806922913 0.001439749961718916893 0.0043299999088048934937 -9999 -9999 -9999 -9999 -9999 -9999
0.70905607938766479492 0.37241330742835998535 0.3024864494800567627 0.047705695033073425293 0.011226355098187923431 0.018630603328347206116 0.03790022432804107666 0.044149834662675857544 0.31227380037307739258 0.033870086073875427246 0.047743696719408035278 0.024694086983799934387 0.028869425877928733826 0.021456982940435409546 0.018152920529246330261 0.029617384076118469238 0.014673362486064434052 0.0074507640674710273743 0.0037367951590567827225 0.011131655424833297729 0.02993091195821762085 0.038633789867162704468 0.029347104951739311218 0.036262106150388717651 0.033849742263555526733 0.030376117676496505737 0.025097521021962165833 0.026771394535899162292 0.018426399677991867065 0.023663060739636421204 0.015184555202722549438 0.0047282483428716659546 0.0086213089525699615479 0.0014300567563623189926 0.0043299999088048934937 -9999 -9999 -9999 -9999 -9999
0 0 0.50850462913513183594 0.050772342830896377563 0.014991705305874347687 0.022264378145337104797 0.041465871036052703857 0.047268632799386978149 0.34374135732650756836 0.047135900706052780151 0.02765990234911441803 0.030936211347579956055 0.024630932137370109558 0.021524384617805480957 0.030800705775618553162 0.018158888444304466248 0.011126869358122348785 0.0074535449966788291931 0.0037389725912362337112 0.014757147990167140961 0.031401436775922775269 0.039150472730398178101 0.031325552612543106079 0.03885936737060546875 0.037187136709690093994 0.033909767866134643555 0.028161199763417243958 0.030462559312582015991 0.022019220516085624695 0.027407033368945121765 0.018696598708629608154 0.016273345798254013062 0.0044545526616275310516 0.0037162690423429012299 0.0079461941495537757874 0.0043299999088048934937 -9999 -9999 -9999 -9999
0.013716844841837882996 0 0 0 0.018716394901275634766 0.025922724977135658264 0.04487923160195350647 0.050048824399709701538 0.3901005089282989502 0.030361529439687728882 0.03275030478835105896 0.027578683570027351379 0.024730313569307327271 0.031976915895938873291 0.021521031856536865234 0.014752010814845561981 0.011140155605971813202 0.0074618738144636154175 0.0037424522452056407928 0.018291946500539779663 0.03261332586407661438 0.039154000580310821533 0.033163722604513168335 0.041015561670064926147 0.040243413299322128296 0.037284791469573974609 0.031029462814331054688 0.034103851765394210815 0.025522528216242790222 0.031147634610533714294 0.022101409733295440674 0.023596508428454399109 0.0074265124276280403137 0.0037398217245936393738 0.01156031433492898941 0.0080837151035666465759 0.0014338920591399073601 -9999 -9999 -9999
0.0076161227189004421234 0.011408302001655101776 0.015186901204288005829 0 0 0 0.048004806041717529297 0.052177663892507553101 0.41482383012771606445 0.034284204244613647461 0.030245698988437652588 0.027713429182767868042 0.033109221607446670532 0.02470837719738483429 0.018303379416465759277 0.014782783575356006622 0.011160025373101234436 0.0074719660915434360504 0.0037459803279489278793 0.021697007119655609131 0.033706322312355041504 0.039081033319234848022 0.034976202994585037231 0.042603820562362670898 0.042901862412691116333 0.040402702987194061279 0.03365662693977355957 0.03765991702675819397 0.028914887458086013794 0.034883685410022735596 0.025350460782647132874 0.034044608473777770996 0.0074658445082604885101 0.0037429349031299352646 0.023197554051876068115 0.0044057830236852169037 0.0036910637281835079193 0.0012827235041186213493 0.0043299980461597442627 -9999
0.011997979134321212769 0.014153090305626392365 0.016812615096569061279 0.019867202267050743103 0.02305527031421661377 0 0 0.053099289536476135254 0.44603058695793151855 0.032501716166734695435 0.030397184193134307861 0.03419243544340133667 0.027662787586450576782 0.021740177646279335022 0.018355516716837882996 0.014819285832345485687 0.011180960573256015778 0.0074817077256739139557 0.0037489912938326597214 0.024939181283116340637 0.034798681735992431641 0.039199367165565490723 0.036608431488275527954 0.043585419654846191406 0.045026324689388275146 0.043135814368724822998 0.035999052226543426514 0.041065126657485961914 0.032174572348594665527 0.038610078394412994385 0.061973731964826583862 0.01116083189845085144 0.0074695562943816184998 0.026645876467227935791 0.0077320304699242115021 0.0073599931783974170685 0.0042109610512852668762 0.0080804098397493362427 0.0037429954390972852707 -9999
0.13603650033473968506 0.13545306026935577393 0.13492476940155029297 0.13442422449588775635 0.13392463326454162598 0.0037533857394009828568 0 0.052860446274280548096 0.47207057476043701172 0.032608117908239364624 0.035138916224241256714 0.030325517058372497559 0.025020558387041091919 0.021820940077304840088 0.018415084108710289001 0.014856345951557159424 0.011200703680515289307 0.0074896188452839851379 0.0037506418302655220032 0.027981653809547424316 0.035926558077335357666 0.039559606462717056274 0.038093280047178268433 0.044076353311538696289 0.046505294740200042725 0.04535344243049621582 0.038057859987020492554 0.044211730360984802246 0.035255491733551025391 0.042310010641813278198 0.075423821806907653809 0.011161141097545623779 0.029956262558698654175 0.011211285367608070374 0.010986446402966976166 0.0075878673233091831207 0.011817413382232189178 0.0074076047167181968689 -9999 -9999
0.015649359673261642456 0.019458007067441940308 0.023263769224286079407 0.027066683396697044373 0.030859719961881637573 0.13339865207672119141 0 0 0.49764224886894226074 0.035756867378950119019 0.03255347907543182373 0.028068633750081062317 0.025135232135653495789 0.021912978962063789368 0.018476199358701705933 0.01489193551242351532 0.011216974817216396332 0.0074941855855286121368 0.0037516020238399505615 0.030800884589552879333 0.037125319242477416992 0.040146622806787490845 0.039591260254383087158 0.044351615011692047119 0.047323394566774368286 0.046915791928768157959 0.039837725460529327393 0.046968691051006317139 0.038039620965719223022 0.11991978436708450317 0.014796952717006206512 0.033074248582124710083 0.01470716577023267746 0.014544104225933551788 0.011103383265435695648 0.015537511557340621948 0.010968439280986785889 -9999 -9999 -9999
0.0075659058056771755219 0.011373524554073810577 0.015176340937614440918 0.018972516059875488281 0.022750819101929664612 0.05732777714729309082 0.13284924626350402832 0 0.53028798103332519531 0.034189160913228988647 0.030735468491911888123 0.028207110241055488586 0.025261059403419494629 0.022006431594491004944 0.0185354575514793396 0.0037516318261623382568 0.014923545531928539276 0.014975110068917274475 0.003752344055101275444 0.033389952033758163452 0.038371238857507705688 0.040917359292507171631 0.041112389415502548218 0.044805169105529785156 0.04776035994291305542 0.047838319092988967896 0.041401375085115432739 0.049280196428298950195 0.040436942130327224731 0.13639394938945770264 0.035960745066404342651 0.018125725910067558289 0.017964938655495643616 0.014614182524383068085 0.019227309152483940125 0.014442197978496551514 0.0037242954131215810776 -9999 -9999 -9999
0.011250372044742107391 0.015055715106427669525 0.018855333328247070312 0.022645615041255950928 0.02641617506742477417 0.030133930966258049011 0.060948245227336883545 0 0 0.032957140356302261353 0.030898345634341239929 0.028365919366478919983 0.025391390547156333923 0.022098654881119728088 0.0074957450851798057556 0.0037519326433539390564 0.018596120178699493408 0.022438194602727890015 0.0037530041299760341644 0.035747658461332321167 0.039616044610738754272 0.041865039616823196411 0.042577888816595077515 0.045345582067966461182 0.048135466873645782471 0.048334084451198577881 0.042848397046327590942 0.050934411585330963135 0.042397432029247283936 0.17283518612384796143 0.021370487287640571594 0.021177006885409355164 0.018031476065516471863 0.022845165804028511047 0.017750771716237068176 0.0074331727810204029083 0.0037359448615461587906 0.0037020121235400438309 -9999 -9999
0.019312467426061630249 0.023047819733619689941 0.026840196922421455383 0.030618565157055854797 0.034375477582216262817 0.038090229034423828125 0.033717911690473556519 0.064400970935821533203 0 0.064889170229434967041 0.031115666031837463379 0.028536818921566009521 0.025518707931041717529 0.011224995367228984833 0.003751208307221531868 0.0074974484741687774658 0.022217079997062683105 0.026125244796276092529 0.0075014908798038959503 0.037873387336730957031 0.04085602983832359314 0.042986292392015457153 0.044035360217094421387 0.046012271195650100708 0.048360768705606460571 0.048740085214376449585 0.044322308152914047241 0.051744122058153152466 0.21423907577991485596 0.024373821914196014404 0.024106314405798912048 0.021276947110891342163 0.026336170732975006104 0.020820219069719314575 0.011096280068159103394 0.0074517205357551574707 0.007399578578770160675 0.0037281706463545560837 0.0036816280335187911987 -9999
0.085100047290325164795 0.084556460380554199219 0.084015816450119018555 0.083564206957817077637 0.083116769790649414062 0.082673445343971252441 0.04172782599925994873 0.10108894854784011841 0 0 0.031441561877727508545 0.02870816551148891449 0.014921215362846851349 0.0037483333144336938858 0.0074945553205907344818 0.011232873424887657166 0.025766668841242790222 0.02977900579571723938 0.011243944056332111359 0.039792351424694061279 0.042118046432733535767 0.044224988669157028198 0.045478764921426773071 0.046920295804738998413 0.048769935965538024902 0.049264296889305114746 0.045722588896751403809 0.051592420786619186401 0.23691567778587341309 0.026723045855760574341 0.075454704463481903076 0.052442815154790878296 0.023644795641303062439 0.014676693826913833618 0.011118873022496700287 0.011062157340347766876 0.018464313820004463196 0.011090159416198730469 0.0037177810445427894592 -9999
