tests/data/reference/gistest_nucice/full/mqsur_m3_s.asc
ncols        123
nrows        77
xllcorner    -713746.799299980048
yllcorner    -1061022.369616159936
cellsize     10.000000000000
NODATA_value  -9999
[rows 34 to 50 of 77, columns 78 to 116 of 123]
0.00073934165993705391884 0.00071821920573711395264 0.00071283383294939994812 0.00071457051672041416168 0.00080258148955181241035 0.00074307870818302035332 0.00074162933742627501488 0 0.0043284846469759941101 0.0041797654703259468079 0.00071503699291497468948 0.00070486241020262241364 0.0007198326638899743557 0.00072277052095159888268 0.00064132781699299812317 0.00061999104218557476997 0.00055556953884661197662 0.00055856647668406367302 0.00051751954015344381332 0.00051036203512921929359 0.00061471475055441260338 0.00046074701822362840176 0.000439339812146499753 0.0022796893026679754257 0.00036351566086523234844 0.0041547273285686969757 -9999 -9999 -9999 -9999 -9999 -9999 -9999 -9999 -9999 -9999 -9999 -9999 -9999
0.00068783393362537026405 0.00067624001530930399895 0.00068387953797355294228 0.0006943691987544298172 0.0007878212491050362587 0.00074592098826542496681 0 0.0043286071158945560455 0.0041844965890049934387 0.0019449507817625999451 0.00071998388739302754402 0.00071612762985751032829 0.00077330286148935556412 0.00069115386577323079109 0.00067005545133724808693 0.00064405205193907022476 0.00061861821450293064117 0.00054536602692678570747 0.00055841641733422875404 0.00058075471315532922745 0.00050276471301913261414 0.00053215713705867528915 0.00052125682123005390167 0.00086907803779467940331 0.00043665876728482544422 0.0022870532702654600143 0.0042584384791553020477 -9999 -9999 -9999 -9999 -9999 -9999 -9999 -9999 -9999 -9999 -9999 -9999
0.00064605061197653412819 0.00064723717514425516129 0.00066834688186645507812 0.00068906624801456928253 0.00078689312795177102089 0 0.0086542181670665740967 0.00067463191226124763489 0.0019377962453290820122 0.00077494670404121279716 0.00072261685272678732872 0.00072146317688748240471 0.00078666687477380037308 0.00070836319355294108391 0.00069042318500578403473 0.00066405872348695993423 0.00063657155260443687439 0.00056420714827254414558 0.00058396212989464402199 0.00056932977167889475822 0.0005640644230879843235 0.00056342250900343060493 0.00055489013902842998505 0.00055034994147717952728 0.00052347104065120220184 0.00077884912025183439255 0.002716046525165438652 0.0042727263644337654114 -9999 -9999 -9999 -9999 -9999 -9999 -9999 -9999 -9999 -9999 -9999
0.00074563856469467282295 0.00063591927755624055862 0.0006707130814902484417 0.00070071278605610132217 0 0.0032716507557779550552 0.00076410570181906223297 0.00068203365663066506386 0.00079821120016276836395 0.00073799316305667161942 0.00072718661976978182793 0.00072248349897563457489 0.00078990461770445108414 0.00071511435089632868767 0.00070218823384493589401 0.00067806500010192394257 0.00065290532074868679047 0.00062739930581301450729 0.00059713626978918910027 0.0005271356203593313694 0.00055299140512943267822 0.00055246631382033228874 0.0005594691028818488121 0.00056990940356627106667 0.00057408132124692201614 0.00056921440409496426582 0.00098220154177397489548 0.0028248194139450788498 0.00044828618410974740982 0.0042862673290073871613 -9999 -9999 -9999 -9999 -9999 -9999 -9999 -9999 -9999
0.00074692425550892949104 0.00077067693928256630898 0.00067957851570099592209 0 0.00027317515923641622066 0.00076759367948397994041 0.00076996296411380171776 0.00068665225990116596222 0.00075642956653609871864 0.0007469264674000442028 0.00073533988324925303459 0.00080371589865535497665 0.00072896393248811364174 0.0007280885474756360054 0.00071754417149350047112 0.0006939261220395565033 0.00066931277979165315628 0.0006441336008720099926 0.00061476143309846520424 0.00058459019055590033531 0.00051839009393006563187 0.0005484884604811668396 0.00055586179951205849648 0.00057169637875631451607 0.0005840994417667388916 0.00057904346613213419914 0.00057055900106206536293 0.0010453879367560148239 0.00053799152374267578125 0.0028743790462613105774 0.0042848857119679450989 -9999 -9999 -9999 -9999 -9999 -9999 -9999 -9999
0.00074933271389454603195 0.00081600400153547525406 0 0.0043283645063638687134 0.00067673786543309688568 0.00085267802933230996132 0.00077332882210612297058 0.0006886341143399477005 0.00076066656038165092468 0.00075565237784758210182 0.00074656470678746700287 0.00082134292460978031158 0.00074758799746632575989 0.00074801285518333315849 0.00073856551898643374443 0.00071453116834163665771 0.00068489153636619448662 0.0006579281180165708065 0.00063793902518227696419 0.00061370822368189692497 0.00054263201309368014336 0.00055945676285773515701 0.00055135670118033885956 0.00055194809101521968842 0.00055471819359809160233 0.00055749132297933101654 0.00055921799503266811371 0.00058211456052958965302 0.00057994516100734472275 0.0010923258960247039795 0.00048556493129581212997 0.0084792049601674079895 -9999 -9999 -9999 -9999 -9999 -9999 -9999
0.0007211324409581720829 0.00073977885767817497253 0.004720559343695640564 0.0041593601927161216736 0.00073661888018250465393 0.00085635512368753552437 0.00070701481308788061142 0.00077083305222913622856 0.00076818087836727499962 0.00076183542842045426369 0.00075529923196882009506 0.00083723844727501273155 0.00076329655712470412254 0.00076356489444151520729 0.00075318093877285718918 0.00073064764728769659996 0.00069966382579877972603 0.00066794356098398566246 0.00065116758923977613449 0.00063683273037895560265 0.00061215285677462816238 0.00054136588005349040031 0.00056712870718911290169 0.00055697676725685596466 0.00055025209439918398857 0.00055131217231974005699 0.00055908795911818742752 0.00057935272343456745148 0.0005992059013806283474 0.00061496003763750195503 0.00057092536007985472679 0.005859246477484703064 0.00428132619708776474 -9999 -9999 -9999 -9999 -9999 -9999
0.00067531300010159611702 0 0.0011234637349843978882 0.0020150998607277870178 0.00086771184578537940979 0.00084261887241154909134 0.0007156931096687912941 0.00079386588186025619507 0.00077984540257602930069 0.00076582492329180240631 0.00084068649448454380035 0.00076796329813078045845 0.00077584141399711370468 0.00077687436714768409729 0.00076317216735333204269 0.00073961017187684774399 0.00071011896943673491478 0.0006756598595529794693 0.00065686076413840055466 0.00065086054382845759392 0.00063587370095774531364 0.00057095201918855309486 0.0006013234378769993782 0.00058795849326997995377 0.00057598564308136701584 0.00056737073464319109917 0.00056350993691012263298 0.00057930970797315239906 0.00059913512086495757103 0.00061003793962299823761 0.00060517032397910952568 0.0028156903572380542755 0.00062308605993166565895 0 -9999 -9999 -9999 -9999 -9999
0 0.00462194858118891716 0.00070086109917610883713 0.00082745531108230352402 0.00081503001274541020393 0.00089528952958062291145 0.00076714262831956148148 0.00078336155274882912636 0.00077926053199917078018 0.00077092152787372469902 0.00085138250142335891724 0.00077691563637927174568 0.00078421464422717690468 0.00078924937406554818153 0.00077739957487210631371 0.00075086532160639762878 0.0007192145567387342453 0.00068285560701042413712 0.00066152162617072463036 0.00065590278245508670807 0.00059664621949195861816 0.00063593330560252070427 0.0006242141244001686573 0.0006105480133555829525 0.00059660768602043390274 0.0005885897553525865078 0.00058707880089059472084 0.00060045061400160193443 0.00061245780671015381813 0.00062428473029285669327 0.00063843582756817340851 0.0010884898947551846504 0.00058720802189782261848 0 0 0.004275471903383731842 -9999 -9999 -9999
0 0 0.00077806133776903152466 0.00064321712125092744827 0.00078422954538837075233 0.00082088907947763800621 0.00070036953547969460487 0.0007297131814993917942 0.00075801962520927190781 0.00077485584188252687454 0.00086711632320657372475 0.00078866194235160946846 0.00079151609679684042931 0.00079794495832175016403 0.0007912432192824780941 0.00076583749614655971527 0.00073053129017353057861 0.00068991654552519321442 0.00066509563475847244263 0.00065396487480029463768 0.00059480092022567987442 0.00064132653642445802689 0.00063416833290830254555 0.00062341487500816583633 0.00060948083410039544106 0.00061112770345062017441 0.00062804314075037837029 0.00064016226679086685181 0.00063831498846411705017 0.00064725708216428756714 0.00067344697890803217888 0.0006825609598308801651 0.00066115194931626319885 0.00057297898456454277039 0.00063838576897978782654 0 0.004286107141524553299 -9999 -9999
0.0043290155008435249329 0 0 0 0.00072913331678137183189 0.00070859416155144572258 0.00079547025961801409721 0.00070574140409007668495 0.00074537692125886678696 0.00077083404175937175751 0.00087204138981178402901 0.00079832115443423390388 0.00080369459465146064758 0.00080755777889862656593 0.00080275913933292031288 0.00078275799751281738281 0.00074969924753531813622 0.00070856866659596562386 0.00068101868964731693268 0.00066473952028900384903 0.0006011318182572722435 0.00064663507509976625443 0.00064104230841621756554 0.00063811265863478183746 0.00063349714037030935287 0.00064345129067078232765 0.0006664111861027777195 0.00067499780561774969101 0.00066893879557028412819 0.00067459233105182647705 0.00069467164576053619385 0.00070687301922589540482 0.00070036575198173522949 0.0006996433367021381855 0.00058084243210032582283 0.00053395377472043037415 0.00063325068913400173187 0.0043021412566304206848 -9999
0.004329517018049955368 0.0044459123164415359497 0.0022825379855930805206 0 0 0 0.00082346878480166196823 0.0009070567903108894825 0.00075321702752262353897 0.00076119927689433097839 0.00086355523671954870224 0.00080313632497563958168 0.00081644230522215366364 0.00081830302951857447624 0.0008135209791362285614 0.00079914642265066504478 0.00077347218757495284081 0.00073832576163113117218 0.00071069342084228992462 0.0006890009390190243721 0.00061682151863351464272 0.00065677892416715621948 0.00064610427943989634514 0.00065231334883719682693 0.00066815287573263049126 0.00068619841476902365685 0.00070060964208096265793 0.00070558796869590878487 0.00070475786924362182617 0.00070299964863806962967 0.00070159864844754338264 0.00070807058364152908325 0.00072043191175907850266 0.00078581186244264245033 0.00069289724342525005341 0.00059935450553894042969 0.00059116713237017393112 0.0032354828435927629471 0
0 0.0008922282140702009201 0.00097774760797619819641 0.00097104767337441444397 0.00091372960014268755913 0 0 0 0.0008776920149102807045 0.00072548637399449944496 0.00083491671830415725708 0.0007951941806823015213 0.00081914663314819335938 0.00082286330871284008026 0.00081801234045997262001 0.00080561422510072588921 0.00078686961205676198006 0.00076102040475234389305 0.00073867512401193380356 0.00071745709283277392387 0.00064026151085272431374 0.00068113108864054083824 0.00066517025697976350784 0.00066996354144066572189 0.00069335510488599538803 0.00071323983138427138329 0.00072119431570172309875 0.00072292523691430687904 0.0007224268629215657711 0.00071636599022895097733 0.00070588465314358472824 0.00070357834920287132263 0.0007152739563025534153 0.00080940942279994487762 0.00072405225364491343498 0.00062584935221821069717 0.0015775589272379875183 0.00055577897001057863235 0.00050940504297614097595
0 0.00089942582417279481888 0.0010075328173115849495 0.0010326029732823371887 0.0010179310338571667671 0.00096534652402624487877 0.00082759239012375473976 0 0 0.00065105722751468420029 0.00077972415601834654808 0.0007698067929595708847 0.00080910470569506287575 0.00082066626055166125298 0.00081602105638012290001 0.00080153462477028369904 0.0007883477373979985714 0.00077385961776599287987 0.00076204643119126558304 0.00074770214268937706947 0.0006688401917926967144 0.00071720842970535159111 0.00069864292163401842117 0.00069482647813856601715 0.00070969946682453155518 0.00072368769906461238861 0.00072875886689871549606 0.00072620139690116047859 0.00072047061985358595848 0.0007157875807024538517 0.00070929765934124588966 0.00069654913386330008507 0.00075937347719445824623 0.0007104662945494055748 0.00071557617047801613808 0.00070850341580808162689 0.00062764214817434549332 0.0005798839847557246685 0.00051334989257156848907
0 0.0026164350565522909164 0.0013246618909761309624 0.0010877748718485236168 0.0010881393682211637497 0.0010409668320789933205 0.00090763141633942723274 0.00059891317505389451981 0 0.00071519997436553239822 0.00072952365735545754433 0.00073854951187968254089 0.00079012050991877913475 0.00081380800111219286919 0.00081353262066841125488 0.00079798372462391853333 0.00078876910265535116196 0.00078313704580068588257 0.00078087666770443320274 0.00077347882324829697609 0.0006920977029949426651 0.00074965256499126553535 0.0007337187998928129673 0.00072428275598213076591 0.0007261413848027586937 0.00072822091169655323029 0.00072674767579883337021 0.00072104588616639375687 0.0007142599206417798996 0.00070955971023067831993 0.00070190499536693096161 0.00068854668643325567245 0.00074527331162244081497 0.00069167779292911291122 0.00070454122032970190048 0.00069357390748336911201 0.00065377296414226293564 0.00059581827372312545776 0.00070320680970326066017
0.0047664777375757694244 0.0024078604765236377716 0.0012000997085124254227 0.0011340823257341980934 0.0011413565371185541153 0.0011007541324943304062 0.0009926940547302365303 0.00080601591616868972778 0 0 0.0006974322022870182991 0.00070678646443411707878 0.00076380977407097816467 0.00079957209527492523193 0.00080843031173571944237 0.00079762027598917484283 0.0007917248876765370369 0.00079095491673797369003 0.00079598854063078761101 0.00079470919445157051086 0.00071060587652027606964 0.00077648629667237401009 0.00076841097325086593628 0.00075677927816286683083 0.00074248289456591010094 0.00072736555011942982674 0.00071509816916659474373 0.00070840591797605156898 0.00070562108885496854782 0.00069762003840878605843 0.00068243063287809491158 0.00074142584344372153282 0.00068410765379667282104 0.00069021759554743766785 0.00069640250876545906067 0.00070393277565017342567 0.00068887573434039950371 0.0006478620343841612339 0.0005755869206041097641
0.004718748386949300766 0.00076862861169502139091 0.0011030194582417607307 0.0011840800289064645767 0.0011908520245924592018 0.0011636483250185847282 0.0010730226058512926102 0.0010270455386489629745 0.00075570837361738085747 0 0.00080542691284790635109 0.00068446173099800944328 0.0007414214196614921093 0.00078291527461260557175 0.00079885468585416674614 0.00079530524089932441711 0.00079390034079551696777 0.00071390764787793159485 0.00080192863242700695992 0.0008940435945987701416 0.00072636309778317809105 0.00079910195199772715569 0.00079328101128339767456 0.00078141473932191729546 0.00076205137884244322777 0.00073913764208555221558 0.00071898946771398186684 0.00070987263461574912071 0.00070772657636553049088 0.0006971854018047451973 0.00067836936796084046364 0.00073658098699524998665 0.00067983462940901517868 0.00068571860902011394501 0.00068983191158622503281 0.00069639168214052915573 0.00069771060952916741371 0.00067847321042791008949 0.00057557900436222553253
