tests/data/reference/gistest_nucice/full/mqsur_m3_s.asc
ncols        123
nrows        77
xllcorner    -713746.799299980048
yllcorner    -1061022.369616159936
cellsize     10.000000000000
NODATA_value  -9999
[rows 17 to 33 of 77, columns 0 to 38 of 123]
-9999 -9999 -9999 -9999 -9999 -9999 -9999 -9999 -9999 -9999 -9999 -9999 -9999 -9999 -9999 -9999 -9999 -9999 0.00059969426365569233894 0.000612023170106112957 0.00060918135568499565125 0.00057866488350555300713 0.00053552840836346149445 0.00054388464195653796196 0.00060641870368272066116 0 0.0090285325422883033752 0.0071479170583188533783 0.00057693058624863624573 0.001727030961774289608 0.00060740776825696229935 0.00064975151326507329941 0.00067857862450182437897 0.00068786792689934372902 0.00062892847927287220955 0.00067887222394347190857 0.00072852388257160782814 0.00066358014009892940521 0.00067474803654477000237
-9999 -9999 -9999 -9999 -9999 -9999 -9999 -9999 -9999 -9999 -9999 -9999 -9999 -9999 -9999 -9999 -9999 0.00053051370196044445038 0.00058630778221413493156 0.00058498128782957792282 0.00056731607764959335327 0.00059510936262086033821 0.00049255898920819163322 0.00052069488447159528732 0 0.004327395465224981308 0.007532107178121805191 0.0039423443377017974854 0.00052947882795706391335 0.00057802582159638404846 0.00062768312636762857437 0.00068016478326171636581 0.00070815184153616428375 0.00071335473330691456795 0.00070766138378530740738 0.00069894222542643547058 0.00068756495602428913116 0.00068503204965963959694 0.00070310593582689762115
-9999 -9999 -9999 -9999 -9999 -9999 -9999 -9999 -9999 -9999 -9999 -9999 -9999 -9999 -9999 -9999 0.00049322453560307621956 0.00055397296091541647911 0.00056408683303743600845 0.00053844746435061097145 0.00053742685122415423393 0.00051683501806110143661 0.00051052978960797190666 0.00057366606779396533966 0.0045609199441969394684 0.00089435640256851911545 0.0039457548409700393677 0.0018087620846927165985 0.0005402568494901061058 0.00060826656408607959747 0.00065528147388249635696 0.00063330651028081774712 0.00077667424920946359634 0.00071168935392051935196 0.00070955639239400625229 0.00070960930315777659416 0.00071241654222831130028 0.00071919738547876477242 0.00073017808608710765839
-9999 -9999 -9999 -9999 -9999 -9999 -9999 -9999 -9999 -9999 -9999 -9999 -9999 -9999 -9999 0.00051981688011437654495 0.00057457992807030677795 0.0005974164232611656189 0.00059337791753932833672 0.00051800417713820934296 0.00045117345871403813362 0.00043529307004064321518 0.00055597082246094942093 0.0043246778659522533417 0.0090266969054937362671 0.00059127993881702423096 0.0016607337165623903275 0.00055778707610443234444 0.00059056095778942108154 0.00063412170857191085815 0.00067341385874897241592 0.00063672667602077126503 0.00077585474355146288872 0.00070843426510691642761 0.00070914282696321606636 0.00071327912155538797379 0.00071908469544723629951 0.0007272711372934281826 0.00073736091144382953644
-9999 -9999 -9999 -9999 -9999 -9999 -9999 -9999 -9999 -9999 -9999 -9999 -9999 -9999 -9999 0.00051722541684284806252 0.00051710353000089526176 0.00049862137529999017715 0.0004885743255726993084 0.00051788991549983620644 0.00043512060074135661125 0.00048640696331858634949 0 0.004551010672003030777 0.011566556990146636963 0.00051672587869688868523 0.00051342725055292248726 0.0005519052501767873764 0.00060534023214131593704 0.00065089174313470721245 0.00061987456865608692169 0.0006942538311704993248 0.00077148736454546451569 0.00070718268398195505142 0.00070965552004054188728 0.00070579699240624904633 0.00069987727329134941101 0.00070763676194474101067 0.00072581553831696510315
-9999 -9999 -9999 -9999 -9999 -9999 -9999 -9999 -9999 -9999 -9999 -9999 -9999 -9999 -9999 0.00045386198326013982296 0.00043470525997690856457 0.00036010399344377219677 0.00034757037064991891384 0.00039417756488546729088 0.00040898643783293664455 0 0.0045481626875698566437 0.00082160183228552341461 0.0063692401163280010223 0.00050029484555125236511 0.00052432483062148094177 0.00057238788576796650887 0.00062116439221426844597 0.00065749773057177662849 0.00061884411843493580818 0.00069061660906299948692 0.00070235022576525807381 0.00077504682121798396111 0.00070708850398659706116 0.00069887633435428142548 0.00069278612500056624413 0.00064336694777011871338 0.00079801084939390420914
-9999 -9999 -9999 -9999 -9999 -9999 -9999 -9999 -9999 -9999 -9999 -9999 -9999 -9999 0.00030508302734233438969 0.00034962419886142015457 0.00036528060445562005043 0.00038181908894330263138 0.00034786906326189637184 0.00013743265299126505852 0 0.0045127016492187976837 0 0.0034498325549066066742 0.0034690471366047859192 0.0006589153781533241272 0.00069860141957178711891 0.00073524797335267066956 0.00063250144012272357941 0.00065427279332652688026 0.00061554304556921124458 0.00069032167084515094757 0.00070220977067947387695 0.00070308987051248550415 0.00076990987872704863548 0.00069783517392352223396 0.00070563657209277153015 0.00066322355996817350388 0.00081710348604246973991
-9999 -9999 -9999 -9999 -9999 -9999 -9999 -9999 -9999 -9999 -9999 -9999 -9999 -9999 0.00016833326662890613079 0.00018181760970037430525 0.00036260567139834165573 0.00048189770313911139965 0.00033502996666356921196 0.00047475483734160661697 0.0043826587498188018799 0.0086986524984240531921 0.00064785039285197854042 0.0006119469180703163147 0.001562445424497127533 0.0019178786315023899078 0.0007817168370820581913 0.00079971493687480688095 0.00078737293370068073273 0.00074596330523490905762 0.00067295134067535400391 0.00068728259066119790077 0.00069588143378496170044 0.00069158646510913968086 0.00075399066554382443428 0.00069081049878150224686 0.00071174086770042777061 0.00067101285094395279884 0.00082504353486001491547
-9999 -9999 -9999 -9999 -9999 -9999 -9999 -9999 -9999 -9999 -9999 -9999 -9999 -9999 0.00012307209544815123081 0.00028505484806373715401 0.0003888581122737377882 0.00038729576044715940952 0.00037714472273364663124 0 0.0045517906546592712402 0.00331166083924472332 0.0064017777331173419952 0.00070919521385803818703 0.00075188226765021681786 0.00082337192725390195847 0.00091391854221001267433 0.00083895778516307473183 0.00084213149966672062874 0.00076187646482139825821 0.00084953964687883853912 0.00083555269520729780197 0.00083508499665185809135 0.00066935148788616061211 0.00066367065301164984703 0.00074231682810932397842 0.00064478040440008044243 0.00073481665458530187607 0.00073948915814980864525
-9999 -9999 -9999 -9999 -9999 -9999 -9999 -9999 -9999 -9999 -9999 -9999 0.00045569142093881964684 0.00034747263998724520206 0.00031405690242536365986 0.00040725016151554882526 0.00039590962114743888378 0.00018343469128012657166 0 0.0044940635561943054199 0.00083115807501599192619 0.0034202055539935827255 0.0013895522570237517357 0.0032293547410517930984 0.0007197540835477411747 0.00075633887900039553642 0.00086984230438247323036 0.00079526356421411037445 0.00081015867181122303009 0.00082123157335445284843 0.00074561731889843940735 0.00084176694508641958237 0.00083120760973542928696 0.0008039340609684586525 0.00077721948036924004555 0.00067033636150881648064 0.00070826045703142881393 0.0007264826563186943531 0.00073523935861885547638
-9999 -9999 -9999 -9999 -9999 -9999 -9999 -9999 -9999 -9999 -9999 -9999 -9999 0.00044101994717493653297 0.00037598414928652346134 0.00038616164238192141056 0.00023856438929215073586 0 0.0043857931159436702728 0.00069283012999221682549 0.00060218683211132884026 0.00060408317949622869492 0.0016721275169402360916 0.0014296029694378376007 0.0024782319087535142899 0.0012489167274907231331 0.00071400427259504795074 0.00067204370861873030663 0.00070871331263333559036 0.00075962691335007548332 0.0007957940688356757164 0.00080224778503179550171 0.00078656547702848911285 0.00075855816248804330826 0.00077534845331683754921 0.00084523088298738002777 0.00087404408259317278862 0.00089666782878339290619 0.0007337498827837407589
-9999 -9999 -9999 -9999 -9999 -9999 -9999 -9999 -9999 -9999 -9999 -9999 -9999 -9999 -9999 0.00030985582270659506321 0 0.0042814649641513824463 0.00848596915602684021 0.0054239118471741676331 0.0024973009712994098663 0.0010069849668070673943 0.00057550909696146845818 0.00059243955183774232864 0.00061615975573658943176 0.00064634182490408420563 0.00064573128474876284599 0.00067217188188806176186 0.00068734877277165651321 0.00068711437052115797997 0.00072459195507690310478 0.00073155097197741270065 0.00072113639907911419868 0.00071110500721260905266 0.00074481399497017264366 0.00082955410471186041832 0.00087785784853622317314 0.00088236801093444228172 0.00089784496231004595757
-9999 -9999 -9999 -9999 -9999 -9999 -9999 -9999 -9999 -9999 -9999 -9999 -9999 -9999 -9999 -9999 0 0.0042822845280170440674 0.0027002440765500068665 0.0010314744431525468826 0.00056680536363273859024 0.00054493738571181893349 0.00055484258336946368217 0.00058719550725072622299 0.00062584935221821069717 0.0006694011390209197998 0.00067316467175260186195 0.0006327813025563955307 0.00062249664915725588799 0.00070775224594399333 0.0007201628759503364563 0.00070829066680744290352 0.00065875274594873189926 0.00066913187038153409958 0.00070474634412676095963 0.00077781925210729241371 0.00089427531929686665535 0.00089611671864986419678 0.00082867924356833100319
-9999 -9999 -9999 -9999 -9999 -9999 -9999 -9999 -9999 -9999 -9999 -9999 -9999 -9999 -9999 -9999 0.0042940732091665267944 0.00056047091493383049965 0.00050745351472869515419 0.00053933239541947841644 0.00054522691061720252037 0.00057710736291483044624 0.00055451662046834826469 0.00059383240295574069023 0.00063265458447858691216 0.00067003240110352635384 0.00067824957659468054771 0.00065227277809754014015 0.00065396132413297891617 0.0006909500807523727417 0.00069512426853179931641 0.00066463591065257787704 0.00069325190270319581032 0.00066367746330797672272 0.00068079907214269042015 0.00074914336437359452248 0.00073149101808667182922 0.00076095882104709744453 0.00088787288405001163483
-9999 -9999 -9999 -9999 -9999 -9999 -9999 -9999 -9999 -9999 -9999 -9999 -9999 -9999 -9999 0.0042943432927131652832 0.00061019801069051027298 0.00044392523705027997494 0.0014352848520502448082 0.0005459288950078189373 0.00058319314848631620407 0.000568939954973757267 0.00063379982020705938339 0.00067461672006174921989 0.00064943719189614057541 0.00072325934888795018196 0.00074042391497641801834 0.00074637966463342308998 0.00069779175100848078728 0.00073032756336033344269 0.0007347010541707277298 0.00070022564614191651344 0.00064737955108284950256 0.000574258388951420784 0.00055801088456064462662 0.00060750835109502077103 0.00073228590190410614014 0.00082177575677633285522 0.00090889504645019769669
-9999 -9999 -9999 -9999 -9999 -9999 -9999 -9999 -9999 -9999 -9999 -9999 -9999 -9999 0.0042711477726697921753 0.0084377452731132507324 0.0056843291968107223511 0.0029354239813983440399 0.00044385017827153205872 0.00045779874199070036411 0.0005527773173525929451 0.00058169005205854773521 0.00060761615168303251266 0.0006522951880469918251 0.00070695241447538137436 0.00064644514350220561028 0.00066925853025168180466 0.00058912375243380665779 0.00060466025024652481079 0.00074598769424483180046 0.00075796921737492084503 0.00076724617974832653999 0.00071195955388247966766 0.00065262330463156104088 0.00063838862115517258644 0.00067427504109218716621 0.00068057427415624260902 0.00075332220876589417458 0.00082505034515634179115
-9999 -9999 -9999 -9999 -9999 -9999 -9999 -9999 -9999 -9999 -9999 -9999 -9999 -9999 0.0042889416217803955078 0.0037494469434022903442 0.00047620906843803822994 0.00047853714204393327236 0.00047577885561622679234 0.00047328649088740348816 0.00047910545254126191139 0.00049789837794378399849 0.00061028014170005917549 0.00054504600120708346367 0.00055719545343890786171 0.00055359944235533475876 0.00056977150961756706238 0.00060811213916167616844 0.00068263505818322300911 0.00069418788189068436623 0.00068330741487443447113 0.00060113059589639306068 0.00058411550708115100861 0.00057910772738978266716 0.00059459195472300052643 0.00060998083790764212608 0.00062690488994121551514 0.00064980640308931469917 0.00067935627885162830353
