tests/data/reference/gistest_nucice/full/mqsur_m3_s.asc
ncols        123
nrows        77
xllcorner    -713746.799299980048
yllcorner    -1061022.369616159936
cellsize     10.000000000000
NODATA_value -9999
[rows 17 to 33 of 77, columns 0 to 39 of 123]
-9999 -9999 -9999 -9999 -9999 -9999 -9999 -9999 -9999 -9999 -9999 -9999 -9999 -9999 -9999 -9999 -9999 -9999 0.0051153469830751419067 0.005254899151623249054 0.0052499584853649139404 0.0050177215598523616791 0.0046656792983412742615 0.0056451889686286449432 0.0048562819138169288635 0.00080238393275067210197 0.022052982822060585022 0.019335417076945304871 0.0048766504041850566864 0.017017235979437828064 0.0049251024611294269562 0.0054116765968501567841 0.0053914114832878112793 0.0057353139854967594147 0.0039976146072149276733 0.0056955418549478054047 0.011994840577244758606 0.0056397761218249797821 0.0056843389756977558136 0.0057764314115047454834
-9999 -9999 -9999 -9999 -9999 -9999 -9999 -9999 -9999 -9999 -9999 -9999 -9999 -9999 -9999 -9999 -9999 0.0035308855585753917694 0.0050389864481985569 0.005058495793491601944 0.0049383994191884994507 0.0070414529182016849518 0.0033370971214026212692 0.0034815100952982902527 0.0049557285383343696594 0.0087292604148387908936 0.021950958296656608582 0.017375081777572631836 0.0035257060080766677856 0.014080079272389411926 0.0052941460162401199341 0.0057225837372243404388 0.0059316987171769142151 0.0060125496238470077515 0.0056392233818769454956 0.0059088687412440776825 0.010231235064566135406 0.0057991370558738708496 0.0059278812259435653687 0.006093611009418964386
-9999 -9999 -9999 -9999 -9999 -9999 -9999 -9999 -9999 -9999 -9999 -9999 -9999 -9999 -9999 -9999 0.0033405637368559837341 0.0045639197342097759247 0.0048688743263483047485 0.0046984842047095298767 0.0090313367545604705811 0.0042713247239589691162 0.0034298389218747615814 0.0037417521234601736069 0.010910175740718841553 0.005089499056339263916 0.016191596165299415588 0.014916021376848220825 0.0035793648567050695419 0.011710880324244499207 0.0055288341827690601349 0.004017222672700881958 0.0088050914928317070007 0.0060747056268155574799 0.0060145859606564044952 0.0060292053967714309692 0.0086464695632457733154 0.0060527306050062179565 0.0061597921885550022125 0.006282361689954996109
-9999 -9999 -9999 -9999 -9999 -9999 -9999 -9999 -9999 -9999 -9999 -9999 -9999 -9999 -9999 0.0029013596940785646439 0.0038478027563542127609 0.004150529857724905014 0.0041582719422876834869 0.010534270666539669037 0.0039557158015668392181 0.00302942679263651371 0.004545960109680891037 0.0083281509578227996826 0.021486345678567886353 0.0047479677014052867889 0.012179485522210597992 0.011695333756506443024 0.004805584438145160675 0.0096991769969463348389 0.0057022590190172195435 0.0040324735455214977264 0.0093963528051972389221 0.0060619637370109558105 0.006058207247406244278 0.0060816705226898193359 0.0071860807947814464569 0.0061804736033082008362 0.006271047983318567276 0.0063628945499658584595
-9999 -9999 -9999 -9999 -9999 -9999 -9999 -9999 -9999 -9999 -9999 -9999 -9999 -9999 -9999 0.0033845524303615093231 0.0034982371143996715546 0.0034240256063640117645 0.011388481594622135162 0.0041972612962126731873 0.0024978683795779943466 0.0027451841160655021667 0.001006688922643661499 0.01136278640478849411 0.030058264732360839844 0.0044747884385287761688 0.0094244172796607017517 0.0092799915000796318054 0.0051198196597397327423 0.0079191913828253746033 0.003956760745495557785 0.0058753918856382369995 0.0097014419734477996826 0.00604763813316822052 0.0060632461681962013245 0.0060480670072138309479 0.0060243555344641208649 0.0060912626795470714569 0.0062277610413730144501 0.0063554360531270503998
-9999 -9999 -9999 -9999 -9999 -9999 -9999 -9999 -9999 -9999 -9999 -9999 -9999 -9999 -9999 0.0030630303081125020981 0.0029565969016402959824 0.0024935305118560791016 0.011900610290467739105 0.0022937168832868337631 0.002368253655731678009 0.00062230549519881606102 0.01025921013206243515 0.0047765318304300308228 0.020505653694272041321 0.0043118996545672416687 0.0073789078742265701294 0.0073555456474423408508 0.0052682962268590927124 0.0063040447421371936798 0.0039520845748484134674 0.0055271633900701999664 0.0059740203432738780975 0.012607539072632789612 0.0060485834255814552307 0.0059918486513197422028 0.005944348406046628952 0.0040619177743792533875 0.0094643216580152511597 0.0063544586300849914551
-9999 -9999 -9999 -9999 -9999 -9999 -9999 -9999 -9999 -9999 -9999 -9999 -9999 -9999 0.0018840070115402340889 0.0024314722977578639984 0.0034953071735799312592 0.010220034979283809662 0.0020554759539663791656 0.00087026617256924510002 0.00056247023167088627815 0.0099741406738758087158 0.00076675723539665341377 0.011757485568523406982 0.014995826408267021179 0.0044107851572334766388 0.005895918235182762146 0.0059002656489610671997 0.0053747259080410003662 0.0055960025638341903687 0.003937069326639175415 0.005523703061044216156 0.0059330519288778305054 0.0060029276646673679352 0.015091672539710998535 0.0059687024913728237152 0.0060017444193363189697 0.0041486695408821105957 0.0099557396024465560913 0.0063878414221107959747
-9999 -9999 -9999 -9999 -9999 -9999 -9999 -9999 -9999 -9999 -9999 -9999 -9999 -9999 0.0088721932843327522278 0.010425687767565250397 0.011589765548706054688 0.0030334102921187877655 0.0019880235195159912109 0.0026898058131337165833 0.0088945170864462852478 0.018074065446853637695 0.0034649574663490056992 0.0034199699293822050095 0.0086440350860357284546 0.015337109565734863281 0.0050688870251178741455 0.0052214576862752437592 0.0053432034328579902649 0.0038608654867857694626 0.005707815755158662796 0.0055006975308060646057 0.0058938809670507907867 0.0059294323436915874481 0.017133919522166252136 0.0059208115562796592712 0.0060624117031693458557 0.004182174336165189743 0.010297552682459354401 0.0063908053562045097351
-9999 -9999 -9999 -9999 -9999 -9999 -9999 -9999 -9999 -9999 -9999 -9999 -9999 -9999 0.00078474346082657575607 0.0020629309583455324173 0.0022884865757077932358 0.0022592747118324041367 0.0022070021368563175201 0.00070899032289162278175 0.010621247813105583191 0.0103325648233294487 0.017183577641844749451 0.0045212581753730773926 0.0046999566256999969482 0.0069851633161306381226 0.016804603859782218933 0.0054853530600666999817 0.0055237528868019580841 0.003922246396541595459 0.0053162495605647563934 0.0056783165782690048218 0.0056787123903632164001 0.0057783541269600391388 0.0057398304343223571777 0.018990345299243927002 0.0040681571699678897858 0.0062182527035474777222 0.0058906106278300285339 0.013518112711608409882
-9999 -9999 -9999 -9999 -9999 -9999 -9999 -9999 -9999 -9999 -9999 -9999 0.0026119959075003862381 0.002140843542292714119 0.0046383375301957130432 0.002756243804469704628 0.0023137205280363559723 0.0011441737879067659378 0.00056460057385265827179 0.0098419263958930969238 0.0041783149354159832001 0.011686085723340511322 0.0070595666766166687012 0.011788560077548027039 0.0047393543645739555359 0.0049757487140595912933 0.021423073485493659973 0.0053254505619406700134 0.0054092481732368469238 0.005200991407036781311 0.0038595220539718866348 0.0055588884279131889343 0.0055497786961495876312 0.0054124961607158184052 0.0053791315294802188873 0.0057226177304983139038 0.017236668616533279419 0.005772135220468044281 0.0062722759321331977844 0.0062650712206959724426
-9999 -9999 -9999 -9999 -9999 -9999 -9999 -9999 -9999 -9999 -9999 -9999 -9999 0.0025410645175725221634 0.0024577956646680831909 0.002454014727845788002 0.0014613328967243432999 0.0004687833425123244524 0.0092621669173240661621 0.0036600313615053892136 0.0037534849252551794052 0.0039588995277881622314 0.010907772928476333618 0.013980331830680370331 0.020280996337532997131 0.01994810253381729126 0.019543807953596115112 0.019539033994078636169 0.004819718189537525177 0.0051106428727507591248 0.0052913823164999485016 0.0050904396921396255493 0.0052931797690689563751 0.0051361788064241409302 0.0051892260089516639709 0.0055361469276249408722 0.0058715729974210262299 0.015637647360563278198 0.0062030865810811519623 0.0063127316534519195557
-9999 -9999 -9999 -9999 -9999 -9999 -9999 -9999 -9999 -9999 -9999 -9999 -9999 -9999 -9999 0.0018539807060733437538 0.00022831768728792667389 0.0082983477041125297546 0.016548542305827140808 0.014688077382743358612 0.0094229830428957939148 0.0067593213170766830444 0.0050833136774599552155 0.0039037389215081930161 0.0040502799674868583679 0.0042397356592118740082 0.0042736344039440155029 0.019773665815591812134 0.037404295057058334351 0.0045926840975880622864 0.0048567201010882854462 0.0049398140981793403625 0.0048738718032836914062 0.004822913091629743576 0.0049654450267553329468 0.0054148873314261436462 0.0057516093365848064423 0.0058617051690816879272 0.014081450179219245911 0.0060945572331547737122
-9999 -9999 -9999 -9999 -9999 -9999 -9999 -9999 -9999 -9999 -9999 -9999 -9999 -9999 -9999 -9999 0.00043606778490357100964 0.0085801547393202781677 0.0086406134068965911865 0.0057429382577538490295 0.0042494181543588638306 0.0036331850569695234299 0.0036652598064392805099 0.003850627923384308815 0.0040939757600426673889 0.0043716868385672569275 0.0044474289752542972565 0.0042403806000947952271 0.0041402815841138362885 0.037237338721752166748 0.037418149411678314209 0.037276864051818847656 0.0044660810381174087524 0.0045110201463103294373 0.004688066430389881134 0.0051053250208497047424 0.0079363090917468070984 0.010818981565535068512 0.0055772876366972923279 0.012590174563229084015
-9999 -9999 -9999 -9999 -9999 -9999 -9999 -9999 -9999 -9999 -9999 -9999 -9999 -9999 -9999 -9999 0.0083089889958500862122 0.0028484736103564500809 0.0031749748159199953079 0.0035117045044898986816 0.003600306343287229538 0.016019929200410842896 0.014432053081691265106 0.012962143868207931519 0.011582337319850921631 0.010276545770466327667 0.0090062990784645080566 0.0077410442754626274109 0.0065158610232174396515 0.0053562163375318050385 0.0045929178595542907715 0.0044407192617654800415 0.036771018058061599731 0.035679377615451812744 0.034355968236923217773 0.033352859318256378174 0.032094869762659072876 0.03088779747486114502 0.03086465783417224884 0.029794266447424888611
-9999 -9999 -9999 -9999 -9999 -9999 -9999 -9999 -9999 -9999 -9999 -9999 -9999 -9999 -9999 0.0083092050626873970032 0.0035007635597139596939 0.0035737997386604547501 0.016550548374652862549 0.016488693654537200928 0.016353370621800422668 0.0037668165750801563263 0.0054568168707191944122 0.0071994033642113208771 0.0058513861149549484253 0.0098464321345090866089 0.011103675700724124908 0.012192055583000183105 0.010925265960395336151 0.0097227189689874649048 0.0085609033703804016113 0.0074179680086672306061 0.0062888804823160171509 0.0051666675135493278503 0.0040974738076329231262 0.0039663384668529033661 0.022851156070828437805 0.021994069218635559082 0.02129957638680934906 0.021191809326410293579
-9999 -9999 -9999 -9999 -9999 -9999 -9999 -9999 -9999 -9999 -9999 -9999 -9999 -9999 0.0082889394834637641907 0.01650615595281124115 0.01734766736626625061 0.016596738249063491821 0.0038504393305629491806 0.0039461296983063220978 0.0037798902485519647598 0.0039505087770521640778 0.0041222497820854187012 0.0042848242446780204773 0.0062946355901658535004 0.0044364077039062976837 0.0045595113188028335571 0.0049901199527084827423 0.0051282835192978382111 0.0050671868957579135895 0.0050319344736635684967 0.013745963573455810547 0.014978946186602115631 0.015842258930206298828 0.016424242407083511353 0.022401999682188034058 0.0047143194824457168579 0.0051620933227241039276 0.0055828983895480632782 0.0060001416131854057312
-9999 -9999 -9999 -9999 -9999 -9999 -9999 -9999 -9999 -9999 -9999 -9999 -9999 -9999 0.0083047859370708465576 0.013379871845245361328 0.0040560578927397727966 0.0040973424911499023438 0.0041022840887308120728 0.0040887505747377872467 0.0041202921420335769653 0.0042431321926414966583 0.0041380184702575206757 0.0045911087654531002045 0.0047070109285414218903 0.004715585615485906601 0.0048361974768340587616 0.0051215458661317825317 0.0076219891197979450226 0.0099563021212816238403 0.011998066678643226624 0.0052230646833777427673 0.005086313001811504364 0.0050519988872110843658 0.0089417984709143638611 0.0049987882375717163086 0.0053877285681664943695 0.0055809239856898784637 0.0057912776246666908264 0.0060547739267349243164
