tests/data/reference/gistest_nucice/full/mqsur_m3_s.asc
ncols        123
nrows        77
xllcorner    -713746.799299980048
yllcorner    -1061022.369616159936
cellsize     10.000000000000
NODATA_value  -9999
[rows 34 to 50 of 77, columns 39 to 77 of 123]
0.00071995001053437590599 0.00074939260957762598991 0.00077789300121366977692 0.00080295791849493980408 0.0010356112616136670113 0.0010495199821889400482 0.0010507506085559725761 0.0010877248132601380348 0.0010706046596169471741 0.0010090158320963382721 0.0010117205092683434486 0.00086417637066915631294 0.0006821368006058037281 0.0006501619354821741581 0.00071388663491234183311 0.00072165118763223290443 0.00076902803266420960426 0.00066884484840556979179 0.00070576282450929284096 0.00073605153011158108711 0.00075754115823656320572 0.00077560258796438574791 0.00078968843445181846619 0.00079900230048224329948 0.00080759485717862844467 0.00081652263179421424866 0.00082097039557993412018 0.00082007457967847585678 0.00081443687668070197105 0.00080135220196098089218 0.00078211753861978650093 0.00075654470128938555717 0.00098634161986410617828 0.00071999779902398586273 0.000724237062968313694 0.0007407138473354279995 0.00076015765080228447914 0.00077093229629099369049 0.00076445570448413491249
0.00073187379166483879089 0.00076013407669961452484 0.00078167510218918323517 0.00079255615128204226494 0.00079867185559123754501 0.00080647971481084823608 0.0010293737286701798439 0.0010418489109724760056 0.0010535962646827101707 0.0010744179598987102509 0.00099742598831653594971 0.00090847886167466640472 0.00090320879826322197914 0.0008245512726716697216 0.00075016345363110303879 0.00084446108667179942131 0.00079086219193413853645 0.00083665247075259685516 0.00088100618449971079826 0.00093610340263694524765 0.00097227812511846423149 0.0010037738829851150513 0.001028523547574877739 0.001047666650265455246 0.0010663034627214074135 0.0010797766735777258873 0.0010829446837306022644 0.0010746461339294910431 0.0010486864484846591949 0.0010059558553621172905 0.00095731171313673257828 0.00090571644250303506851 0.00085640419274568557739 0.00092746835434809327126 0.00082520919386297464371 0.00085390120511874556541 0.00088657299056649208069 0.00072676106356084346771 0.00071382318856194615364
0.00070418405812233686447 0.00073398795211687684059 0.0007619461393915116787 0.00077309476910158991814 0.00076998939039185643196 0.0007758510182611644268 0.00079012045171111822128 0.00080466712825000286102 0.0010341504821553826332 0.0010232613421976566315 0.00097846530843526124954 0.00096778169972822070122 0.0009099965682253241539 0.00077384605538100004196 0.00088243623031303286552 0.00088247930398210883141 0.00092565373051911592484 0.00094469921896234154701 0.0010368254734203219414 0.0010980097576975822449 0.00098516279831528663635 0.00099666544701904058456 0.0010070517892017960548 0.0010185090359300374985 0.0010327139170840382576 0.0010363551555201411247 0.0010280609130859375 0.0011548922630026936531 0.00097762956283986568451 0.0009378336835652589798 0.00090155546786263585091 0.00086447090143337845802 0.00082915025996044278145 0.000729765335563570261 0.00083566369721665978432 0.00095783453434705734253 0.00088457245146855711937 0.00084322452312335371971 0.00081199820851907134056
0.00063479336677119135857 0.00066894397605210542679 0.00071904837386682629585 0.00067998666781932115555 0.00067573803244158625603 0.0006807112949900329113 0.00069417344639077782631 0.00070486916229128837585 0.0007134217885322868824 0.00078398839104920625687 0.00094069761689752340317 0.00091913854703307151794 0.00090815016301348805428 0.00094509212067350745201 0.00097976194228976964951 0.00096634885994717478752 0.00088456127559766173363 0.00086971517885103821754 0.00093446345999836921692 0.00095679587684571743011 0.0010475756134837865829 0.001008014078252017498 0.00097235979046672582626 0.00094768166309222579002 0.00093591300537809729576 0.00091190793318673968315 0.00086777145043015480042 0.00081996002700179815292 0.00083288142923265695572 0.0007832362898625433445 0.00074791786028072237968 0.00077291199704632163048 0.00079247611574828624725 0.0008232125546783208847 0.00086328253382816910744 0.00099634507205337285995 0.00087864475790411233902 0.00082761002704501152039 0.00078150833724066615105
0.00052197446348145604134 0.00056333752581849694252 0.00063290866091847419739 0.00072589714545756578445 0.00072770245606079697609 0.00073271186556667089462 0.00074727763421833515167 0.00075843010563403367996 0.00076486513717100024223 0.00068259309045970439911 0.00066008599242195487022 0.00065948069095611572266 0.00085960968863219022751 0.00099604984279721975327 0.0010268476326018571854 0.0010041114874184131622 0.0010014881845563650131 0.00097061414271593093872 0.0010259014088660478592 0.0010533591266721487045 0.0010333947138860821724 0.0010052175493910908699 0.00097507762257009744644 0.00094976258696988224983 0.00093258125707507133484 0.00094618112780153751373 0.00090981723042204976082 0.00086222228128463029861 0.00080852385144680738449 0.000688757339958101511 0.00074503506766632199287 0.00075752282282337546349 0.00070884695742279291153 0.00075395463500171899796 0.0008235004497691988945 0.00095228804275393486023 0.00081894302275031805038 0.00077309808693826198578 0.00074299995321780443192
0.0005369607824832201004 0.00055500335292890667915 0.00062678963877260684967 0.00071515538729727268219 0.00071086012758314609528 0.00070913904346525669098 0.00071790366200730204582 0.00073105626506730914116 0.00074459484312683343887 0.00074136385228484869003 0.00071895570727065205574 0.00071639358066022396088 0.00074176175985485315323 0.00076235132291913032532 0.00085582816973328590393 0.0008605994516983628273 0.00076588377123698592186 0.00078237021807581186295 0.0008203645702451467514 0.00084085029084235429764 0.00084244954632595181465 0.00083851517410948872566 0.00082995591219514608383 0.00081773154670372605324 0.0010040451306849718094 0.00097460474353283643723 0.00093670020578429102898 0.0008942266576923429966 0.00085337500786408782005 0.00093715148977935314178 0.00088766892440617084503 0.00073574448470026254654 0.00072863954119384288788 0.00073240540223196148872 0.0008233168628066778183 0.00083603436360135674477 0.0007860919577069580555 0.00070875382516533136368 0.00072404899401590228081
0.00055027252528816461563 0.00064129475504159927368 0.00069103541318327188492 0.00071098731132224202156 0.00069243129109963774681 0.00068031752016395330429 0.00068090093554928898811 0.00069614470703527331352 0.00072288943920284509659 0.00073468539630994200706 0.00072905962588265538216 0.00072141742566600441933 0.00071754574310034513474 0.00079457380343228578568 0.00074502290226519107819 0.00076895015081390738487 0.00078643701272085309029 0.00081626954488456249237 0.00085578247671946883202 0.00088058650726452469826 0.00089024810586124658585 0.0008951753261499106884 0.00089453486725687980652 0.00088703178334981203079 0.00087385042570531368256 0.00085692177526652812958 0.0008367445552721619606 0.00081320258323103189468 0.00098599120974540710449 0.00094953662483021616936 0.00090802623890340328217 0.00094875291688367724419 0.0008884862181730568409 0.00085150654194876551628 0 0.00070082297315821051598 0.00065823562908917665482 0.00062355899717658758163 0.00064117304282262921333
0.00063040293753147125244 0.00066775729646906256676 0.00069131219061091542244 0.00069008412538096308708 0.00066582177532836794853 0.00065450213151052594185 0.00066142715513706207275 0.00067705207038670778275 0.00069829780841246247292 0.00071108626434579491615 0.00071658787783235311508 0.00077688985038548707962 0.00076412374619394540787 0.00070699729258194565773 0.00073361460817977786064 0.000753916159737855196 0.00076462968718260526657 0.00078475463669747114182 0.00081987230805680155754 0.00084763043560087680817 0.00086498213931918144226 0.00088161038001999258995 0.00089328194735571742058 0.00089455634588375687599 0.00088967237388715147972 0.00088520382996648550034 0.00088101049186661839485 0.00087258126586675643921 0.00086082605412229895592 0.00084811303531751036644 0.00083127018297091126442 0.00099619571119546890259 0.00091282167704775929451 0.00086919311434030532837 0 0 0 0.00051000039093196392059 0.00052935641724616289139
0.00069611548678949475288 0.00072630954673513770103 0.00072968885069712996483 0.00065740675199776887894 0.00063602806767448782921 0.00063583476003259420395 0.00065688660833984613419 0.00066830345895141363144 0.00066613109083846211433 0.00066479505039751529694 0.00073052296647801995277 0.0006763438577763736248 0.00068089325213804841042 0.00069912674371153116226 0.00072247406933456659317 0.00073574489215388894081 0.00073898059781640768051 0.0007495274767279624939 0.0007760472944937646389 0.00079992029350250959396 0.00081705534830689430237 0.00083953188732266426086 0.00086355407256633043289 0.00087629363406449556351 0.00087989220628514885902 0.00088494643568992614746 0.00089207937708124518394 0.00089489272795617580414 0.0008934985380619764328 0.00089373561786487698555 0.00089253752958029508591 0.00087566039292141795158 0.00083846232155337929726 0.0010096903424710035324 0.00099917640909552574158 0.00099969818256795406342 0 0 0
0.00062849064124748110771 0.00064219441264867782593 0.00063345255330204963684 0.00062653713393956422806 0.00062333233654499053955 0.00063103833235800266266 0.00064929900690913200378 0.00064851384377107024193 0.00062851631082594394684 0.00067241693614050745964 0.00063041539397090673447 0.00065251602791249752045 0.00067005370510742068291 0.00068254466168582439423 0.0006955086137168109417 0.00070437893737107515335 0.00070618477184325456619 0.00071123236557468771935 0.0007275750976987183094 0.00074182637035846710205 0.00075090175960212945938 0.00077253446215763688087 0.00080654991324990987778 0.00083237059880048036575 0.00084668019553646445274 0.00085982354357838630676 0.00087454513413831591606 0.00088554585818201303482 0.00089262193068861961365 0.00090453797020018100739 0.00091910577611997723579 0.00092191202566027641296 0.00091025634901598095894 0.00089412333909422159195 0.0011140886927023530006 0.0010583288967609405518 0.0010140845552086830139 0.00094290071865543723106 0
0.00067910476354882121086 0.00069444358814507722855 0.00069108605384826660156 0.00069366768002510070801 0.00064634642330929636955 0.0006472805398516356945 0.00064448179909959435463 0.0006906253984197974205 0.0006660500657744705677 0.00060121779097244143486 0.00060478545492514967918 0.00062683632131665945053 0.00064992584520950913429 0.0006600579945370554924 0.00066659529693424701691 0.00067629449767991900444 0.00068398576695472002029 0.00068870326504111289978 0.00069681211607530713081 0.00070276245241984724998 0.00070344080450013279915 0.00071712239878252148628 0.00074802705785259604454 0.00077717780368402600288 0.00079861987615004181862 0.00081650546053424477577 0.00083398143760859966278 0.00084867805708199739456 0.00086029060184955596924 0.00087962305406108498573 0.00090457487385720014572 0.00091854139463976025581 0.00092017877614125609398 0.00091927585890516638756 0.00091566983610391616821 0.0011241742176935076714 0.0010332016972824931145 0.0010310803772881627083 1.8807411095167481108e-07
0.0006696440395899116993 0.00067800865508615970612 0.00067418091930449008942 0.00067487749038264155388 0.00074597349157556891441 0.00074595696059986948967 0.00072888162685558199883 0.00065189454471692442894 0.00063506490550935268402 0.00061396101955324411392 0.00059264560695737600327 0.00059357407735660672188 0.00061366119189187884331 0.00062538834754377603531 0.00063101446721702814102 0.0006476414855569601059 0.00066828198032453656197 0.00067768519511446356773 0.00068050733534619212151 0.00068241584813222289085 0.00067907583434134721756 0.00068001030012965202332 0.00069434090983122587204 0.00071693817153573036194 0.00074109411798417568207 0.00075956591172143816948 0.00077449274249374866486 0.00078800047049298882484 0.0007997812936082482338 0.00082368333823978900909 0.0008571805083192884922 0.00087694125249981880188 0.00088300986681133508682 0.00089432595996186137199 0.00091120845172554254532 0.00089611182920634746552 0.0010586593998596072197 0.0010119749931618571281 0
0.00070301658706739544868 0.000712462584488093853 0.00071282737189903855324 0.00071280973497778177261 0.0007168357260525226593 0.00071173656033352017403 0.00069487385917454957962 0.00068072526482865214348 0.0006668699788860976696 0.00064339273376390337944 0.00061006797477602958679 0.00059161399258300662041 0.00059739215066656470299 0.00059822027105838060379 0.00059183262055739760399 0.0006073205149732530117 0.00063913007033988833427 0.0006546133081428706646 0.00065418065059930086136 0.00065694103250280022621 0.00066115916706621646881 0.00066070287721231579781 0.00066074478672817349434 0.00067513278918340802193 0.00069979787804186344147 0.00071498268516734242439 0.00072177045512944459915 0.00072856986662372946739 0.00073521514423191547394 0.00076098710997030138969 0.00080511375563219189644 0.00083209393778815865517 0.00084028381388634443283 0.00085943331941962242126 0.00089065817883238196373 0.00089281686814501881599 0.00085392501205205917358 0.0008271110127680003643 0
0.00070382596459239721298 0.00071935716550797224045 0.00073040073039010167122 0.00073768739821389317513 0.00074231199687346816063 0.00073785491986200213432 0.00072126218583434820175 0.00070362084079533815384 0.00068911397829651832581 0.00067209458211436867714 0.00064469553763046860695 0.00061754416674375534058 0.00060442177345976233482 0.00058671558508649468422 0.0005594973335973918438 0.0005642998148687183857 0.00060238561127334833145 0.00062124553369358181953 0.00061951018869876861572 0.0006245357799343764782 0.00063855812186375260353 0.00064705422846600413322 0.00064523844048380851746 0.0006547684897668659687 0.0006771901971660554409 0.00068669597385451197624 0.00068057118915021419525 0.00067713222233578562737 0.00067659409251064062119 0.00069804949453100562096 0.0007487416733056306839 0.00078067649155855178833 0.00079067546175792813301 0.00081381591735407710075 0.0008523778524249792099 0.00087255774997174739838 0.00086682295659556984901 0.00075649918289855122566 0
0.00069765414809808135033 0.00071392511017620563507 0.00072906567947939038277 0.00074153137393295764923 0.00075064558768644928932 0.00075186241883784532547 0.00074196525383740663528 0.00072487007128074765205 0.00070556136779487133026 0.00069053622428327798843 0.00067313702311366796494 0.00064797693630680441856 0.00062415411230176687241 0.0005955408560112118721 0.00055667664855718612671 0.00054982560686767101288 0.00053970050066709518433 0.00055474386317655444145 0.00055231590522453188896 0.0005555753014050424099 0.0006129872053861618042 0.00062260939739644527435 0.00062983290990814566612 0.00064248091075569391251 0.00066351762507110834122 0.00061543739866465330124 0.00060623732861131429672 0.00065583974355831742287 0.00059642456471920013428 0.00061293918406590819359 0.00065071176504716277122 0.00067212851718068122864 0.00067752710310742259026 0.00069621053989976644516 0.00072830443968996405602 0.00084042124217376112938 0.00086728995665907859802 0.00087665679166093468666 0
0.00068712874781340360641 0.00070123642217367887497 0.00071353174280375242233 0.00072723656194284558296 0.00074086926179006695747 0.00074976560426875948906 0.00075072445906698703766 0.00074005214264616370201 0.00071876484435051679611 0.00070283666718751192093 0.00069444597465917468071 0.00067579367896541953087 0.00064768403535708785057 0.00061663304222747683525 0.00057852582540363073349 0.00051774643361568450928 0.00057357049081474542618 0.00058531464310362935066 0.00058469612849876284599 0.00058419816195964813232 0.00054234254639595746994 0.00059922592481598258018 0.00061506358906626701355 0.00058396102394908666611 0.00060334609588608145714 0.00066417566267773509026 0.00065753911621868610382 0.00059686292661353945732 0.00064956693677231669426 0.00066525326110422611237 0.00069617998087778687477 0.00071404495975002646446 0.00071612378815189003944 0.00072745542274788022041 0.00075148174073547124863 0.0007179070962592959404 0.0007656720699742436409 0.00096727150958031415939 2.9178009341990218672e-08
0.00067678967025130987167 0.00068924843799322843552 0.00069465109845623373985 0.00070525379851460456848 0.00071997492341324687004 0.00073386222356930375099 0.00074391049565747380257 0.00074168038554489612579 0.00072523404378443956375 0.00071253662463277578354 0.00071107241092249751091 0.00069760566111654043198 0.00066841824445873498917 0.00064051244407892227173 0.0006122192717157304287 0.00058841856662184000015 0.00058196735335513949394 0.00058173568686470389366 0.00058257859200239181519 0.00057942507555708289146 0.00062006968073546886444 0.00058508879737928509712 0.00056405703071504831314 0.00062937429174780845642 0.0006475607515312731266 0.0006552917766384780407 0.00065165752312168478966 0.00065241998527199029922 0.0006590411067008972168 0.00067606539232656359673 0.00070406409213319420815 0.00071918469620868563652 0.00071981392102316021919 0.0007198224775493144989 0.00072088965680450201035 0.00074940372724086046219 0.00080616219202056527138 0.0008351567084901034832 0.004712645895779132843
