tests/data/reference/gistest_nucice/full/mqsur_m3_s.asc
ncols        123
nrows        77
xllcorner    -713746.799299980048
yllcorner    -1061022.369616159936
cellsize     10.000000000000
NODATA_value -9999
[rows 36 to 53 of 77, columns 0 to 39 of 123]
-9999 -9999 -9999 -9999 -9999 -9999 -9999 -9999 -9999 -9999 -9999 -9999 0.0086599998176097869873 0.015900017693638801575 0.021652199327945709229 0.083206050097942352295 0.010803596116602420807 0.013780689798295497894 0.018030580133199691772 0.020263474434614181519 0.021593056619167327881 0.019034203141927719116 0.027633052319288253784 0.022432915866374969482 0.022690543904900550842 0.024484062567353248596 0.023974161595106124878 0.019991442561149597168 0.014410732313990592957 0.020298086106777191162 0.02405038103461265564 0.049957182258367538452 0.0037405390758067369461 0.0074344994500279426575 0.019722728058695793152 0.014535218477249145508 0.011020408011972904205 0.011008750647306442261 0.020843422040343284607 0.011027690023183822632
-9999 -9999 -9999 -9999 -9999 -9999 -9999 -9999 -9999 -9999 -9999 0.0043299999088048934937 0.012331705540418624878 0.020105134695768356323 0.083987317979335784912 0.0073674763552844524384 0.010682108812034130096 0.015751214697957038879 0.018727783113718032837 0.020568998530507087708 0.016704840585589408875 0.028272425755858421326 0.021785728633403778076 0.022035418078303337097 0.02519171498715877533 0.023295668885111808777 0.017253251746296882629 0.010939389467239379883 0.017455574125051498413 0.022146800532937049866 0.017218925058841705322 0.030738476663827896118 0.003725966205820441246 0.01688429713249206543 0.011010237038135528564 0.0073934346437454223633 0.0073756934143602848053 0.017777230590581893921 0.0073705282993614673615 0.0073773716576397418976
-9999 -9999 -9999 -9999 -9999 -9999 -9999 -9999 -9999 -9999 0.0043299999088048934937 0.0086599998176097869873 0.018049353733658790588 0.084859549999237060547 0.0037398885469883680344 0.0072991661727428436279 0.013084705919027328491 0.016882045194506645203 0.019372640177607536316 0.013885434716939926147 0.028931574895977973938 0.020982921123504638672 0.021286195144057273865 0.025835145264863967896 0.022685457020998001099 0.014225938357412815094 0.0073494738899171352386 0.014325542375445365906 0.019994946196675300598 0.01416202448308467865 0.014067883603274822235 0.013957600109279155731 0.013844413682818412781 0.0073758484795689582825 0.0037141672801226377487 0.0036994207184761762619 0.014507236890494823456 0.0036882609128952026367 0.0036904192529618740082 0.0036973964888602495193
-9999 -9999 -9999 -9999 -9999 -9999 -9999 -9999 -9999 -9999 0.0043299999088048934937 0.015422396361827850342 0.083806775510311126709 0.0071701197884976863861 0.0037317287642508745193 0.010132437571883201599 0.01477217208594083786 0.018089769408106803894 0.010720748454332351685 0.02961326204240322113 0.02007217705249786377 0.020430667325854301453 0.026462858542799949646 0.022060275077819824219 0.010896832682192325592 0.0036841065157204866409 0.010931524448096752167 0.017404133453965187073 0.010890851728618144989 0.01082053501158952713 0.010717586614191532135 0.010645799338817596436 0.003679600544273853302 0.0037095872685313224792 0.0074036158621311187744 0.011038824915885925293 0.0036965806502848863602 0.007390858139842748642 0.011051733046770095825 0.014649509452283382416
-9999 -9999 -9999 -9999 -9999 -9999 -9999 -9999 -9999 0.0043299999088048934937 0.012262287549674510956 0.080166861414909362793 0.010244739241898059845 0.0037281140685081481934 0.007015542592853307724 0.012477815151214599609 0.016814047470688819885 0.0073104007169604301453 0.03032793290913105011 0.019115889444947242737 0.019529966637492179871 0.027097323909401893616 0.021367281675338745117 0.0073541491292417049408 0.0036834573838859796524 0.0073553053662180900574 0.014349044300615787506 0.0073745530098676681519 0.0073779341764748096466 0.0073189898394048213959 0.0072857285849750041962 0.0037441912572830915451 0.0074362009763717651367 0.011093214154243469238 0.014693501405417919159 0.018204296007752418518 0.021502891555428504944 0.024424690753221511841 0.0037031830288469791412 0.0037220402155071496964
-9999 -9999 -9999 -9999 -9999 -9999 -9999 -9999 -9999 0.0043299999088048934937 0.070853538811206817627 0.015385221689939498901 0.0071326224133372306824 0.0037251724861562252045 0.0099568674340844154358 0.015630155801773071289 0.003735385136678814888 0.031099969521164894104 0.018257528543472290039 0.01866048760712146759 0.027742914855480194092 0.020597817376255989075 0.0036843968555331230164 0.0036869279574602842331 0.0073663191869854927063 0.010956161655485630035 0.0037014591507613658905 0.0037355846725404262543 0.0037439505103975534439 0.0037390585057437419891 0.0037394161336123943329 0.0074244011193513870239 0.011075940914452075958 0.014656867831945419312 0.018129039555788040161 0.021411446854472160339 0.024373194202780723572 0.0037084808573126792908 0.026879202574491500854 0.0074005280621349811554
-9999 -9999 -9999 -9999 -9999 -9999 -9999 -9999 0.0086599998176097869873 0.012320046313107013702 0.066866785287857055664 0.01313048042356967926 0.0037224416155368089676 0.0069991298951208591461 0.014292748644948005676 0.01602620445191860199 0.032011669129133224487 0.017648076638579368591 0.017985025420784950256 0.028404409065842628479 0.019772442057728767395 0.007405152544379234314 0.010943996720016002655 0.014319575391709804535 0.017437150701880455017 0.10314253717660903931 0.1164552643895149231 0.11556284874677658081 0.11465480923652648926 0.11381783336400985718 0.11312933266162872314 0.11249947547912597656 0.11189109086990356445 0.11130069196224212646 0.11072219163179397583 0.11015155166387557983 0.10958494246006011963 0.10998859256505966187 0.10936439782381057739 0.11051323264837265015
-9999 -9999 -9999 -9999 -9999 -9999 -9999 0.0043299999088048934937 0.0086599998176097869873 0.065112963318824768066 0.007242842111736536026 0.0102968607097864151 0.0037255804054439067841 0.012431420385837554932 0.014645552262663841248 0.016985068097710609436 0.017434759065508842468 0.017756504938006401062 0.029091261327266693115 0.018888372927904129028 0.0037454178091138601303 0.0037047513760626316071 0.0073969066143035888672 0.078521773219108581543 0.089310906827449798584 0.017207624390721321106 0.010906989686191082001 0.014273310080170631409 0.017362650483846664429 0.020097566768527030945 0.022584695369005203247 0.024733375757932662964 0.026588417589664459229 0.028210727497935295105 0.029648151248693466187 0.030926205217838287354 0.032062415033578872681 0.033003222197294235229 0.033869631588459014893 0.034844107925891876221
-9999 -9999 -9999 -9999 -9999 -9999 -9999 0.0043299999088048934937 0.0041973800398409366608 0.064800523221492767334 0.00373419933021068573 0.0071414751000702381134 0.010064302012324333191 0.012711744755506515503 0.016191804781556129456 0.017122648656368255615 0.01796052977442741394 0.029840759932994842529 0.017983835190534591675 0.019047848880290985107 0.037211347371339797974 0.055522687733173370361 0.074489526450634002686 0.014267050661146640778 0.014224864542484283447 0.0073525696061551570892 0.0036881456617265939713 0.0073666926473379135132 0.010985469445586204529 0.014497228898108005524 0.017882741987705230713 0.021073067560791969299 0.024035828188061714172 0.026763653382658958435 0.029288569465279579163 0.031380020081996917725 0.33741265535354614258 0.36371633410453796387 0.39040189981460571289 0.41622436046600341797
-9999 -9999 -9999 -9999 -9999 -9999 -9999 0.00099462934304028749466 0.05600259825587272644 0.013155327178537845612 0.0037274139467626810074 0.0070943734608590602875 0.01021685916930437088 0.014904803596436977386 0.016434833407402038574 0.017959086224436759949 0.030646588653326034546 0.017078094184398651123 0.018031915649771690369 0.018801491707563400269 0.019778851419687271118 0.020883118733763694763 0.010951764881610870361 0.010894420556724071503 0.0036812964826822280884 0.0036958574783056974411 0.0073839789256453514099 0.011021811515092849731 0.014558072201907634735 0.017930658534169197083 0.021124344319105148315 0.024101566523313522339 0.026716528460383415222 0.27173268795013427734 0.29576528072357177734 0.32064697146415710449 0.029599387198686599731 0.030293831601738929749 0.030762363225221633911 0.031057927757501602173
-9999 -9999 -9999 -9999 -9999 -9999 0.0043299999088048934937 0.049726430326700210571 0.010491869412362575531 0.010487561114132404327 0.0037286586593836545944 0.0071523636579513549805 0.012942944653332233429 0.015093098394572734833 0.017621764913201332092 0.031485166400671005249 0.015531398355960845947 0.016901673749089241028 0.017717134207487106323 0.018687393516302108765 0.019821055233478546143 0.0073994533158838748932 0.0073505565524101257324 0.0073416004888713359833 0.010912111960351467133 0.014373569749295711517 0.017663286998867988586 0.020650444552302360535 0.023228101432323455811 0.025382973253726959229 0.027099270373582839966 0.23423628509044647217 0.25674545764923095703 0.027861664071679115295 0.028593808412551879883 0.029383271932601928711 0.02998879551887512207 0.030344950035214424133 0.030506156384944915771 0.03063853830099105835
-9999 -9999 -9999 -9999 -9999 -9999 0.025428248569369316101 0.0268733929842710495 0.0072999740950763225555 0.0072879446670413017273 0.0037361432332545518875 0.010299777612090110779 0.012937291525304317474 0.016709934920072555542 0.032393041998147964478 0.013342135585844516754 0.015323961153626441956 0.016601666808128356934 0.017631543800234794617 0.018727637827396392822 0.0037117830943316221237 0.0036821423564106225967 0.003684895811602473259 0.0036859416868537664413 0.00736511964350938797 0.010990735143423080444 0.014497052878141403198 0.15278820693492889404 0.17232352495193481445 0.19188202917575836182 0.21262457966804504395 0.027071749791502952576 0.027374226599931716919 0.02823422849178314209 0.028930865228176116943 0.02939282543957233429 0.029631091281771659851 0.029708910733461380005 0.029751794412732124329 0.03040837310254573822
-9999 -9999 -9999 -9999 -9999 0.0043299999088048934937 0.024033004418015480042 0.025615759193897247314 0.003732527606189250946 0.0037341085262596607208 0.0071598677895963191986 0.010123850777745246887 0.015158515423536300659 0.033321835100650787354 0.0105136847123503685 0.013169634155929088593 0.015182854607701301575 0.016622381284832954407 0.017673488706350326538 0.018592199310660362244 0.036214455962181091309 0.053527582436800003052 0.070991650223731994629 0.10395555198192596436 0.11457235366106033325 0.12815999984741210938 0.14395046234130859375 0.023792488500475883484 0.024311589077115058899 0.025568179786205291748 0.026083743199706077576 0.02643929608166217804 0.027449386194348335266 0.028048142790794372559 0.028423048555850982666 0.028610095381736755371 0.028644781559705734253 0.028634540736675262451 0.029579719528555870056 0.029435211792588233948
-9999 -9999 -9999 -9999 0.020043730735778808594 0.014807409606873989105 0.010435533709824085236 0.01999179646372795105 0.0037268165033310651779 0.0037219191435724496841 0.0069748098030686378479 0.013275641947984695435 0.034312233328819274902 0.0072423294186592102051 0.010359087958931922913 0.012986227869987487793 0.015110077336430549622 0.016597131267189979553 0.017468497157096862793 0.018007131293416023254 0.018638685345649719238 0.019350059330463409424 0.034548424184322357178 0.014406931586563587189 0.017559269443154335022 0.020018178969621658325 0.021793654188513755798 0.02235459350049495697 0.023942848667502403259 0.024485716596245765686 0.024892725050449371338 0.026173837482929229736 0.026693977415561676025 0.027024289593100547791 0.027212841436266899109 0.027259528636932373047 0.027217291295528411865 0.02866515330970287323 0.028151571750640869141 0.029087167233228683472
-9999 -9999 -9999 -9999 0.017186529934406280518 0.01579905487596988678 0.0071733617223799228668 0.010241550393402576447 0.0070509654469788074493 0.0037106035742908716202 0.011316516436636447906 0.035486385226249694824 0.0037317425012588500977 0.0071724699810147285461 0.010206269100308418274 0.012815058231353759766 0.015003844164311885834 0.016310425475239753723 0.016601784154772758484 0.017009569332003593445 0.017525723204016685486 0.034697759896516799927 0.010993245989084243774 0.014415058307349681854 0.017240123823285102844 0.019321609288454055786 0.019895447418093681335 0.021867301315069198608 0.022356310859322547913 0.022767305374145507812 0.024438101798295974731 0.024922622367739677429 0.025253036990761756897 0.025468057021498680115 0.025547821074724197388 0.025509867817163467407 0.027710743248462677002 0.026632014662027359009 0.027927381917834281921 0.027832418680191040039
-9999 -9999 -9999 0.0043299999088048934937 0.014452286064624786377 0.013484119437634944916 0.0037179810460656881332 0.0069745951332151889801 0.0037006840575486421585 0.0092889331281185150146 0.023590873926877975464 0.0134596237912774086 0.0037252882029861211777 0.0070754857733845710754 0.010009801015257835388 0.012687803246080875397 0.014750216156244277954 0.014942423440515995026 0.015108383260667324066 0.015376184135675430298 0.033978845924139022827 0.0073963082395493984222 0.011002583429217338562 0.014128387905657291412 0.016472343355417251587 0.017035579308867454529 0.019307523965835571289 0.019729929044842720032 0.02014956250786781311 0.022185938432812690735 0.022621009498834609985 0.022969229146838188171 0.023230331018567085266 0.023362219333648681641 0.02337128855288028717 0.026712628081440925598 0.024865547195076942444 0.026695353910326957703 0.026191474869847297668 0.02664063870906829834
-9999 -9999 -9999 0.0043299999088048934937 0.015947734937071800232 0.0070217279717326164246 0.0036906048189848661423 0.0036607037764042615891 0.0070148035883903503418 0.0070928754284977912903 0.01666573062539100647 0.01180393807590007782 0.0037127924151718616486 0.0069086812436580657959 0.009860385209321975708 0.012598618865013122559 0.012736235745251178741 0.012824444100260734558 0.012885063886642456055 0.03242907300591468811 0.0036968323402106761932 0.0074168848805129528046 0.010781875811517238617 0.013349802233278751373 0.013888730667531490326 0.016369694843888282776 0.016733502969145774841 0.017153697088360786438 0.019494855776429176331 0.019888658076524734497 0.020233320072293281555 0.020504793152213096619 0.020665556192398071289 0.0207232646644115448 0.025472335517406463623 0.022735064849257469177 0.025394296273589134216 0.024323159828782081604 0.024693107232451438904 0.025191787630319595337
-9999 -9999 0.041337639093399047852 0.0007353823748417198658 0.0071376822888851165771 0.006952598225325345993 0.003613470122218132019 0.0035678013227880001068 0.0036054993979632854462 0.0035411582794040441513 0.012414422817528247833 0.0094184484332799911499 0.0036817265208810567856 0.0067278817296028137207 0.0099848080426454544067 0.0099707301706075668335 0.010076304897665977478 0.010116009041666984558 0.016972564160823822021 0.013442927040159702301 0.0037393518723547458649 0.0072935200296342372894 0.010102340951561927795 0.010574502870440483093 0.013196921907365322113 0.013543577864766120911 0.013947691768407821655 0.016521994024515151978 0.016904115676879882812 0.017235921695828437805 0.017484895884990692139 0.017631653696298599243 0.017697414383292198181 0.023944800719618797302 0.020171020179986953735 0.023859050124883651733 0.022149026393890380859 0.022481108084321022034 0.022906243801116943359 0.023296605795621871948
