tests/data/reference/gistest_nucice/full/mqsur_m3_s.asc
ncols        123
nrows        77
xllcorner    -713746.799299980048
yllcorner    -1061022.369616159936
cellsize     10.000000000000
NODATA_value  -9999
[rows 54 to 71 of 77, columns 78 to 116 of 123]
0.017388060688972473145 0.017139947041869163513 0.014665329828858375549 0.012945091351866722107 0.010547973215579986572 0.0088660186156630516052 0.0079775406047701835632 0.0079474085941910743713 0.012722702696919441223 0.015306965447962284088 0.004048238508403301239 0 0.006509389728307723999 0.0064454586245119571686 0.0058770193718373775482 0.0041318307630717754364 0.0064476211555302143097 0.0067349094897508621216 0.0069226119667291641235 0.0070722200907766819 0.0071410737000405788422 0.0072252657264471054077 0.0072487457655370235443 0.0071800379082560539246 0.0070660696364939212799 0.0070330682210624217987 0.0070636207237839698792 0.0069840746000409126282 0.0067362478002905845642 0.024300744757056236267 0.0061670960858464241028 0.009632219560444355011 0.004074541386216878891 0.0038505254779011011124 0.0054299691691994667053 0.005374812055379152298 0.01182987261563539505 0.010097272694110870361 0.0057339826598763465881
0.0050422204658389091492 0.0070725246332585811615 0.0079319169744849205017 0.0082526914775371551514 0.0083125550299882888794 0.0081602279096841812134 0.0079953689128160476685 0.0080716526135802268982 0.0078793186694383621216 0.011068923398852348328 0.014412774704396724701 0 0.0067806425504386425018 0.0065350383520126342773 0.0042634112760424613953 0.0060674212872982025146 0.0067368797026574611664 0.0069217379204928874969 0.007071137893944978714 0.0071607269346714019775 0.0071859611198306083679 0.0072162500582635402679 0.0072601148858666419983 0.0072609111666679382324 0.007202018052339553833 0.0071472772397100925446 0.0070944433100521564484 0.0069314688444137573242 0.025796612724661827087 0.0063945441506803035736 0.0080841956660151481628 0.0085036624222993850708 0.005781216546893119812 0.0056864148937165737152 0.0053648804314434528351 0.01375997345894575119 0.0054706656374037265778 0.005766205955296754837 0.0057843439280986785889
0.0049361288547515869141 0.0071048806421458721161 0.0078945709392428398132 0.008062014356255531311 0.008066305890679359436 0.0080516645684838294983 0.0080465683713555335999 0.0080538103356957435608 0.0079045733436942100525 0.012655411846935749054 0.024016451090574264526 0 0 0.0045810570009052753448 0.006458077114075422287 0.0068828458897769451141 0.0070430948399007320404 0.0071388478390872478485 0.0072146384045481681824 0.0072528040036559104919 0.0072337938472628593445 0.0072052967734634876251 0.0072138677351176738739 0.0072391014546155929565 0.0072265700437128543854 0.0071412608958780765533 0.0069832829758524894714 0.0067481701262295246124 0.027178442105650901794 0.0066932174377143383026 0.0073069580830633640289 0.0067362496629357337952 0.0063239098526537418365 0.0058131371624767780304 0.01167744956910610199 0.0054075680673122406006 0.0055312635377049446106 0.0057436199858784675598 0.0056815841235220432281
0.0049309059977531433105 0.0070184925571084022522 0.0076845968142151832581 0.007741344161331653595 0.0077709816396236419678 0.0079419771209359169006 0.0081009687855839729309 0.0081585925072431564331 0.0081392535939812660217 0.0078142546117305755615 0.017223330214619636536 0.022999789565801620483 0 0.0071542514488101005554 0.0076752593740820884705 0.007378708571195602417 0.0073438375256955623627 0.0073267878033220767975 0.0073072942905128002167 0.0073106642812490463257 0.0072939163073897361755 0.0072221616283059120178 0.0071361470036208629608 0.007094211876392364502 0.007072027307003736496 0.0069665699265897274017 0.0067701903171837329865 0.028884472325444221497 0.0065203546546399593353 0.0068972432054579257965 0.0069464961998164653778 0.0043637049384415149689 0.0064622103236615657806 0.0098919644951820373535 0.0057683805935084819794 0.0057028587907552719116 0.0056808390654623508453 0.0057020983658730983734 0.0055310917086899280548
0.0049106497317552566528 0.0069142072461545467377 0.0074983355589210987091 0.0075307609513401985168 0.054118577390909194946 0.052901476621627807617 0.051698513329029083252 0.069518826901912689209 0.07409954071044921875 0.072179622948169708252 0.070969633758068084717 0.10386386513710021973 0 0 0.0081922663375735282898 0.0077809114009141921997 0.0075346902012825012207 0.0074296025559306144714 0.0073434300720691680908 0.007315616123378276825 0.0073008239269256591797 0.0072174086235463619232 0.0070702121593058109283 0.0069651314988732337952 0.0069305864162743091583 0.0068206726573407649994 0.030722374096512794495 0.0065074004232883453369 0.0066957594826817512512 0.012804154306650161743 0.0093214744701981544495 0.0068267327733337879181 0.0082903802394866943359 0.0063397451303899288177 0.0091686854138970375061 0.0060827671550214290619 0.0059049525298178195953 0.0056959176436066627502 0.0053221611306071281433
0.011566331610083580017 0.011371961794793605804 0.040516823530197143555 0.049172431230545043945 0.0076023950241506099701 0.011822472326457500458 0.023718196898698806763 0.0081322761252522468567 0.0082757454365491867065 0.027486680075526237488 0.027480268850922584534 0.022719133645296096802 0.11644437909126281738 0 0 0.0079362029209733009338 0.0076558003202080726624 0.0074206427671015262604 0.0073210275731980800629 0.0072664180770516395569 0.0072234040126204490662 0.0071523739024996757507 0.0070211472921073436737 0.0069214389659464359283 0.0069124284200370311737 0.032640740275382995605 0.006633260287344455719 0.0067526833154261112213 0.016171799972653388977 0.0068845394998788833618 0.0068956250324845314026 0.0068277628161013126373 0.0067029404453933238983 0.012717564590275287628 0.0066183125600218772888 0.0064524896442890167236 0.0062009030953049659729 0.0058360402472317218781 0.0052869147621095180511
0.0070670116692781448364 0.030561372637748718262 0.011802652850747108459 0.0073490841314196586609 0.0067781191319227218628 0.0069582369178533554077 0.007126233074814081192 0.007252228911966085434 0.0074180033989250659943 0.0076429876498878002167 0.0076764742843806743622 0.0084170782938599586487 0.0075085158459842205048 0.11726050823926925659 0 0 0.0074449349194765090942 0.0072274603880941867828 0.0072107193991541862488 0.0071918275207281112671 0.0071460735052824020386 0.007103618234395980835 0.0070129837840795516968 0.0069041103124618530273 0.0068563278764486312866 0.035000789910554885864 0.0067651718854904174805 0.020211733877658843994 0.0070185577496886253357 0.0068040103651583194733 0.0067898635752499103546 0.0068314257077872753143 0.010825267992913722992 0.0043152957223355770111 0.0068404646590352058411 0.0067577422596514225006 0.0065194470807909965515 0.0060672936961054801941 0.0051880520768463611603
0.034541536122560501099 0.014339781366288661957 0.0066432766616344451904 0.0045185447670519351959 0.004553578794002532959 0.0046187019906938076019 0.0046921614557504653931 0.0047617782838642597198 0.0048536551184952259064 0.004969575442373752594 0.0094339512288570404053 0.021256849169731140137 0.014878758229315280914 0.011847680434584617615 0.12254987657070159912 0 0.0064678583294153213501 0.0067008505575358867645 0.0069748833775520324707 0.0070939669385552406311 0.0071074208244681358337 0.0071091717109084129333 0.0070648258551955223083 0.006896754726767539978 0.037273269146680831909 0.0066880662925541400909 0.022638285532593727112 0.0070393607020378112793 0.0063857077620923519135 0.0042838160879909992218 0.0042354869656264781952 0.011658838018774986267 0.0062585375271737575531 0.0068992055021226406097 0.0043537872843444347382 0.0063555622473359107971 0.00435228738933801651 0.004258275497704744339 0.0040469672530889511108
0.019086388871073722839 0.0045212185941636562347 0.0044872914440929889679 0.0066036540083587169647 0.0072664055041968822479 0.007445138879120349884 0.0075918841175734996796 0.0078066717833280563354 0.008080416359007358551 0.0084061119705438613892 0.0049617104232311248779 0.0049932366237044334412 0.0075416034087538719177 0.0078092035837471485138 0.0064629055559635162354 0 0 0.0061475215479731559753 0.0066865049302577972412 0.006947365589439868927 0.0070167547091841697693 0.0070215491577982902527 0.0069985273294150829315 0.039511509239673614502 0.0065547586418688297272 0.02623271942138671875 0.0071394196711480617523 0.0070314370095729827881 0.0067873960360884666443 0.0061125503852963447571 0.010161918587982654572 0.0042903977446258068085 0.0069265943020582199097 0.0063321767374873161316 0.0069517651572823524475 0.0044224206358194351196 -9999 -9999 -9999
0.01562974974513053894 0.012341662310063838959 0.010195227339863777161 0.0085127996280789375305 0.0073771197348833084106 0.0073390486650168895721 0.0073809456080198287964 0.0075360662303864955902 0.007781071588397026062 0.0080892667174339294434 0.0083865355700254440308 0.0086409943178296089172 0.023001626133918762207 0.031677726656198501587 0.022998338565230369568 0.019078899174928665161 0 0 0.0063565145246684551239 0.010928587056696414948 0.0042616785503923892975 0.0067648873664438724518 0.041739448904991149902 0.0064669381827116012573 0.02912350185215473175 0.0072103803977370262146 0.0070836623199284076691 0.0062722470611333847046 0.004274984356015920639 0.0087316678836941719055 0.0061036068946123123169 0.0068457610905170440674 0.0068914876319468021393 0.0071367407217621803284 -9999 -9999 -9999 -9999 -9999
0.014264958910644054413 0.01162969786673784256 0.0097003588452935218811 0.0081537682563066482544 0.0074905147776007652283 0.0073587484657764434814 0.0072911554016172885895 0.0073218895122408866882 0.007481671404093503952 0.0077715446241199970245 0.0080708665773272514343 0.0083229867741465568542 0.004873709753155708313 0.0048482967540621757507 0.0071166888810694217682 0.00706554437056183815 0.01955001242458820343 0 0.005979114677757024765 0.011163177900016307831 0.0066398135386407375336 0.04065558314323425293 0.0064014368690550327301 0.027571266517043113708 0.0070753558538854122162 0.0071906386874616146088 0.0064835967496037483215 0.0043112626299262046814 0.0073761260136961936951 0.0065172645263373851776 0.0066928705200552940369 0.0068236729130148887634 -9999 -9999 -9999 -9999 -9999 -9999 -9999
0.018421551212668418884 0.016288397833704948425 0.014014842920005321503 0.011623288504779338837 0.009887434542179107666 0.0083744954317808151245 0.007296908646821975708 0.0072043514810502529144 0.0072427368722856044769 0.0074421316385269165039 0.0077124969102442264557 0.0079872775822877883911 0.0082294456660747528076 0.0084263188764452934265 0.0084062768146395683289 0.0080965012311935424805 0.0073847882449626922607 0 0 0.014524593017995357513 0.039583850651979446411 0.0064619663171470165253 0.025598034262657165527 0.011253326199948787689 0.0073101366870105266571 0.0073456498794257640839 0.0070941001176834106445 0.0067335730418562889099 0.006524239666759967804 0.0065210154280066490173 0.0066357594914734363556 -9999 -9999 -9999 -9999 -9999 -9999 -9999 -9999
0.014475955627858638763 0.011590499430894851685 0.0096945036202669143677 0.0082272253930568695068 0.0078922929242253303528 0.0076359682716429233551 0.0073908492922782897949 0.007193426135927438736 0.0070905508473515510559 0.0071138110943138599396 0.0073015759699046611786 0.0076363477855920791626 0.0079760588705539703369 0.0082587236538529396057 0.008403779938817024231 0.0083414735272526741028 0.0080630993470549583435 0.0073349475860595703125 0 0 0.041265223175287246704 0.023955667391419410706 0.0093237021937966346741 0.0044254213571548461914 0.0045104660093784332275 0.0066773612052202224731 0.0044839708134531974792 0.006715945899486541748 0.0064930021762847900391 -9999 -9999 -9999 -9999 -9999 -9999 -9999 -9999 -9999 -9999
0.0068414723500609397888 0.0077560790814459323883 0.0081400517374277114868 0.0082257902249693870544 0.0081181246787309646606 0.007855870760977268219 0.007544981781393289566 0.0072388346306979656219 0.0069944043643772602081 0.0068472772836685180664 0.0069290720857679843903 0.0072743981145322322845 0.0076850680634379386902 0.0080520920455455780029 0.0083104642108082771301 0.0084415646269917488098 0.008318879641592502594 0.0078872749581933021545 0.0068640015088021755219 0 0 0.0079193441197276115417 0.0065584531985223293304 0.0067114769481122493744 0.0074407886713743209839 0.0045823142863810062408 0.0071286205202341079712 -9999 -9999 -9999 -9999 -9999 -9999 -9999 -9999 -9999 -9999 -9999 -9999
0.0067540868185460567474 0.007674651220440864563 0.0081229899078607559204 0.0083247078582644462585 0.0083136204630136489868 0.0080803995952010154724 0.007732282392680644989 0.0073342123068869113922 0.0069897370412945747375 0.0067557864822447299957 0.0067366384901106357574 0.0069641396403312683105 0.0073322877287864685059 0.0077732023783028125763 0.0081438049674034118652 0.0083836093544960021973 0.0084060188382863998413 0.0081368749961256980896 0.0074869869276881217957 0.0063132443465292453766 0 0 0.0074260346591472625732 0.0077333492226898670197 -9999 -9999 -9999 -9999 -9999 -9999 -9999 -9999 -9999 -9999 -9999 -9999 -9999 -9999 -9999
0.0072624487802386283875 0.0076974416151642799377 0.0080584082752466201782 0.0083239125087857246399 0.0084071783348917961121 0.0082522807642817497253 0.0079393796622753143311 0.0075279516167938709259 0.0071727884933352470398 0.0069746603257954120636 0.0043359212577342987061 0.0043646539561450481415 0.0064722672104835510254 0.0074064228683710098267 -9999 -9999 -9999 -9999 -9999 -9999 0.0056620528921484947205 0 0.0078025809489190578461 -9999 -9999 -9999 -9999 -9999 -9999 -9999 -9999 -9999 -9999 -9999 -9999 -9999 -9999 -9999 -9999
-9999 -9999 -9999 -9999 -9999 -9999 -9999 -9999 -9999 -9999 -9999 -9999 -9999 -9999 -9999 -9999 -9999 -9999 -9999 -9999 -9999 0 -9999 -9999 -9999 -9999 -9999 -9999 -9999 -9999 -9999 -9999 -9999 -9999 -9999 -9999 -9999 -9999 -9999
-9999 -9999 -9999 -9999 -9999 -9999 -9999 -9999 -9999 -9999 -9999 -9999 -9999 -9999 -9999 -9999 -9999 -9999 -9999 -9999 -9999 -9999 -9999 -9999 -9999 -9999 -9999 -9999 -9999 -9999 -9999 -9999 -9999 -9999 -9999 -9999 -9999 -9999 -9999
