tests/data/reference/gistest_nucice/full/mqsur_m3_s.asc
ncols        123
nrows        77
xllcorner    -713746.799299980048
yllcorner    -1061022.369616159936
cellsize     10.000000000000
NODATA_value  -9999
[rows 36 to 53 of 77, columns 78 to 116 of 123]
0.005644246470183134079 0.0056195594370365142822 0.0057636545971035957336 0.0059125088155269622803 0.021879067644476890564 0.00093109556473791599274 0.016655828803777694702 0.0041260565631091594696 0.010460447520017623901 0.0084714200347661972046 0.0061602382920682430267 0.0061446130275726318359 0.020754782482981681824 0.0059269270859658718109 0.0057260082103312015533 0.005538183264434337616 0.0050408518873155117035 0.0036392072215676307678 0.0049200118519365787506 0.0068270447663962841034 0.0045480183325707912445 0.0047250580973923206329 0.0046394513919949531555 0.0054239626042544841766 0.004199810326099395752 0.0058731660246849060059 0.0091767916455864906311 0.0082697411999106407166 -9999 -9999 -9999 -9999 -9999 -9999 -9999 -9999 -9999 -9999 -9999
0.0051775849424302577972 0.0054743383079767227173 0.0057338830083608627319 0.0059618121013045310974 0.021116483956575393677 0.04399021342396736145 0.0059593603946268558502 0.0041565713472664356232 0.0082056270912289619446 0.0068785143084824085236 0.0062003545463085174561 0.0061680665239691734314 0.021004138514399528503 0.006020135246217250824 0.0058804643340408802032 0.0056352620013058185577 0.0051648430526256561279 0.0052500925958156585693 0.0053621646948158740997 0.0034618261270225048065 0.004718066193163394928 0.0047324849292635917664 0.0047585670836269855499 0.004841252695769071579 0.0047623580321669578552 0.0049301255494356155396 0.0067003224976360797882 0.0094612836837768554688 0.00305956229567527771 0.0082857552915811538696 -9999 -9999 -9999 -9999 -9999 -9999 -9999 -9999 -9999
0.0049905953928828239441 0.0052755651995539665222 0.0057850629091262817383 0.0025420312304049730301 0.039216130971908569336 0.0064634452573955059052 0.0060030249878764152527 0.0041754823178052902222 0.0067576859146356582642 0.0063700368627905845642 0.0062598129734396934509 0.022028995677828788757 0.0061781252734363079071 0.0061330171301960945129 0.0060049933381378650665 0.0057672294788062572479 0.0055982493795454502106 0.0053832633420825004578 0.004885750357061624527 0.004927799571305513382 0.0034189089201390743256 0.0046978769823908805847 0.0047553651966154575348 0.0048745470121502876282 0.0049500721506774425507 0.0049196635372936725616 0.0052154669538140296936 0.0069584874436259269714 0.0043059801682829856873 0.0095664132386445999146 0.0082841496914625167847 -9999 -9999 -9999 -9999 -9999 -9999 -9999 -9999
0.0049650399014353752136 0.0053699621930718421936 0.0024867877364158630371 0.0090672560036182403564 0.032864246517419815063 0.0096124988049268722534 0.0060287206433713436127 0.0041835671290755271912 0.0065015428699553012848 0.0064291665330529212952 0.0063452217727899551392 0.022498032078146934509 0.0063207154162228107452 0.0062879468314349651337 0.0061674816533923149109 0.005968051031231880188 0.0057299309410154819489 0.0054674497805535793304 0.0053145540878176689148 0.0048652510158717632294 0.0035368611570447683334 0.0047591743059456348419 0.0047220098786056041718 0.0047567347064614295959 0.0047972933389246463776 0.0048041422851383686066 0.0048102745786309242249 0.0054031140170991420746 0.0048277233727276325226 0.0071516460739076137543 0.0032540853135287761688 0.016476733610033988953 -9999 -9999 -9999 -9999 -9999 -9999 -9999
0.0048177307471632957458 0.0037795279640704393387 0.012858014553785324097 0.0118137383833527565 0.027103586122393608093 0.011862071231007575989 0.0042576813139021396637 0.0060192300006747245789 0.0065417690202593803406 0.0064881504513323307037 0.0064243604429066181183 0.023547163233160972595 0.0064623192884027957916 0.0064306072890758514404 0.0063068056479096412659 0.0061016855761408805847 0.0058493735268712043762 0.0056113651953637599945 0.0054223043844103813171 0.0050377533771097660065 0.0051076570525765419006 0.0035307786893099546432 0.0048142448067665100098 0.0047551025636494159698 0.0047201826237142086029 0.0047303405590355396271 0.0047798757441341876984 0.0049671186134219169617 0.0050601819530129432678 0.0056385723873972892761 0.0045619159936904907227 0.016091899946331977844 0.0082799829542636871338 -9999 -9999 -9999 -9999 -9999 -9999
0.00443946104496717453 0.0021371042821556329727 0.0072997845709323883057 0.0092061655595898628235 0.020960897207260131836 0.011824395507574081421 0.0042921360582113265991 0.006631979718804359436 0.0066272960975766181946 0.006529527716338634491 0.025095922872424125671 0.006539462599903345108 0.0065793106332421302795 0.0065492843277752399445 0.0064066639170050621033 0.0061913267709314823151 0.0059438492171466350555 0.0056929048150777816772 0.0055089588277041912079 0.0054484279826283454895 0.0050301887094974517822 0.0036707026883959770203 0.0050567546859383583069 0.0049551199190318584442 0.004868594929575920105 0.0048166508786380290985 0.0048062112182378768921 0.0049496684223413467407 0.0051118880510330200195 0.0052308943122625350952 0.0050533721223473548889 0.011427727527916431427 0.0035769005771726369858 0.00058297952637076377869 -9999 -9999 -9999 -9999 -9999
0.032760281115770339966 0.033913318067789077759 0.0077496590092778205872 0.0068162730894982814789 0.018178572878241539001 0.0098535008728504180908 0.0060470718890428543091 0.0067020542919635772705 0.0066537042148411273956 0.0065713087096810340881 0.026461653411388397217 0.0066275075078010559082 0.0066649597138166427612 0.0066502601839601993561 0.0065146740525960922241 0.0062839468009769916534 0.0060195489786565303802 0.005757083650678396225 0.0056090136058628559113 0.0055009368807077407837 0.0037885366473346948624 0.0050796577706933021545 0.0052682021632790565491 0.0051550683565437793732 0.0050437981262803077698 0.0049779480323195457458 0.0049636494368314743042 0.0050836047157645225525 0.0052027869969606399536 0.0053008375689387321472 0.0053610852919518947601 0.008721482008695602417 0.0044523351825773715973 0.00070124788908287882805 0.00060744729125872254372 0.008273037150502204895 -9999 -9999 -9999
0 0 0.033027421683073043823 0.0065052402205765247345 0.019844634458422660828 0.0081553617492318153381 0.0060899667441844940186 0.0063810404390096664429 0.0065349582582712173462 0.0066075823269784450531 0.027900479733943939209 0.006721128709614276886 0.00674005923792719841 0.0067362720146775245667 0.0066230678930878639221 0.0063930060714483261108 0.0061037195846438407898 0.005817900877445936203 0.0056480141356587409973 0.0052250116132199764252 0.003780186409130692482 0.0054227327927947044373 0.0053859218023717403412 0.0052882363088428974152 0.0051709869876503944397 0.0051631922833621501923 0.0052630412392318248749 0.0053687319159507751465 0.0053886575624346733093 0.0054704835638403892517 0.0056534144096076488495 0.0068954657763242721558 0.005337561480700969696 0.0038036524783819913864 0.0037856320850551128387 0.00060219690203666687012 0.0082855690270662307739 -9999 -9999
0.0093256914988160133362 0 0 0 0.024792248383164405823 0.0066552879288792610168 0.00556648988276720047 0.0061193802393972873688 0.0064148954115808010101 0.0065957396291196346283 0.029772093519568443298 0.0067995879799127578735 0.0068366602063179016113 0.0068276431411504745483 0.0067257373593747615814 0.0065167224965989589691 0.0062313531525433063507 0.0059381490573287010193 0.0057050948962569236755 0.0052828476764261722565 0.0038087631110101938248 0.0055075422860682010651 0.0054569551721215248108 0.0054125352762639522552 0.0053517189808189868927 0.0054125441238284111023 0.0055836536921560764313 0.0056648366153240203857 0.0056301942095160484314 0.0056870179250836372375 0.0058654644526541233063 0.0059611001051962375641 0.005833711475133895874 0.0063232970423996448517 0.003825600259006023407 0.0034949989058077335358 0.0036148561630398035049 0.008303599432110786438 -9999
0.0089323287829756736755 0.012622831389307975769 0.010268348269164562225 0 0 0 0.0054684095084667205811 0.0061351954936981201172 0.0064234575256705284119 0.006533092353492975235 0.031782668083906173706 0.0068597630597651004791 0.0069383420050144195557 0.0069221705198287963867 0.0068296915851533412933 0.0066541885025799274445 0.0064079239964485168457 0.0061402614228427410126 0.0058995895087718963623 0.005428442731499671936 0.0038787163794040679932 0.0055854828096926212311 0.0055060731247067451477 0.0055338093079626560211 0.0056145107373595237732 0.00574230169877409935 0.0058810980990529060364 0.0059336577542126178741 0.0059159505181014537811 0.0059215347282588481903 0.0059662763960659503937 0.006033884827047586441 0.0060802847146987915039 0.008036179468035697937 0.0053312764503061771393 0.0038007609546184539795 0.0044839358888566493988 0.010456373915076255798 0.00060427171410992741585
0.001035070628859102726 0.0043236529454588890076 0.0060189496725797653198 0.00638507818803191185 0.0061529446393251419067 0 0 0 0.0060905367136001586914 0.0062986453995108604431 0.033861611038446426392 0.006848596036434173584 0.0069850529544055461884 0.0069817709736526012421 0.0069019156508147716522 0.0067525878548622131348 0.006555700208991765976 0.0063379392959177494049 0.0061120688915252685547 0.0056102876551449298859 0.0039809537120163440704 0.005755437072366476059 0.0056353234685957431793 0.0056752669624984264374 0.0058450172655284404755 0.0060036890208721160889 0.0060909516178071498871 0.0061158575117588043213 0.0061085023917257785797 0.006072067655622959137 0.0060167941264808177948 0.0060220374725759029388 0.006113647017627954483 0.010163935832679271698 0.0056145363487303256989 0.0039184126071631908417 0.010888457298278808594 0.0037050885148346424103 0.0033743828535079956055
0.0011455098865553736687 0.0045874277129769325256 0.0061891074292361736298 0.0067189186811447143555 0.0067552612163126468658 0.0064968043006956577301 0.0057257083244621753693 0 0 0.0057593346573412418365 0.036323316395282745361 0.0067123882472515106201 0.0069453003816306591034 0.0069897645153105258942 0.0069191306829452514648 0.0067756832577288150787 0.0066291443072259426117 0.0064828656613826751709 0.006309691350907087326 0.0058123623020946979523 0.0041019995696842670441 0.0060234940610826015472 0.0058765257708728313446 0.0058662574738264083862 0.0060091931372880935669 0.006141498219221830368 0.0061956015415489673615 0.0061868615448474884033 0.0061512379907071590424 0.0061102579347789287567 0.0060501145198941230774 0.0059722191654145717621 0.012863057665526866913 0.0060190898366272449493 0.0056159365922212600708 0.008466047234833240509 0.0050190952606499195099 0.004652998410165309906 0.0034794406965374946594
0.014518237672746181488 0.017519481480121612549 0.015819180756807327271 0.014395254664123058319 0.013095229864120483398 0.011855450458824634552 0.010615394450724124908 0.0032136463560163974762 0 0.0050347517244517803192 0.038189176470041275024 0.006506148260086774826 0.0068345670588314533234 0.0069517372176051139832 0.0069051142781972885132 0.0067724552936851978302 0.0066751744598150253296 0.0066008255816996097565 0.0064888130873441696167 0.0059977415949106216431 0.0041976519860327243805 0.0062993234023451805115 0.0061600920744240283966 0.0060995495878159999847 0.0061527998186647891998 0.0062043573707342147827 0.0062107332050800323486 0.0061725461855530738831 0.0061197653412818908691 0.0060791405849158763885 0.0060151861980557441711 0.0059075853787362575531 0.01444361172616481781 0.0059009469114243984222 0.0067960340529680252075 0.0057121906429529190063 0.0053690755739808082581 0.0047624283470213413239 0.0058479532599449157715
0.015032227151095867157 0.012168647721409797668 0.009614358656108379364 0.008149470202624797821 0.0075546531006693840027 0.0073718884959816932678 0.0067987185902893543243 0.0093844281509518623352 0 0 0.038872342556715011597 0.0062700738199055194855 0.0066642882302403450012 0.0068638077937066555023 0.0068707386963069438934 0.0067797824740409851074 0.0067260330542922019958 0.0067026740871369838715 0.0066404659301042556763 0.0061485017649829387665 0.0042719799093902111053 0.006541391368955373764 0.0064508439972996711731 0.006362425629049539566 0.0062919599004089832306 0.0062150680460035800934 0.0061416383832693099976 0.0060885311104357242584 0.0060551194474101066589 0.005994830746203660965 0.0058835791423916816711 0.016616337001323699951 0.0058700176887214183807 0.0059345336630940437317 0.0059092780575156211853 0.0058512482792139053345 0.0056059765629470348358 0.0054895034991204738617 0.0047777658328413963318
0.013005444779992103577 0.0044950214214622974396 0.006750538945198059082 0.0076106572523713111877 0.0078387865796685218811 0.0077608074061572551727 0.0073044579476118087769 0.011246690526604652405 0.0081712855026125907898 0 0.039124548435211181641 0.0060729696415364742279 0.0064980834722518920898 0.0067545897327363491058 0.0068167285062372684479 0.0067795580253005027771 0.0067673581652343273163 0.0042850752361118793488 0.0068130190484225749969 0.0089839417487382888794 0.0043340316042304039001 0.0067470301873981952667 0.0066870222799479961395 0.0065892939455807209015 0.0064491149969398975372 0.0062851891852915287018 0.0061398469842970371246 0.0060688238590955734253 0.0060469671152532100677 0.0059648319147527217865 0.0058161695487797260284 0.017849424853920936584 0.0058413054794073104858 0.0058820163831114768982 0.0059035955928266048431 0.005884984973818063736 0.005810164380818605423 0.005521808285266160965 0.0036921722348779439926
0.004453844856470823288 0.0066585373133420944214 0.0074728792533278465271 0.0078814197331666946411 0.0081112505868077278137 0.0080724917352199554443 0.0076637519523501396179 0.0068083032965660095215 0.009499765932559967041 0 0 0.0058039994910359382629 0.0063787009567022323608 0.0066528990864753723145 0.0067522209137678146362 0.0067637301981449127197 0.0061724614351987838745 0.0042873932980000972748 0.0068301530554890632629 0.010348880663514137268 0.0043795360252261161804 0.0069314660504460334778 0.0068533294834196567535 0.0067524523474276065826 0.0066342791542410850525 0.0064658974297344684601 0.0062742703594267368317 0.0061673331074416637421 0.0061288154684007167816 0.0060388562269508838654 0.005889696069061756134 0.020567188039422035217 0.0058018607087433338165 0.0058306124992668628693 0.0058442116715013980865 0.005798155907541513443 0.0057765082456171512604 0.0053955446928739547729 0.0038583928253501653671
0.01462723221629858017 0.013145118020474910736 0.010702772997319698334 0.0090196402743458747864 0.0082714417949318885803 0.0082316799089312553406 0.0078830132260918617249 0.0072428346611559391022 0.0060911579057574272156 0.0080273691564798355103 0 0.0094963274896144866943 0.0063371434807777404785 0.0065548284910619258881 0.0066457395441830158234 0.006581011693924665451 0.0042509413324296474457 0.006164236459881067276 0.006831353064626455307 0.008451113477349281311 0.0063991285860538482666 0.0070818886160850524902 0.0070024183951318264008 0.0068964664824306964874 0.0068033263087272644043 0.0066796750761568546295 0.0065203960984945297241 0.0064030187204480171204 0.0063098059035837650299 0.0061590843833982944489 0.021921679377555847168 0.0058460989966988563538 0.0058047636412084102631 0.0057885246351361274719 0.0057454514317214488983 0.005665184464305639267 0.0056651872582733631134 0.0054088137112557888031 0.0052013462409377098083
0.015063515864312648773 0.013387955725193023682 0.011019481346011161804 0.0093461554497480392456 0.0083162514492869377136 0.0082021905109286308289 0.0079870130866765975952 0.0076550291851162910461 0.0067758611403405666351 0.011365855112671852112 0 0 0.0063420166261494159698 0.0064707114361226558685 0.0064690606668591499329 0.0041130608879029750824 0.0059833843261003494263 0.0066278795711696147919 0.0068511706776916980743 0.0071132928133010864258 0.0070062447339296340942 0.0071822488680481910706 0.0071532553993165493011 0.0070495060645043849945 0.0069372504949569702148 0.0068776495754718780518 0.0068457662127912044525 0.0067665018141269683838 0.006588557269424200058 0.0063193915411829948425 0.022901877760887145996 0.0059388815425336360931 0.011417834088206291199 0.0085812229663133621216 0.005594392772763967514 0.0055253244936466217041 0.0055644246749579906464 0.0056487694382667541504 0.0077179889194667339325
