tests/data/reference/gistest_nucice/full/mqsur_m3_s.asc
ncols        123
nrows        77
xllcorner    -713746.799299980048
yllcorner    -1061022.369616159936
cellsize     10.000000000000
NODATA_value -9999
[rows 34 to 50 of 77, columns 0 to 39 of 123]
-9999 -9999 -9999 -9999 -9999 -9999 -9999 -9999 -9999 -9999 -9999 -9999 -9999 0.016461092978715896606 0.020326143130660057068 0.003998617175966501236 0.0041200234554708003998 0.0042342455126345157623 0.0042636166326701641083 0.0042334338650107383728 0.004214601125568151474 0.0042600804008543491364 0.0043570208363234996796 0.0045004915446043014526 0.004629774484783411026 0.0047028185799717903137 0.0048655243590474128723 0.0051752785220742225647 0.0054061370901763439178 0.0054995082318782806396 0.0054805693216621875763 0.0053988960571587085724 0.0053991875611245632172 0.010871690697968006134 0.0038067693822085857391 0.0052738934755325317383 0.0056457212194800376892 0.0057371919974684715271 0.0058857141993939876556 0.0060942494310438632965
-9999 -9999 -9999 -9999 -9999 -9999 -9999 -9999 -9999 -9999 -9999 -9999 0.0082827629521489143372 0.02407887578010559082 0.0039329831488430500031 0.004046127665787935257 0.0041439682245254516602 0.0042606601491570472717 0.0043227197602391242981 0.004335249774158000946 0.0043183900415897369385 0.0042904089204967021942 0.0043045412749052047729 0.0043782060965895652771 0.0044971033930778503418 0.004631790798157453537 0.0048425947315990924835 0.005148485768586397171 0.0053621190600097179413 0.0054530967026948928833 0.0054921968840062618256 0.0055249831639230251312 0.008907685987651348114 0.0055907610803842544556 0.0038503268733620643616 0.0055643119849264621735 0.0056222556158900260925 0.0057222782634198665619 0.0058838375844061374664 0.0060916044749319553375
-9999 -9999 -9999 -9999 -9999 -9999 -9999 -9999 -9999 -9999 -9999 -9999 0.016294825822114944458 0.0037787789478898048401 0.0039365268312394618988 0.0040724249556660652161 0.004161749035120010376 0.004289669916033744812 0.0043779802508652210236 0.0044213728979229927063 0.004409832879900932312 0.0043464363552629947662 0.0043184403330087661743 0.0043466454371809959412 0.0044382638297975063324 0.0045740259811282157898 0.0047641154378652572632 0.0050173182971775531769 0.0051725395023822784424 0.0052262367680668830872 0.005283689592033624649 0.0088488142937421798706 0.0038913937751203775406 0.0052220742218196392059 0.005408937111496925354 0.0053941244259476661682 0.0053979321382939815521 0.0054596895352005958557 0.0056135081686079502106 0.0057634436525404453278
-9999 -9999 -9999 -9999 -9999 -9999 -9999 -9999 -9999 -9999 -9999 0.0082240924239158630371 0.0053292149677872657776 0.0035070304293185472488 0.0044606360606849193573 0.0039101322181522846222 0.0041298237629234790802 0.0042796749621629714966 0.0043960865586996078491 0.0044569787569344043732 0.0044571636244654655457 0.0044006942771375179291 0.0043760719709098339081 0.0043887826614081859589 0.0044444957748055458069 0.004547151271253824234 0.0046718106605112552643 0.0048073143698275089264 0.0048781223595142364502 0.0048536621034145355225 0.0048900353722274303436 0.0066979113034904003143 0.003698377637192606926 0.0051185321062803268433 0.0051468578167259693146 0.0048990617506206035614 0.0048573627136647701263 0.0050771050155162811279 0.0049205217510461807251 0.0050238096155226230621
-9999 -9999 -9999 -9999 -9999 -9999 -9999 -9999 -9999 -9999 0.008188444189727306366 0.015873668715357780457 0.0031316017266362905502 0.0056593874469399452209 0.0028436619322746992111 0.0036798450164496898651 0.0039516775868833065033 0.0041702799499034881592 0.0043323435820639133453 0.0044049797579646110535 0.0044188797473907470703 0.0043788682669401168823 0.0043612467125058174133 0.0043711317703127861023 0.0044182329438626766205 0.0045239408500492572784 0.0044288337230682373047 0.004645997658371925354 0.0046033728867769241333 0.0044997446238994598389 0.004491904284805059433 0.0045089456252753734589 0.0045663504861295223236 0.0046513448469340801239 0.0036248271353542804718 0.0035010641440749168396 0.0047161281108856201172 0.0034297842066735029221 0.003445034148171544075 0.0034879741724580526352
-9999 -9999 -9999 -9999 -9999 -9999 -9999 -9999 -9999 -9999 0.0081107597798109054565 0.0032988626044243574142 0.0065425825305283069611 0.0031202102545648813248 0.002588682807981967926 0.0033891305793076753616 0.0036848792806267738342 0.0039792302995920181274 0.0041773100383579730988 0.0042807715944945812225 0.0043263626284897327423 0.0043132379651069641113 0.0043032746762037277222 0.0043279184028506278992 0.0043726153671741485596 0.0033311340957880020142 0.0044990414753556251526 0.0044765803031623363495 0.0043554934673011302948 0.0041741630993783473969 0.004086030181497335434 0.0040571857243776321411 0.003226533764973282814 0.0034975260496139526367 0.0047070719301700592041 0.0047178040258586406708 0.0032877167686820030212 0.004189976956695318222 0.0043623633682727813721 0.0045406157150864601135
-9999 -9999 -9999 -9999 -9999 -9999 -9999 -9999 -9999 0.008120690472424030304 0.0051472033374011516571 0.0071505163796246051788 0.0029521659016609191895 0.0025040244217962026596 0.0029918469954282045364 0.0032197381369769573212 0.0034873364493250846863 0.0036826941650360822678 0.0039847027510404586792 0.0041141822002828121185 0.0042103962041437625885 0.004243938252329826355 0.0042744604870676994324 0.0041977642104029655457 0.0032749362289905548096 0.0042477431707084178925 0.0043757986277341842651 0.0041445298120379447937 0.0040072761476039886475 0.0037564656231552362442 0.003647831035777926445 0.0030432774219661951065 0.0041007376275956630707 0.0046465238556265830994 0.0048952079378068447113 0.0048301522620022296906 0.004690929315984249115 0.0045755128376185894012 0.0034277564845979213715 0.0036286686081439256668
-9999 -9999 -9999 -9999 -9999 -9999 -9999 -9999 -9999 0.0082144811749458312988 0.0074044642969965934753 0.0029769043903797864914 0.0028740288689732551575 0.0024433438666164875031 0.0030916798859834671021 0.0032091219909489154816 0.0026893098838627338409 0.0036257293540984392166 0.0037488336674869060516 0.0039513502269983291626 0.0041049295105040073395 0.0041895927861332893372 0.0032203926239162683487 0.0032947873696684837341 0.0042708674445748329163 0.0043282220140099525452 0.0031785985920578241348 0.0031446893699467182159 0.003030114341527223587 0.0028119457419961690903 0.002825395902618765831 0.0038728425279259681702 0.0043930034153163433075 0.0047862888313829898834 0.0050061913207173347473 0.0050367172807455062866 0.0049826693721115589142 0.0035044571850448846817 0.0048848311416804790497 0.0049926270730793476105
-9999 -9999 -9999 -9999 -9999 -9999 -9999 -9999 0.016143035143613815308 0.0052210753783583641052 0.004943661857396364212 0.0031723577994853258133 0.0023922731634229421616 0.0029595035593956708908 0.0031803718302398920059 0.0032495574560016393661 0.0042900363914668560028 0.003353751031681895256 0.0035522859543561935425 0.0038359242025762796402 0.004055966157466173172 0.0040536904707551002502 0.0042989435605704784393 0.004463933408260345459 0.0044933147728443145752 0.010433201678097248077 0.011100788600742816925 0.0094816228374838829041 0.0079045826569199562073 0.0063613657839596271515 0.0049128159880638122559 0.0041825422085821628571 0.0046013961546123027802 0.0049349889159202575684 0.0051297149620950222015 0.0051813567988574504852 0.0051406282000243663788 0.0073643014766275882721 0.0076211611740291118622 0.0096626700833439826965
-9999 -9999 -9999 -9999 -9999 -9999 -9999 0.0081803929060697555542 0.015884140506386756897 0.0044246385805308818817 0.0033096501138061285019 0.0032777008600533008575 0.0024513814132660627365 0.0031213758047670125961 0.0032447436824440956116 0.0032838492188602685928 0.0032939764205366373062 0.0032837209291756153107 0.0034589013084769248962 0.0038020845968276262283 0.0031153385061770677567 0.003173633478581905365 0.0041583729907870292664 0.0085059721022844314575 0.0095312045887112617493 0.0044337715953588485718 0.0043651633895933628082 0.0043227071873843669891 0.0042141326703131198883 0.0039858343079686164856 0.0040264604613184928894 0.0044002626091241836548 0.004761986900120973587 0.0050226743333041667938 0.0051597831770777702332 0.0051763323135673999786 0.0051208450458943843842 0.0050140097737312316895 0.0050560571253299713135 0.0052911634556949138641
-9999 -9999 -9999 -9999 -9999 -9999 -9999 0.0080807618796825408936 0.0024897640105336904526 0.0048522711731493473053 0.0026547110173851251602 0.0032086160499602556229 0.0032172878272831439972 0.0032493351027369499207 0.0032929608132690191269 0.0033087187912315130234 0.0033415975049138069153 0.0033688785042613744736 0.0035453883465379476547 0.0039039643015712499619 0.0055465283803641796112 0.0070350249297916889191 0.0083353798836469650269 0.004379802849143743515 0.0044332449324429035187 0.0043233758769929409027 0.0033317517954856157303 0.0043139429762959480286 0.0043926821090281009674 0.0042306431569159030914 0.004261752590537071228 0.0045579550787806510925 0.004824193660169839859 0.0049805673770606517792 0.005045176483690738678 0.0050362292677164077759 0.016170062124729156494 0.016318835318088531494 0.016613228246569633484 0.017080850899219512939
-9999 -9999 -9999 -9999 -9999 -9999 -9999 0.00038755749119445681572 0.0042677549645304679871 0.0030316545162349939346 0.0024889858905225992203 0.0031631684396415948868 0.0033511698711663484573 0.0033765363041311502457 0.0033760147634893655777 0.0033841582480818033218 0.0034599148202687501907 0.0035421182401478290558 0.0037065173964947462082 0.0040272655896842479706 0.0042823418043553829193 0.0044009755365550518036 0.0044131828472018241882 0.0043525071814656257629 0.0032615764066576957703 0.0033640044275671243668 0.0044241249561309814453 0.0045549636706709861755 0.0045066429302096366882 0.0044257412664592266083 0.0044465097598731517792 0.0046089934185147285461 0.0047500925138592720032 0.015977958217263221741 0.016141036525368690491 0.016251081600785255432 0.0052081588655710220337 0.0054012294858694076538 0.0055810031481087207794 0.0057516191154718399048
-9999 -9999 -9999 -9999 -9999 -9999 0.0081473533064126968384 0.0039355792105197906494 0.0030323436949402093887 0.0031444728374481201172 0.0025160063523799180984 0.0032740868628025054932 0.0035032299347221851349 0.0035409964621067047119 0.003541969694197177887 0.0035154225770384073257 0.0035237295087426900864 0.003545678919181227684 0.0036661173216998577118 0.0039649470709264278412 0.0042373584583401679993 0.0042590885423123836517 0.0043002017773687839508 0.0042469697073101997375 0.0044240988790988922119 0.0046122451312839984894 0.0046961554326117038727 0.0045994450338184833527 0.0045362864620983600616 0.0045636524446308612823 0.0045855506323277950287 0.015646697953343391418 0.016012657433748245239 0.0047834059223532676697 0.0049652629531919956207 0.0051702554337680339813 0.005394110456109046936 0.0056143221445381641388 0.0057994178496301174164 0.0059558069333434104919
-9999 -9999 -9999 -9999 -9999 -9999 0.0026960726827383041382 0.002934904070571064949 0.0031548978295177221298 0.0032985389698296785355 0.0027125724591314792633 0.0035116560757160186768 0.0036501712165772914886 0.0037288423627614974976 0.0037558458279818296432 0.0036763688549399375916 0.0035372166894376277924 0.0034382862504571676254 0.0035234214738011360168 0.0038250028155744075775 0.0031639414373785257339 0.003261778736487030983 0.0033106938935816287994 0.0033066007308661937714 0.004345068708062171936 0.0046576317399740219116 0.0047351005487143993378 0.013177260756492614746 0.014042564667761325836 0.014781138859689235687 0.015404336154460906982 0.0047343904152512550354 0.0047928309068083763123 0.0049332138150930404663 0.0050987363792955875397 0.0052561243064701557159 0.0054242000915110111237 0.0056120273657143115997 0.0057850261218845844269 0.0059445197694003582001
-9999 -9999 -9999 -9999 -9999 0.007999400608241558075 0.0027956175617873668671 0.0040033147670328617096 0.0026092138141393661499 0.0026521440595388412476 0.0032472314778715372086 0.0034174560569226741791 0.0035802882630378007889 0.003717552870512008667 0.0037729339674115180969 0.0037386559415608644485 0.0036177774891257286072 0.00348578672856092453 0.0035436844918876886368 0.0038228370249271392822 0.0054094116203486919403 0.006907170172780752182 0.0082874270156025886536 0.0097526786848902702332 0.010710286907851696014 0.011784486472606658936 0.01283678784966468811 0.0047495625913143157959 0.0047455304302275180817 0.0048235869035124778748 0.0048535242676734924316 0.0048363762907683849335 0.0048918868415057659149 0.0049947537481784820557 0.0051019722595810890198 0.0052060368470847606659 0.0053394758142530918121 0.0055302744731307029724 0.0057170707732439041138 0.0058760084211826324463
-9999 -9999 -9999 -9999 0.015800531953573226929 0.00075039977673441171646 0.0031848594080656766891 0.0038938149809837341309 0.0024764561094343662262 0.0023830051068216562271 0.0029386356472969055176 0.0031223164405673742294 0.003409208962693810463 0.0034838665742427110672 0.0036557575222104787827 0.0037213102914392948151 0.0036931643262505531311 0.0035738763399422168732 0.0036274436861276626587 0.0038905560504645109177 0.0041520106606185436249 0.0043710106983780860901 0.0045964517630636692047 0.004808218684047460556 0.0049272314645349979401 0.0049539878964424133301 0.0049622231163084506989 0.0049580754712224006653 0.0049488260410726070404 0.0049614007584750652313 0.0049627148546278476715 0.0049359248951077461243 0.0049354527145624160767 0.0049657318741083145142 0.0050170579925179481506 0.0050848587416112422943 0.0052030929364264011383 0.0054058930836617946625 0.0056112725287675857544 0.0057801255024969577789
-9999 -9999 -9999 -9999 0.0082600889727473258972 0.0029916791245341300964 0.0030974962282925844193 0.0030266183894127607346 0.0026769004762172698975 0.0022124995011836290359 0.0027422134298831224442 0.0037417449057102203369 0.0025890334509313106537 0.0033411455806344747543 0.003579432610422372818 0.0037170771975070238113 0.0037248930893838405609 0.0036011794582009315491 0.0036540089640766382217 0.00391910504549741745 0.0042186258360743522644 0.0045138504356145858765 0.0047729387879371643066 0.0050394642166793346405 0.0051768301054835319519 0.0051988507620990276337 0.0052257077768445014954 0.0052646985277533531189 0.0052560232579708099365 0.005219450686126947403 0.0052049863152205944061 0.0051863775588572025299 0.005158144049346446991 0.0051322979852557182312 0.005121729336678981781 0.0051327077671885490417 0.0051911133341491222382 0.0053319674916565418243 0.0055108098313212394714 0.005693976767361164093
