tests/data/reference/gistest_nucice/full/mqsur_m3_s.asc
ncols        123
nrows        77
xllcorner    -713746.799299980048
yllcorner    -1061022.369616159936
cellsize     10.000000000000
NODATA_value  -9999
[rows 17 to 33 of 77, columns 39 to 77 of 123]
0.00069191481452435255051 0.00070432451320812106133 0.00070126005448400974274 0.00068580912193283438683 0.00067620951449498534203 0.00067559356102719902992 0.0006702998070977628231 0.00065397599246352910995 0.00063687033252790570259 0.00058792519848793745041 0.00065571739105507731438 0.00068939081393182277679 0.00072907085996121168137 0.0007592662004753947258 0.00077424838673323392868 0.00078559358371421694756 0.00071612105239182710648 0.00071710819611325860023 0.00079087232006713747978 0.00078016455518081784248 0.00075740506872534751892 0.00073338003130629658699 0.00070928543573245406151 0.00062655587680637836456 0.00061028439085930585861 0.00059029716067016124725 0.00062151905149221420288 0.00061052571982145309448 0.00061684480169788002968 0.0006097859586589038372 0.00057209428632631897926 0.00052211451111361384392 0.00047931130393408238888 0.00049111596308648586273 0.00051398127106949687004 0.00059766025515273213387 0.00062823004554957151413 0.00060260831378400325775 0.00052016763947904109955
0.00072517071384936571121 0.00073875277303159236908 0.00073809467721730470657 0.00072629144415259361267 0.00071895885048434138298 0.00071905337972566485405 0.00071107794065028429031 0.00069372472353279590607 0.00068017328158020973206 0.00068038282915949821472 0.00064158608438447117805 0.00072575814556330442429 0.00075485516572371125221 0.00077575608156621456146 0.00078608823241665959358 0.00079380959505215287209 0.00080171937588602304459 0.00079940399155020713806 0.0007118023349903523922 0.00069986679591238498688 0.00068733224179595708847 0.0006753221387043595314 0.00066412083106115460396 0.00071516190655529499054 0.00069066515425220131874 0.0006748578161932528019 0.00066657445859163999557 0.0006671657320111989975 0.00067105278139933943748 0.00065102661028504371643 0.00064590596593916416168 0.00054013874614611268044 0.00048001197865232825279 0.00041557993972674012184 0.00048540576244704425335 0.00059702253201976418495 0.00060340180061757564545 0.00060893234331160783768 0.00058605999220162630081
0.00074190663872286677361 0.00074956147000193595886 0.00075422163354232907295 0.00075465982081368565559 0.00075208483031019568443 0.00074917078018188476562 0.00074174295878037810326 0.00073169043753296136856 0.00072368205292150378227 0.00072383513906970620155 0.0006713577895425260067 0.0007532085874117910862 0.00077232730109244585037 0.00078385323286056518555 0.00079203944187611341476 0.00080133829033002257347 0.00081056455383077263832 0.00081120390677824616432 0.0008024517446756362915 0.00079022510908544063568 0.0007804250926710665226 0.00076767563587054610252 0.00075170915806666016579 0.00073265045648440718651 0.00071794266114011406898 0.0007130969315767288208 0.0007184810820035636425 0.00072113645728677511215 0.00070810713805258274078 0.00066408421844244003296 0.00064962432952597737312 0.00054931524209678173065 0.00051337102195248007774 0.00045782321831211447716 0.00048944930313155055046 0.00051606766646727919579 0.0005401909584179520607 0.00058188615366816520691 0.00064136384753510355949
0.00074707384919747710228 0.00075418362393975257874 0.00076421152334660291672 0.00077453698031604290009 0.00077657483052462339401 0.00077180151129141449928 0.00076442357385531067848 0.00075825443491339683533 0.00075446878327056765556 0.00075613684020936489105 0.00069513038033619523048 0.00077656132634729146957 0.00078513025073334574699 0.00079015112714841961861 0.00080095691373571753502 0.00081280968151986598969 0.0008199452422559261322 0.00081996212247759103775 0.00081476196646690368652 0.00080801552394405007362 0.00079786416608840227127 0.00078378751641139388084 0.00076556613203138113022 0.00075157242827117443085 0.00074772839434444904327 0.0007490720599889755249 0.00075364264193922281265 0.00074605032568797469139 0.0007151169702410697937 0.00072350888513028621674 0.0006060519954189658165 0.00057207798818126320839 0.00055221322691068053246 0.00053081632358953356743 0.00047108897706493735313 0.00044937003985978662968 0.00050223548896610736847 0.00061110040405765175819 0.00064103776821866631508
0.00074272340862080454826 0.00075505732093006372452 0.00077040505129843950272 0.00078728573862463235855 0.00079331145389005541801 0.00078827422112226486206 0.00077951868297532200813 0.00077297189272940158844 0.00077286077430471777916 0.00078001472866162657738 0.00078916689381003379822 0.00071840459713712334633 0.00079444114817306399345 0.00079570867819711565971 0.00081187649630010128021 0.0008262227056547999382 0.00082815450150519609451 0.00082419509999454021454 0.00081849307753145694733 0.00080975185846909880638 0.00079722731607034802437 0.00078607030445709824562 0.00077884754864498972893 0.00077766610775142908096 0.00077732309000566601753 0.00077119295019656419754 0.00076264975359663367271 0.00073829817119985818863 0.00069866311969235539436 0.00072320736944675445557 0.00062584463739767670631 0.00060398445930331945419 0.00058713922044262290001 0.00057440256932750344276 0.00056423549540340900421 0.00052515196148306131363 0.00056050735292956233025 0.00056252477224916219711 0.00058350904146209359169
0.00074368872446939349174 0.00075420626671984791756 0.00076837488450109958649 0.0007858744356781244278 0.00079394527710974216461 0.00079081166768446564674 0.00078359234612435102463 0.00077834492549300193787 0.00078110495815053582191 0.00079133169492706656456 0.00080212159082293510437 0.00080255698412656784058 0.00072070013266056776047 0.00080715637886896729469 0.0008260916220024228096 0.00083727581659331917763 0.00083195324987173080444 0.00082458055112510919571 0.00081918976502493023872 0.00081050943117588758469 0.00079768884461373090744 0.00079008913598954677582 0.00079149799421429634094 0.00079282082151621580124 0.00078699778532609343529 0.00077568501001223921776 0.00076087086927145719528 0.00073014228837564587593 0.00068905338412150740623 0.00071537122130393981934 0.00063157413387671113014 0.00062496337341144680977 0.00062001775950193405151 0.00061916874255985021591 0.00062626710860058665276 0.00062967219855636358261 0.00061009381897747516632 0.00053663813741877675056 0.00058527791406959295273
0.00074919417966157197952 0.00075064628617838025093 0.00075731630204245448112 0.00076944142347201704979 0.00077738001709803938866 0.00077842851169407367706 0.00077627762220799922943 0.00077476032311096787453 0.00077950215199962258339 0.00078957050573080778122 0.00079837907105684280396 0.0008038218948058784008 0.00072828028351068496704 0.00082322157686576247215 0.00084109226008877158165 0.00084142072591930627823 0.0008302308269776403904 0.00082321121590211987495 0.00082074635429307818413 0.00081394356675446033478 0.00080049934331327676773 0.00079188693780452013016 0.00079196423757821321487 0.0007885866798460483551 0.00078141869744285941124 0.00077358947601169347763 0.00075731216929852962494 0.00072414916940033435822 0.00068064196966588497162 0.00069693318801000714302 0.00061853433726355433464 0.00063299550674855709076 0.00065051775891333818436 0.00066508608870208263397 0.00067843473516404628754 0.00068268895847722887993 0.00066747749224305152893 0.00059230334591120481491 0.00061963585903868079185
0.00074766960460692644119 0.00074682343984022736549 0.00075121573172509670258 0.00075939507223665714264 0.00076629145769402384758 0.00077036872971802949905 0.00077290437184274196625 0.00077588355634361505508 0.00078361108899116516113 0.00079484411980956792831 0.00080484268255531787872 0.00073129788506776094437 0.00082918489351868629456 0.0008413029136136174202 0.00085113721434026956558 0.00084449630230665206909 0.00083188147982582449913 0.00082293816376477479935 0.00081787240924313664436 0.00080947281094267964363 0.00079653860302641987801 0.0007900904165580868721 0.00079078739508986473083 0.00078834261512383818626 0.00078421650687232613564 0.0007731911027804017067 0.00074874446727335453033 0.00071537733310833573341 0.00067885214230045676231 0.000703051744494587183 0.00063218438299372792244 0.00065220170654356479645 0.0006781540578231215477 0.00070011080242693424225 0.00071585632394999265671 0.00071944616502150893211 0.00071055442094802856445 0.00068931974237784743309 0.00065592274768278002739
0.00081726617645472288132 0.00074471882544457912445 0.00075180653948336839676 0.00075820222264155745506 0.00076357007492333650589 0.00076899485429748892784 0.00077522866195067763329 0.00078323384514078497887 0.00079515832476317882538 0.00080960686318576335907 0.0008248157682828605175 0.00083693442866206169128 0.00076318520586937665939 0.00085865991422906517982 0.00085854018107056617737 0.00085175054846331477165 0.00083733152132481336594 0.00082032068166881799698 0.00080557930050417780876 0.00079338945215567946434 0.00078742636833339929581 0.00079076003748923540115 0.0007969679427333176136 0.00079667981481179594994 0.00078837265027686953545 0.00076715653995051980019 0.00073630089173093438148 0.00071055348962545394897 0.00069260894088074564934 0.0007399885798804461956 0.00067261623917147517204 0.00068432505941018462181 0.00070422358112409710884 0.00072522112168371677399 0.00074036448495462536812 0.00074292026693001389503 0.00073573266854509711266 0.00072253186954185366631 0.00070125010097399353981
0.00073808431625366210938 0.00082010548794642090797 0.00074837950523942708969 0.00075222499435767531395 0.00075804867083206772804 0.00076826807344332337379 0.00078232376836240291595 0.00079857558012008666992 0.00081438774941489100456 0.00082893209764733910561 0.00084590184269472956657 0.00086251104949042201042 0.00077655300265178084373 0.00086621643276885151863 0.00086380797438323497772 0.00085192720871418714523 0.00083178625209257006645 0.00080969836562871932983 0.00079273805022239685059 0.00078464392572641372681 0.00078951474279165267944 0.00079821835970506072044 0.00080331868957728147507 0.00080016208812594413757 0.00078574410872533917427 0.00076264032395556569099 0.00073807022999972105026 0.00071973964804783463478 0.00070696615148335695267 0.00076024315785616636276 0.00068656838266178965569 0.00069411570439115166664 0.00071060727350413799286 0.00072807871038094162941 0.00074073986615985631943 0.00074345670873299241066 0.00074090698035433888435 0.00073786237044259905815 0.00073352578328922390938
0.00074032577686011791229 0.00081780261825770139694 0.00073911639628931879997 0.00073999178130179643631 0.00074892013799399137497 0.0007681687711738049984 0.00079487828770652413368 0.00082218903116881847382 0.00084042438538745045662 0.00085100834257900714874 0.00086537236347794532776 0.00087928911671042442322 0.00087989895837381482124 0.00087851891294121742249 0.00076838233508169651031 0.00084100500680506229401 0.00081411004066467285156 0.00079379160888493061066 0.00078659842256456613541 0.00078985333675518631935 0.00080042000627145171165 0.00080638611689209938049 0.00080525770317763090134 0.00079807767178863286972 0.00078365585068240761757 0.00076821772381663322449 0.00075423682574182748795 0.0007372481049969792366 0.00071366009069606661797 0.00075359758920967578888 0.00067145755747333168983 0.00067975238198414444923 0.00069535238435491919518 0.00070683163357898592949 0.00071561045479029417038 0.00072011008160188794136 0.00072596431709825992584 0.00073694594902917742729 0.00074837240390479564667
0.0008893716731108725071 0.00080626248382031917572 0.00073687394615262746811 0.00074695533839985728264 0.00076303962850943207741 0.00078672054223716259003 0.00081657781265676021576 0.00084400700870901346207 0.00085863075219094753265 0.00086537498282268643379 0.00087801733752712607384 0.00088820949895307421684 0.00088658259483054280281 0.0008749752887524664402 0.00084871880244463682175 0.0008247972000390291214 0.00079946301411837339401 0.00070641509955748915672 0.00078722147736698389053 0.00079420156544074416161 0.00080590223660692572594 0.00081209791824221611023 0.00081000715726986527443 0.0008017939981073141098 0.0007878421456553041935 0.00077367783524096012115 0.00075865245889872312546 0.00073580106254667043686 0.00070475687971338629723 0.00074407283682376146317 0.00067097047576680779457 0.00068516429746523499489 0.00070215098094195127487 0.00071203830884769558907 0.00071806437335908412933 0.00072032667230814695358 0.00072574638761579990387 0.00073997670551761984825 0.00075891980668529868126
0.00088132621021941304207 0.00092819018755108118057 0.0010135472984984517097 0.00077725638402625918388 0.00080139463534578680992 0.00082327763084322214127 0.00084542803233489394188 0.00086176581680774688721 0.00086776784155517816544 0.00087170524057000875473 0.00088343297829851508141 0.00088856421643868088722 0.0008777341572567820549 0.00085806212155148386955 0.0008330841665156185627 0.00081074214540421962738 0.00079695979366078972816 0.00071258295793086290359 0.0007879416225478053093 0.00079280528007075190544 0.0008073506760410964489 0.00081974320346489548683 0.00082023156573995947838 0.00081157597014680504799 0.00079472200013697147369 0.00077305681770667433739 0.00074488029349595308304 0.00071172800380736589432 0.00068448495585471391678 0.00067842268617823719978 0.00075583462603390216827 0.00071411120006814599037 0.0007350655505433678627 0.00074800738366320729256 0.0007516448386013507843 0.0007469262927770614624 0.00074297882383689284325 0.00074901414336636662483 0.00076706119580194354057
0.00094821269158273935318 0.00097476085647940635681 0.00097372516756877303123 0.00098119687754660844803 0.00091154448455199599266 0.00096037675393745303154 0.00080353475641459226608 0.00082555302651599049568 0.00083945516962558031082 0.00085425999714061617851 0.00086913013365119695663 0.00086668389849364757538 0.00084544770652428269386 0.00082140625454485416412 0.00080161151709035038948 0.00079186237417161464691 0.00079201516928151249886 0.00079244183143600821495 0.00071478402242064476013 0.00079759414074942469597 0.00081326189683750271797 0.00082229793770238757133 0.00081576441880315542221 0.00080108136171475052834 0.00077871256507933139801 0.00075176515383645892143 0.00072047102730721235275 0.00069562252610921859741 0.00068903295323252677917 0.0007019014446996152401 0.00072683207690715789795 0.00082524667959660291672 0.000769903592299669981 0.00077744381269440054893 0.00077408947981894016266 0.00076350779272615909576 0.00075565854785963892937 0.00075877178460359573364 0.00077541853534057736397
0.00099024712108075618744 0.001006303122267127037 0.00093936978373676538467 0.00086268928134813904762 0.00080565403914079070091 0.00085163861513137817383 0.00086716673104092478752 0.00098519516177475452423 0.0007731655496172606945 0.00081335520371794700623 0.0008322508656419813633 0.0008173251408152282238 0.00078519963426515460014 0.00076197367161512374878 0.00075685599585995078087 0.00076727644773200154305 0.00078224320895969867706 0.00079399114474654197693 0.00079977978020906448364 0.00072978227399289608002 0.00081955507630482316017 0.00081100809620693325996 0.00078924250556156039238 0.00076423725113272666931 0.00073543650796636939049 0.00071029493119567632675 0.00069514487404376268387 0.00069967302260920405388 0.00072082283440977334976 0.00074726413004100322723 0.00077527126995846629143 0.00087788334349170327187 0.00080182368401437997818 0.00079604791244491934776 0.0007823404739610850811 0.00076800980605185031891 0.00076248135883361101151 0.00076886819442734122276 0.00078287126962095499039
0.0008956678793765604496 0.00093324360204860568047 0.0009286977001465857029 0.0010438843164592981339 0.00097982026636600494385 0.00091105891624465584755 0.00085943547310307621956 0.00087254622485488653183 0.0009249880095012485981 0.0008573244558647274971 0.00096511415904387831688 0.0007064999663271009922 0.00068421306787058711052 0.00067753717303276062012 0.0006939682643860578537 0.00072029762668535113335 0.00074455107096582651138 0.0006872348603792488575 0.00078313768608495593071 0.00079936586553230881691 0.00080020539462566375732 0.00079059525160118937492 0.0007705952739343047142 0.00074931740527972579002 0.00072700227610766887665 0.00071426917565986514091 0.00071591144660487771034 0.00073217815952375531197 0.00075732957338914275169 0.00078060384839773178101 0.00079976790584623813629 0.00089622946688905358315 0.00080085801891982555389 0.0007894298178143799305 0.00077643524855375289917 0.00076768372673541307449 0.00076887471368536353111 0.00077824201434850692749 0.00078691687667742371559
0.00071541045326739549637 0.00074730016058310866356 0.0009643981466069817543 0.00098564685322344303131 0.00098774081561714410782 0.0010182288242504000664 0.0011202391469851136208 0.0010890261037275195122 0.0010443147039040923119 0.0013676942326128482819 0.00083172274753451347351 0.00073676795000210404396 0.00063696590950712561607 0.00056900957133620977402 0.00061188504332676529884 0.00064601091435179114342 0.00067471596412360668182 0.00070425384910777211189 0.00073033710941672325134 0.00075542955892160534859 0.00076800590613856911659 0.00077282055281102657318 0.00077361555304378271103 0.00077058165334165096283 0.00076699338387697935104 0.00076914374949410557747 0.00077460217289626598358 0.00078159262193366885185 0.0007905092206783592701 0.00079535070108249783516 0.00079420738620683550835 0.0007824136991985142231 0.00085100810974836349487 0.00075752782868221402168 0.00075725733768194913864 0.00076379335951060056686 0.00077562913065776228905 0.00078656041296198964119 0.00078732473775744438171
