tests/data/reference/gistest_nucice/full/mqsur_m3_s.asc
ncols        123
nrows        77
xllcorner    -713746.799299980048
yllcorner    -1061022.369616159936
cellsize     10.000000000000
NODATA_value -9999
[rows 54 to 71 of 77, columns 40 to 79 of 123]
0.020860344171524047852 0.027484053745865821838 0.023740079253911972046 0.02415878884494304657 0.021486584097146987915 0.021555827930569648743 0.024683980271220207214 0.027556782588362693787 0.096008412539958953857 0.1281652599573135376 0.024710133671760559082 0.024654487147927284241 0.024642445147037506104 0.032603450119495391846 0.057977393269538879395 0.034612432122230529785 0.024778662249445915222 0.021408172324299812317 0.02695581875741481781 0.031946167349815368652 0.026567973196506500244 0.03353951871395111084 0.033979527652263641357 0.034453008323907852173 0.034983664751052856445 0.035486709326505661011 0.035984698683023452759 0.036582525819540023804 0.037343580275774002075 0.038251005113124847412 0.039199255406856536865 0.04013886675238609314 0.040824700146913528442 0.04086208343505859375 0.0037394729442894458771 0.0037510681431740522385 0.0074990806169807910919 0.011823404580354690552 0.015568283386528491974 0.019307352602481842041
0.026096481829881668091 0.020937388762831687927 0.021243225783109664917 0.018192138522863388062 0.018224136903882026672 0.027180233970284461975 0.047682452946901321411 0.067710734903812408447 0.033443182706832885742 0.021599367260932922363 0.021570915356278419495 0.021550128236413002014 0.031138150021433830261 0.024628898128867149353 0.034900046885013580322 0.021780107170343399048 0.018240096047520637512 0.02455310523509979248 0.031161334365606307983 0.024072377011179924011 0.033228181302547454834 0.0037441984750330448151 0.054034959524869918823 0.079913549125194549561 0.080385759472846984863 0.1282514035701751709 0.16121625900268554688 0.16040891408920288086 0.15974135696887969971 0.15912851691246032715 0.15853908658027648926 0.15796247124671936035 0.15738944709300994873 0.15681493282318115234 0.15624974668025970459 0.15568904578685760498 0.15513204038143157959 0.15433593094348907471 0.15375676751136779785 0.15318578481674194336
0.017840918153524398804 0.018023453652858734131 0.01471104845404624939 0.014731001108884811401 0.02446155250072479248 0.018203921616077423096 0.018218785524368286133 0.03247961774468421936 0.018253536894917488098 0.018242012709379196167 0.018220024183392524719 0.029321327805519104004 0.021489666774868965149 0.034889798611402511597 0.018410475924611091614 0.014797494746744632721 0.021652413532137870789 0.029730536043643951416 0.021212659776210784912 0.033047746866941452026 0.024353390559554100037 0.04822567477822303772 0.024666894227266311646 0.024728547781705856323 0.048903726041316986084 0.03429430350661277771 0.027411600574851036072 0.05411955714225769043 0.055727295577526092529 0.056934680789709091187 0.057746507227420806885 0.058178037405014038086 0.058106627315282821655 0.057548400014638900757 0.056948959827423095703 0.056358605623245239258 0.055458426475524902344 0.054661046713590621948 0.054083343595266342163 0.053512003272771835327
0.014594017527997493744 0.011110924184322357178 0.011126717552542686462 0.021438911557197570801 0.014705797657370567322 0.014710778370499610901 0.031166089698672294617 0.014739539474248886108 0.014741597697138786316 0.01472524646669626236 0.027069784700870513916 0.018146870657801628113 0.034807745367288589478 0.014837930910289287567 0.011178952641785144806 0.018371133133769035339 0.027632215991616249084 0.018030831590294837952 0.032611366361379623413 0.021342614665627479553 0.021467782557010650635 0.021537054330110549927 0.021568592637777328491 0.021587885916233062744 0.034175399690866470337 0.024642614647746086121 0.024701787158846855164 0.034411359578371047974 0.059377837926149368286 0.084269657731056213379 0.11876965314149856567 0.11803074181079864502 0.11738527566194534302 0.11678362637758255005 0.11620873957872390747 0.11564294248819351196 0.1149271056056022644 0.11412993073463439941 0.11354923248291015625 0.11297545582056045532
0.0074409404769539833069 0.00745206465944647789 0.018157707527279853821 0.011109764687716960907 0.011107931844890117645 0.029433997347950935364 0.011123133823275566101 0.011126653291285037994 0.011119526810944080353 0.024430189281702041626 0.014650665223598480225 0.034573122859001159668 0.011179119348526000977 0.007480242755264043808 0.014840394258499145508 0.024915121495723724365 0.014618271030485630035 0.031674556434154510498 0.018075289204716682434 0.018156660720705986023 0.018206890672445297241 0.018222969025373458862 0.018217880278825759888 0.033972043544054031372 0.021533228456974029541 0.021584019064903259277 0.034227106720209121704 0.02471659146249294281 0.024825314059853553772 0.035636752843856811523 0.027901958674192428589 0.055476699024438858032 0.057728424668312072754 0.059660732746124267578 0.061342410743236541748 0.062849327921867370605 0.06070728600025177002 0.05954553559422492981 0.058907203376293182373 0.058285001665353775024
0.003736660350114107132 0.014680815860629081726 0.0074438955634832382202 0.0074425446800887584686 0.027277825400233268738 0.007447492796927690506 0.0074490639381110668182 0.007445444352924823761 0.021454432979226112366 0.011066693812608718872 0.034112688153982162476 0.0074715558439493179321 0.0037488662637770175934 0.011194953694939613342 0.021770810708403587341 0.011055662296712398529 0.030069516971707344055 0.014625049196183681488 0.014677375555038452148 0.014710596762597560883 0.014724322594702243805 0.014715264551341533661 0.034094505012035369873 0.018173906952142715454 0.018221132457256317139 0.0342789478600025177 0.021563174203038215637 0.021612722426652908325 0.035482574254274368286 0.024840457364916801453 0.025024795904755592346 0.025264212861657142639 0.047057058662176132202 0.053868032991886138916 0.060489520430564880371 0.078161127865314483643 0.077016115188598632812 0.078364223241806030273 0.07938645780086517334 0.093145310878753662109
0.011082567274570465088 0.0037331632338464260101 0.0037332193460315465927 0.02467058226466178894 0.0037348181940615177155 0.0037354824598878622055 0.0037337464746087789536 0.018191970884799957275 0.0074182911776006221771 0.033696517348289489746 0.0037408575881272554398 0.0037498604506254196167 0.0074893506243824958801 0.018391923978924751282 0.0074112922884523868561 0.027794012799859046936 0.011047612875699996948 0.011088775470852851868 0.011110383085906505585 0.011118602007627487183 0.01111059822142124176 0.034680575132369995117 0.014673007652163505554 0.014701687730848789215 0.034398499876260757446 0.018206726759672164917 0.018228016793727874756 0.035635244101285934448 0.021597323939204216003 0.021711623296141624451 0.021870415657758712769 0.018566703423857688904 0.0037527598906308412552 0.0037527284584939479828 0.014965622685849666595 0.003753979923203587532 0.0070929862558841705322 0.010502189397811889648 0.013732408173382282257 0.023033751174807548523
0.014771428890526294708 0.01830716058611869812 0.021638320758938789368 0.0037339373957365751266 0.007448215968906879425 0.011124869808554649353 0.014728703536093235016 0.0037212846800684928894 0.033013045787811279297 0.0037351718638092279434 0.0074588372372090816498 0.011166675947606563568 0.014836814254522323608 0.0037228013388812541962 0.025022163987159729004 0.0073943189345300197601 0.0074265720322728157043 0.0074423057958483695984 0.0074485270306468009949 0.0074423695914447307587 0.035271108150482177734 0.011074831709265708923 0.011092104949057102203 0.034610100090503692627 0.014697433449327945709 0.014707335270941257477 0.035993110388517379761 0.018200255930423736572 0.018267083913087844849 0.018367413431406021118 0.014906371012330055237 0.0037527363747358322144 0.0075003528036177158356 0.011239518411457538605 0.0037533100694417953491 0.0075029726140201091766 0.011828645132482051849 0.015573838725686073303 0.019310850650072097778 0.037305045872926712036
0.011030288413166999817 0.014638629741966724396 0.018143305554986000061 0.02150422707200050354 0.024666447192430496216 0.027551814913749694824 0.030028542503714561462 0.031853459775447845459 0.0037235959898680448532 0.0074412925168871879578 0.01114557310938835144 0.014826321974396705627 0.018449941650032997131 0.021904572844505310059 0.0037033874541521072388 0.0037227086722850799561 0.0037316321395337581635 0.0037356289103627204895 0.0037340726703405380249 0.035885687917470932007 0.0074152313172817230225 0.0074228541925549507141 0.034904710948467254639 0.011094220913946628571 0.011096186935901641846 0.036365006119012832642 0.014678368344902992249 0.014718186110258102417 0.014779989607632160187 0.011208808980882167816 0.0037524460349231958389 0.0075000296346843242645 0.011240399442613124847 0.014968376606702804565 0.018678721040487289429 0.022366419434547424316 0.026663498952984809875 0.030300021171569824219 0.033864248543977737427 0.003753831842914223671
-9999 0.0036928935442119836807 0.0037077311426401138306 0.0037323900032788515091 0.0074526127427816390991 0.011149146594107151031 0.014805805869400501251 0.018382526934146881104 0.021855972707271575928 0.025233391672372817993 0.02847652137279510498 0.031474888324737548828 0.033964361995458602905 0.035655952990055084229 0.036620847880840301514 0.037171218544244766235 0.037330493330955505371 0.037149567157030105591 0.036560378968715667725 0.0037199326325207948685 0.0037199868820607662201 0.035190302878618240356 0.0074299862608313560486 0.0074303476139903068542 0.036770530045032501221 0.011071639135479927063 0.011095058172941207886 0.011132455430924892426 0.0074861347675323486328 0.0037522015627473592758 0.0074995160102844238281 0.011240086518228054047 0.014970247633755207062 0.018683185800909996033 0.022371886298060417175 0.02602649293839931488 0.030308188870549201965 0.033884733915328979492 0.03736704215407371521 0.04072362557053565979
-9999 -9999 -9999 -9999 0.0037313411012291908264 0.0037298463284969329834 0.0074328891932964324951 0.011071320623159408569 0.0037223177496343851089 0.0074388845823705196381 0.011137044057250022888 0.014806724153459072113 0.01841402985155582428 0.0218868255615234375 0.025162069126963615417 0.028179513290524482727 0.030842090025544166565 0.033025071024894714355 0.034548956900835037231 0.035282734781503677368 0.035430878400802612305 0.0037257587537169456482 0.0037268833257257938385 0.037192933261394500732 0.0074130599386990070343 0.00742435455322265625 0.0074446140788495540619 0.0037479053717106580734 0.0037513356655836105347 0.0074976724572479724884 0.011237164027988910675 0.014966422691941261292 0.018679510802030563354 0.022366171702742576599 0.026013147085905075073 0.029600463807582855225 0.033854566514492034912 0.03732620924711227417 0.040675692260265350342 0.04388696327805519104
-9999 -9999 -9999 -9999 -9999 -9999 -9999 -9999 -9999 -9999 0.003741585882380604744 0.0074573280289769172668 0.0111348005011677742 0.014775288291275501251 0.01834349706768989563 0.021811898797750473022 0.025106796994805335999 0.028167445212602615356 0.030956076458096504211 0.0333957672119140625 0.035382822155952453613 0.03674750402569770813 0.037332251667976379395 0.0037174676544964313507 0.0037225442938506603241 0.0037307057064026594162 0.0037424210458993911743 0.0074771377258002758026 0.011201125569641590118 0.014911742880940437317 0.018603295087814331055 0.022265091538429260254 0.025879368185997009277 0.029414087533950805664 0.074245892465114593506 0.079206258058547973633 0.082727044820785522461 0.083916865289211273193 0.085023269057273864746 0.086059637367725372314
-9999 -9999 -9999 -9999 -9999 -9999 -9999 -9999 -9999 -9999 -9999 0.0037015697453171014786 0.0036870664916932582855 0.0073833642527461051941 0.011051370762288570404 0.014660079963505268097 0.018151434138417243958 0.021426452323794364929 0.024388680234551429749 0.026951584964990615845 0.028987441211938858032 0.03045506402850151062 0.031696457415819168091 0.032563854008913040161 0.033165894448757171631 0.033808931708335876465 0.034690994769334793091 0.035804688930511474609 0.037057265639305114746 0.038422379642724990845 0.039828009903430938721 0.041190519928932189941 0.042459849268198013306 0.043583910912275314331 0.0037525689695030450821 0.0037534595467150211334 0.0080811399966478347778 0.011832122690975666046 0.015579086728394031525 0.019321853294968605042
-9999 -9999 -9999 -9999 -9999 -9999 -9999 -9999 -9999 -9999 -9999 -9999 -9999 -9999 -9999 -9999 -9999 -9999 -9999 0.003714988240972161293 0.0037064971402287483215 0.0036818899679929018021 0.0036841377150267362595 0.0036947743501514196396 0.0073993699625134468079 0.011087270453572273254 0.01474486570805311203 0.0183619670569896698 0.021936178207397460938 0.025466809049248695374 0.028917541727423667908 0.032232366502285003662 0.035347230732440948486 0.038182266056537628174 0.040758162736892700195 0.043172650039196014404 0.04149783402681350708 0.04226067662239074707 0.043144915252923965454 0.043818037956953048706
-9999 -9999 -9999 -9999 -9999 -9999 -9999 -9999 -9999 -9999 -9999 -9999 -9999 -9999 -9999 -9999 -9999 -9999 -9999 -9999 -9999 -9999 0.0073252036236226558685 0.0073556597344577312469 0.0037095297593623399734 0.0037376373074948787689 0.0074627422727644443512 0.011166879907250404358 0.014848317019641399384 0.018508123233914375305 0.022139299660921096802 0.025722457095980644226 0.029213238507509231567 0.032567791640758514404 0.035780716687440872192 0.038876354694366455078 0.038767412304878234863 0.040692534297704696655 0.042250167578458786011 0.043515514582395553589
-9999 -9999 -9999 -9999 -9999 -9999 -9999 -9999 -9999 -9999 -9999 -9999 -9999 -9999 -9999 -9999 -9999 -9999 -9999 -9999 -9999 -9999 -9999 -9999 0.010956757701933383942 0.0074103241786360740662 0.0037442841567099094391 0.0037446490023285150528 0.0074789933860301971436 0.011202279478311538696 0.014909985475242137909 0.018594989553093910217 0.022254046052694320679 0.02586275152862071991 0.02941474132239818573 0.031165150925517082214 0.033948712050914764404 0.036397047340869903564 0.038508176803588867188 0.040308389812707901001
-9999 -9999 -9999 -9999 -9999 -9999 -9999 -9999 -9999 -9999 -9999 -9999 -9999 -9999 -9999 -9999 -9999 -9999 -9999 -9999 -9999 -9999 -9999 -9999 -9999 0.014474223367869853973 0.011081304401159286499 0.0074706813320517539978 0.0037451819516718387604 0.0074821622110903263092 0.011206427589058876038 0.014909864403307437897 0.018586194142699241638 0.022227426990866661072 0.025825552642345428467 0.027849573642015457153 0.030805734917521476746 0.033510327339172363281 -9999 -9999
-9999 -9999 -9999 -9999 -9999 -9999 -9999 -9999 -9999 -9999 -9999 -9999 -9999 -9999 -9999 -9999 -9999 -9999 -9999 -9999 -9999 -9999 -9999 -9999 -9999 -9999 -9999 0.014689926058053970337 0.011165672913193702698 0.0037479517050087451935 0.0074866139329969882965 0.011208482086658477783 0.014905092306435108185 0.018566660583019256592 0.022181281819939613342 0.026445209980010986328 -9999 -9999 -9999 -9999
