tests/data/reference/gistest_nucice/full/mqsur_m3_s.asc
ncols        123
nrows        77
xllcorner    -713746.799299980048
yllcorner    -1061022.369616159936
cellsize     10.000000000000
NODATA_value -9999
[rows 34 to 50 of 77, columns 40 to 79 of 123]
0.0063347234390676021576 0.0065728141926229000092 0.0067779747769236564636 0.0069478433579206466675 0.0070331469178199768066 0.0070534371770918369293 0.0071279173716902732849 0.0070765316486358642578 0.0068095726892352104187 0.010219449177384376526 0.012510090135037899017 0.090581424534320831299 0.091276057064533233643 0.091348782181739807129 0.0049741654656827449799 0.0052937204018235206604 0.0057463818229734897614 0.0060438183136284351349 0.0062398472800850868225 0.0064805457368493080139 0.0066219996660947799683 0.0067129610106348991394 0.0067679397761821746826 0.006801399867981672287 0.0068338615819811820984 0.0068531082943081855774 0.0068538528867065906525 0.0068376762792468070984 0.0067894542589783668518 0.0066991411149501800537 0.0065546808764338493347 0.031229261308908462524 0.006259800400584936142 0.0062798922881484031677 0.0063903648406267166138 0.0065330564975738525391 0.0066251107491552829742 0.0065922550857067108154 0.0063977967947721481323 0.0062194056808948516846
0.0063125342130661010742 0.0065065952949225902557 0.0066436924971640110016 0.0067256125621497631073 0.0067298826761543750763 0.0068263807334005832672 0.0069169378839433193207 0.0070082098245620727539 0.0070232008583843708038 0.006648465525358915329 0.0061888936907052993774 0.0092246830463409423828 0.011382730677723884583 0.0093831233680248260498 0.094785556197166442871 0.0051698335446417331696 0.0054750768467783927917 0.0059073762968182563782 0.0062645468860864639282 0.0065114144235849380493 0.006721184123307466507 0.0068837460130453109741 0.0070070084184408187866 0.0071146842092275619507 0.0071942512877285480499 0.0072267092764377593994 0.0071986648254096508026 0.007077360060065984726 0.0068638054654002189636 0.0066009243018925189972 0.0063027786090970039368 0.0059959394857287406921 0.032277159392833709717 0.005756758619099855423 0.0059413826093077659607 0.0061534480191767215729 0.0063279233872890472412 0.0062348116189241409302 0.0060132262296974658966 0.0058896113187074661255
0.0059701669961214065552 0.0062024234794080257416 0.0063860625959932804108 0.006072801537811756134 0.0060963924042880535126 0.0061811921186745166779 0.0062825218774378299713 0.0064317886717617511749 0.0064005516469478607178 0.0066593978554010391235 0.0063686096109449863434 0.0060479831881821155548 0.0039679058827459812164 0.0055037518031895160675 0.0058118933811783790588 0.093984670937061309814 0.094569578766822814941 0.094826765358448028564 0.095001265406608581543 0.0064691398292779922485 0.0065938299521803855896 0.0067030508071184158325 0.0068054371513426303864 0.0069104237481951713562 0.0069619710557162761688 0.0069473045878112316132 0.01115163508802652359 0.0066571189090609550476 0.0063907229341566562653 0.0061294753104448318481 0.0058576446026563644409 0.0055967587977647781372 0.0037975844461470842361 0.030779547989368438721 0.0091729462146759033203 0.0059235254302620887756 0.0058613000437617301941 0.0056694168597459793091 0.0056342761963605880737 0.005611928645521402359
0.0052328254096210002899 0.0055838199332356452942 0.0042204097844660282135 0.0042023556306958198547 0.0042234803549945354462 0.0042800698429346084595 0.0043244156986474990845 0.0043594888411462306976 0.0066452641040086746216 0.0059782536700367927551 0.0058405259624123573303 0.0057887844741344451904 0.0062023005448281764984 0.0064231655560433864594 0.0064150257967412471771 0.0059976996853947639465 0.005803402978926897049 0.0060803787782788276672 0.0062803784385323524475 0.095302656292915344238 0.09537617117166519165 0.094645909965038299561 0.094191506505012512207 0.093567915260791778564 0.092824473977088928223 0.092224486172199249268 0.091698981821537017822 0.091478414833545684814 0.090769290924072265625 0.0052513834089040756226 0.0053296526893973350525 0.005374194122850894928 0.0054746721871197223663 0.0053602326661348342896 0.034374069422483444214 0.0058382735587656497955 0.0055605578236281871796 0.0052742515690624713898 0.0051663168705999851227 0.0054697659797966480255
0.0036921806167811155319 0.0040154443122446537018 0.0057477392256259918213 0.0061616697348654270172 0.0062453788705170154572 0.0063463514670729637146 0.0064458055421710014343 0.0065140100196003913879 0.0042314426973462104797 0.0041350899264216423035 0.0041324649937450885773 0.0042824684642255306244 0.0061245639808475971222 0.0066893459297716617584 0.0066811023280024528503 0.025252856314182281494 0.026035046204924583435 0.026911957189440727234 0.027768217027187347412 0.028560372069478034973 0.029247943311929702759 0.029785471037030220032 0.030161783099174499512 0.030425839126110076904 0.030805388465523719788 0.031322021037340164185 0.032090269029140472412 0.032800931483507156372 0.031675763428211212158 0.11599850654602050781 0.11530618369579315186 0.0048048603348433971405 0.0050631389021873474121 0.0054556871764361858368 0.033339973539113998413 0.005518889985978603363 0.0052106729708611965179 0.0049872286617755889893 0.0049855080433189868927 0.0052701011300086975098
0.003651770763099193573 0.0039880005642771720886 0.0056773219257593154907 0.0060367658734321594238 0.0060635143890976905823 0.0061138942837715148926 0.0062106698751449584961 0.0063226376660168170929 0.0063375453464686870575 0.0062005594372749328613 0.0061372783966362476349 0.0062756934203207492828 0.0064501599408686161041 0.024446863681077957153 0.024993067607283592224 0.0065360949374735355377 0.0066804639063775539398 0.0069720703177154064178 0.0071876854635775089264 0.0072705997154116630554 0.0072846994735300540924 0.0072553926147520542145 0.0071905707009136676788 0.0070637571625411510468 0.0068882345221936702728 0.0066560748964548110962 0.0063901920802891254425 0.0061233690939843654633 0.010267388075590133667 0.01388062257319688797 0.011894463561475276947 0.11596950888633728027 0.11543112993240356445 0.11485426127910614014 0.11419702321290969849 0.034073714166879653931 0.0047919508069753646851 0.0048287836834788322449 0.0049638715572655200958 0.0053707757033407688141
0.0052387574687600135803 0.0054150992073118686676 0.0059648454189300537109 0.0059510162100195884705 0.0058487001806497573853 0.0058220452629029750824 0.0059121460653841495514 0.006104849744588136673 0.0062372046522796154022 0.0062388270162045955658 0.0061859250999987125397 0.0061446288600564002991 0.023856058716773986816 0.0062581002712249755859 0.0064626699313521385193 0.0066181691363453865051 0.0068180887028574943542 0.0070852809585630893707 0.0073075136169791221619 0.0074387388303875923157 0.0075194868259131908417 0.0075647444464266300201 0.007562928367406129837 0.0075056781060993671417 0.0074061360210180282593 0.0072819776833057403564 0.0071365567855536937714 0.0069422693923115730286 0.0067328782752156257629 0.006489591207355260849 0.010635397396981716156 0.014267019927501678467 0.01731074601411819458 0.014847059734165668488 0.012683682143688201904 0.11758937686681747437 0.034558206796646118164 0.0043533830903470516205 0.0048153521493077278137 0.0038368001114577054977
0.005276147741824388504 0.0057514482177793979645 0.0058795036748051643372 0.0057456758804619312286 0.0056273047812283039093 0.0056405169889330863953 0.0057467259466648101807 0.0059100049547851085663 0.006036683451384305954 0.006104490719735622406 0.022957986220717430115 0.023430302739143371582 0.005966207943856716156 0.0061695659533143043518 0.0063439346849918365479 0.0064404550939798355103 0.006567574571818113327 0.0067905103787779808044 0.0070069921202957630157 0.0071648554876446723938 0.0073022651486098766327 0.0074228160083293914795 0.0074973064474761486053 0.0075188814662396907806 0.0075175948441028594971 0.0075149023905396461487 0.0074919871985912322998 0.0074400873854756355286 0.007370059378445148468 0.0072762458585202693939 0.0070418575778603553772 0.0065803816542029380798 0.0062745190225541591644 0 0 0 0.11653380095958709717 0.033185910433530807495 0.0044387141242623329163 0
0.010483096353709697723 0.011259069666266441345 0.0095361182466149330139 0.0079706991091370582581 0.0065361610613763332367 0.0055654784664511680603 0.0056772199459373950958 0.0056931739673018455505 0.0056846691295504570007 0.022543935105204582214 0.0056623872369527816772 0.0057350927963852882385 0.0058876234106719493866 0.0060607758350670337677 0.0061704902909696102142 0.0062110209837555885315 0.0062804506160318851471 0.0064478139393031597137 0.0066217635758221149445 0.0067533515393733978271 0.006900648120790719986 0.0070816040970385074615 0.0072361757047474384308 0.0073312530294060707092 0.0074075511656701564789 0.0074893212877213954926 0.007549794856458902359 0.007578135468065738678 0.0076046637259423732758 0.0076328637078404426575 0.0075824996456503868103 0.0073869214393198490143 0.0071542067453265190125 0.0070682624354958534241 0.0069170380011200904846 0 0 0 0.032291032373905181885 0
0.0054459371604025363922 0.005427773110568523407 0.0053718681447207927704 0.0053360448218882083893 0.0053765438497066497803 0.0055046156048774719238 0.0055375997908413410187 0.00541529851034283638 0.021726910024881362915 0.0053331349045038223267 0.0054706083610653877258 0.0056146192364394664764 0.0057361959479749202728 0.0058410558849573135376 0.0059116207994520664215 0.0059442999772727489471 0.0059960060752928256989 0.0061107357032597064972 0.0062160207889974117279 0.0062832520343363285065 0.0064101256430149078369 0.0066309161484241485596 0.0068442951887845993042 0.0069959079846739768982 0.0071276929229497909546 0.0072615700773894786835 0.0073722871020436286926 0.0074534225277602672577 0.0075526144355535507202 0.0076834806241095066071 0.0077714570797979831696 0.007760903332382440567 0.0076882471330463886261 0.0076653421856462955475 0.007395562250167131424 0.0070002959109842777252 0.006494164932519197464 0 0 0
0.01768972352147102356 0.018419859930872917175 0.01925772055983543396 0.01799324527382850647 0.016732560470700263977 0.015474094077944755554 0.020902670919895172119 0.021352795884013175964 0.0052244253456592559814 0.0052039413712918758392 0.0052965176291763782501 0.0054314490407705307007 0.0055273380130529403687 0.005591740831732749939 0.0056618163362145423889 0.0057393237948417663574 0.0058138812892138957977 0.0058927838690578937531 0.005940587259829044342 0.0059488536790013313293 0.0060247853398323059082 0.0062095066532492637634 0.006407598499208688736 0.0065786452032625675201 0.006738489493727684021 0.0082063935697078704834 0.0070106303319334983826 0.0071087712422013282776 0.0072438223287463188171 0.0074365655891597270966 0.0076037812978029251099 0.0076843709684908390045 0.0077110771089792251587 0.0077246585860848426819 0.007679958827793598175 0.0072263302281498908997 0.00696961255744099617 0.0031570091377943754196 0 0
0.0058463136665523052216 0.0058476985432207584381 0.0058585950173437595367 0.0090691531077027320862 0.012068256735801696777 0.014670568518340587616 0.0056846276856958866119 0.0055435388348996639252 0.0053742639720439910889 0.0051858872175216674805 0.0051254415884613990784 0.0052120094187557697296 0.0052892807871103286743 0.0053219734691083431244 0.0054066721349954605103 0.0055540977045893669128 0.005674947984516620636 0.0057349731214344501495 0.0057514957152307033539 0.005736447405070066452 0.0057521699927747249603 0.0058427695184946060181 0.0059816855937242507935 0.0061530913226306438446 0.0095604015514254570007 0.0064444155432283878326 0.0065406174398958683014 0.0066182850860059261322 0.0067643621005117893219 0.0070072142407298088074 0.0072240126319229602814 0.0073451632633805274963 0.0074431761167943477631 0.0075854412280023097992 0.0075896480120718479156 0.0073200124315917491913 0.0070180487819015979767 0 0 0.0044805202633142471313
0.0060575129464268684387 0.0060983602888882160187 0.0061275102198123931885 0.0061732484027743339539 0.0061565130017697811127 0.0060464036650955677032 0.0059247906319797039032 0.0057986816391348838806 0.0056145829148590564728 0.0053590005263686180115 0.005181733984500169754 0.0051644355989992618561 0.0051384177058935165405 0.0050577619113028049469 0.0050973375327885150909 0.0052923047915101051331 0.0054586068727076053619 0.0054808170534670352936 0.0054985568858683109283 0.0055332942865788936615 0.0055585992522537708282 0.0056029600091278553009 0.0056897434405982494354 0.01095975097268819809 0.0060029895976185798645 0.0060697658918797969818 0.006067590322345495224 0.0060960599221289157867 0.0062752282246947288513 0.0065312730148434638977 0.0067974897101521492004 0.0069291596300899982452 0.0070650754496455192566 0.0072873476892709732056 0.0073959617875516414642 0.0072428430430591106415 0.0071611162275075912476 0 0.0010428079403936862946 0.0043964264914393424988
0.006081170402467250824 0.0061886687763035297394 0.0062699816189706325531 0.0063290568068623542786 0.0063270749524235725403 0.0062343361787497997284 0.006108814384788274765 0.0059841955080628395081 0.0058348025195300579071 0.0056235385127365589142 0.0054088984616100788116 0.0052731730975210666656 0.005107556469738483429 0.004867987707257270813 0.0048224194906651973724 0.0050437394529581069946 0.004988843575119972229 0.0050033796578645706177 0.0050292168743908405304 0.0051171537488698959351 0.0054431902244687080383 0.0054292902350425720215 0.012408210895955562592 0.0056952238082885742188 0.0057739522308111190796 0.0054621561430394649506 0.0054266564548015594482 0.0057335887104272842407 0.0055280649103224277496 0.0058355410583317279816 0.0060754721052944660187 0.0061681042425334453583 0.0062984228134155273438 0.0065294071100652217865 0.0066919974051415920258 0.0072817094624042510986 0.004530992358922958374 0 0.0010422003688290715218 0.0046343291178345680237
0.0060213268734514713287 0.0061498908326029777527 0.0062550585716962814331 0.0063404175452888011932 0.0063808108679950237274 0.0063466541469097137451 0.0062509509734809398651 0.006114397197961807251 0.0059771742671728134155 0.0058305314742028713226 0.0056497887708246707916 0.0054594348184764385223 0.0052151996642351150513 0.004891581367701292038 0.0047714645043015480042 0.0035766104701906442642 0.0036505067255347967148 0.0036386616993695497513 0.0036545556504279375076 0.0051760305650532245636 0.0050012897700071334839 0.013904281891882419586 0.0054191770032048225403 0.0053102169185876846313 0.0039365878328680992126 0.0038944440893828868866 0.0056093200109899044037 0.0038490181323140859604 0.0039251865819096565247 0.0040942323394119739532 0.0041869487613439559937 0.0042099687270820140839 0.0042885574512183666229 0.0044197062961757183075 0.0069188424386084079742 0.0066457097418606281281 0.0073524424806237220764 0 0.00096352619584649801254 0.0065905922092497348785
0.0059195915237069129944 0.0060289478860795497894 0.0061265961267054080963 0.0062286751344799995422 0.0063136429525911808014 0.0063533638603985309601 0.0063173603266477584839 0.0061906292103230953217 0.0060621206648647785187 0.0059825838543474674225 0.0058609438128769397736 0.005655895918607711792 0.0053956652991473674774 0.0050848554819822311401 0.0034665805287659168243 0.0046660634689033031464 0.0049562975764274597168 0.004993870854377746582 0.0049933409318327903748 0.0035896762274205684662 0.015433375723659992218 0.0051899827085435390472 0.0037906074430793523788 0.0038811110425740480423 0.005346991121768951416 0.0056025199592113494873 0.0038510579615831375122 0.0052508283406496047974 0.0056199720129370689392 0.005867652595043182373 0.0060456143692135810852 0.0061067636124789714813 0.0061867777258157730103 0.0063550956547260284424 0.0043777450919151306152 0.0045664212666451931 0.0097141601145267486572 0 0.0045242318883538246155 0.006528931204229593277
0.005828759167343378067 0.0058935852721333503723 0.0059551429003477096558 0.0060487953014671802521 0.0061542741023004055023 0.006247497163712978363 0.0062738880515098571777 0.0061974618583917617798 0.0061138458549976348877 0.006091291084885597229 0.0060100113041698932648 0.005806630011647939682 0.0055764419957995414734 0.0093488469719886779785 0.0077460384927690029144 0.0062296548858284950256 0.0049738017842173576355 0.0049768732860684394836 0.0049578179605305194855 0.016999470070004463196 0.0049967081286013126373 0.0036956518888473510742 0.0050772894173860549927 0.0054626180790364742279 0.0055747865699231624603 0.0055741770192980766296 0.0055746026337146759033 0.0056164111010730266571 0.0057349046692252159119 0.0059418980963528156281 0.006096982862800359726 0.0061429450288414955139 0.0061506256461143493652 0.0061577335000038146973 0.0063302773050963878632 0.0067210220731794834137 0.0068849897943437099457 0 0.0045463149435818195343 0.0045777596533298492432
