tests/data/reference/gistest_nucice/full/mqsur_m3_s.asc
ncols        123
nrows        77
xllcorner    -713746.799299980048
yllcorner    -1061022.369616159936
cellsize     10.000000000000
NODATA_value  -9999
[rows 36 to 53 of 77, columns 39 to 77 of 123]
0.0057363454252481460571 0.0059392591938376426697 0.0061680176295340061188 0.0063517903909087181091 0.0059995339252054691315 0.0060223573818802833557 0.0061045521870255470276 0.0062027690000832080841 0.0063532697968184947968 0.0063229966908693313599 0.0066599054262042045593 0.0063451486639678478241 0.0060297055169939994812 0.0039070700295269489288 0.0054512214846909046173 0.0057947863824665546417 0.09480978548526763916 0.095416799187660217285 0.09569193422794342041 0.095887452363967895508 0.0064627234824001789093 0.0065892264246940612793 0.0067002899013459682465 0.0068034674040973186493 0.0069083673879504203796 0.0069603016600012779236 0.0069468892179429531097 0.011179802939295768738 0.006662043742835521698 0.0063985777087509632111 0.0061390567570924758911 0.0058680800721049308777 0.0056070983409881591797 0.0037413667887449264526 0.031187189742922782898 0.0092110987752676010132 0.005930096842348575592 0.0058736260980367660522 0.0056834849528968334198
0.004976986907422542572 0.0051806890405714511871 0.0055231153964996337891 0.0041481577791273593903 0.004130633082240819931 0.0041511384770274162292 0.0042060664854943752289 0.0042491094209253787994 0.0042831515893340110779 0.0066419374197721481323 0.0059130247682332992554 0.005778996739536523819 0.0057287015952169895172 0.0061802896670997142792 0.0064156861044466495514 0.0064132465049624443054 0.0060051209293305873871 0.0058099734596908092499 0.0060769394040107727051 0.0062742410227656364441 0.096204519271850585938 0.096297211945056915283 0.095570027828216552734 0.095125019550323486328 0.094507761299610137939 0.093766398727893829346 0.093174301087856292725 0.092661432921886444092 0.092468313872814178467 0.091769352555274963379 0.0052718278020620346069 0.0053456872701644897461 0.0053849304094910621643 0.0054791574366390705109 0.0053106406703591346741 0.034823607653379440308 0.00584125518798828125 0.005568461492657661438 0.0052838856354355812073
0.0034365486353635787964 0.0036351291928440332413 0.0039491727948188781738 0.0056837457232177257538 0.006137424614280462265 0.006240421440452337265 0.0063437516801059246063 0.0064428383484482765198 0.0065116323530673980713 0.0041588675230741500854 0.0040653361938893795013 0.0040627876296639442444 0.004212899133563041687 0.0060557727701961994171 0.0066600483842194080353 0.0066761896014213562012 0.02552859671413898468 0.026249490678310394287 0.027124824002385139465 0.028036132454872131348 0.028867989778518676758 0.029583832249045372009 0.03014825284481048584 0.03055144287645816803 0.030835244804620742798 0.031215382739901542664 0.031666792929172515869 0.032328493893146514893 0.033039670437574386597 0.031941987574100494385 0.11743638664484024048 0.11675684154033660889 0.0048171957023441791534 0.0050708912312984466553 0.0054567549377679824829 0.033804461359977722168 0.0055248034186661243439 0.005218007601797580719 0.0049938093870878219604
0.0045370706357061862946 0.0035958467051386833191 0.0039225239306688308716 0.0056152995675802230835 0.0060146553441882133484 0.0060603320598602294922 0.0061128539964556694031 0.006208334118127822876 0.0063195093534886837006 0.0063361497595906257629 0.0062030623666942119598 0.0061397883109748363495 0.0062736091203987598419 0.006445290055125951767 0.024697991088032722473 0.025251712650060653687 0.006531574297696352005 0.0066762333735823631287 0.0069644455797970294952 0.0071789124049246311188 0.0072644725441932678223 0.0072821113280951976776 0.0072561330161988735199 0.0071948366239666938782 0.0070742829702794551849 0.0069024106487631797791 0.0066736708395183086395 0.0064110229723155498505 0.0061469627544283866882 0.010308971628546714783 0.013941123150289058685 0.011952601373195648193 0.1174628138542175293 0.11693796515464782715 0.11637350916862487793 0.11572602391242980957 0.034552823752164840698 0.0048002121038734912872 0.0048327096737921237946
0.0035733859986066818237 0.0052252928726375102997 0.0053589539602398872375 0.005939167458564043045 0.0059468611143529415131 0.0058509171940386295319 0.0058234273456037044525 0.0059106615372002124786 0.0061003318987786769867 0.0062328041531145572662 0.0062375376001000404358 0.0061869625933468341827 0.0061459313146770000458 0.024099987000226974487 0.0062503074295818805695 0.006454098038375377655 0.0066097471863031387329 0.0068075032904744148254 0.0070704398676753044128 0.0072902613319456577301 0.0074222208932042121887 0.0075045763514935970306 0.0075515205971896648407 0.0075525855645537376404 0.0074997078627347946167 0.0074047092348337173462 0.0072844764217734336853 0.0071430061943829059601 0.0069552576169371604919 0.0067497775889933109283 0.0065102027729153633118 0.010677667334675788879 0.014328000135719776154 0.017391247674822807312 0.014950799755752086639 0.01278470456600189209 0.11920853704214096069 0.035044480115175247192 0.0043608732521533966064
0.0049465037882328033447 0.0052237240597605705261 0.0057363933883607387543 0.0058727627620100975037 0.0057471860200166702271 0.0056305746547877788544 0.0056411954574286937714 0.0057446281425654888153 0.0059060207568109035492 0.0060328249819576740265 0.0061020543798804283142 0.023187166079878807068 0.023667445406317710876 0.005959555506706237793 0.0061616641469299793243 0.0063352957367897033691 0.0064318790100514888763 0.0065574385225772857666 0.0067765875719487667084 0.006990313064306974411 0.0071473903954029083252 0.0072840033099055290222 0.0074036950245499610901 0.0074793570674955844879 0.0075045325793325901031 0.0075069600716233253479 0.0075070001184940338135 0.0074869799427688121796 0.0074384720064699649811 0.0073716626502573490143 0.0072810892015695571899 0.0070548313669860363007 0.0066023352555930614471 0.0063002090901136398315 0 0 0 0.11815694719552993774 0.033657431602478027344
0.0097135230898857116699 0.010537480935454368591 0.011316032148897647858 0.0095920627936720848083 0.0080251833423972129822 0.006589487660676240921 0.0055637024343013763428 0.0056741666048765182495 0.0056919888593256473541 0.0056847208179533481598 0.022776510566473007202 0.0056554321199655532837 0.0057280147448182106018 0.0058797886595129966736 0.0060518849641084671021 0.0061612930148839950562 0.0062022833153605461121 0.0062712784856557846069 0.0064364373683929443359 0.0066085467115044593811 0.006739086005836725235 0.006884283851832151413 0.0070623746141791343689 0.0072160563431680202484 0.0073128626681864261627 0.0073911263607442378998 0.0074742878787219524384 0.0075365020893514156342 0.0075670131482183933258 0.0075952089391648769379 0.0076248059049248695374 0.0075782947242259979248 0.0073902774602174758911 0.007166678551584482193 0.0070827957242727279663 0.006931054871529340744 0 0 0
0.0052867112681269645691 0.0054414463229477405548 0.0054269824177026748657 0.0053730234503746032715 0.0053370804525911808014 0.0053760698065161705017 0.0055019962601363658905 0.0055360291153192520142 0.0054172445088624954224 0.021941859275102615356 0.0053333370015025138855 0.0054669450037181377411 0.0056078867055475711823 0.00572805013507604599 0.0058325496502220630646 0.0059030344709753990173 0.0059360535815358161926 0.0059882537461817264557 0.0061027701012790203094 0.0062078326009213924408 0.0062747057527303695679 0.0063991844654083251953 0.0066158678382635116577 0.0068264054134488105774 0.0069773006252944469452 0.007109109777957201004 0.0072433203458786010742 0.0073547386564314365387 0.0074365637265145778656 0.0075354492291808128357 0.0076652481220662593842 0.0077544110827147960663 0.0077487090602517127991 0.0076815164647996425629 0.0076642180792987346649 0.0074011236429214477539 0.0070115081034600734711 0.0065107117407023906708 0
0.017247272655367851257 0.017855737358331680298 0.018587784841656684875 0.019429545849561691284 0.018167542293667793274 0.016909742727875709534 0.015652937814593315125 0.021119717508554458618 0.021572606638073921204 0.0052325702272355556488 0.0052097165025770664215 0.005297391209751367569 0.005427501630038022995 0.0055213221348822116852 0.0055852229706943035126 0.0056541115045547485352 0.0057303505018353462219 0.005805253051221370697 0.0058854781091213226318 0.0059343939647078514099 0.0059429127722978591919 0.0060173314996063709259 0.0061987768858671188354 0.0063938712701201438904 0.0065629160962998867035 0.0067217410542070865631 0.0083324611186981201172 0.0069939261302351951599 0.0070914439857006072998 0.0072241551242768764496 0.0074138655327260494232 0.0075809918344020843506 0.0076649175025522708893 0.0076957377605140209198 0.0077115469612181186676 0.0076740495860576629639 0.007232526782900094986 0.006976909935474395752 0.0031690003816038370132
0.0057509914040565490723 0.0058469274081289768219 0.0058506540954113006592 0.0058629387058317661285 0.0091059925034642219543 0.012126197107136249542 0.014748601242899894714 0.0056935693137347698212 0.0055528297089040279388 0.0053840321488678455353 0.0051958067342638969421 0.0051325485110282897949 0.0052143395878374576569 0.0052886735647916793823 0.0053195790387690067291 0.0054006925784051418304 0.0055440305732190608978 0.005664205644279718399 0.0057265385985374450684 0.0057429093867540359497 0.0057284636422991752625 0.005744433961808681488 0.0058342288248240947723 0.005973174702376127243 0.0061419401317834854126 0.0096873464062809944153 0.0064327041618525981903 0.0065284129232168197632 0.0066015995107591152191 0.0067442655563354492188 0.0069859460927546024323 0.0071977716870605945587 0.0073219272308051586151 0.0074218660593032836914 0.0075629455968737602234 0.0075701544992625713348 0.0073139118030667304993 0.0070193205028772354126 0.0033639045432209968567
0.0059504047967493534088 0.0060533555224537849426 0.0060961828567087650299 0.0061271456070244312286 0.0061739874072372913361 0.0061591351404786109924 0.0060518737882375717163 0.005931931082159280777 0.0058064772747457027435 0.0056234402582049369812 0.0053694304078817367554 0.0051917694509029388428 0.0051714540459215641022 0.0051431753672659397125 0.0050607756711542606354 0.0050954353064298629761 0.005284328944981098175 0.005449132528156042099 0.0054618581198155879974 0.0054799253121018409729 0.0055140512995421886444 0.0055397124961018562317 0.0055980011820793151855 0.0056819673627614974976 0.011087905615568161011 0.0059947785921394824982 0.0060604792088270187378 0.0060426122508943080902 0.0060697253793478012085 0.0062635205686092376709 0.0064946725033223628998 0.0067570079118013381958 0.0068886778317391872406 0.0070226760581135749817 0.0072398642078042030334 0.0073474249802529811859 0.0072009367868304252625 0.0071588736027479171753 0.0010501880897209048271
0.0059375502169132232666 0.0060748895630240440369 0.0061832251958549022675 0.0062654684297740459442 0.0063254032284021377563 0.0063252160325646400452 0.0062356954440474510193 0.0061130751855671405792 0.0059901974163949489594 0.0058417827822268009186 0.0056316899135708808899 0.0054180938750505447388 0.0052820960991084575653 0.0051162294112145900726 0.0048763770610094070435 0.00482638506218791008 0.0050408625975251197815 0.0049438071437180042267 0.0049584121443331241608 0.004983500111848115921 0.0050691966898739337921 0.0054370821453630924225 0.0054116523824632167816 0.012537515722215175629 0.0056883525103330612183 0.0057531069032847881317 0.0054061310365796089172 0.0053714499808847904205 0.0057313367724418640137 0.005469766911119222641 0.0057685943320393562317 0.0060018282383680343628 0.0060918056406080722809 0.0062180701643228530884 0.0064417528919875621796 0.0065990183502435684204 0.0072668516077101230621 0.0044496213085949420929 0.0017960674595087766647
0.0058686854317784309387 0.006014370359480381012 0.0061434186063706874847 0.00624880986288189888 0.0063339788466691970825 0.0063750972039997577667 0.006343366578221321106 0.0062509942799806594849 0.0061176442541182041168 0.0059819943271577358246 0.0058360253460705280304 0.0056569203734397888184 0.005468355957418680191 0.0052253105677664279938 0.0049024890176951885223 0.0047794124111533164978 0.0035227651242166757584 0.0035946178250014781952 0.0035831017885357141495 0.0035985540598630905151 0.0051728594116866588593 0.0049560088664293289185 0.014033884741365909576 0.005413684062659740448 0.0052577592432498931885 0.003872594563290476799 0.0038316613063216209412 0.005607669241726398468 0.0037875345442444086075 0.0038615213707089424133 0.0040256706997752189636 0.0041156774386763572693 0.0041380231268703937531 0.0042143049649894237518 0.0043415990658104419708 0.0069054840132594108582 0.0065542771480977535248 0.007306772284209728241 0.0029320809990167617798
0.0057735671289265155792 0.0059132245369255542755 0.0060234759002923965454 0.0061209867708384990692 0.0062217032536864280701 0.0063059502281248569489 0.0063464771956205368042 0.0063130641356110572815 0.0061902948655188083649 0.0060642990283668041229 0.005985413677990436554 0.005865334533154964447 0.005663155578076839447 0.0054047061130404472351 0.0050951712764799594879 0.0034157338086515665054 0.0046285013668239116669 0.0049443515017628669739 0.0049917036667466163635 0.0049931756220757961273 0.0035354713909327983856 0.015562072396278381348 0.0051866658031940460205 0.003730784635990858078 0.0038187103345990180969 0.0052939560264348983765 0.0055865254253149032593 0.0037895161658525466919 0.0052003073506057262421 0.0056025339290499687195 0.0058604031801223754883 0.0060401181690394878387 0.0061039854772388935089 0.0061847073957324028015 0.006351049523800611496 0.0043008713982999324799 0.004484014119952917099 0.009679340757429599762 0.013589561916887760162
0.0056889359839260578156 0.0058236741460859775543 0.0058901072479784488678 0.0059516299515962600708 0.0060434672050178050995 0.0061472840607166290283 0.0062396908178925514221 0.0062672025524079799652 0.0061940662562847137451 0.0061130798421800136566 0.0060881669633090496063 0.0060087563470005989075 0.0058084833435714244843 0.0055802352726459503174 0.0094347530975937843323 0.0078305741772055625916 0.0063113560900092124939 0.0049747047014534473419 0.004976924508810043335 0.0049581159837543964386 0.017129031941294670105 0.0049977377057075500488 0.0036385036073625087738 0.0050306324847042560577 0.0054457769729197025299 0.0055701928213238716125 0.0055734203197062015533 0.0055746245197951793671 0.0056156516075134277344 0.0057323770597577095032 0.005936979781836271286 0.0060921423137187957764 0.0061406418681144714355 0.0061500868760049343109 0.0061575463041663169861 0.0063268528319895267487 0.0067113102413713932037 0.0068703903816640377045 0.013114856556057929993
0.0056360857561230659485 0.0057614231482148170471 0.0057739042676985263824 0.0057878158986568450928 0.0058501944877207279205 0.0059469579719007015228 0.0060648862272500991821 0.0061438172124326229095 0.0061438879929482936859 0.0060628056526184082031 0.0060706948861479759216 0.0060067740269005298615 0.0058353128843009471893 0.011117384769022464752 0.0056077670305967330933 0.0084490124136209487915 0.0085054012015461921692 0.010951399803161621094 0.014901130460202693939 0.01632024720311164856 0.0050098760984838008881 0.0050628767348825931549 0.0052345748990774154663 0.0053877173922955989838 0.0054368125274777412415 0.0054608685895800590515 0.0054821865633130073547 0.0055327662266790866852 0.0056264759041368961334 0.0084989015012979507446 0.0069691864773631095886 0.0063308519311249256134 0.0063588512130081653595 0.0063031762838363647461 0.0060941791161894798279 0.0060499040409922599792 0.0063130273483693599701 0.0065242927521467208862 0.0083290832117199897766
0.0056351264938712120056 0.0057547339238226413727 0.0057440199889242649078 0.005723647773265838623 0.0057340296916663646698 0.0057853395119309425354 0.0058857533149421215057 0.0059886584058403968811 0.0056300391443073749542 0.0056508248671889305115 0.0056366804055869579315 0.0055737267248332500458 0.012848095037043094635 0.0057969372719526290894 0.0057711126282811164856 0.0037758366670459508896 0.0053694383241236209869 0.005862050224095582962 0.0051329229027032852173 0.0051459530368447303772 0.0051178545691072940826 0.0052070133388042449951 0.0054188854992389678955 0.0055515244603157043457 0.0054737860336899757385 0.0053863297216594219208 0.0053757936693727970123 0.0054249921813607215881 0.00552043132483959198 0.0039076562970876693726 0.005657978355884552002 0.0063046305440366268158 0.0065561830997467041016 0.0065009668469429016113 0.0060734353028237819672 0.0058270134031772613525 0.0060120751149952411652 0.004200415685772895813 0.011694279499351978302
0.0056344531476497650146 0.0057591903023421764374 0.0057706432417035102844 0.005736947525292634964 0.0056949825957417488098 0.0056954114697873592377 0.0057697999291121959686 0.0039411094039678573608 0.0039954581297934055328 0.0040036542341113090515 0.0039704893715679645538 0.014657581225037574768 0.0058448915369808673859 0.0058334930799901485443 0.0058919293805956840515 0.0057548820041120052338 0.0073519279249012470245 0.0051775048486888408661 0.0051622111350297927856 0.0052090184763073921204 0.0052285590209066867828 0.0053644347935914993286 0.0082549396902322769165 0.0067098289728164672852 0.0057049151510000228882 0.0054691405966877937317 0.005344521254301071167 0.0053232810460031032562 0.0053948429413139820099 0.0056125060655176639557 0.0059790248051285743713 0.0063336375169456005096 0.0066161500290036201477 0.0065811476670205593109 0.0060622603632509708405 0.009214554913341999054 0.009425316937267780304 0.0078852092847228050232 0.013153824023902416229
