tests/data/reference/gistest_nucice/full/mqsur_m3_s.asc
ncols        123
nrows        77
xllcorner    -713746.799299980048
yllcorner    -1061022.369616159936
cellsize     10.000000000000
NODATA_value -9999
[rows 54 to 71 of 77, columns 80 to 119 of 123]
0.023039376363158226013 0.026763074100017547607 0.030474318191409111023 0.034164212644100189209 0.037884157150983810425 0.041550345718860626221 0.11769703030586242676 0.14522652328014373779 0.0038145533762872219086 0 0.031699385493993759155 0.018625522032380104065 0.0074850316159427165985 0.0037499435711652040482 0.011227689683437347412 0.014955111779272556305 0.029230035841464996338 0.03338578343391418457 0.014977652579545974731 0.041542004793882369995 0.043396063148975372314 0.045513391494750976562 0.046907547861337661743 0.0480634346604347229 0.049399524927139282227 0.049680352210998535156 0.046812869608402252197 0.28733623027801513672 0.02901433408260345459 0.076703272759914398193 0.0037485980428755283356 0.0037419467698782682419 0.018133865669369697571 0.014695910736918449402 0.047575980424880981445 0.033170074224472045898 0.011154983192682266235 0.0074552483856678009033 0.0037314407527446746826 0.0037329180631786584854
0.15262049436569213867 0.1520643383264541626 0.15151736140251159668 0.15097491443157196045 0.15043425559997558594 0.14998300373554229736 0.14952909946441650391 0.11677165329456329346 0.15113560855388641357 0 0.022249603644013404846 0.011266794055700302124 0.0037512229755520820618 0.0074946540407836437225 0.014949957840144634247 0.018661959096789360046 0.032594002783298492432 0.036924585700035095215 0.018697589635848999023 0.043144460767507553101 0.0446759052574634552 0.046829733997583389282 0.048332221806049346924 0.049313366413116455078 0.050093162804841995239 0.049892086535692214966 0.3322385251522064209 0.030989361926913261414 0.077216863632202148438 0.014937496744096279144 0.0074759679846465587616 0.021451914682984352112 0.018146531656384468079 0.072051428258419036865 0.021687621250748634338 0.018305709585547447205 0.014752287417650222778 0.011117289774119853973 0.0074379257857799530029 0.0037434506230056285858
0.052947156131267547607 0.05238990485668182373 0.051840316504240036011 0.051295928657054901123 0.050754908472299575806 0.050216626375913619995 0.049768872559070587158 0.19884213805198669434 0.26506367325782775879 0 0 0.0038144662976264953613 0.0075599234551191329956 0.011233353056013584137 0.018658174201846122742 0.0223473329097032547 0.035826303064823150635 0.040360487997531890869 0.022395389154553413391 0.044621802866458892822 0.045937027782201766968 0.048124253749847412109 0.049677744507789611816 0.050470113754272460938 0.050665996968746185303 0.049868360161781311035 0.36055859923362731934 0.076824150979518890381 0.018622525036334991455 0.02764779701828956604 0.024647772312164306641 0.021465240046381950378 0.074484527111053466797 0.025138629600405693054 0.021879024803638458252 0.018405923619866371155 0.014807159081101417542 0.011149900034070014954 0.0074593257158994674683 0.0036807726137340068817
0.11241249740123748779 0.11185793578624725342 0.11130794137716293335 0.11076294630765914917 0.11022165417671203613 0.10968309640884399414 0.1092341691255569458 0.10878794640302658081 0.30715525150299072266 0.26436710357666015625 0 0.0076249074190855026245 0.011362219229340553284 0.014964411966502666473 0.022346375510096549988 0.025999991223216056824 0.038878332823514938354 0.043644480407238006592 0.026058482006192207336 0.04597177356481552124 0.047109883278608322144 0.049298159778118133545 0.050823520869016647339 0.051353055983781814575 0.05095880851149559021 0.40892466902732849121 0.076004140079021453857 0.022259470075368881226 0.030397022143006324768 0.0037523508071899414062 0.024645132943987846375 0.076536208391189575195 0.028182871639728546143 0.03134207800030708313 0.028354201465845108032 0.025093741714954376221 0.021672172471880912781 0.018177175894379615784 0.014642429538071155548 0.0073799155652523040771
0.057677973061800003052 0.057084966450929641724 0.20317894220352172852 0.20218665897846221924 0.20144538581371307373 0.22441510856151580811 0.23055355250835418701 0.2298094332218170166 0.22923672199249267578 0.60709071159362792969 0 0 0.015154401771724224091 0.018745834007859230042 0.026001824066042900085 0.029599376022815704346 0.041688561439514160156 0.046704646199941635132 0.029664441943168640137 0.047151733189821243286 0.048144996166229248047 0.050333544611930847168 0.05177186429500579834 0.051942612975835800171 0.45791235566139221191 0.075331002473831176758 0.025806358084082603455 0.066222056746482849121 0.034168325364589691162 0.027625225484371185303 0.078084766864776611328 0.031002275645732879639 0.065683960914611816406 0.032630670815706253052 0.030036164447665214539 0.027137314900755882263 0.024027679115533828735 0.020814482122659683228 0.017568379640579223633 0.01427401416003704071
0.11553131788969039917 0.15493929386138916016 0.014977683313190937042 0.026196366176009178162 0.037395820021629333496 0.011251208372414112091 0.011252697557210922241 0.02249783836305141449 0.033796858042478561401 0.037577562034130096436 0.62600564956665039062 0 0 0.022505715489387512207 0.029665481299161911011 0.033112794160842895508 0.044191420078277587891 0.049427919089794158936 0.033172421157360076904 0.048130318522453308105 0.049037571996450424194 0.051263321191072463989 0.05256633460521697998 0.50749915838241577148 0.074712269008159637451 0.029220864176750183105 0.14233706891536712646 0.077871941030025482178 0.078686945140361785889 0.078877501189708709717 0.033542931079864501953 0.098442889750003814697 0.032152865082025527954 0.029531007632613182068 0.02669521234929561615 0.023675210773944854736 0.020503873005509376526 0.017230205237865447998 0.013943473808467388153 0.010602472350001335144
0.040565013885498046875 0.011245053261518478394 0.007502521853893995285 0.0075037926435470581055 0.0075047602877020835876 0.0075053791515529155731 0.0075061637908220291138 0.0075071658939123153687 0.0075075980275869369507 0.011318732984364032745 0.015124052762985229492 0.63062876462936401367 0 0 0.033222794532775878906 0.036485023796558380127 0.046326316893100738525 0.051672708243131637573 0.036525875329971313477 0.048956509679555892944 0.049819044768810272217 0.052049100399017333984 0.053053993731737136841 0.58159279823303222656 0.032408215105533599854 0.1808137744665145874 0.040296405553817749023 0.039004702121019363403 0.037517387419939041138 0.035731609910726547241 0.098515942692756652832 0.0037520795594900846481 0.022142453119158744812 0.018529487773776054382 0.014865190722048282623 0.011170166544616222382 0.0074554341845214366913 0.0037283699493855237961 0.0074212122708559036255 0.0037415225524455308914
0.0075028566643595695496 0.0037535007577389478683 0.0037537938915193080902 0.0037541224155575037003 0.0037543699145317077637 0.003754597855731844902 0.0037549061235040426254 0.0037552160210907459259 0.033349689096212387085 0.040623914450407028198 0.044065847992897033691 0.047227568924427032471 0.66418397426605224609 0 0.036557614803314208984 0.039701741188764572144 0.048072986304759979248 0.053309775888919830322 0.039656460285186767578 0.049684468656778335571 0.050507456064224243164 0.052569728344678878784 0.6321468353271484375 0.035239554941654205322 0.18897792696952819824 0.011239279061555862427 0.0074993227608501911163 0.0037518648896366357803 0.0037508837413042783737 0.10549413412809371948 0.0074976640753448009491 0.025672478601336479187 0.0037523431237787008286 0.0075000845827162265778 0.0037527706008404493332 0.0037519214674830436707 0.0037480932660400867462 -9999 0.0036776228807866573334 0.010398032143712043762
0.0037537619937211275101 0.0075036133639514446259 0.011248430237174034119 0.01498583424836397171 0.018711958080530166626 0.022421222180128097534 0.02610564790666103363 0.029754145070910453796 0.0037552285939455032349 0.0037552600260823965073 0.0075073479674756526947 0.011316627264022827148 0.015114882960915565491 0 0 0.042741212993860244751 0.049548242241144180298 0.054244369268417358398 0.042454484850168228149 0.050207871943712234497 0.050920072942972183228 0.68216937780380249023 0.03756591305136680603 0.20373594760894775391 0.018651001155376434326 0.014951011165976524353 0.011228666640818119049 0.0074942172504961490631 0.10469302535057067871 0.0037512413691729307175 0.029066564515233039856 0.0074981483630836009979 0.011238093487918376923 0.0037529652472585439682 -9999 -9999 -9999 -9999 -9999 0.0036826890427619218826
0.04393194243311882019 0.046970061957836151123 0.049799602478742599487 0.052366457879543304443 0.054636038839817047119 0.056603420525789260864 0.058310318738222122192 0.0598603859543800354 0.061340130865573883057 0.062824167311191558838 0.12686161696910858154 0.13034459948539733887 0.12996695935726165771 0.12938302755355834961 0 0 0.05102895200252532959 0.096386931836605072021 0.0037513091228902339935 0.05034195631742477417 0.73053163290023803711 0.039261709898710250854 0.21374271810054779053 0.014970129355788230896 0.011240612715482711792 0.0074989493004977703094 0.0037518134340643882751 0.10399235039949417114 0.0074934973381459712982 0.032227493822574615479 0.011231979355216026306 0.014959972351789474487 -9999 -9999 -9999 -9999 -9999 -9999 -9999 -9999
0.046946756541728973389 0.04983409494161605835 0.052522446960210800171 0.054961625486612319946 0.05712411925196647644 0.058953195810317993164 0.060469504445791244507 0.061800181865692138672 0.063039109110832214355 0.064277932047843933105 0.0037550071720033884048 0.0037549471016973257065 0.0075065209530293941498 0.011316039599478244781 0.13916188478469848633 0 0.05164926871657371521 0.099206455051898956299 0.050142992287874221802 0.7298730015754699707 0.04028911888599395752 0.21253401041030883789 0.014973901212215423584 0.011244786903262138367 0.0075015556067228317261 0.0037525179795920848846 0.10335481911897659302 0.011219304986298084259 0.035041853785514831543 0.014940452761948108673 -9999 -9999 -9999 -9999 -9999 -9999 -9999 -9999 -9999 -9999
0.086955294013023376465 0.087625458836555480957 0.088043592870235443115 0.088095150887966156006 0.087596833705902099609 0.086972653865814208984 0.08638296276330947876 0.08580624312162399292 0.085237726569175720215 0.084675066173076629639 0.084117338061332702637 0.083563700318336486816 0.083013452589511871338 0.082546144723892211914 0.082082428038120269775 0 0 0.14831708371639251709 0.72924643754959106445 0.04081031307578086853 0.21165229380130767822 0.10509925335645675659 0.10103838890790939331 0.10160491615533828735 0.10217447578907012939 0.10275294631719589233 0.014914929866790771484 0.037384036928415298462 0.018597941845655441284 -9999 -9999 -9999 -9999 -9999 -9999 -9999 -9999 -9999 -9999 -9999
0.023059207946062088013 0.026789290830492973328 0.030510477721691131592 0.034219954162836074829 0.037907887250185012817 0.041568577289581298828 0.045202292501926422119 0.048790670931339263916 0.05231544002890586853 0.055774394422769546509 0.059151113033294677734 0.062404878437519073486 0.065446086227893829346 0.068134866654872894287 0.070357158780097961426 0.071753874421119689941 0 0 0.75918728113174438477 0.21092638373374938965 0.10433805733919143677 0.0037525563966482877731 0.0037536311428993940353 0.0075027011334896087646 0.0037534055300056934357 0.018567407503724098206 0.039223439991474151611 -9999 -9999 -9999 -9999 -9999 -9999 -9999 -9999 -9999 -9999 -9999 -9999 -9999
0.044242370873689651489 0.044436566531658172607 0.0445174388587474823 0.044596731662750244141 0.044474069029092788696 0.044450215995311737061 0.044906504452228546143 0.045997161418199539185 0.047535013407468795776 0.049542848020792007446 0.051845178008079528809 0.054250977933406829834 0.05658151581883430481 0.05869987979531288147 0.060455776751041412354 0.061811845749616622925 0.062209788709878921509 0 0 0.1037327200174331665 0.0074986722320318222046 0.0075021819211542606354 0.011245362460613250732 0.0037538048345595598221 0.022165440022945404053 -9999 -9999 -9999 -9999 -9999 -9999 -9999 -9999 -9999 -9999 -9999 -9999 -9999 -9999 -9999
0.044451136142015457153 0.045072212815284729004 0.045431453734636306763 0.045600917190313339233 0.045686315745115280151 0.045611880719661712646 0.045768052339553833008 0.046463135629892349243 0.047868415713310241699 0.049909256398677825928 0.05220759660005569458 0.054658323526382446289 0.057102248072624206543 0.059389553964138031006 0.061367843300104141235 0.062933452427387237549 0.064142599701881408691 0.063279196619987487793 0 0 0.011242721229791641235 0.014977556653320789337 -9999 -9999 -9999 -9999 -9999 -9999 -9999 -9999 -9999 -9999 -9999 -9999 -9999 -9999 -9999 -9999 -9999 -9999
0.041752807796001434326 0.042856089770793914795 0.043650824576616287231 0.044226385653018951416 0.044811893254518508911 0.045627363026142120361 0.046536769717931747437 0.047789815813302993774 0.0037530146073549985886 0.0037532562855631113052 0.0075032920576632022858 0.011251064948737621307 -9999 -9999 -9999 -9999 -9999 -9999 0.062516614794731140137 0 0.018751351162791252136 -9999 -9999 -9999 -9999 -9999 -9999 -9999 -9999 -9999 -9999 -9999 -9999 -9999 -9999 -9999 -9999 -9999 -9999 -9999
-9999 -9999 -9999 -9999 -9999 -9999 -9999 -9999 -9999 -9999 -9999 -9999 -9999 -9999 -9999 -9999 -9999 -9999 -9999 0 -9999 -9999 -9999 -9999 -9999 -9999 -9999 -9999 -9999 -9999 -9999 -9999 -9999 -9999 -9999 -9999 -9999 -9999 -9999 -9999
-9999 -9999 -9999 -9999 -9999 -9999 -9999 -9999 -9999 -9999 -9999 -9999 -9999 -9999 -9999 -9999 -9999 -9999 -9999 -9999 -9999 -9999 -9999 -9999 -9999 -9999 -9999 -9999 -9999 -9999 -9999 -9999 -9999 -9999 -9999 -9999 -9999 -9999 -9999 -9999
