tests/data/reference/gistest_nucice/full/mqsur_m3_s.asc
ncols        123
nrows        77
xllcorner    -713746.799299980048
yllcorner    -1061022.369616159936
cellsize     10.000000000000
NODATA_value  -9999
[rows 36 to 53 of 77, columns 0 to 38 of 123]
-9999 -9999 -9999 -9999 -9999 -9999 -9999 -9999 -9999 -9999 -9999 -9999 0.016175176948308944702 0.0037692955229431390762 0.0039289495907723903656 0.0040699490346014499664 0.0041536022908985614777 0.0042853127233684062958 0.0043749534524977207184 0.0044199307449162006378 0.0044100014492869377136 0.0043479218147695064545 0.0043198051862418651581 0.0043471218086779117584 0.004437359049916267395 0.0045715793967247009277 0.0047598341479897499084 0.0050105284899473190308 0.0051639904268085956573 0.0052186283282935619354 0.005274438764899969101 0.0088896937668323516846 0.0038286985363811254501 0.0051715373992919921875 0.0053998637013137340546 0.0053864875808358192444 0.0053802919574081897736 0.0054393983446061611176 0.0056009641848504543304
-9999 -9999 -9999 -9999 -9999 -9999 -9999 -9999 -9999 -9999 -9999 0.008189203217625617981 0.0052982219494879245758 0.0035010501742362976074 0.0044980319216847419739 0.0038850072305649518967 0.0041188159957528114319 0.0042722080834209918976 0.0043903193436563014984 0.0044533377513289451599 0.0044552790932357311249 0.0044003450311720371246 0.0043758908286690711975 0.0043881395831704139709 0.0044430214911699295044 0.0045446422882378101349 0.0046686287969350814819 0.004795106593519449234 0.0048734215088188648224 0.0048487661406397819519 0.0048826690763235092163 0.0067217727191746234894 0.0036411529872566461563 0.0051058609969913959503 0.0051293135620653629303 0.0048566483892500400543 0.0048152385279536247253 0.0050709019415080547333 0.0048762909136712551117
-9999 -9999 -9999 -9999 -9999 -9999 -9999 -9999 -9999 -9999 0.00814830046147108078 0.015710392966866493225 0.0031309812329709529877 0.005697359330952167511 0.0028085832018405199051 0.0036572306416928768158 0.0039421096444129943848 0.0041610710322856903076 0.0043246974237263202667 0.0043992106802761554718 0.0044153314083814620972 0.004377084784209728241 0.0043600494973361492157 0.0043698153458535671234 0.0044165723957121372223 0.0045208255760371685028 0.0043960218317806720734 0.0046424726024270057678 0.0046008098870515823364 0.0044965748675167560577 0.0044861859641969203949 0.0045007336884737014771 0.0045562651939690113068 0.0046124155633151531219 0.003569651162251830101 0.0034492835402488708496 0.0047163376584649085999 0.0033799272496253252029 0.0033947676420211791992
-9999 -9999 -9999 -9999 -9999 -9999 -9999 -9999 -9999 -9999 0.0080619454383850097656 0.0032931887544691562653 0.0065782754682004451752 0.003107088850811123848 0.0025593673344701528549 0.0033826301805675029755 0.0036780387163162231445 0.0039710127748548984528 0.004165919031947851181 0.0042745857499539852142 0.0043214606121182441711 0.0043105087243020534515 0.0043017589487135410309 0.0043267188593745231628 0.0043654642067849636078 0.0032838985789567232132 0.0044904388487339019775 0.0044747712090611457825 0.0043479050509631633759 0.0041681276634335517883 0.0040784105658531188965 0.0040480368770658969879 0.0031820223666727542877 0.003445841372013092041 0.0046687028370797634125 0.0047109229490160942078 0.003241619328036904335 0.0041622743010520935059 0.0043556462042033672333
-9999 -9999 -9999 -9999 -9999 -9999 -9999 -9999 -9999 0.0080728270113468170166 0.005117178894579410553 0.0071815922856330871582 0.002950309310108423233 0.0024765238631516695023 0.0029803107026964426041 0.0032178580295294523239 0.0034835701808333396912 0.0036608974914997816086 0.0039806556887924671173 0.0041071497835218906403 0.0042047873139381408691 0.0042406697757542133331 0.0042725889943540096283 0.0041694096289575099945 0.0032291715033352375031 0.0042186700738966464996 0.0043749515898525714874 0.0041170385666191577911 0.0039824792183935642242 0.003735928097739815712 0.003627728903666138649 0.0030033909715712070465 0.0040731672197580337524 0.0046324608847498893738 0.0048880288377404212952 0.0048298365436494350433 0.0046935891732573509216 0.0045780884101986885071 0.0033779542427510023117
-9999 -9999 -9999 -9999 -9999 -9999 -9999 -9999 -9999 0.0081780664622783660889 0.0074256649240851402283 0.0029794003348797559738 0.0028639037627726793289 0.0024171124678105115891 0.0030890023335814476013 0.0032086165156215429306 0.002657772507518529892 0.003638787195086479187 0.0037430927623063325882 0.0039445664733648300171 0.0040994090959429740906 0.0041865091770887374878 0.0031760393176227807999 0.0032485052943229675293 0.0042414166964590549469 0.0043229144066572189331 0.0031353156082332134247 0.0031022676266729831696 0.0029905526898801326752 0.0027776076458394527435 0.0027907444164156913757 0.0038483415264636278152 0.0043802740983664989471 0.0047770785167813301086 0.0050001130439341068268 0.0050348630174994468689 0.0049834316596388816833 0.0034525843802839517593 0.0048802415840327739716
-9999 -9999 -9999 -9999 -9999 -9999 -9999 -9999 0.016004314646124839783 0.0051916162483394145966 0.0049730250611901283264 0.0031735070515424013138 0.0023670895025134086609 0.0029485311824828386307 0.0031798849813640117645 0.0032495055347681045532 0.0043119355104863643646 0.0033530236687511205673 0.0035488388966768980026 0.0038302347529679536819 0.0040512094274163246155 0.0040276912041008472443 0.0042911223135888576508 0.0044602905400097370148 0.0044920579530298709869 0.010502823628485202789 0.011179460212588310242 0.0095575219020247459412 0.0079797720536589622498 0.0064340666867792606354 0.0049824719317257404327 0.0041761798784136772156 0.0045925546437501907349 0.0049269353039562702179 0.0051242588087916374207 0.0051792142912745475769 0.0051410249434411525726 0.0073965201154351234436 0.0076559549197554588318
-9999 -9999 -9999 -9999 -9999 -9999 -9999 0.0081391967833042144775 0.015728846192359924316 0.0044551654718816280365 0.0032945109996944665909 0.0032750079408288002014 0.0024249833077192306519 0.0031224340200424194336 0.0032450656872242689133 0.0032841779757291078568 0.0032943324185907840729 0.003284550737589597702 0.0034579767379909753799 0.0037984421942383050919 0.0030736569315195083618 0.0031304771546274423599 0.0041305418126285076141 0.0085582984611392021179 0.0095913754776120185852 0.0044333892874419689178 0.0043595638126134872437 0.0043233321048319339752 0.0042159771546721458435 0.0039895675145089626312 0.0040267501026391983032 0.0043941750191152095795 0.0047539817169308662415 0.0050160456448793411255 0.0051557519473135471344 0.0051751742139458656311 0.005121716763824224472 0.0050161797553300857544 0.0050560003146529197693
-9999 -9999 -9999 -9999 -9999 -9999 -9999 0.008029289543628692627 0.0024674648884683847427 0.0048841065727174282074 0.0026239454746246337891 0.0031938939355313777924 0.0032150465995073318481 0.0032504361588507890701 0.0032943508122116327286 0.0033100093714892864227 0.0033425635192543268204 0.0033701865468174219131 0.0035452793817967176437 0.0039005395956337451935 0.005570031236857175827 0.0070719602517783641815 0.0083843627944588661194 0.0043797497637569904327 0.0044318935833871364594 0.0042924992740154266357 0.0032845002133399248123 0.0042837793007493019104 0.0043868855573236942291 0.0042328936979174613953 0.0042620091699063777924 0.0045530204661190509796 0.0048180948942899703979 0.0049763256683945655823 0.0050431285053491592407 0.0050360001623630523682 0.016347348690032958984 0.016494661569595336914 0.01678355783224105835
-9999 -9999 -9999 -9999 -9999 -9999 -9999 0.00038636656245216727257 0.0042927986942231655121 0.0030333707109093666077 0.0024618024472147226334 0.0031494307331740856171 0.0033487393520772457123 0.0033781952224671840668 0.0033784490078687667847 0.0033867266029119491577 0.003461350221186876297 0.0035423347726464271545 0.0037042552139610052109 0.0040210643783211708069 0.0042755347676575183868 0.0043964884243905544281 0.0044056340120732784271 0.0043469034135341644287 0.0032161590643227100372 0.0033159011509269475937 0.0043916529975831508636 0.004547572694718837738 0.0045069367624819278717 0.0044272681698203086853 0.0044465702958405017853 0.0046062525361776351929 0.0047468752600252628326 0.016138160601258277893 0.016310270875692367554 0.016427177935838699341 0.0052070352248847484589 0.0054001267999410629272 0.0055801579728722572327
-9999 -9999 -9999 -9999 -9999 -9999 0.0081022484228014945984 0.0039577558636665344238 0.0030325639527291059494 0.0031447468791157007217 0.0024882520083338022232 0.0032600050326436758041 0.0035025936085730791092 0.0035417282488197088242 0.0035439860075712203979 0.0035184738226234912872 0.0035260668955743312836 0.0035461853258311748505 0.0036635338328778743744 0.0039583286270499229431 0.0042298650369048118591 0.0042289439588785171509 0.0042698536999523639679 0.0042181652970612049103 0.0044169956818222999573 0.0046084695495665073395 0.0046937931329011917114 0.0046005644835531711578 0.004537798464298248291 0.0045635313726961612701 0.004585048183798789978 0.015788121148943901062 0.016165262088179588318 0.0047837882302701473236 0.0049644540995359420776 0.0051683224737644195557 0.0053905542008578777313 0.0056091817095875740051 0.0057937083765864372253
-9999 -9999 -9999 -9999 -9999 -9999 0.0027024671435356140137 0.0029496385250240564346 0.0031420222949236631393 0.0032835726160556077957 0.0026805116795003414154 0.0035056951455771923065 0.0036455213557928800583 0.003725259099155664444 0.0037542136851698160172 0.0036767688579857349396 0.0035396311432123184204 0.003440928412601351738 0.003523540915921330452 0.0038210968486964702606 0.0031210316810756921768 0.0032163560390472412109 0.0032639952842146158218 0.0032600094564259052277 0.0043140193447470664978 0.0046472796238958835602 0.0047323005273938179016 0.013273697346448898315 0.014150091446936130524 0.014899931848049163818 0.015534931793808937073 0.0047369045205414295197 0.0047942302189767360687 0.0049327425658702850342 0.0050965291447937488556 0.0052524614147841930389 0.0054189092479646205902 0.0056050764396786689758 0.0057776086032390594482
-9999 -9999 -9999 -9999 -9999 0.007942026481032371521 0.0028074462898075580597 0.0040222667157649993896 0.0025794508401304483414 0.0026214355602860450745 0.0032309561502188444138 0.0034093686845153570175 0.0035729983355849981308 0.0037132566794753074646 0.00376595277339220047 0.003736501326784491539 0.0036187309306114912033 0.0034885841887444257736 0.0035445557441562414169 0.0038199734408408403397 0.0054331826977431774139 0.0069441716186702251434 0.0083363568410277366638 0.0098186330869793891907 0.010782526805996894836 0.01186530478298664093 0.012927707284688949585 0.0047543910332024097443 0.0047505153343081474304 0.0048274714499711990356 0.0048570181243121623993 0.0048399372026324272156 0.0048941769637167453766 0.0049952352419495582581 0.0051007978618144989014 0.0052034514956176280975 0.0053351689130067825317 0.0055237859487533569336 0.0057095992378890514374
-9999 -9999 -9999 -9999 0.015635015442967414856 0.00075759418541565537453 0.0031819101423025131226 0.0039094085805118083954 0.0024495355319231748581 0.0023580095730721950531 0.0029260928276926279068 0.0031171122100204229355 0.0034155652392655611038 0.0034650480374693870544 0.0036487118341028690338 0.0037180774379521608353 0.0036927869077771902084 0.0035757555160671472549 0.0036274350713938474655 0.0038869946729391813278 0.0041474043391644954681 0.004367169458419084549 0.0045943306758999824524 0.004806223791092634201 0.0049283825792372226715 0.0049577928148210048676 0.0049671963788568973541 0.004963819403201341629 0.0049555040895938873291 0.0049682119861245155334 0.004969143308699131012 0.0049422732554376125336 0.0049413680098950862885 0.0049707312136888504028 0.0050207911990582942963 0.0050871083512902259827 0.0052031367085874080658 0.0054027321748435497284 0.0056057502515614032745
-9999 -9999 -9999 -9999 0.0082251019775867462158 0.0029956270009279251099 0.0030832376796752214432 0.0030190548859536647797 0.0026673763059079647064 0.0021908504422754049301 0.0027385109569877386093 0.0037633946631103754044 0.0025597105268388986588 0.0033237312454730272293 0.0035713438410311937332 0.0037123288493603467941 0.0037231594324111938477 0.003602097509428858757 0.0036534103564918041229 0.0039149289950728416443 0.0042123128660023212433 0.0045124371536076068878 0.0047611054033041000366 0.0050333570688962936401 0.0051735616289079189301 0.0051990286447107791901 0.0052278186194598674774 0.0052678585052490234375 0.0052608116529881954193 0.0052255257032811641693 0.0052108499221503734589 0.0051917005330324172974 0.0051632407121360301971 0.0051372852176427841187 0.0051264152862131595612 0.0051367511041462421417 0.0051938025280833244324 0.005332112777978181839 0.0055080703459680080414
-9999 -9999 -9999 0.0079884678125381469727 0.00066563853761181235313 0.0031039675232023000717 0.0022939611226320266724 0.0024985377676784992218 0.0020770039409399032593 0.0024643389042466878891 0.0030529019422829151154 0.0027177173178642988205 0.0024193332064896821976 0.0031651013996452093124 0.0034885110799223184586 0.0036701282951980829239 0.003702946007251739502 0.0036067885812371969223 0.003647863166406750679 0.0038919758517295122147 0.004393490031361579895 0.004452630411833524704 0.0048837796784937381744 0.0051580914296209812164 0.0053336722776293754578 0.0054078847169876098633 0.0054740197956562042236 0.0055453046225011348724 0.0055541377514600753784 0.0055023781023919582367 0.0054641976021230220795 0.0054411087185144424438 0.0054141157306730747223 0.0053741033188998699188 0.0053264917805790901184 0.0052922130562365055084 0.0052829133346676826477 0.0053241890855133533478 0.0054474170319736003876
-9999 -9999 -9999 0.0078247627243399620056 0.0026985986623913049698 0.0023791040293872356415 0.0019814122933894395828 0.0017691446701064705849 0.0020284557249397039413 0.0021118682343512773514 0.002507502678781747818 0.0024337549693882465363 0.0022194904740899801254 0.0029444219544529914856 0.0033407909795641899109 0.0035394409205764532089 0.0036067778710275888443 0.0035659694112837314606 0.0035552594345062971115 0.005192876327782869339 0.0031447757501155138016 0.0042373915202915668488 0.0046569695696234703064 0.0049646040424704551697 0.0052083875052630901337 0.0053651514463126659393 0.0054800035431981086731 0.0055712698958814144135 0.0055912374518811702728 0.0055323340930044651031 0.0054685669019818305969 0.0054298401810228824615 0.0054190387018024921417 0.0054248580709099769592 0.005426342599093914032 0.0054286033846437931061 0.0054142079316079616547 0.0053869318217039108276 0.0054537602700293064117
-9999 -9999 0.0073849721811711788177 0.00027352262986823916435 0.0022126846015453338623 0.0021448282059282064438 0.0015465879114344716072 0.0013958016643300652504 0.0015168740646913647652 0.00132487504743039608 0.0018502172315493226051 0.002008954295888543129 0.0019092187285423278809 0.002673308132216334343 0.0031174968462437391281 0.0033171190880239009857 0.003437343984842300415 0.0034637381322681903839 0.0041673262603580951691 0.0032339030876755714417 0.002788365120068192482 0.003689453471451997757 0.0041234861128032207489 0.0044943448156118392944 0.0048290085978806018829 0.0050817993469536304474 0.0052526672370731830597 0.0053730914369225502014 0.0054159802384674549103 0.0053636021912097930908 0.0052840472199022769928 0.0052330079488456249237 0.0052520609460771083832 0.005333446897566318512 0.0054203867912292480469 0.0054941163398325443268 0.005517223849892616272 0.0054702218621969223022 0.005483614746481180191
