tests/data/reference/gistest_nucice/full/mqsur_m3_s.asc
ncols        123
nrows        77
xllcorner    -713746.799299980048
yllcorner    -1061022.369616159936
cellsize     10.000000000000
NODATA_value -9999
[rows 51 to 67 of 77, columns 80 to 119 of 123]
0.007520545274019241333 0.0078956801444292068481 0.0081215454265475273132 0.0080755986273288726807 0.0076548010110855102539 0.0067874593660235404968 0.0093297250568866729736 0 0 0.0057870531454682350159 0.0063700005412101745605 0.006649915594607591629 0.0067521603778004646301 0.0067641846835613250732 0.006251140497624874115 0.0043638590723276138306 0.0068317838013172149658 0.010361268185079097748 0.0044587906450033187866 0.0069375555031001567841 0.0068593164905905723572 0.0067581934854388237 0.0066396566107869148254 0.0064702262170612812042 0.006276934407651424408 0.0061691133305430412292 0.006130368448793888092 0.0060400576330721378326 0.0058905808255076408386 0.020462391898036003113 0.0057999556884169578552 0.0058294106274843215942 0.0058453958481550216675 0.0058011477813124656677 0.0057872151955962181091 0.005452179349958896637 0.0039219656027853488922 0.0035468703135848045349 -9999 -9999
0.0076222219504415988922 0.007962225005030632019 0.0082181859761476516724 0.0082317069172859191895 0.0078766448423266410828 0.0072259330190718173981 0.0060710292309522628784 0.0077775442041456699371 0 0.0094546927139163017273 0.0063292090781033039093 0.0065505225211381912231 0.006643250584602355957 0.0066090519540011882782 0.0043263030238449573517 0.0062426440417766571045 0.0068313945084810256958 0.0084311664104461669922 0.0064853462390601634979 0.0070871715433895587921 0.0070073548704385757446 0.0069011962041258811951 0.006808822043240070343 0.0066859917715191841125 0.0065267770551145076752 0.0064087430946528911591 0.0063142096623778343201 0.0061621563509106636047 0.021794170141220092773 0.0058462605811655521393 0.005803574342280626297 0.0057869125157594680786 0.0057442463003098964691 0.0056648799218237400055 0.0056832456029951572418 0.0054649817757308483124 0.0052536637522280216217 0.0037620139773935079575 0.003277299925684928894 -9999
0.0077216196805238723755 0.0081221889704465866089 0.0082586156204342842102 0.0081941038370132446289 0.007982209324836730957 0.0076462631113827228546 0.0067603136412799358368 0.011202752590179443359 0 0 0.0063341730274260044098 0.0064659640192985534668 0.0064691868610680103302 0.0041842530481517314911 0.0060559576377272605896 0.006657136138528585434 0.0068515567108988761902 0.0070749456062912940979 0.0070429896004498004913 0.0071861492469906806946 0.0071581667289137840271 0.0070543331094086170197 0.0069419248029589653015 0.0068841469474136829376 0.006855248473584651947 0.0067765587009489536285 0.0065960963256657123566 0.0063237282447516918182 0.022756366059184074402 0.0059412666596472263336 0.011362683027982711792 0.0085459621623158454895 0.005592023022472858429 0.0055237803608179092407 0.0055786031298339366913 0.0056698988191783428192 0.0077184652909636497498 0.0064182165078818798065 0.0035098823718726634979 -9999
0.0078483894467353820801 0.0082435477524995803833 0.0083614978939294815063 0.0081535959616303443909 0.0079669477418065071106 0.0079450290650129318237 0.01266748085618019104 0.014777684584259986877 0.0041130781173706054688 0 0.0065063717775046825409 0.006441366393119096756 0.0059464797377586364746 0.004203589167445898056 0.006473919842392206192 0.0067402678541839122772 0.0069243260659277439117 0.0070668556727468967438 0.0071491757407784461975 0.007227354682981967926 0.0072526242583990097046 0.0071846335195004940033 0.0070702871307730674744 0.007038591429591178894 0.0070720678195357322693 0.0069928923621773719788 0.0067423270083963871002 0.024126436561346054077 0.0061728423461318016052 0.0095778182148933410645 0.0041445726528763771057 0.0039138654246926307678 0.0054269484244287014008 0.005371517036110162735 0.011792113073170185089 0.01007509324699640274 0.0057558496482670307159 0.0052988440729677677155 0.0036407627630978822708 0.0026195233222097158432
0.0079828444868326187134 0.0082714306190609931946 0.0083177927881479263306 0.008157449774444103241 0.007989167235791683197 0.0080673350021243095398 0.0078774886205792427063 0.010889075696468353271 0.013942966237664222717 0 0.0067875040695071220398 0.0065622148104012012482 0.0043391506187617778778 0.0061429007910192012787 0.0067460602149367332458 0.0069262124598026275635 0.0070751123130321502686 0.0071629658341407775879 0.0071877553127706050873 0.0072165271267294883728 0.0072615048848092556 0.0072642243467271327972 0.0072064222767949104309 0.0071514938026666641235 0.0070976340211927890778 0.0069328146055340766907 0.025576865300536155701 0.006401331629604101181 0.0080311596393585205078 0.008540848270058631897 0.0058485986664891242981 0.0056905560195446014404 0.0053631868213415145874 0.013702843338251113892 0.0054649454541504383087 0.005768061615526676178 0.005797818303108215332 0.0054817670024931430817 0.0045319981873035430908 0.0030036845710128545761
0.0079474691301584243774 0.0080753788352012634277 0.0080675370991230010986 0.0080510834231972694397 0.008046194911003112793 0.0080539034679532051086 0.0078984024003148078918 0.01261480432003736496 0.022580377757549285889 0 0 0.0046612876467406749725 0.0065398793667554855347 0.0069213774986565113068 0.0070524336770176887512 0.0071456721052527427673 0.0072195460088551044464 0.0072559979744255542755 0.0072352285496890544891 0.0072048953734338283539 0.0072129466570913791656 0.0072395992465317249298 0.007228776346892118454 0.0071424702182412147522 0.0069811530411243438721 0.0067436159588396549225 0.026903627440333366394 0.0066413106396794319153 0.0072618466801941394806 0.0067517827264964580536 0.0063391332514584064484 0.005821706727147102356 0.011622444726526737213 0.0054037407971918582916 0.0055276709608733654022 0.0057471133768558502197 0.005693014245480298996 0.0053684501908719539642 0.0046412688679993152618 0.0032685440964996814728
0.0077315652742981910706 0.0077496231533586978912 0.0077711301855742931366 0.0079459557309746742249 0.0081072906032204627991 0.0081624640151858329773 0.008136143907904624939 0.0078080892562866210938 0.017158767208456993103 0.021236533299088478088 0 0.0072581013664603233337 0.0077281380072236061096 0.0073980079032480716705 0.0073541305027902126312 0.00733358040452003479 0.0073110815137624740601 0.0073130615055561065674 0.0072957831434905529022 0.0072223618626594543457 0.0071338922716677188873 0.0070908390916883945465 0.0070690303109586238861 0.0069627938792109489441 0.0067644766531884670258 0.02854432910680770874 0.006519944407045841217 0.0068732653744518756866 0.0069554909132421016693 0.0044424808584153652191 0.0064798090606927871704 0.0098380232229828834534 0.0057743382640182971954 0.0057030022144317626953 0.0056818206794559955597 0.0057069151662290096283 0.005529750138521194458 0.0053678993135690689087 0.0059398808516561985016 0.0040891403332352638245
0.0075405435636639595032 0.0075369682163000106812 0.025815531611442565918 0.024581432342529296875 0.023370271548628807068 0.038292750716209411621 0.044902630150318145752 0.041131209582090377808 0.039549235254526138306 0.072340123355388641357 0 0 0.0082196705043315887451 0.0077922092750668525696 0.007542815525084733963 0.0074342172592878341675 0.0073453234508633613586 0.0073164189234375953674 0.0073017445392906665802 0.0072175431996583938599 0.007067885715514421463 0.0069606774486601352692 0.0069257398135960102081 0.0068156076595187187195 0.03031495213508605957 0.0065062236972153186798 0.0066885440610349178314 0.012779229320585727692 0.0093454616144299507141 0.0068415980786085128784 0.0082371681928634643555 0.0063547086901962757111 0.0091364402323961257935 0.006087908521294593811 0.005911968182772397995 0.0057064699940383434296 0.0053317504934966564178 0.0048701888881623744965 0.0046879393048584461212 0.005172188393771648407
0.015491447411477565765 0.020648231729865074158 0.007615014445036649704 0.011876150034368038177 0.025720743462443351746 0.0081962430849671363831 0.0083429124206304550171 0.046612251549959182739 0.040875546634197235107 0.030892416834831237793 0.08427343517541885376 0 0 0.0079454779624938964844 0.0076576978899538516998 0.0074217100627720355988 0.007320945151150226593 0.0072653884999454021454 0.0072218296118080615997 0.0071509541012346744537 0.007019366137683391571 0.0069190631620585918427 0.0069104265421628952026 0.032275326550006866455 0.0066356668248772621155 0.0067521044984459877014 0.016115000471472740173 0.0068848514929413795471 0.0068993777967989444733 0.0068382206372916698456 0.0067166066728532314301 0.012663054279983043671 0.0066241389140486717224 0.0064609344117343425751 0.0062129544094204902649 0.0058518028818070888519 0.0053016911260783672333 0.0046306466683745384216 0.0041893725283443927765 0.0039639282040297985077
0.0075290687382221221924 0.0073922150768339633942 0.0068776123225688934326 0.0070641958154737949371 0.0072384709492325782776 0.0073694321326911449432 0.007541742175817489624 0.007775828242301940918 0.0078118122182786464691 0.0084772733971476554871 0.0074973348528146743774 0.08591054379940032959 0 0 0.007442833390086889267 0.0072231767699122428894 0.0072080665268003940582 0.0071896021254360675812 0.0071434346027672290802 0.0071017700247466564178 0.0070122671313583850861 0.006903342902660369873 0.006855085957795381546 0.034581746906042098999 0.0067662084475159645081 0.020118961110711097717 0.0070231794379651546478 0.006803666241466999054 0.006790171843022108078 0.0068379766307771205902 0.010770011693239212036 0.0043926066718995571136 0.0068445676006376743317 0.0067670401185750961304 0.0065365666523575782776 0.0060990625061094760895 0.0052403602749109268188 0.0034930012188851833344 0.0038687544874846935272 0.0029116785153746604919
0.0067380648106336593628 0.0046019898727536201477 0.0046380730345845222473 0.004705138038843870163 0.0047807684168219566345 0.0048524192534387111664 0.0049469377845525741577 0.0050661009736359119415 0.0095326509326696395874 0.037627194076776504517 0.025868384167551994324 0.016542680561542510986 0.09112574160099029541 0 0.0064481468871235847473 0.0066863684915006160736 0.0069686537608504295349 0.0070910057984292507172 0.0071056657470762729645 0.0071086981333792209625 0.0070658451877534389496 0.0068964571692049503326 0.036784615367650985718 0.0066866744309663772583 0.022502252832055091858 0.0070784408599138259888 0.0064714616164565086365 0.0043601733632385730743 0.0043103806674480438232 0.011593298986554145813 0.0063400431536138057709 0.0069011845625936985016 0.0044322633184492588043 0.0064403032884001731873 0.0044307182542979717255 0.0043338593095541000366 0.0041161687113344669342 -9999 0.0032530254684388637543 0.0037394443061202764511
0.0045697973109781742096 0.0066969944164156913757 0.007307877764105796814 0.007455282844603061676 0.0075964913703501224518 0.0078133093193173408508 0.0080897752195596694946 0.0084179304540157318115 0.0050580198876559734344 0.005090409889817237854 0.0076720900833606719971 0.0078510604798793792725 0.0064488644711673259735 0 0 0.006133554503321647644 0.0066780480556190013885 0.006943202577531337738 0.0070144645869731903076 0.007019853685051202774 0.0069978185929358005524 0.038955613970756530762 0.0065512084402143955231 0.02605845034122467041 0.0071439896710216999054 0.007042699027806520462 0.0068217646330595016479 0.0061893202364444732666 0.010100512765347957611 0.0043669543229043483734 0.0069277654401957988739 0.0064161340706050395966 0.0069876313209533691406 0.0045029711909592151642 -9999 -9999 -9999 -9999 -9999 0.0033027511090040206909
0.0074574798345565795898 0.0074110990390181541443 0.0073713753372430801392 0.0073376186192035675049 0.0073814024217426776886 0.007539997342973947525 0.0077886907383799552917 0.0080998903140425682068 0.0083983037620782852173 0.0086519168689846992493 0.040147408843040466309 0.0413170643150806427 0.033237129449844360352 0.024746684357523918152 0 0 0.0063456785865128040314 0.010886059142649173737 0.0043373652733862400055 0.0067586596123874187469 0.041113380342721939087 0.0064638182520866394043 0.02890892326831817627 0.0072213765233755111694 0.007124588359147310257 0.0063542262651026248932 0.0043510738760232925415 0.008673192933201789856 0.006180027499794960022 0.0068443897180259227753 0.0069258362054824829102 0.0071457657031714916229 -9999 -9999 -9999 -9999 -9999 -9999 -9999 -9999
0.0076722502708435058594 0.0076009277254343032837 0.0074824141338467597961 0.0073542580939829349518 0.0072881164960563182831 0.0073217377066612243652 0.0074855820275843143463 0.0077801989391446113586 0.0080820210278034210205 0.0083335191011428833008 0.004967560991644859314 0.0049414266832172870636 0.0072299633175134658813 0.0070904223248362541199 0.023881675675511360168 0 0.0059703546576201915741 0.011117918416857719421 0.0066344845108687877655 0.040032558143138885498 0.0063993111252784729004 0.027346802875399589539 0.0070795631036162376404 0.0072331069968640804291 0.0065726423636078834534 0.0043884511105716228485 0.007319578900933265686 0.0065440447069704532623 0.0066888281144201755524 0.0068266224116086959839 -9999 -9999 -9999 -9999 -9999 -9999 -9999 -9999 -9999 -9999
0.0079147862270474433899 0.0078389700502157211304 0.0076634692959487438202 0.0074560628272593021393 0.0072907707653939723969 0.0072004119865596294403 0.0072424854151904582977 0.0074469964019954204559 0.0077212839387357234955 0.0079974541440606117249 0.0082391798496246337891 0.0084346896037459373474 0.0084091136232018470764 0.008086140267550945282 0.007367439568042755127 0 0 0.014456857927143573761 0.038964033126831054688 0.006462572142481803894 0.025334149599075317383 0.01122234296053647995 0.0073126242496073246002 0.0073558324947953224182 0.0071030356921255588531 0.006734730210155248642 0.0065268562175333499908 0.0065159592777490615845 0.0066304835490882396698 -9999 -9999 -9999 -9999 -9999 -9999 -9999 -9999 -9999 -9999 -9999
0.0080843586474657058716 0.0080565204843878746033 0.007882314734160900116 0.0076277293264865875244 0.0073822992853820323944 0.0071862875483930110931 0.0070861261337995529175 0.0071131698787212371826 0.0073059592396020889282 0.0076462598517537117004 0.0079886596649885177612 0.0082704909145832061768 0.0084116617217659950256 0.008342351764440536499 0.0080527421087026596069 0.0073178214952349662781 0 0 0.040601294487714767456 0.02365886978805065155 0.0092841405421495437622 0.0045060622505843639374 0.0045936680398881435394 0.0067732515744864940643 0.004566376563161611557 0.0067193843424320220947 0.0064907297492027282715 -9999 -9999 -9999 -9999 -9999 -9999 -9999 -9999 -9999 -9999 -9999 -9999 -9999
0.0081610055640339851379 0.0082327462732791900635 0.0081166531890630722046 0.0078483102843165397644 0.0075345956720411777496 0.0072284610942006111145 0.0069858175702393054962 0.0068416218273341655731 0.006929215509444475174 0.0072828861884772777557 0.0076989731751382350922 0.0080665564164519309998 0.008322129957377910614 0.0084486920386552810669 0.0083181736990809440613 0.0078731281682848930359 0.0068403980694711208344 0 0 0.0078783836215734481812 0.0066501358523964881897 0.0068086171522736549377 0.0074870018288493156433 0.0046676667407155036926 0.0071396199055016040802 -9999 -9999 -9999 -9999 -9999 -9999 -9999 -9999 -9999 -9999 -9999 -9999 -9999 -9999 -9999
