tests/data/reference/gistest_nucice/full/mrsearstr_pa.asc
ncols        123
nrows        77
xllcorner    -713746.799299980048
yllcorner    -1061022.369616159936
cellsize     10.000000000000
NODATA_value -9999
[rows 38 to 56 of 77, columns 0 to 41 of 123]
-9999 -9999 -9999 -9999 -9999 -9999 -9999 -9999 -9999 -9999 0.655910491943359375 1.0287644863128662109 1.1590359210968017578 1.7059916257858276367 1.3307462930679321289 1.7384263277053833008 1.9543449878692626953 2.1681582927703857422 2.3100750446319580078 2.3557507991790771484 2.3509545326232910156 2.2826781272888183594 2.2667992115020751953 2.2858264446258544922 2.3467252254486083984 2.4884123802185058594 2.5214557647705078125 2.6294312477111816406 2.5745055675506591797 2.4550371170043945312 2.5073535442352294922 2.5551056861877441406 2.6541993618011474609 2.9598605632781982422 2.6071400642395019531 2.3585686683654785156 2.6795291900634765625 2.2243101596832275391 2.2525076866149902344 2.3334398269653320312 2.7511453628540039062 3.5386776924133300781
-9999 -9999 -9999 -9999 -9999 -9999 -9999 -9999 -9999 -9999 0.56136071681976318359 0.93906098604202270508 1.6124838590621948242 1.1417816877365112305 1.0399324893951416016 1.3693833351135253906 1.6642496585845947266 1.9677541255950927734 2.1628534793853759766 2.2374355792999267578 2.265407562255859375 2.2224092483520507812 2.2037351131439208984 2.2314784526824951172 2.2860400676727294922 2.0485787391662597656 2.4576661586761474609 2.4176967144012451172 2.2785954475402832031 2.0715134143829345703 2.02887725830078125 2.0142989158630371094 1.8743188381195068359 2.3517553806304931641 2.8994550704956054688 2.6161339282989501953 1.9747831821441650391 2.1789424419403076172 2.2786533832550048828 2.5173470973968505859 2.6639835834503173828 3.4650762081146240234
-9999 -9999 -9999 -9999 -9999 -9999 -9999 -9999 -9999 0.57132601737976074219 2.1649911403656005859 1.3269993066787719727 0.97492992877960205078 0.95434683561325073242 1.0351341962814331055 1.1879258155822753906 1.4423080682754516602 1.7114142179489135742 1.9549570083618164062 2.0732698440551757812 2.1480534076690673828 2.1560692787170410156 2.1797363758087158203 2.218471527099609375 1.9534599781036376953 2.2685985565185546875 2.2890284061431884766 2.1587069034576416016 1.9808214902877807617 1.6984729766845703125 1.6325570344924926758 1.5967078208923339844 2.1504774093627929688 2.7396066188812255859 2.9635715484619140625 2.7741749286651611328 2.5977954864501953125 2.4719831943511962891 2.2205822467803955078 2.6151826381683349609 3.6937155723571777344 4.2454557418823242188
-9999 -9999 -9999 -9999 -9999 -9999 -9999 -9999 -9999 0.70011079311370849609 1.7384721040725708008 0.96485805511474609375 0.94206368923187255859 0.89612841606140136719 1.0844895839691162109 1.1649123430252075195 1.1485733985900878906 1.5056093931198120117 1.7129381895065307617 1.9133185148239135742 2.0366718769073486328 2.0955181121826171875 1.8644577264785766602 1.9866573810577392578 2.2942569255828857422 2.2009434700012207031 1.7984027862548828125 1.7461404800415039062 1.5780447721481323242 1.2917144298553466797 1.3081632852554321289 1.9139358997344970703 2.4174468517303466797 2.8838753700256347656 3.1065490245819091797 3.0785686969757080078 2.9867525100708007812 2.3651177883148193359 3.0188415050506591797 3.4917263984680175781 3.9434628486633300781 4.3299665451049804688
-9999 -9999 -9999 -9999 -9999 -9999 -9999 -9999 1.229279637336730957 2.9104342460632324219 1.5387363433837890625 1.1175796985626220703 0.84908372163772583008 1.0054367780685424805 1.1499582529067993164 1.1944128274917602539 1.4289972782135009766 1.288325190544128418 1.5012876987457275391 1.7948433160781860352 1.9851616621017456055 2.0554184913635253906 2.2270536422729492188 2.4176690578460693359 2.4077525138854980469 3.5568311214447021484 3.5386471748352050781 3.2273855209350585938 2.7339425086975097656 2.1135303974151611328 1.9228762388229370117 2.1785452365875244141 2.6595582962036132812 3.0586390495300292969 3.267608642578125 3.2842409610748291016 3.1990036964416503906 3.7471697330474853516 4.0120410919189453125 5.1587872505187988281 5.6929407119750976562 5.8916792869567871094
-9999 -9999 -9999 -9999 -9999 -9999 -9999 0.64390331506729125977 1.1287202835083007812 1.4600168466567993164 1.2974493503570556641 1.2157275676727294922 0.90369337797164916992 1.0805783271789550781 1.1912739276885986328 1.2212156057357788086 1.2280935049057006836 1.2125439643859863281 1.3847062587738037109 1.735242009162902832 1.7018463611602783203 1.7906767129898071289 2.1807086467742919922 3.4357495307922363281 3.7260115146636962891 2.3337900638580322266 2.2313747406005859375 2.2036392688751220703 2.0663683414459228516 1.8056638240814208984 1.9172350168228149414 2.4182960987091064453 2.8438348770141601562 3.1488525867462158203 3.2884242534637451172 3.2659459114074707031 3.1685538291931152344 3.0108878612518310547 3.1335866451263427734 3.5385305881500244141 3.7035174369812011719 3.598506927490234375
-9999 -9999 -9999 -9999 -9999 -9999 -9999 0.5338751673698425293 0.91104274988174438477 1.4508907794952392578 1.110348820686340332 1.2305921316146850586 1.1671848297119140625 1.1771446466445922852 1.2178528308868408203 1.233722686767578125 1.2641721963882446289 1.2762123346328735352 1.4411772489547729492 1.8172907829284667969 2.4245331287384033203 2.8452231884002685547 3.1861579418182373047 2.2640001773834228516 2.3659694194793701172 2.3889594078063964844 2.0496439933776855469 2.3423759937286376953 2.2787075042724609375 2.0677418708801269531 2.1633384227752685547 2.5830054283142089844 2.8908972740173339844 3.0539503097534179688 3.10904693603515625 3.0722985267639160156 5.8639822006225585938 5.8743309974670410156 6.13811492919921875 6.6970348358154296875 7.0277533531188964844 7.0955753326416015625
-9999 -9999 -9999 -9999 -9999 -9999 -9999 0.50258266925811767578 1.1625590324401855469 1.0156846046447753906 0.93967950344085693359 1.1805341243743896484 1.2808651924133300781 1.2763940095901489258 1.2719529867172241211 1.2813913822174072266 1.3632524013519287109 1.4457273483276367188 1.6203759908676147461 1.9846140146255493164 2.2432203292846679688 2.3316295146942138672 2.317516326904296875 2.2221121788024902344 1.9313622713088989258 2.1058697700500488281 2.4977395534515380859 2.4765801429748535156 2.4045286178588867188 2.3066928386688232422 2.36362457275390625 2.5984597206115722656 2.7563531398773193359 5.5446567535400390625 5.73715972900390625 5.9520001411437988281 3.3242726325988769531 3.5741963386535644531 3.8084919452667236328 4.0568609237670898438 4.1672677993774414062 4.1179704666137695312
-9999 -9999 -9999 -9999 -9999 -9999 0.60070276260375976562 1.0476160049438476562 1.005827784538269043 1.0814709663391113281 0.9661471247673034668 1.2490977048873901367 1.3978253602981567383 1.4118329286575317383 1.4006869792938232422 1.3712304830551147461 1.3974158763885498047 1.4486608505249023438 1.602196812629699707 1.9471720457077026367 2.2295522689819335938 2.3346610069274902344 2.3533101081848144531 2.2519161701202392578 2.3483901023864746094 2.6076991558074951172 2.66670989990234375 2.4939839839935302734 2.4419846534729003906 2.5014815330505371094 2.5202586650848388672 5.0173397064208984375 5.188175201416015625 2.7541458606719970703 2.9968104362487792969 3.2842328548431396484 3.6292402744293212891 3.9799876213073730469 4.260799407958984375 4.5060105323791503906 4.6384186744689941406 4.6432528495788574219
-9999 -9999 -9999 -9999 -9999 -9999 1.3460531234741210938 0.90470999479293823242 1.1544969081878662109 1.2866680622100830078 1.1747982501983642578 1.443825840950012207 1.5708409547805786133 1.6261246204376220703 1.6312812566757202148 1.5326836109161376953 1.3953889608383178711 1.3204619884490966797 1.4343944787979125977 1.7644990682601928711 1.7756681442260742188 1.9316954612731933594 2.0135734081268310547 2.0066204071044921875 2.4015231132507324219 2.666751861572265625 2.7095522880554199219 4.5368556976318359375 4.6839785575866699219 5.0585241317749023438 5.2131485939025878906 2.6564285755157470703 2.7578780651092529297 2.9638347625732421875 3.2023870944976806641 3.4375028610229492188 3.7087471485137939453 4.0167012214660644531 4.2693700790405273438 4.5143704414367675781 4.7349004745483398438 4.8939790725708007812
-9999 -9999 -9999 -9999 -9999 0.47386524081230163574 0.79099166393280029297 1.2090556621551513672 1.0614775419235229492 1.1075497865676879883 1.29224395751953125 1.4050734043121337891 1.5555019378662109375 1.6605157852172851562 1.6906585693359375 1.6268271207809448242 1.4822676181793212891 1.3534848690032958984 1.4382317066192626953 1.7402673959732055664 2.3483836650848388672 2.8883354663848876953 3.3827540874481201172 3.8361303806304931641 4.1382403373718261719 4.4938349723815917969 4.7455582618713378906 2.6509802341461181641 2.6479880809783935547 2.7792115211486816406 2.8212270736694335938 2.7895212173461914062 2.8930578231811523438 3.0689578056335449219 3.2434399127960205078 3.4069643020629882812 3.6256558895111083984 3.9424993991851806641 4.209300994873046875 4.4290142059326171875 4.6571011543273925781 4.8756589889526367188
-9999 -9999 -9999 -9999 0.90163302421569824219 0.80732363462448120117 1.1439313888549804688 1.3464314937591552734 0.9275798797607421875 0.84073364734649658203 1.0262893438339233398 1.1465790271759033203 1.3642461299896240234 1.5017453432083129883 1.5846039056777954102 1.6207954883575439453 1.5641347169876098633 1.4372237920761108398 1.5231049060821533203 1.8174102306365966797 2.0818634033203125 2.2991917133331298828 2.5472614765167236328 2.7887294292449951172 2.8868491649627685547 2.8866510391235351562 2.90267181396484375 2.8871579170227050781 2.8579421043395996094 2.8878324031829833984 2.9070174694061279297 2.8646287918090820312 2.8697588443756103516 2.9321067333221435547 3.0300283432006835938 3.1505281925201416016 3.3554103374481201172 3.7110714912414550781 4.0433340072631835938 4.2875146865844726562 4.4794592857360839844 4.6543946266174316406
-9999 -9999 -9999 -9999 0.57467919588088989258 1.005802154541015625 1.1553623676300048828 1.085980534553527832 0.82486391067504882812 0.69697940349578857422 0.85184901952743530273 1.0911885499954223633 1.0402979850769042969 1.3779968023300170898 1.5297892093658447266 1.6293805837631225586 1.6055953502655029297 1.4668503999710083008 1.5488680601119995117 1.8539267778396606445 2.1780364513397216797 2.4738116264343261719 2.7775986194610595703 3.1013309955596923828 3.2335679531097412109 3.2066333293914794922 3.2384309768676757812 3.2866573333740234375 3.242374420166015625 3.1820735931396484375 3.185802459716796875 3.1665499210357666016 3.1229305267333984375 3.0889468193054199219 3.0909934043884277344 3.1356983184814453125 3.2577669620513916016 3.5260837078094482422 3.8548526763916015625 4.1525111198425292969 4.31650543212890625 4.3935947418212890625
-9999 -9999 -9999 0.50372827053070068359 0.57849764823913574219 0.88711887598037719727 0.78344839811325073242 0.73516863584518432617 0.60934096574783325195 0.69245380163192749023 0.83566552400588989258 0.83907312154769897461 0.89825832843780517578 1.2540584802627563477 1.4816749095916748047 1.6106649637222290039 1.6095185279846191406 1.488749384880065918 1.5482723712921142578 1.8495163917541503906 2.3370316028594970703 2.6922130584716796875 3.0781126022338867188 3.4197540283203125 3.6106915473937988281 3.6355421543121337891 3.6998994350433349609 3.7943470478057861328 3.7672288417816162109 3.6619107723236083984 3.6283769607543945312 3.6170275211334228516 3.5794589519500732422 3.5028982162475585938 3.4109678268432617188 3.3544604778289794922 3.3441081047058105469 3.4374966621398925781 3.6994979381561279297 4.0432710647583007812 4.1822400093078613281 4.1387848854064941406
-9999 -9999 -9999 0.41319409012794494629 0.6233221888542175293 0.67360466718673706055 0.54175591468811035156 0.40984866023063659668 0.46452909708023071289 0.50332868099212646484 0.61951088905334472656 0.67488759756088256836 0.72030299901962280273 1.0945379734039306641 1.3744933605194091797 1.5086318254470825195 1.5459285974502563477 1.4738285541534423828 1.4595457315444946289 1.9767506122589111328 1.8135831356048583984 2.5103132724761962891 2.9309606552124023438 3.3111338615417480469 3.6052880287170410156 3.7404437065124511719 3.8440680503845214844 3.9543280601501464844 3.9389674663543701172 3.8056631088256835938 3.7213284969329833984 3.6943986415863037109 3.6988718509674072266 3.6902074813842773438 3.6417336463928222656 3.6024880409240722656 3.5405600070953369141 3.4848520755767822266 3.6515109539031982422 4.0166649818420410156 4.1655716896057128906 4.0636305809020996094
-9999 -9999 0.26637363433837890625 0.23486669361591339111 0.55957907438278198242 0.54532122611999511719 0.29605665802955627441 0.23181927204132080078 0.28261244297027587891 0.20492412149906158447 0.33615422248840332031 0.43985131382942199707 0.49416515231132507324 0.89345991611480712891 1.193465113639831543 1.3305488824844360352 1.4354609251022338867 1.4342666864395141602 1.4635157585144042969 1.2335164546966552734 1.3051726818084716797 1.8625224828720092773 2.3125486373901367188 2.7466733455657958984 3.1832034587860107422 3.4814381599426269531 3.6405651569366455078 3.7537906169891357422 3.7491855621337890625 3.600444793701171875 3.4619281291961669922 3.4069728851318359375 3.4817173480987548828 3.6220839023590087891 3.7231051921844482422 3.8011007308959960938 3.7878191471099853516 3.6674165725708007812 3.7139308452606201172 4.0199337005615234375 4.2083959579467773438 4.1561141014099121094
-9999 -9999 0.24375732243061065674 0.46302202343940734863 0.52732795476913452148 0.30964887142181396484 0.17773665487766265869 0.30112081766128540039 0.26559844613075256348 0.049061622470617294312 0.2284711301326751709 0.29593679308891296387 0.33546429872512817383 0.7002671360969543457 0.94347524642944335938 1.031556248664855957 1.1528378725051879883 1.237049102783203125 1.0675597190856933594 0.87662845849990844727 0.8054402470588684082 1.2096889019012451172 1.6288502216339111328 2.0172836780548095703 2.4740362167358398438 2.9026851654052734375 3.1848962306976318359 3.3691649436950683594 3.4340581893920898438 3.3480420112609863281 3.2100374698638916016 3.1108014583587646484 3.1926355361938476562 3.4017977714538574219 3.5798456668853759766 3.7244424819946289062 3.7715060710906982422 3.6990571022033691406 3.7292768955230712891 3.9452543258666992188 4.1232557296752929688 4.1578245162963867188
-9999 0.19258409738540649414 0.67503446340560913086 0.58432936668395996094 0.45172148942947387695 0.10489863157272338867 0.34596574306488037109 0.34233799576759338379 -9999 -9999 -9999 0.22016878426074981689 0.27572476863861083984 0.52502030134201049805 0.66529291868209838867 0.67386418581008911133 0.74729454517364501953 0.88564252853393554688 0.74227249622344970703 0.35735505819320678711 0.29140886664390563965 0.57931220531463623047 0.94717693328857421875 1.2216205596923828125 1.5793058872222900391 2.0587286949157714844 2.4804484844207763672 2.8005626201629638672 2.9825661182403564453 3.0142507553100585938 2.9360489845275878906 2.814548492431640625 2.8632855415344238281 3.0790190696716308594 3.2772395610809326172 3.4438836574554443359 3.5230665206909179688 3.5214755535125732422 3.6407554149627685547 3.8586752414703369141 3.997478485107421875 4.062137603759765625
-9999 0.46834906935691833496 0.3845634162425994873 0.4453169703483581543 0.26605650782585144043 0.28497770428657531738 -9999 -9999 -9999 -9999 -9999 -9999 0.32766497135162353516 0.46778824925422668457 0.59159499406814575195 0.64675790071487426758 0.67348682880401611328 0.86301881074905395508 0.73354524374008178711 0.32075098156929016113 0.20936633646488189697 0.22535353899002075195 0.3983497321605682373 0.66726881265640258789 1.0007784366607666016 1.3850164413452148438 1.7855371236801147461 2.1533777713775634766 2.3889560699462890625 2.4996273517608642578 2.5536851882934570312 2.4781734943389892578 2.5523931980133056641 2.8016464710235595703 3.0323872566223144531 3.2275152206420898438 3.3161029815673828125 3.3043618202209472656 3.4803948402404785156 3.8071613311767578125 3.9833459854125976562 4.0276513099670410156
