tests/data/reference/gistest_nucice/full/mrsearstr_pa.asc
ncols        123
nrows        77
xllcorner    -713746.799299980048
yllcorner    -1061022.369616159936
cellsize     10.000000000000
NODATA_value -9999
[rows 57 to 75 of 77, columns 42 to 83 of 123]
4.0048732757568359375 4.0185060501098632812 4.1608133316040039062 4.4479565620422363281 4.6486277580261230469 4.7260880470275878906 4.6698980331420898438 4.5120706558227539062 4.6860265731811523438 5.1313600540161132812 5.1412811279296875 4.7945637702941894531 4.552494049072265625 4.3063216209411621094 4.0633072853088378906 3.9734055995941162109 4.0333123207092285156 4.2459354400634765625 4.3723359107971191406 4.4005389213562011719 4.5708947181701660156 4.8726792335510253906 4.8502931594848632812 4.4477014541625976562 4.339046478271484375 4.6121568679809570312 6.1713685989379882812 7.5572099685668945312 8.8269290924072265625 8.5427083969116210938 7.9201855659484863281 6.9667868614196777344 6.4761934280395507812 6.3882627487182617188 0 4.6049747467041015625 6.2974057197570800781 7.6733865737915039062 7.9271712303161621094 7.7482805252075195312 7.9212312698364257812 8.4812288284301757812
3.9088807106018066406 3.860561370849609375 3.9538633823394775391 4.2023568153381347656 4.3861713409423828125 4.5109267234802246094 4.4871802330017089844 4.3358373641967773438 4.5824599266052246094 5.2894306182861328125 5.2696161270141601562 4.3838663101196289062 4.3362774848937988281 4.3661012649536132812 4.2509860992431640625 4.1178174018859863281 4.1417613029479980469 4.3551845550537109375 4.4916100502014160156 4.4965639114379882812 4.6000342369079589844 4.8437604904174804688 4.8962531089782714844 4.6680636405944824219 4.6086993217468261719 4.8301744461059570312 5.1033754348754882812 5.3909087181091308594 5.6759028434753417969 7.5666460990905761719 6.949451446533203125 6.286640167236328125 6.2492151260375976562 6.5815138816833496094 0 4.6496982574462890625 6.2010359764099121094 7.3254618644714355469 7.4530363082885742188 7.2963232994079589844 10.659999847412109375 10.659999847412109375
3.6514174938201904297 3.6047844886779785156 3.7233426570892333984 3.7144160270690917969 3.7997272014617919922 3.8791408538818359375 4.0276622772216796875 3.9121713638305664062 4.2472176551818847656 5.0043606758117675781 4.1208133697509765625 4.1507387161254882812 3.8638372421264648438 4.1064715385437011719 4.1969585418701171875 4.1063480377197265625 4.1070284843444824219 4.2622971534729003906 4.4321498870849609375 4.5374035835266113281 4.6163077354431152344 4.7351560592651367188 4.8299951553344726562 4.7981886863708496094 4.79457855224609375 4.9291958808898925781 5.1672725677490234375 5.4869642257690429688 5.8324975967407226562 6.1756815910339355469 8.1880216598510742188 8.6165533065795898438 9.1012506484985351562 10.659999847412109375 0 6.1106686592102050781 7.6200366020202636719 9.5076656341552734375 10.659999847412109375 10.659999847412109375 7.6820139884948730469 10.659999847412109375
2.9312732219696044922 3.6002295017242431641 2.9839069843292236328 2.9929194450378417969 2.9598739147186279297 3.5462350845336914062 3.4933125972747802734 3.665912628173828125 3.3356716632843017578 4.0247559547424316406 4.7357850074768066406 3.7524724006652832031 3.2988278865814208984 3.8130054473876953125 4.0428133010864257812 4.0430312156677246094 4.0243868827819824219 4.0576739311218261719 4.2408466339111328125 4.51607513427734375 4.6297211647033691406 4.6414370536804199219 4.7657351493835449219 4.9292397499084472656 5.0176796913146972656 5.09363555908203125 5.2819657325744628906 5.5716633796691894531 5.9157876968383789062 6.3030686378479003906 5.0358204841613769531 5.0496358871459960938 6.8566312789916992188 5.7633485794067382812 0 6.2407374382019042969 7.6871161460876464844 7.55448150634765625 7.3485813140869140625 7.2913079261779785156 7.2246541976928710938 7.841999053955078125
3.2239258289337158203 2.8772995471954345703 3.5047273635864257812 3.6023352146148681641 3.4672679901123046875 2.6341004371643066406 3.2605023384094238281 2.9864318370819091797 3.9422082901000976562 4.6956505775451660156 4.5257334709167480469 2.7190630435943603516 2.9970641136169433594 3.3597743511199951172 3.6945214271545410156 3.8164758682250976562 3.8012185096740722656 3.7063438892364501953 3.9844622611999511719 4.3616490364074707031 4.5643286705017089844 4.5737619400024414062 4.7035627365112304688 4.9840364456176757812 5.1957640647888183594 5.3141236305236816406 5.5036358833312988281 5.7681231498718261719 6.04770660400390625 4.9603228569030761719 6.157833099365234375 6.2496876716613769531 5.0883426666259765625 6.9637880325317382812 0 6.0774235725402832031 7.445079803466796875 7.3081679344177246094 6.7354068756103515625 5.4896674156188964844 5.6378173828125 5.9236602783203125
2.7900896072387695312 3.1949019432067871094 3.4286293983459472656 3.4675052165985107422 3.2762558460235595703 2.8636777400970458984 2.4840922355651855469 3.538341522216796875 4.1069545745849609375 4.4166417121887207031 4.1244072914123535156 3.1686792373657226562 2.3096487522125244141 2.61537933349609375 2.8721652030944824219 3.0430974960327148438 3.0311412811279296875 3.4898092746734619141 3.4910728931427001953 3.8875854015350341797 4.2410120964050292969 4.2707910537719726562 4.4231100082397460938 4.7502956390380859375 5.0586133003234863281 5.2902116775512695312 5.5686087608337402344 5.9146189689636230469 4.8743748664855957031 6.2020311355590820312 6.4783120155334472656 6.2272329330444335938 6.4115023612976074219 7.13776397705078125 0 5.8461208343505859375 7.167278289794921875 5.5008392333984375 5.3606934547424316406 6.6630582809448242188 7.0654692649841308594 7.2665033340454101562
2.2478780746459960938 2.6062307357788085938 3.2704992294311523438 3.3507418632507324219 3.1381847858428955078 2.6980175971984863281 2.8679003715515136719 3.68210601806640625 4.0850787162780761719 3.9999144077301025391 3.6748347282409667969 3.0800392627716064453 2.7941312789916992188 2.9383711814880371094 3.1476655006408691406 3.3794765472412109375 3.3913908004760742188 2.5989480018615722656 2.6346149444580078125 3.4925272464752197266 3.6091108322143554688 3.6695959568023681641 3.9489951133728027344 4.261810302734375 4.6635217666625976562 5.0689554214477539062 5.3131856918334960938 4.7468442916870117188 6.11240386962890625 6.5719928741455078125 6.5940051078796386719 6.3195772171020507812 6.3844170570373535156 6.8816666603088378906 0 5.6504712104797363281 7.0197935104370117188 7.2513527870178222656 7.157772064208984375 7.065876007080078125 6.9944548606872558594 6.9281115531921386719
-9999 -9999 2.8737890720367431641 2.7759606838226318359 3.0444757938385009766 2.7845263481140136719 2.4972920417785644531 3.6515893936157226562 3.9382083415985107422 3.4824321269989013672 3.1447789669036865234 2.9734089374542236328 2.8817894458770751953 2.9085979461669921875 2.9850823879241943359 3.1048567295074462891 3.0820333957672119141 2.8878808021545410156 2.8717317581176757812 2.5715200901031494141 2.6918504238128662109 3.2813985347747802734 3.3671338558197021484 3.6345915794372558594 4.0840482711791992188 3.9389505386352539062 4.3661928176879882812 5.8296566009521484375 6.4352626800537109375 6.6225032806396484375 6.6198191642761230469 6.4414715766906738281 6.435192108154296875 6.6606884002685546875 0 5.5617351531982421875 7.10546875 7.6529154777526855469 7.6680316925048828125 7.4121594429016113281 7.1507029533386230469 6.8861665725708007812
-9999 -9999 -9999 -9999 -9999 -9999 -9999 -9999 3.1297039985656738281 2.9712114334106445312 2.66663360595703125 2.8156003952026367188 2.9424059391021728516 3.0019333362579345703 3.0130541324615478516 2.9690716266632080078 2.8847022056579589844 2.7684848308563232422 2.7072968482971191406 2.7143564224243164062 2.7793695926666259766 2.4149801731109619141 2.5621936321258544922 2.7580189704895019531 3.1534025669097900391 4.4739780426025390625 5.3419079780578613281 6.0325918197631835938 6.4199290275573730469 6.5018100738525390625 6.4610238075256347656 6.3286848068237304688 8.2076539993286132812 8.745418548583984375 0 5.5895619392395019531 7.2926874160766601562 8.12994384765625 8.2607278823852539062 7.8933300971984863281 7.4711771011352539062 7.0276231765747070312
-9999 -9999 -9999 -9999 -9999 -9999 -9999 -9999 -9999 2.3054003715515136719 2.0233395099639892578 2.6708788871765136719 3.0107524394989013672 3.1938390731811523438 3.1997883319854736328 3.0003197193145751953 2.8610365390777587891 2.8325734138488769531 2.7146432399749755859 2.4594814777374267578 2.3803238868713378906 2.5372605323791503906 2.8163034915924072266 3.1873810291290283203 3.7417588233947753906 4.4968290328979492188 5.229156494140625 5.918743133544921875 6.2653255462646484375 6.2471346855163574219 6.1027960777282714844 5.8778462409973144531 4.7431273460388183594 0 0 5.5884561538696289062 7.3687005043029785156 8.4311990737915039062 8.7210969924926757812 8.4083318710327148438 7.9278330802917480469 7.3320813179016113281
-9999 -9999 -9999 -9999 -9999 -9999 -9999 -9999 -9999 -9999 -9999 -9999 -9999 -9999 -9999 -9999 -9999 2.5111534595489501953 2.3792998790740966797 2.0321674346923828125 1.8884317874908447266 2.0164477825164794922 2.6799149513244628906 3.3016843795776367188 3.8938269615173339844 4.4512338638305664062 5.0485382080078125 5.7172503471374511719 6.0165348052978515625 5.9061913490295410156 5.6953630447387695312 5.4062700271606445312 5.6581773757934570312 0 4.204013824462890625 5.6108031272888183594 7.2576594352722167969 8.4873828887939453125 8.9981756210327148438 8.9133710861206054688 8.4848613739013671875 7.7659630775451660156
-9999 -9999 -9999 -9999 -9999 -9999 -9999 -9999 -9999 -9999 -9999 -9999 -9999 -9999 -9999 -9999 -9999 -9999 -9999 -9999 2.3214790821075439453 2.4047744274139404297 2.4048635959625244141 2.9906520843505859375 4.0328588485717773438 4.409107208251953125 4.8277482986450195312 5.4608297348022460938 5.7113165855407714844 5.5140490531921386719 5.3077983856201171875 5.1144704818725585938 5.4690599441528320312 0 4.1804895401000976562 5.4544720649719238281 7.0188097953796386719 8.3273267745971679688 9.0523691177368164062 9.2975206375122070312 9.0274572372436523438 8.2594585418701171875
-9999 -9999 -9999 -9999 -9999 -9999 -9999 -9999 -9999 -9999 -9999 -9999 -9999 -9999 -9999 -9999 -9999 -9999 -9999 -9999 -9999 -9999 3.1126358509063720703 3.7883205413818359375 3.5612175464630126953 3.5285584926605224609 4.4581589698791503906 5.2074346542358398438 5.4285736083984375 5.1338162422180175781 4.9515819549560546875 4.9300990104675292969 5.3719363212585449219 7.0881013870239257812 5.4921669960021972656 6.4666595458984375 7.1487603187561035156 8.1311998367309570312 8.8998670578002929688 9.409137725830078125 9.3612928390502929688 8.7173929214477539062
-9999 -9999 -9999 -9999 -9999 -9999 -9999 -9999 -9999 -9999 -9999 -9999 -9999 -9999 -9999 -9999 -9999 -9999 -9999 -9999 -9999 -9999 -9999 4.1162362098693847656 4.4488000869750976562 4.1877083778381347656 3.614482879638671875 4.8557176589965820312 5.1546640396118164062 4.8129072189331054688 4.6809945106506347656 4.8392124176025390625 5.3136754035949707031 6.8073954582214355469 5.3286128044128417969 6.4110608100891113281 -9999 -9999 -9999 -9999 -9999 -9999
-9999 -9999 -9999 -9999 -9999 -9999 -9999 -9999 -9999 -9999 -9999 -9999 -9999 -9999 -9999 -9999 -9999 -9999 -9999 -9999 -9999 -9999 -9999 -9999 -9999 4.3387632369995117188 4.4624586105346679688 3.8986165523529052734 4.7134809494018554688 4.5666780471801757812 4.5679669380187988281 4.8807783126831054688 5.3575167655944824219 3.0120255947113037109 -9999 -9999 -9999 -9999 -9999 -9999 -9999 -9999
-9999 -9999 -9999 -9999 -9999 -9999 -9999 -9999 -9999 -9999 -9999 -9999 -9999 -9999 -9999 -9999 -9999 -9999 -9999 -9999 -9999 -9999 -9999 -9999 -9999 -9999 4.5450215339660644531 4.6477351188659667969 3.6735436916351318359 4.2775211334228515625 4.5757756233215332031 5.0421042442321777344 5.5271887779235839844 -9999 -9999 -9999 -9999 -9999 -9999 -9999 -9999 -9999
-9999 -9999 -9999 -9999 -9999 -9999 -9999 -9999 -9999 -9999 -9999 -9999 -9999 -9999 -9999 -9999 -9999 -9999 -9999 -9999 -9999 -9999 -9999 -9999 -9999 -9999 -9999 4.4153547286987304688 4.3181986808776855469 3.4917490482330322266 3.7647521495819091797 5.1149430274963378906 4.61289215087890625 -9999 -9999 -9999 -9999 -9999 -9999 -9999 -9999 -9999
-9999 -9999 -9999 -9999 -9999 -9999 -9999 -9999 -9999 -9999 -9999 -9999 -9999 -9999 -9999 -9999 -9999 -9999 -9999 -9999 -9999 -9999 -9999 -9999 -9999 -9999 -9999 -9999 4.0569853782653808594 4.294147491455078125 4.6317663192749023438 4.4476704597473144531 7.8553533554077148438 -9999 -9999 -9999 -9999 -9999 -9999 -9999 -9999 -9999
-9999 -9999 -9999 -9999 -9999 -9999 -9999 -9999 -9999 -9999 -9999 -9999 -9999 -9999 -9999 -9999 -9999 -9999 -9999 -9999 -9999 -9999 -9999 -9999 -9999 -9999 -9999 -9999 -9999 4.3007373809814453125 4.9208559989929199219 5.6316804885864257812 -9999 -9999 -9999 -9999 -9999 -9999 -9999 -9999 -9999 -9999
