tests/data/reference/gistest_nucice/full/mrsearstr_pa.asc
ncols        123
nrows        77
xllcorner    -713746.799299980048
yllcorner    -1061022.369616159936
cellsize     10.000000000000
NODATA_value  -9999
[rows 38 to 56 of 77, columns 0 to 41 of 123]
-9999 -9999 -9999 -9999 -9999 -9999 -9999 -9999 -9999 -9999 0.65387952327728271484 1.0220742225646972656 1.1589078903198242188 1.712368011474609375 1.3215631246566772461 1.7324581146240234375 1.9517036676406860352 2.1654860973358154297 2.3077998161315917969 2.3540291786193847656 2.3499011993408203125 2.2821593284606933594 2.2664520740509033203 2.2854425907135009766 2.3462331295013427734 2.4874563217163085938 2.5110173225402832031 2.6283180713653564453 2.5737059116363525391 2.4540722370147705078 2.5055723190307617188 2.5525085926055908203 2.6509275436401367188 2.9460148811340332031 2.5849254131317138672 2.3390438556671142578 2.6795957088470458984 2.2062134742736816406 2.2341127395629882812 2.3141839504241943359 2.7273480892181396484 3.5059759616851806641
-9999 -9999 -9999 -9999 -9999 -9999 -9999 -9999 -9999 -9999 0.55922639369964599609 0.93815958499908447266 1.6173856258392333984 1.1391005516052246094 1.0333460569381713867 1.3679175376892089844 1.6625254154205322266 1.9654860496520996094 2.1595613956451416016 2.2356314659118652344 2.2639751434326171875 2.2216246128082275391 2.2033021450042724609 2.2311334609985351562 2.2839536666870117188 2.0323216915130615234 2.4550435543060302734 2.4171516895294189453 2.2763798236846923828 2.0698418617248535156 2.0267655849456787109 2.0117635726928710938 1.8598495721817016602 2.3323035240173339844 2.8862459659576416016 2.6140043735504150391 1.9592880010604858398 2.1708936691284179688 2.2766954898834228516 2.5162503719329833984 2.6411461830139160156 3.4332215785980224609
-9999 -9999 -9999 -9999 -9999 -9999 -9999 -9999 -9999 0.56919878721237182617 2.1579368114471435547 1.3302135467529296875 0.97458785772323608398 0.94848531484603881836 1.03290557861328125 1.1875388622283935547 1.4414389133453369141 1.7057558298110961914 1.9538490772247314453 2.0712919235229492188 2.1464567184448242188 2.1551427841186523438 2.1792039871215820312 2.2100989818572998047 1.9381835460662841797 2.2599232196807861328 2.2887811660766601562 2.1507067680358886719 1.9739741086959838867 1.6932862997055053711 1.6275320053100585938 1.58499908447265625 2.1423993110656738281 2.7349779605865478516 2.9611461162567138672 2.7740736007690429688 2.5986170768737792969 2.472759246826171875 2.2025251388549804688 2.5928802490234375 3.6884162425994873047 4.2208423614501953125
-9999 -9999 -9999 -9999 -9999 -9999 -9999 -9999 -9999 0.69815075397491455078 1.7412471771240234375 0.96530926227569580078 0.94021070003509521484 0.89074844121932983398 1.0839655399322509766 1.1648099422454833984 1.1410396099090576172 1.5086320638656616211 1.711474299430847168 1.9114853143692016602 2.0351433753967285156 2.0946576595306396484 1.8500883579254150391 1.9710401296615600586 2.2854175567626953125 2.1994373798370361328 1.784699559211730957 1.7329599857330322266 1.5665172338485717773 1.2828906774520874023 1.2991883754730224609 1.9071714878082275391 2.4135365486145019531 2.8807780742645263672 3.1044440269470214844 3.0779361724853515625 2.9870073795318603516 2.3455231189727783203 3.0172588825225830078 3.4736936092376708984 3.9215557575225830078 4.3236398696899414062
-9999 -9999 -9999 -9999 -9999 -9999 -9999 -9999 1.2226032018661499023 2.9012615680694580078 1.5438283681869506836 1.11780548095703125 0.84408551454544067383 1.0033555030822753906 1.1498600244522094727 1.1944022178649902344 1.4330621957778930664 1.2881692647933959961 1.5004746913909912109 1.7933577299118041992 1.9838624000549316406 2.0480535030364990234 2.2247922420501708984 2.4165680408477783203 2.4073767662048339844 3.5700531005859375 3.552616119384765625 3.2417726516723632812 2.7484200000762939453 2.1269719600677490234 1.9380385875701904297 2.1766958236694335938 2.6567060947418212891 3.0558533668518066406 3.2656693458557128906 3.2834832668304443359 3.1991415023803710938 3.7563066482543945312 4.0222492218017578125 5.1739163398742675781 5.7093982696533203125 5.9082899093627929688
-9999 -9999 -9999 -9999 -9999 -9999 -9999 0.64185518026351928711 1.1217441558837890625 1.4656279087066650391 1.294134974479675293 1.2151702642440795898 0.89825135469436645508 1.0807826519012451172 1.1913398504257202148 1.2212837934494018555 1.2281675338745117188 1.2127149105072021484 1.384499669075012207 1.7343144416809082031 1.6891056299209594727 1.7770509719848632812 2.1725542545318603516 3.4475247859954833984 3.7391161918640136719 2.3336777687072753906 2.2297773361206054688 2.2038168907165527344 2.0668728351593017578 1.8066070079803466797 1.9173119068145751953 2.4164292812347412109 2.8411669731140136719 3.1465334892272949219 3.2869906425476074219 3.2655382156372070312 3.1688547134399414062 3.0116150379180908203 3.1335670948028564453 3.5368692874908447266 3.7018132209777832031 3.5982146263122558594
-9999 -9999 -9999 -9999 -9999 -9999 -9999 0.53172671794891357422 0.90648168325424194336 1.4561936855316162109 1.1031516790390014648 1.2274389266967773438 1.1667311191558837891 1.1773672103881835938 1.2181396484375 1.2339911460876464844 1.2643760442733764648 1.2764887809753417969 1.4411525726318359375 1.816401362419128418 2.4302592277526855469 2.8535470962524414062 3.1965897083282470703 2.2639849185943603516 2.3655669689178466797 2.3794262409210205078 2.0333762168884277344 2.3332247734069824219 2.2770295143127441406 2.068355560302734375 2.1634111404418945312 2.5814449787139892578 2.8888576030731201172 3.0524992942810058594 3.1083428859710693359 3.0722208023071289062 5.8997631072998046875 5.9095568656921386719 6.1731443405151367188 6.7333588600158691406 7.0644717216491699219 7.1315908432006835938
-9999 -9999 -9999 -9999 -9999 -9999 -9999 0.50172048807144165039 1.166360020637512207 1.0160052776336669922 0.9339402318000793457 1.1776710748672485352 1.2803467512130737305 1.276743769645690918 1.2724645137786865234 1.2819337844848632812 1.3635679483413696289 1.4457765817642211914 1.6198241710662841797 1.9829084873199462891 2.2412304878234863281 2.3303029537200927734 2.315303802490234375 2.2205157279968261719 1.9163119792938232422 2.0890171527862548828 2.4874951839447021484 2.4743375778198242188 2.4046161174774169922 2.3071367740631103516 2.3636424541473388672 2.5975978374481201172 2.7553114891052246094 5.5756030082702636719 5.7706398963928222656 5.9878954887390136719 3.3238725662231445312 3.5737891197204589844 3.8081700801849365234 4.056613922119140625 4.1675119400024414062 4.1191315650939941406
-9999 -9999 -9999 -9999 -9999 -9999 0.59860211610794067383 1.0509051084518432617 1.0058685541152954102 1.0815235376358032227 0.96018683910369873047 1.2460976839065551758 1.3976837396621704102 1.4119956493377685547 1.4011318683624267578 1.3718943595886230469 1.397932887077331543 1.4487762451171875 1.6015667915344238281 1.9453581571578979492 2.2273519039154052734 2.3254282474517822266 2.3440301418304443359 2.2433829307556152344 2.3462860584259033203 2.6065080165863037109 2.6659615039825439453 2.4943225383758544922 2.4424386024475097656 2.5014443397521972656 2.5201046466827392578 5.0425887107849121094 5.2157015800476074219 2.754268646240234375 2.9965381622314453125 3.2835476398468017578 3.6279051303863525391 3.9779543876647949219 4.2584590911865234375 4.5037298202514648438 4.6366424560546875 4.6423277854919433594
-9999 -9999 -9999 -9999 -9999 -9999 1.3478332757949829102 0.90724110603332519531 1.1518659591674804688 1.2834078073501586914 1.1670315265655517578 1.4424581527709960938 1.5697243213653564453 1.6252526044845581055 1.6308857202529907227 1.5327765941619873047 1.3959202766418457031 1.3210279941558837891 1.4344216585159301758 1.763493657112121582 1.7621927261352539062 1.9166418313980102539 1.9976786375045776367 1.9907974004745483398 2.3919341564178466797 2.6634435653686523438 2.7086582183837890625 4.5553488731384277344 4.7039537429809570312 5.0811643600463867188 5.237758636474609375 2.6572153568267822266 2.7583272457122802734 2.9636766910552978516 3.2016139030456542969 3.4361662864685058594 3.7067284584045410156 4.0139250755310058594 4.266315460205078125 4.5114169120788574219 4.7321720123291015625 4.8915767669677734375
-9999 -9999 -9999 -9999 -9999 0.47171768546104431152 0.79285705089569091797 1.2122454643249511719 1.054705500602722168 1.1003770828247070312 1.2886266708374023438 1.4032174348831176758 1.5537341833114624023 1.6594449281692504883 1.6889126300811767578 1.6263040304183959961 1.4824855327606201172 1.3540906906127929688 1.4384289979934692383 1.7395399808883666992 2.3541352748870849609 2.8969571590423583984 3.3938815593719482422 3.8505818843841552734 4.1537885665893554688 4.5110020637512207031 4.7642803192138671875 2.6524834632873535156 2.6495394706726074219 2.7804598808288574219 2.8223598003387451172 2.7906668186187744141 2.8938133716583251953 3.0691227912902832031 3.2430233955383300781 3.4060201644897460938 3.6240241527557373047 3.9399182796478271484 4.2062311172485351562 4.425933837890625 4.6540989875793457031 4.8727955818176269531
-9999 -9999 -9999 -9999 0.89566129446029663086 0.81163263320922851562 1.1433403491973876953 1.3494369983673095703 0.92194098234176635742 0.83580249547958374023 1.0238432884216308594 1.1455124616622924805 1.3656644821166992188 1.4972144365310668945 1.5828994512557983398 1.6200097799301147461 1.5640455484390258789 1.4376453161239624023 1.523102879524230957 1.8164818286895751953 2.0805745124816894531 2.2980644702911376953 2.5466055870056152344 2.7880840301513671875 2.8872253894805908203 2.8878877162933349609 2.9042942523956298828 2.8890235424041748047 2.8600928783416748047 2.8900434970855712891 2.9091176986694335938 2.8666837215423583984 2.8716771602630615234 2.9337530136108398438 3.0312860012054443359 3.1513056755065917969 3.3554260730743408203 3.7098608016967773438 4.0411138534545898438 4.2848000526428222656 4.4767704010009765625 4.6520371437072753906
-9999 -9999 -9999 -9999 0.57314199209213256836 1.0065424442291259766 1.152392268180847168 1.0844656229019165039 0.82322531938552856445 0.69316649436950683594 0.85120719671249389648 1.0947062969207763672 1.0337083339691162109 1.37398529052734375 1.5278596878051757812 1.6282190084457397461 1.6051784753799438477 1.467059016227722168 1.5487264394760131836 1.8528244495391845703 2.1762175559997558594 2.4733793735504150391 2.7737548351287841797 3.0992336273193359375 3.2324287891387939453 3.2066946029663085938 3.2391605377197265625 3.2877576351165771484 3.2440221309661865234 3.184139251708984375 3.1878039836883544922 3.1683626174926757812 3.1246516704559326172 3.0906209945678710938 3.0925705432891845703 3.1370763778686523438 3.2587084770202636719 3.5261373519897460938 3.8537833690643310547 4.1504597663879394531 4.3144044876098632812 4.3921480178833007812
-9999 -9999 -9999 0.50157445669174194336 0.58166635036468505859 0.88872611522674560547 0.77897125482559204102 0.73359316587448120117 0.60617297887802124023 0.69164651632308959961 0.83800864219665527344 0.83842337131500244141 0.89286088943481445312 1.2504593133926391602 1.4793219566345214844 1.6090686321258544922 1.6086585521697998047 1.4885574579238891602 1.5479266643524169922 1.8481464385986328125 2.3414640426635742188 2.6803910732269287109 3.0715444087982177734 3.4143548011779785156 3.6061267852783203125 3.6323957443237304688 3.6977930068969726562 3.7928752899169921875 3.76654815673828125 3.6620006561279296875 3.6285915374755859375 3.6169743537902832031 3.5792016983032226562 3.5027289390563964844 3.4111888408660888672 3.3551173210144042969 3.3450481891632080078 3.4383177757263183594 3.6994621753692626953 4.041973114013671875 4.1807889938354492188 4.1382746696472167969
-9999 -9999 -9999 0.4110997617244720459 0.62481886148452758789 0.67206168174743652344 0.53906363248825073242 0.40802282094955444336 0.46370577812194824219 0.50245970487594604492 0.62032318115234375 0.67417055368423461914 0.71631354093551635742 1.09136199951171875 1.3719563484191894531 1.5068209171295166016 1.5446267127990722656 1.4730951786041259766 1.4590095281600952148 1.9824925661087036133 1.7997274398803710938 2.4993910789489746094 2.9231107234954833984 3.3034429550170898438 3.5979571342468261719 3.7342000007629394531 3.838939666748046875 3.9501245021820068359 3.9359252452850341797 3.8038601875305175781 3.7200765609741210938 3.6930675506591796875 3.69721221923828125 3.6884033679962158203 3.6403384208679199219 3.6017658710479736328 3.540584564208984375 3.4854364395141601562 3.6516251564025878906 4.0154352188110351562 4.1640987396240234375 4.0631966590881347656
-9999 -9999 0.26485687494277954102 0.23458147048950195312 0.55854547023773193359 0.54403793811798095703 0.29489937424659729004 0.23099954426288604736 0.28152838349342346191 0.20423561334609985352 0.33633941411972045898 0.4394842684268951416 0.49179553985595703125 0.89095258712768554688 1.1912288665771484375 1.328609466552734375 1.4334480762481689453 1.4324908256530761719 1.4663889408111572266 1.2334369421005249023 1.2962253093719482422 1.8553445339202880859 2.3055217266082763672 2.7388384342193603516 3.1749701499938964844 3.4731273651123046875 3.6331326961517333984 3.7476418018341064453 3.7445740699768066406 3.5975563526153564453 3.4601423740386962891 3.4054718017578125 3.4797337055206298828 3.6193974018096923828 3.7202799320220947266 3.7986347675323486328 3.7861082553863525391 3.6666836738586425781 3.7132489681243896484 4.0181956291198730469 4.2063584327697753906 4.1549930572509765625
-9999 -9999 0.24452002346515655518 0.46261551976203918457 0.52473461627960205078 0.30841615796089172363 0.1771739572286605835 0.29993557929992675781 0.26546657085418701172 0.049160666763782501221 0.22766807675361633301 0.29563856124877929688 0.33408486843109130859 0.69855195283889770508 0.94114589691162109375 1.0290349721908569336 1.149706721305847168 1.2335885763168334961 1.0651639699935913086 0.8772945404052734375 0.80079007148742675781 1.2052248716354370117 1.6226761341094970703 2.0111813545227050781 2.4664416313171386719 2.8941049575805664062 3.1770219802856445312 3.3621833324432373047 3.4283242225646972656 3.3439571857452392578 3.2072737216949462891 3.1086745262145996094 3.1903674602508544922 3.3986232280731201172 3.5763654708862304688 3.7212004661560058594 3.7689304351806640625 3.6974244117736816406 3.7278389930725097656 3.9431295394897460938 4.1209826469421386719 4.1563668251037597656
-9999 0.19127707183361053467 0.67571222782135009766 0.58494210243225097656 0.44963029026985168457 0.10463311523199081421 0.34452539682388305664 0.34091874957084655762 -9999 -9999 -9999 0.21940669417381286621 0.27467775344848632812 0.52244275808334350586 0.66171663999557495117 0.67022424936294555664 0.74309825897216796875 0.88034820556640625 0.73811489343643188477 0.35584777593612670898 0.29027703404426574707 0.57635802030563354492 0.9440110325813293457 1.2174643278121948242 1.5736703872680664062 2.0530450344085693359 2.4739766120910644531 2.7935521602630615234 2.9757237434387207031 3.0081939697265625 2.9308497905731201172 2.8119983673095703125 2.8604640960693359375 3.0756974220275878906 3.2737584114074707031 3.4407458305358886719 3.5206060409545898438 3.5197215080261230469 3.6388342380523681641 3.8560700416564941406 3.995075225830078125 4.0607352256774902344
-9999 0.46470883488655090332 0.3854719698429107666 0.44326698780059814453 0.26506084203720092773 0.2838808894157409668 -9999 -9999 -9999 -9999 -9999 -9999 0.32633033394813537598 0.46559274196624755859 0.59069615602493286133 0.64649397134780883789 0.66984969377517700195 0.86130195856094360352 0.73359179496765136719 0.32132643461227416992 0.20865659415721893311 0.22456593811511993408 0.39659506082534790039 0.6636778712272644043 0.99787235260009765625 1.3805850744247436523 1.779015660285949707 2.1447968482971191406 2.3790640830993652344 2.4890811443328857422 2.5502521991729736328 2.4738278388977050781 2.5491032600402832031 2.797649383544921875 3.0283331871032714844 3.2239148616790771484 3.3132121562957763672 3.3021006584167480469 3.4776508808135986328 3.8037874698638916016 3.9802348613739013672 4.0258965492248535156
