tests/data/reference/gistest_nucice/full/mrsearstr_pa.asc
ncols        123
nrows        77
xllcorner    -713746.799299980048
yllcorner    -1061022.369616159936
cellsize     10.000000000000
NODATA_value  -9999
[rows 38 to 56 of 77, columns 0 to 41 of 123]
-9999 -9999 -9999 -9999 -9999 -9999 -9999 -9999 -9999 -9999 0.42906293272972106934 0.66327106952667236328 0.3550955355167388916 0.39447772502899169922 0.44697710871696472168 0.54149669408798217773 0.60156381130218505859 0.66525745391845703125 0.70530068874359130859 0.71610242128372192383 0.7128760218620300293 0.69034147262573242188 0.68576538562774658203 0.69212478399276733398 0.71114063262939453125 0.75553339719772338867 0.78101676702499389648 0.79792714118957519531 0.78099942207336425781 0.74507349729537963867 0.76586621999740600586 0.78282433748245239258 0.81549835205078125 0.92951881885528564453 0.91007483005523681641 0.81796467304229736328 0.80989921092987060547 0.76857519149780273438 0.77892667055130004883 0.80870097875595092773 0.96382129192352294922 1.2624150514602661133
-9999 -9999 -9999 -9999 -9999 -9999 -9999 -9999 -9999 -9999 0.36598616838455200195 0.26588958501815795898 0.32677355408668518066 0.34971258044242858887 0.34533607959747314453 0.4188759922981262207 0.51089429855346679688 0.60435158014297485352 0.66267526149749755859 0.68199813365936279297 0.68855780363082885742 0.67318350076675415039 0.66684615612030029297 0.67524248361587524414 0.69236087799072265625 0.70432692766189575195 0.74638974666595458984 0.73293554782867431641 0.6910483241081237793 0.62762266397476196289 0.61870938539505004883 0.61571276187896728516 0.64107835292816162109 0.81545203924179077148 0.90047830343246459961 0.78648161888122558594 0.67748522758483886719 0.67025572061538696289 0.69034707546234130859 0.76505422592163085938 0.9312572479248046875 1.2341892719268798828
-9999 -9999 -9999 -9999 -9999 -9999 -9999 -9999 -9999 0.37262988090515136719 1.0256545543670654297 0.23678222298622131348 0.29499915242195129395 0.31575152277946472168 0.31641119718551635742 0.36036613583564758301 0.43995833396911621094 0.53077989816665649414 0.59879314899444580078 0.63354194164276123047 0.65388447046279907227 0.65390312671661376953 0.66019558906555175781 0.68475502729415893555 0.66974484920501708984 0.69975590705871582031 0.69281435012817382812 0.66627281904220581055 0.60921072959899902344 0.52029126882553100586 0.50295013189315795898 0.54131805896759033203 0.66679465770721435547 0.84066104888916015625 0.9012482762336730957 0.83527576923370361328 0.78135371208190917969 0.74433243274688720703 0.76720756292343139648 0.91306924819946289062 1.1444100141525268555 1.346233367919921875
-9999 -9999 -9999 -9999 -9999 -9999 -9999 -9999 -9999 0.45857220888137817383 0.33354225754737854004 0.28970864415168762207 0.28738057613372802734 0.29571822285652160645 0.3287239372730255127 0.35223081707954406738 0.38311073184013366699 0.45311948657035827637 0.52465426921844482422 0.58566868305206298828 0.62024712562561035156 0.63544458150863647461 0.63751333951950073242 0.68179863691329956055 0.70762521028518676758 0.6638138890266418457 0.61367297172546386719 0.59486031532287597656 0.53465741872787475586 0.43323981761932373047 0.43902552127838134766 0.59422886371612548828 0.7411543726921081543 0.88183939456939697266 0.94427436590194702148 0.93017119169235229492 0.90058183670043945312 0.8203805088996887207 0.92288947105407714844 1.1006958484649658203 1.2447146177291870117 1.3279368877410888672
-9999 -9999 -9999 -9999 -9999 -9999 -9999 -9999 0.79695987701416015625 1.3586421012878417969 0.38160979747772216797 0.33642125129699707031 0.27958557009696960449 0.30688551068305969238 0.34825271368026733398 0.36093193292617797852 0.38348275423049926758 0.39006114006042480469 0.45793333649635314941 0.54933297634124755859 0.60453552007675170898 0.63409149646759033203 0.67635947465896606445 0.73414695262908935547 0.72769153118133544922 0.68096810579299926758 0.64429432153701782227 0.61655914783477783203 0.5655167698860168457 0.47136160731315612793 0.50204288959503173828 0.66786670684814453125 0.81419408321380615234 0.93347126245498657227 0.99258959293365478516 0.9931729435920715332 0.96490687131881713867 0.95081532001495361328 1.0126175880432128906 1.1890952587127685547 1.2839510440826416016 1.2801889181137084961
-9999 -9999 -9999 -9999 -9999 -9999 -9999 0.42104837298393249512 0.72853159904479980469 0.38456991314888000488 0.39754936099052429199 0.36740458011627197266 0.29831710457801818848 0.3254006505012512207 0.35999563336372375488 0.36895355582237243652 0.37093725800514221191 0.3656724095344543457 0.41979652643203735352 0.52900445461273193359 0.57895082235336303711 0.61088901758193969727 0.6735674738883972168 0.75393056869506835938 0.77301657199859619141 0.70486903190612792969 0.67228686809539794922 0.66492092609405517578 0.62208157777786254883 0.54150861501693725586 0.58062839508056640625 0.74032497406005859375 0.86893373727798461914 0.95868790149688720703 0.99718701839447021484 0.98668038845062255859 0.95538312196731567383 0.90650147199630737305 0.94873797893524169922 1.0780605077743530273 1.1237640380859375 1.0856049060821533203
-9999 -9999 -9999 -9999 -9999 -9999 -9999 0.34766921401023864746 0.29809182882308959961 0.35542568564414978027 0.36979249119758605957 0.3783397376537322998 0.35265707969665527344 0.35437244176864624023 0.36707031726837158203 0.37210193276405334473 0.38159248232841491699 0.38445031642913818359 0.43543487787246704102 0.55252170562744140625 0.64802414178848266602 0.67515099048614501953 0.6928303837776184082 0.68298852443695068359 0.71697986125946044922 0.73945021629333496094 0.7047150731086730957 0.72237795591354370117 0.68775033950805664062 0.62120002508163452148 0.65482628345489501953 0.78860533237457275391 0.88055425882339477539 0.92670065164566040039 0.94083172082901000977 0.92767512798309326172 0.9633343815803527832 0.96032416820526123047 1.0057615041732788086 1.1079775094985961914 1.1544902324676513672 1.1365480422973632812
-9999 -9999 -9999 -9999 -9999 -9999 -9999 0 0.29070836305618286133 0.30589371919631958008 0.31069734692573547363 0.36195203661918640137 0.38742867112159729004 0.38401147723197937012 0.38231751322746276855 0.38534978032112121582 0.41146519780158996582 0.43731805682182312012 0.49228328466415405273 0.60675078630447387695 0.68412047624588012695 0.70725357532501220703 0.70090126991271972656 0.66983884572982788086 0.66173076629638671875 0.72522240877151489258 0.7723191380500793457 0.74848616123199462891 0.72508025169372558594 0.69513458013534545898 0.71492040157318115234 0.78956162929534912109 0.83632969856262207031 0.89775985479354858398 0.93367207050323486328 0.97753626108169555664 1.0053930282592773438 1.0793513059616088867 1.1480280160903930664 1.2222504615783691406 1.2527738809585571289 1.2338870763778686523
-9999 -9999 -9999 -9999 -9999 -9999 0.39222189784049987793 0.26336431503295898438 0.30221343040466308594 0.32445871829986572266 0.31982117891311645508 0.38131749629974365234 0.42186751961708068848 0.42462989687919616699 0.42029729485511779785 0.41087955236434936523 0.42018771171569824219 0.43814998865127563477 0.48824518918991088867 0.59747093915939331055 0.68278598785400390625 0.72419756650924682617 0.72776955366134643555 0.6934286952018737793 0.71145409345626831055 0.79279506206512451172 0.80739641189575195312 0.7506669163703918457 0.73653274774551391602 0.75673133134841918945 0.76192957162857055664 0.79809415340423583984 0.81987422704696655273 0.83199137449264526367 0.90626227855682373047 0.99428784847259521484 1.1011240482330322266 1.2094308137893676758 1.2942037582397460938 1.3680230379104614258 1.405408024787902832 1.402008056640625
-9999 -9999 -9999 -9999 -9999 -9999 0.39531335234642028809 0.26862469315528869629 0.35249152779579162598 0.39413282275199890137 0.39226493239402770996 0.43904057145118713379 0.47767493128776550293 0.49300813674926757812 0.49290266633033752441 0.46110239624977111816 0.41859558224678039551 0.39668679237365722656 0.4342670738697052002 0.53844702243804931641 0.60548382997512817383 0.66185152530670166016 0.69158405065536499023 0.68905520439147949219 0.74236899614334106445 0.81136792898178100586 0.81993973255157470703 0.79420834779739379883 0.78890019655227661133 0.84085309505462646484 0.85052436590194702148 0.79956763982772827148 0.83242148160934448242 0.89692771434783935547 0.97078841924667358398 1.0435452461242675781 1.1282408237457275391 1.2239614725112915039 1.2995253801345825195 1.3728934526443481445 1.4392369985580444336 1.4856936931610107422
-9999 -9999 -9999 -9999 -9999 0.30772349238395690918 0.23303918540477752686 0.32266417145729064941 0.3528080284595489502 0.36881843209266662598 0.39962586760520935059 0.43076309561729431152 0.47696295380592346191 0.5070056915283203125 0.51443934440612792969 0.49242523312568664551 0.44604361057281494141 0.40610715746879577637 0.43433681130409240723 0.5293331146240234375 0.6314754486083984375 0.69694161415100097656 0.75340801477432250977 0.79153132438659667969 0.81862968206405639648 0.85177725553512573242 0.86003851890563964844 0.79589068889617919922 0.79510605335235595703 0.8372809290885925293 0.85034894943237304688 0.84006083011627197266 0.87386238574981689453 0.93037718534469604492 0.98574292659759521484 1.0370378494262695312 1.1058511734008789062 1.2050926685333251953 1.2848165035247802734 1.3490290641784667969 1.4174139499664306641 1.4838165044784545898
-9999 -9999 -9999 -9999 0.57895147800445556641 0 0.34585875272750854492 0.37862995266914367676 0.30653151869773864746 0.27672749757766723633 0.31608989834785461426 0.35071864724159240723 0.4146347343921661377 0.46436050534248352051 0.48262360692024230957 0.49145594239234924316 0.47183614969253540039 0.43194288015365600586 0.46079930663108825684 0.55357706546783447266 0.63347905874252319336 0.69745117425918579102 0.77128833532333374023 0.84280884265899658203 0.86829447746276855469 0.86542344093322753906 0.87048470973968505859 0.86503732204437255859 0.85491681098937988281 0.86485135555267333984 0.87192946672439575195 0.85863447189331054688 0.86063092947006225586 0.88118565082550048828 0.91311544179916381836 0.95193845033645629883 1.0174481868743896484 1.1307173967361450195 1.2338809967041015625 1.3068412542343139648 1.3626686334609985352 1.4151556491851806641
-9999 -9999 -9999 -9999 0.37068831920623779297 0.30408969521522521973 0.35633236169815063477 0.33341127634048461914 0.2528927922248840332 0.22778415679931640625 0.25948095321655273438 0.29377141594886779785 0.34546273946762084961 0.42648038268089294434 0.46724671125411987305 0.4951305091381072998 0.48536226153373718262 0.44135069847106933594 0.46875485777854919434 0.56531006097793579102 0.66465896368026733398 0.75119203329086303711 0.84288102388381958008 0.9388949275016784668 0.97470277547836303711 0.96202665567398071289 0.97098499536514282227 0.98503822088241577148 0.96925222873687744141 0.9502048492431640625 0.95299589633941650391 0.94773197174072265625 0.93424665927886962891 0.92405599355697631836 0.92582106590270996094 0.94149428606033325195 0.98159867525100708008 1.0683012008666992188 1.1734251976013183594 1.2655898332595825195 1.311794281005859375 1.3328013420104980469
-9999 -9999 -9999 0.32759293913841247559 0 0.25543758273124694824 0.25716379284858703613 0.22684188187122344971 0.19820205867290496826 0.21203145384788513184 0.23857396841049194336 0.25568017363548278809 0.29644981026649475098 0.38918519020080566406 0.45470127463340759277 0.49106156826019287109 0.48827239871025085449 0.44928246736526489258 0.46891558170318603516 0.56538462638854980469 0.70893776416778564453 0.84156084060668945312 0.94538062810897827148 1.047031402587890625 1.1005460023880004883 1.1017956733703613281 1.1187382936477661133 1.1464390754699707031 1.1353044509887695312 1.1013479232788085938 1.0928058624267578125 1.0910614728927612305 1.0798758268356323242 1.0553547143936157227 1.0257525444030761719 1.0079936981201171875 1.0050128698348999023 1.0357525348663330078 1.1212667226791381836 1.2301937341690063477 1.2683326005935668945 1.2503861188888549805
-9999 -9999 -9999 0.26742485165596008301 0.17680972814559936523 0.20879022777080535889 0.17553131282329559326 0.13167327642440795898 0.14303088188171386719 0.15471376478672027588 0.18284557759761810303 0.20672029256820678711 0.23569051921367645264 0.34134519100189208984 0.42376086115837097168 0.46144762635231018066 0.47092619538307189941 0.44640851020812988281 0.44170340895652770996 0.5151958465576171875 0.61914563179016113281 0.79161560535430908203 0.91232067346572875977 1.0265141725540161133 1.1125535964965820312 1.1465401649475097656 1.1728298664093017578 1.2040995359420776367 1.1959478855133056641 1.1521611213684082031 1.1273088455200195312 1.1214009523391723633 1.1243469715118408203 1.1205174922943115234 1.1020604372024536133 1.0869760513305664062 1.0652152299880981445 1.0471283197402954102 1.1025538444519042969 1.2202084064483642578 1.2627838850021362305 1.2256042957305908203
-9999 -9999 0.16974489390850067139 0 0.17222231626510620117 0.16956570744514465332 0.094302065670490264893 0.073424287140369415283 0.089918546378612518311 0.064736098051071166992 0.10035669058561325073 0.13428646326065063477 0.15964625775814056396 0.27902770042419433594 0.36870887875556945801 0.40843588113784790039 0.44049254059791564941 0.43825361132621765137 0.40520629286766052246 0.37649670243263244629 0.43797323107719421387 0.58728104829788208008 0.72462564706802368164 0.85756027698516845703 0.99189954996109008789 1.0793209075927734375 1.1212117671966552734 1.1507182121276855469 1.1439751386642456055 1.0932391881942749023 1.0493067502975463867 1.0338770151138305664 1.0601745843887329102 1.104729771614074707 1.1335214376449584961 1.1548148393630981445 1.1472117900848388672 1.1069490909576416016 1.1229465007781982422 1.2216161489486694336 1.2784318923950195312 1.2573289871215820312
-9999 -9999 0 0.13986274600028991699 0.17070843279361724854 0.098741017282009124756 0.055988200008869171143 0.09595508873462677002 0.080185621976852416992 0.014438451267778873444 0.072340920567512512207 0.090140447020530700684 0.10719117522239685059 0.21768102049827575684 0.29196733236312866211 0.3182220757007598877 0.35716992616653442383 0.38323640823364257812 0.32686382532119750977 0.25478205084800720215 0.26466512680053710938 0.38383042812347412109 0.51517504453659057617 0.63325351476669311523 0.77748727798461914062 0.91020965576171875 0.99128949642181396484 1.0413572788238525391 1.0545277595520019531 1.0216008424758911133 0.97545462846755981445 0.94437110424041748047 0.97297561168670654297 1.0403401851654052734 1.094027400016784668 1.136498570442199707 1.1478562355041503906 1.1222146749496459961 1.1317543983459472656 1.1997656822204589844 1.2529454231262207031 1.2603532075881958008
-9999 0.12229470908641815186 0.23315864801406860352 0.17069007456302642822 0.14553695917129516602 0.032746553421020507812 0.11063567548990249634 0.10944531112909317017 -9999 -9999 -9999 0.069656670093536376953 0.087675608694553375244 0.16993762552738189697 0.2170651853084564209 0.2199621349573135376 0.24485726654529571533 0.29211801290512084961 0.24315032362937927246 0.11437589675188064575 0.092785827815532684326 0.18811340630054473877 0.29903420805931091309 0.38494825363159179688 0.49665728211402893066 0.64501982927322387695 0.77455401420593261719 0.87057083845138549805 0.92171502113342285156 0.92629373073577880859 0.89814966917037963867 0.85704350471496582031 0.8737856745719909668 0.94231665134429931641 1.0016865730285644531 1.0505788326263427734 1.0718257427215576172 1.0690350532531738281 1.1076334714889526367 1.1753332614898681641 1.2136745452880859375 1.2297909259796142578
-9999 0.28968310356140136719 0.11035628616809844971 0.14341282844543457031 0.084530428051948547363 0.090689234435558319092 -9999 -9999 -9999 -9999 -9999 -9999 0.10463559627532958984 0.15087136626243591309 0.18060107529163360596 0.19604039192199707031 0.21983455121517181396 0.26426678895950317383 0.22044798731803894043 0.094577051699161529541 0.066168807446956634521 0.071332603693008422852 0.12787617743015289307 0.21773284673690795898 0.31268557906150817871 0.43264457583427429199 0.56008225679397583008 0.67633718252182006836 0.74840474128723144531 0.78187906742095947266 0.78530544042587280273 0.75968819856643676758 0.7816410064697265625 0.85946828126907348633 0.92809998989105224609 0.98533624410629272461 1.0093320608139038086 1.0032213926315307617 1.060441136360168457 1.1630040407180786133 1.2111045122146606445 1.2190003395080566406
