tests/data/reference/gistest_nucice/full/mrsearstr_pa.asc
ncols        123
nrows        77
xllcorner    -713746.799299980048
yllcorner    -1061022.369616159936
cellsize     10.000000000000
NODATA_value -9999
[rows 19 to 37 of 77, columns 0 to 41 of 123]
-9999 -9999 -9999 -9999 -9999 -9999 -9999 -9999 -9999 -9999 -9999 -9999 -9999 -9999 -9999 -9999 2.0648872852325439453 2.6375277042388916016 2.8036627769470214844 2.5370147228240966797 3.2216885089874267578 2.2762765884399414062 2.2244107723236083984 2.8612790107727050781 2.0838427543640136719 6.6608486175537109375 6.03542327880859375 5.3747091293334960938 2.5134770870208740234 5.2253093719482421875 3.8710916042327880859 3.5434927940368652344 5.6977639198303222656 4.6263742446899414062 4.5806980133056640625 4.5989522933959960938 5.6804895401000976562 4.7350592613220214844 4.8908123970031738281 5.0604448318481445312 5.1733269691467285156 5.24275970458984375
-9999 -9999 -9999 -9999 -9999 -9999 -9999 -9999 -9999 -9999 -9999 -9999 -9999 -9999 -9999 1.7476028203964233398 2.1690869331359863281 2.3709828853607177734 2.3494994640350341797 3.3594076633453369141 1.7270555496215820312 1.5770744085311889648 2.6616611480712890625 1.6309427022933959961 3.0103473663330078125 3.0082917213439941406 4.4838466644287109375 4.4684462547302246094 3.0260446071624755859 5.0220494270324707031 4.1053094863891601562 3.5850303173065185547 5.8761029243469238281 4.5872006416320800781 4.595874786376953125 4.6526708602905273438 5.1758408546447753906 4.8466386795043945312 4.9949550628662109375 5.1409993171691894531 5.2490301132202148438 5.3999056816101074219
-9999 -9999 -9999 -9999 -9999 -9999 -9999 -9999 -9999 -9999 -9999 -9999 -9999 -9999 -9999 1.7291411161422729492 1.7515947818756103516 1.6447491645812988281 2.9875092506408691406 1.8675100803375244141 1.2741057872772216797 1.5530091524124145508 2.1853089332580566406 1.8487251996994018555 7.9634685516357421875 2.2982950210571289062 3.46298980712890625 3.895854949951171875 3.2552912235260009766 4.6674036979675292969 3.3829135894775390625 4.3871283531188964844 5.9198541641235351562 4.5703034400939941406 4.6043009757995605469 4.5490870475769042969 4.4658427238464355469 4.5731625556945800781 4.8315935134887695312 5.0792708396911621094 5.2639613151550292969 5.4968256950378417969
-9999 -9999 -9999 -9999 -9999 -9999 -9999 -9999 -9999 -9999 -9999 -9999 -9999 -9999 -9999 1.3863730430603027344 1.2859407663345336914 0.92087924480438232422 1.8748704195022583008 1.0689867734909057617 1.1413578987121582031 1.5443416833877563477 1.6935989856719970703 5.7143726348876953125 6.2143535614013671875 2.164890289306640625 3.1692972183227539062 3.6482105255126953125 3.4490196704864501953 4.1675534248352050781 3.3707621097564697266 4.2173509597778320312 4.4976863861083984375 6.86837005615234375 4.5680737495422363281 4.4557271003723144531 4.3746829032897949219 3.6664302349090576172 6.1692981719970703125 5.0964832305908203125 5.2521686553955078125 5.4662499427795410156
-9999 -9999 -9999 -9999 -9999 -9999 -9999 -9999 -9999 -9999 -9999 -9999 -9999 -9999 0.67815369367599487305 0.87253433465957641602 1.0847005844116210938 2.1673192977905273438 0.85618853569030761719 0.16436085104942321777 1.2838674783706665039 1.6983128786087036133 2.1589734554290771484 4.8328838348388671875 5.3776087760925292969 2.8155546188354492188 3.5816881656646728516 3.8080549240112304688 3.5866806507110595703 3.860626220703125 3.3319947719573974609 4.2138381004333496094 4.481258392333984375 4.5105915069580078125 7.5026655197143554688 4.4414644241333007812 4.5500493049621582031 3.9158167839050292969 6.6078410148620605469 5.1772985458374023438 5.1990656852722167969 5.2994170188903808594
-9999 -9999 -9999 -9999 -9999 -9999 -9999 -9999 -9999 -9999 -9999 -9999 -9999 -9999 0.23639672994613647461 0.85972678661346435547 1.8044477701187133789 1.53192901611328125 0.80086719989776611328 1.4875242710113525391 1.5337903499603271484 2.5036375522613525391 2.5852987766265869141 2.3791940212249755859 4.2740521430969238281 6.5084638595581054688 3.6502392292022705078 3.8042473793029785156 3.9076533317565917969 3.3237769603729248047 4.1052765846252441406 4.1750168800354003906 4.3940753936767578125 4.3509707450866699219 7.7772870063781738281 4.3438854217529296875 4.630756378173828125 4.0161013603210449219 6.7877278327941894531 5.1529111862182617188 5.1427030563354492188 5.2103700637817382812
-9999 -9999 -9999 -9999 -9999 -9999 -9999 -9999 -9999 -9999 -9999 -9999 -9999 -9999 0.50078475475311279297 0.60214781761169433594 1.043497920036315918 1.0360628366470336914 0.98832225799560546875 1.9614408016204833984 1.8893642425537109375 4.71558380126953125 6.044376373291015625 3.0142321586608886719 3.354717254638671875 4.5225787162780761719 7.7862558364868164062 4.1346344947814941406 4.1749444007873535156 3.4513297080993652344 4.13452911376953125 4.357646942138671875 4.3440341949462890625 4.0549874305725097656 3.9845497608184814453 8.0631103515625 3.6838862895965576172 4.96390533447265625 4.8666906356811523438 7.6904110908508300781 5.1115717887878417969 5.2182450294494628906
-9999 -9999 -9999 -9999 -9999 -9999 -9999 -9999 -9999 -9999 -9999 -9999 1.3830662965774536133 0.85445618629455566406 0.85294359922409057617 1.1347539424896240234 1.0773441791534423828 0.27462691068649291992 1.292755126953125 1.6290706396102905273 5.5150980949401855469 4.6239070892333984375 3.4018373489379882812 4.9563155174255371094 3.1450340747833251953 3.4269430637359619141 8.224437713623046875 3.7580583095550537109 3.8849968910217285156 3.8878521919250488281 3.3210275173187255859 4.1490159034729003906 4.0781855583190917969 3.8444736003875732422 3.8348414897918701172 4.0755982398986816406 8.2368516921997070312 4.6950936317443847656 4.9648265838623046875 4.9895215034484863281 8.6322507858276367188 5.16483306884765625
-9999 -9999 -9999 -9999 -9999 -9999 -9999 -9999 -9999 -9999 -9999 -9999 -9999 1.3049528598785400391 0.98595422506332397461 1.0343018770217895508 0.43809437751770019531 0.92137753963470458984 1.2974206209182739258 4.3579735755920410156 2.3138036727905273438 2.2898302078247070312 4.0543122291564941406 4.7322983741760253906 5.9903855323791503906 6.1845593452453613281 6.2619218826293945312 6.3773698806762695312 3.0688767433166503906 3.4716513156890869141 3.7596821784973144531 3.7330710887908935547 3.6905777454376220703 3.4618763923645019531 3.6034286022186279297 4.2108101844787597656 4.7252821922302246094 8.546733856201171875 4.9239587783813476562 5.0455060005187988281 8.921062469482421875 5.028289794921875
-9999 -9999 -9999 -9999 -9999 -9999 -9999 -9999 -9999 -9999 -9999 -9999 -9999 -9999 -9999 0.69711309671401977539 0.2511768341064453125 0.98180174827575683594 1.8156325817108154297 4.7404012680053710938 3.5557560920715332031 2.9024868011474609375 2.4971549510955810547 2.2273550033569335938 2.387798309326171875 2.5997109413146972656 2.5949735641479492188 5.9141583442687988281 8.8135232925415039062 2.9081282615661621094 3.1935236454010009766 3.2454385757446289062 3.1546120643615722656 3.0885896682739257812 3.356578826904296875 4.0629453659057617188 4.4821677207946777344 4.5296435356140136719 7.6492404937744140625 4.8960161209106445312 9.2832708358764648438 4.9972095489501953125
-9999 -9999 -9999 -9999 -9999 -9999 -9999 -9999 -9999 -9999 -9999 -9999 -9999 -9999 -9999 -9999 0.80795127153396606445 1.0077589750289916992 3.3604245185852050781 2.6184492111206054688 2.1623234748840332031 1.9222489595413208008 1.9825605154037475586 2.1917784214019775391 2.4541113376617431641 2.7661583423614501953 2.79351806640625 2.5048143863677978516 2.4354865550994873047 9.1720428466796875 9.2814283370971679688 8.9972476959228515625 2.6960513591766357422 2.7734179496765136719 3.0415287017822265625 3.62009429931640625 4.8701114654541015625 5.7350530624389648438 4.0507450103759765625 7.0144147872924804688 4.9708805084228515625 10.789999961853027344
-9999 -9999 -9999 -9999 -9999 -9999 -9999 -9999 -9999 -9999 -9999 -9999 -9999 -9999 -9999 -9999 1.0702947378158569336 3.0463182926177978516 1.7052494287490844727 1.873728632926940918 1.9193896055221557617 4.4424924850463867188 4.35211181640625 4.4715986251831054688 4.5220775604248046875 4.5230545997619628906 4.2336268424987792969 3.6817440986633300781 3.3614413738250732422 3.2275550365447998047 2.9584069252014160156 2.7337067127227783203 8.7819366455078125 8.1772565841674804688 8.2949008941650390625 9.1652288436889648438 9.654315948486328125 9.9209527969360351562 10.55922698974609375 10.789999961853027344 10.789999961853027344 10.789999961853027344
-9999 -9999 -9999 -9999 -9999 -9999 -9999 -9999 -9999 -9999 -9999 -9999 -9999 -9999 -9999 1.0725198984146118164 3.6241741180419921875 1.6695311069488525391 3.6500034332275390625 4.4431934356689453125 4.6934561729431152344 2.0760746002197265625 2.6801307201385498047 3.3754777908325195312 3.1343376636505126953 4.3527517318725585938 4.8019738197326660156 5.0873765945434570312 4.88259124755859375 4.8599090576171875 4.5252599716186523438 3.9080035686492919922 3.2242553234100341797 2.4839620590209960938 2.1200988292694091797 2.3299856185913085938 7.265438079833984375 8.108448028564453125 8.876949310302734375 9.6930370330810546875 9.597690582275390625 8.5706024169921875
-9999 -9999 -9999 -9999 -9999 -9999 -9999 -9999 -9999 -9999 -9999 -9999 -9999 -9999 0.92538392543792724609 1.6348158121109008789 4.4905371665954589844 3.9053478240966796875 1.6689913272857666016 1.7852189540863037109 2.0548121929168701172 2.2504038810729980469 2.4345195293426513672 2.6472394466400146484 3.3740439414978027344 2.7307007312774658203 2.9060277938842773438 3.0759732723236083984 3.2533597946166992188 3.5400583744049072266 3.4603800773620605469 5.7123427391052246094 5.4991765022277832031 5.1213898658752441406 5.1300377845764160156 6.5862259864807128906 3.003742218017578125 3.61444091796875 4.2583036422729492188 4.9403352737426757812 5.3281345367431640625 5.2918615341186523438
-9999 -9999 -9999 -9999 -9999 -9999 -9999 -9999 -9999 -9999 -9999 -9999 -9999 -9999 1.0309615135192871094 6.7196989059448242188 1.9422527551651000977 1.9624069929122924805 1.9381062984466552734 1.9172387123107910156 1.9691940546035766602 2.1398608684539794922 2.4544117450714111328 2.599334716796875 2.7247104644775390625 2.6864519119262695312 2.8601300716400146484 3.2922918796539306641 4.3426227569580078125 5.1194181442260742188 5.5105614662170410156 3.2161455154418945312 3.0250558853149414062 2.9697256088256835938 4.2508363723754882812 3.2334864139556884766 3.5090296268463134766 3.8036355972290039062 4.1876387596130371094 4.6827826499938964844 5.1456303596496582031 5.665714263916015625
-9999 -9999 -9999 -9999 -9999 -9999 -9999 -9999 -9999 -9999 -9999 -9999 -9999 1.4526212215423583984 8.3997697830200195312 1.8713295459747314453 2.0117239952087402344 2.1400730609893798828 2.1453166007995605469 2.0894007682800292969 2.0640211105346679688 2.1328115463256835938 2.2779338359832763672 2.4826374053955078125 2.6541500091552734375 2.7223484516143798828 2.9391894340515136719 3.4008960723876953125 3.6852023601531982422 3.7640764713287353516 3.6852934360504150391 3.5088224411010742188 3.4970352649688720703 5.2366113662719726562 3.0112833976745605469 3.7504608631134033203 3.974597930908203125 4.1243939399719238281 4.3786745071411132812 4.7386407852172851562 5.1658902168273925781 5.5990786552429199219
-9999 -9999 -9999 -9999 -9999 -9999 -9999 -9999 -9999 -9999 -9999 -9999 0.894939422607421875 1.9135140180587768555 1.8831963539123535156 1.9301779270172119141 2.0301952362060546875 2.1663486957550048828 2.2170310020446777344 2.2108485698699951172 2.1778171062469482422 2.1458485126495361328 2.1866450309753417969 2.2980647087097167969 2.4629690647125244141 2.6365647315979003906 2.9287104606628417969 3.3930237293243408203 3.6705546379089355469 3.7707896232604980469 3.8221385478973388672 3.847900390625 5.1245474815368652344 3.9251816272735595703 3.1154339313507080078 3.88010406494140625 4.0140743255615234375 4.2071733474731445312 4.5208635330200195312 4.9060759544372558594 5.3202314376831054688 5.6468958854675292969
-9999 -9999 -9999 -9999 -9999 -9999 -9999 -9999 -9999 -9999 -9999 -9999 1.3754326105117797852 1.7271451950073242188 1.9029345512390136719 1.9975910186767578125 2.0705454349517822266 2.2066462039947509766 2.2907049655914306641 2.3220272064208984375 2.2911884784698486328 2.2047839164733886719 2.1857626438140869141 2.2313704490661621094 2.3578629493713378906 2.5419330596923828125 2.8065328598022460938 3.1965696811676025391 3.4114315509796142578 3.4853065013885498047 3.6097264289855957031 4.9426207542419433594 3.2164120674133300781 3.7653934955596923828 3.6912112236022949219 3.6637434959411621094 3.7429559230804443359 3.8827292919158935547 4.166057586669921875 4.504604339599609375 4.9243187904357910156 5.3315978050231933594
-9999 -9999 -9999 -9999 -9999 -9999 -9999 -9999 -9999 -9999 -9999 0.71902960538864135742 3.1369218826293945312 1.4706311225891113281 1.9310233592987060547 1.9580770730972290039 2.0916883945465087891 2.2387239933013916016 2.3430588245391845703 2.3877177238464355469 2.3713297843933105469 2.2888987064361572266 2.2702229022979736328 2.2936255931854248047 2.3705542087554931641 2.5083742141723632812 2.6629884243011474609 2.8773472309112548828 2.9598071575164794922 2.9360678195953369141 3.0430736541748046875 3.7355425357818603516 2.7647182941436767578 3.4082288742065429688 3.3546824455261230469 3.1693882942199707031 3.1725637912750244141 3.2984530925750732422 3.3438553810119628906 3.5437154769897460938 3.9666924476623535156 4.6239361763000488281
