tests/data/reference/gistest_nucice/full/mrsearstr_pa.asc
ncols        123
nrows        77
xllcorner    -713746.799299980048
yllcorner    -1061022.369616159936
cellsize     10.000000000000
NODATA_value -9999
[rows 38 to 56 of 77, columns 42 to 83 of 123]
4.6920628547668457031 4.8337216377258300781 4.9328222274780273438 5.1479039192199707031 5.3127255439758300781 5.4113717079162597656 4.1677651405334472656 3.8758134841918945312 3.868122100830078125 4.2819795608520507812 5.4488101005554199219 5.9023485183715820312 5.6929144859313964844 10.789999961853027344 10.789999961853027344 10.789999961853027344 10.789999961853027344 10.789999961853027344 10.789999961853027344 10.789999961853027344 10.789999961853027344 10.789999961853027344 10.789999961853027344 10.551286697387695312 10.076016426086425781 9.4975681304931640625 8.7885894775390625 10.789999961853027344 10.789999961853027344 3.0783858299255371094 3.4302873611450195312 4.0063571929931640625 10.789999961853027344 3.9653730392456054688 3.58286285400390625 3.3398191928863525391 3.3768374919891357422 3.765460968017578125 4.1921682357788085938 0 0 5.4243412017822265625
4.5455584526062011719 4.5963029861450195312 4.5971574783325195312 4.7214794158935546875 4.9081783294677734375 5.1057391166687011719 5.057018280029296875 4.735652923583984375 4.7046771049499511719 5.0686359405517578125 5.3698091506958007812 10.659999847412109375 10.659999847412109375 5.4190282821655273438 5.6751589775085449219 6.2815756797790527344 6.6150531768798828125 6.64287567138671875 6.5815882682800292969 6.4407472610473632812 6.2430443763732910156 6.1525483131408691406 5.8321413993835449219 5.4289999008178710938 4.9929943084716796875 4.5889911651611328125 5.7827315330505371094 6.4249792098999023438 5.3963832855224609375 10.789999961853027344 10.789999961853027344 10.789999961853027344 10.789999961853027344 9.3525257110595703125 3.0705783367156982422 3.18829345703125 3.3872919082641601562 3.9493918418884277344 0 0 4.0906958580017089844 6.8345022201538085938
4.58917236328125 4.3600034713745117188 4.2057585716247558594 4.2126893997192382812 4.4169421195983886719 4.7891516685485839844 4.9562411308288574219 4.8774924278259277344 4.7719492912292480469 4.7174634933471679688 10.239508628845214844 5.109546661376953125 5.4687662124633789062 5.7420759201049804688 6.226222991943359375 6.8925862312316894531 7.3203845024108886719 7.4916129112243652344 7.5824389457702636719 7.5680298805236816406 7.4332203865051269531 7.2046866416931152344 6.9127755165100097656 6.5675683021545410156 6.1764407157897949219 5.9543337821960449219 5.5649590492248535156 5.134975433349609375 6.2220635414123535156 6.4221048355102539062 7.00836181640625 10.789999961853027344 6.0568866729736328125 10.789999961853027344 7.2615389823913574219 2.5659005641937255859 3.1614375114440917969 3.2747883796691894531 0 3.8011178970336914062 4.8231334686279296875 7.6744704246520996094
4.3225088119506835938 4.0105137825012207031 3.8692345619201660156 3.9562056064605712891 4.15767669677734375 4.4432911872863769531 4.6196422576904296875 4.6990361213684082031 9.689701080322265625 9.5132265090942382812 4.5609498023986816406 4.9407582283020019531 5.2383456230163574219 5.4004426002502441406 5.71543121337890625 6.282466888427734375 6.7441182136535644531 7.0424647331237792969 7.337207794189453125 7.5411114692687988281 7.5591630935668945312 7.476886749267578125 7.4049916267395019531 7.3324189186096191406 7.1821746826171875 6.9779629707336425781 6.7610788345336914062 6.4751605987548828125 6.0703520774841308594 5.1919283866882324219 4.7541928291320800781 0 0 0 10.789999961853027344 6.5815052986145019531 2.8188264369964599609 0 0 3.9097058773040771484 4.6696376800537109375 7.4684553146362304688
5.2036776542663574219 4.4781241416931152344 4.0253424644470214844 3.8957016468048095703 4.0394759178161621094 4.0126476287841796875 3.9979205131530761719 8.8130950927734375 4.1444163322448730469 4.2009215354919433594 4.4487695693969726562 4.7791047096252441406 4.9704575538635253906 5.0170841217041015625 5.1757445335388183594 5.5822319984436035156 5.9577436447143554688 6.235736846923828125 6.6131792068481445312 7.0218963623046875 7.2366013526916503906 7.2995886802673339844 7.3955135345458984375 7.52783966064453125 7.5788836479187011719 7.5544223785400390625 7.5612478256225585938 7.5370426177978515625 7.229595184326171875 6.586612701416015625 6.2240505218505859375 6.1082835197448730469 5.6652607917785644531 0 0 0 10.789999961853027344 0 2.5871679782867431641 3.1502540111541748047 3.9433815479278564453 6.4450311660766601562
3.5177838802337646484 3.4787774085998535156 3.5719020366668701172 3.7974822521209716797 3.7855036258697509766 3.5405054092407226562 7.5427746772766113281 3.5691428184509277344 3.8414466381072998047 4.0605626106262207031 4.221393585205078125 4.3986802101135253906 4.5220923423767089844 4.5460443496704101562 4.6184253692626953125 4.8552861213684082031 5.0641908645629882812 5.1986684799194335938 5.5296812057495117188 6.0665349960327148438 6.4842343330383300781 6.7206397056579589844 6.9475007057189941406 7.2093782424926757812 7.4064769744873046875 7.5339479446411132812 7.7539038658142089844 8.0216054916381835938 8.0694169998168945312 7.8554911613464355469 7.5640048980712890625 7.4176058769226074219 6.7654948234558105469 5.805713653564453125 5.1189856529235839844 0 0 0 1.6856862306594848633 2.5264470577239990234 4.0445446968078613281 4.9449353218078613281
7.3361530303955078125 7.254306793212890625 6.9999170303344726562 6.6472387313842773438 7.611202239990234375 7.2749538421630859375 3.2231040000915527344 3.2654504776000976562 3.5278825759887695312 3.8096637725830078125 3.932781219482421875 4.0163221359252929688 4.1429347991943359375 4.2407770156860351562 4.3025612831115722656 4.4174566268920898438 4.5024576187133789062 4.5114221572875976562 4.7053027153015136719 5.1571574211120605469 5.5989775657653808594 5.9320383071899414062 6.2195324897766113281 7.1816401481628417969 6.764347076416015625 6.9634394645690917969 7.3052010536193847656 7.7531094551086425781 8.0067071914672851562 8.0460023880004882812 8.0385885238647460938 7.9667205810546875 7.5290913581848144531 6.476818084716796875 5.9993147850036621094 7.121044158935546875 0 0 0 0 4.0050649642944335938 3.6694416999816894531
4.130359649658203125 5.4037098884582519531 6.2874174118041992188 6.7438044548034667969 3.8392615318298339844 3.6276972293853759766 3.3713688850402832031 3.1245810985565185547 3.1371243000030517578 3.3697118759155273438 3.5057401657104492188 3.5721392631530761719 3.7770717144012451172 4.0349650382995605469 4.153087615966796875 4.1945099830627441406 4.2236695289611816406 4.1781477928161621094 4.190643310546875 4.3873276710510253906 4.7050638198852539062 5.0514698028564453125 6.7085328102111816406 5.5547690391540527344 5.767932891845703125 5.9519739151000976562 6.3416676521301269531 6.9048404693603515625 7.2399678230285644531 7.3553566932678222656 7.5719685554504394531 7.8798508644104003906 7.5883121490478515625 6.7513556480407714844 6.2299990653991699219 0 0 4.381500244140625 4.66058349609375 0 0 0
4.6438460350036621094 4.7025294303894042969 4.6320300102233886719 4.4007630348205566406 4.2133011817932128906 4.0317411422729492188 3.7304937839508056641 3.3247449398040771484 3.1128239631652832031 3.18011474609375 3.1878709793090820312 3.1136655807495117188 3.2918677330017089844 3.6698596477508544922 3.8575832843780517578 3.8445894718170166016 3.8826577663421630859 3.9354214668273925781 3.9272344112396240234 3.9387826919555664062 4.1287841796875 6.3269038200378417969 4.672145843505859375 4.770832061767578125 4.8558130264282226562 4.9512467384338378906 5.3530178070068359375 6.020038604736328125 6.4502043724060058594 6.5865044593811035156 6.920269012451171875 7.4681439399719238281 7.4910068511962890625 6.7993083000183105469 6.3975858688354492188 0 4.0056447982788085938 4.5772624015808105469 5.2567501068115234375 5.3519287109375 4.8184065818786621094 0
4.9996361732482910156 5.067226409912109375 5.0021347999572753906 4.7644381523132324219 4.52033233642578125 4.325428009033203125 4.0996222496032714844 3.745452880859375 3.41283416748046875 3.2604596614837646484 3.0580413341522216797 2.7593858242034912109 2.8109910488128662109 3.2331323623657226562 3.3761324882507324219 3.3520958423614501953 3.4117522239685058594 3.5786116123199462891 3.7655971050262451172 3.7319192886352539062 6.0646576881408691406 4.1555342674255371094 4.2691059112548828125 4.0873618125915527344 4.0460329055786132812 4.1533174514770507812 4.3249173164367675781 5.0268259048461914062 5.4840755462646484375 5.6256961822509765625 5.9857759475708007812 6.6060285568237304688 6.92626953125 7.0628557205200195312 5.2091135978698730469 0 4.0012903213500976562 4.7711329460144042969 5.5555787086486816406 5.9680848121643066406 5.8352580070495605469 5.3157830238342285156
5.0579876899719238281 5.1910429000854492188 5.2076582908630371094 5.0610432624816894531 4.8147630691528320312 4.5464735031127929688 4.3442797660827636719 4.1109771728515625 3.7848494052886962891 3.4932010173797607422 3.1582467555999755859 2.7296009063720703125 2.6581339836120605469 2.5078914165496826172 2.6612942218780517578 2.6362013816833496094 2.6699166297912597656 3.3539004325866699219 3.3915257453918457031 6.0818295478820800781 3.7080013751983642578 3.8793306350708007812 3.3307580947875976562 3.2240226268768310547 3.8827755451202392578 3.1122608184814453125 3.3015880584716796875 3.7576320171356201172 4.0305790901184082031 4.1010379791259765625 4.3500628471374511719 4.79674530029296875 6.637271881103515625 6.8436455726623535156 7.1984267234802246094 0 3.8314695358276367188 5.9549746513366699219 6.0710735321044921875 6.5426301956176757812 6.5679731369018554688 6.0751900672912597656
4.8517284393310546875 5.0473508834838867188 5.1761455535888671875 5.1890559196472167969 5.0311222076416015625 4.7273302078247070312 4.5094432830810546875 4.3956389427185058594 4.1428165435791015625 3.7815990447998046875 3.4036262035369873047 2.9654352664947509766 2.2928326129913330078 2.8455746173858642578 3.0263943672180175781 3.0263278484344482422 3.0225126743316650391 2.5344765186309814453 5.92276763916015625 3.3779249191284179688 2.9733932018280029297 3.1908705234527587891 3.8814175128936767578 3.8895854949951171875 3.1172077655792236328 3.7012066841125488281 3.9910304546356201172 4.4139804840087890625 4.6592111587524414062 4.6910519599914550781 4.8574662208557128906 5.209491729736328125 4.6494011878967285156 5.3473386764526367188 8.4416141510009765625 0 5.1831288337707519531 6.1642284393310546875 6.5653548240661621094 7.0656142234802246094 7.1481223106384277344 6.7093415260314941406
4.5437326431274414062 4.749271392822265625 4.9462890625 5.0907535552978515625 5.0552210807800292969 4.8170461654663085938 4.640811920166015625 4.6227221488952636719 4.4349446296691894531 4.0444126129150390625 3.691097259521484375 4.5715804100036621094 3.8879342079162597656 3.3947973251342773438 2.9958696365356445312 3.0044152736663818359 2.9692201614379882812 5.801029205322265625 3.0350954532623291016 2.7587413787841796875 3.4660649299621582031 3.7633061408996582031 3.8713495731353759766 3.8271050453186035156 3.8389463424682617188 3.9230425357818603516 4.1445851325988769531 4.5229172706604003906 4.7326550483703613281 4.7441229820251464844 4.7478542327880859375 4.7633943557739257812 5.1813349723815917969 6.0614066123962402344 6.5392117500305175781 0 5.2684664726257324219 5.3923182487487792969 6.9533648490905761719 7.6102480888366699219 7.7091236114501953125 7.4099268913269042969
4.1944718360900878906 4.3511571884155273438 4.5623822212219238281 4.7960839271545410156 4.8994650840759277344 4.8165826797485351562 4.7018194198608398438 4.712696075439453125 4.5746288299560546875 4.2305116653442382812 5.7378106117248535156 3.7826175689697265625 4.4742693901062011719 4.2059259414672851562 4.734424591064453125 5.6818213462829589844 5.9212737083435058594 2.9854044914245605469 3.0978183746337890625 3.4414005279541015625 3.6295166015625 3.6472039222717285156 3.6795787811279296875 3.7108139991760253906 3.8022174835205078125 3.9655582904815673828 5.2952489852905273438 5.1330862045288085938 5.0719971656799316406 5.1315813064575195312 4.95417022705078125 4.5157122611999511719 4.5804386138916015625 5.239765167236328125 5.8128561973571777344 0 5.225902557373046875 6.92032623291015625 7.6616473197937011719 8.1637697219848632812 8.2633104324340820312 7.9627604484558105469
4.0273861885070800781 4.0800099372863769531 4.2229776382446289062 4.4461717605590820312 4.6273417472839355469 4.5624985694885253906 4.5547595024108886719 4.5099544525146484375 4.3893995285034179688 6.6208462715148925781 4.1484327316284179688 4.0999493598937988281 3.0831942558288574219 3.3547823429107666016 3.3795225620269775391 3.2148311138153076172 3.2233643531799316406 3.14733123779296875 3.3053328990936279297 3.7294132709503173828 3.8556396961212158203 3.6331267356872558594 3.5253250598907470703 3.5500161647796630859 3.6452298164367675781 3.8063535690307617188 3.4245967864990234375 4.6724066734313964844 5.2812294960021972656 5.578273773193359375 5.2688155174255371094 4.3404583930969238281 4.1239004135131835938 4.6816835403442382812 4.3037199974060058594 0 5.2826352119445800781 7.0456185340881347656 7.9471774101257324219 8.55231475830078125 8.7170572280883789062 8.2784719467163085938
4.0622706413269042969 3.9866402149200439453 4.0165081024169921875 4.1714911460876464844 3.5162637233734130859 3.6697700023651123047 3.6934239864349365234 3.5985319614410400391 7.2321753501892089844 4.2403035163879394531 4.2196493148803710938 4.3170390129089355469 4.0282449722290039062 4.0294094085693359375 3.1489470005035400391 3.2422635555267333984 3.3108534812927246094 3.3145186901092529297 3.5566973686218261719 5.0307712554931640625 4.5529189109802246094 3.8735651969909667969 3.5909278392791748047 3.4572207927703857422 3.4720730781555175781 3.6145863533020019531 4.0174698829650878906 4.6969051361083984375 5.2860312461853027344 5.7470026016235351562 5.4144682884216308594 4.2627248764038085938 5.2237596511840820312 5.9879589080810546875 6.0319375991821289062 0 5.4040627479553222656 7.2076544761657714844 8.2061586380004882812 9.0018396377563476562 9.0406351089477539062 8.4086151123046875
4.105743408203125 4.0182623863220214844 4.0408349037170410156 4.199245452880859375 4.3519878387451171875 4.5169811248779296875 7.3164954185485839844 7.6733136177062988281 4.2674713134765625 4.257579803466796875 4.3318610191345214844 4.5191783905029296875 5.4251708984375 3.5175712108612060547 3.2092609405517578125 3.3104197978973388672 3.405040740966796875 3.4494388103485107422 3.7183861732482910156 4.2847661972045898438 4.4919867515563964844 4.2539052963256835938 3.9124333858489990234 3.5455737113952636719 3.4571921825408935547 3.6329054832458496094 4.0041742324829101562 4.5836157798767089844 5.1265201568603515625 5.607696533203125 5.2823834419250488281 4.0786333084106445312 3.1386380195617675781 3.8878819942474365234 5.4673752784729003906 0 5.5843997001647949219 7.4786953926086425781 8.5087976455688476562 9.2788515090942382812 9.2622251510620117188 8.429172515869140625
4.0807089805603027344 4.0571026802062988281 4.1396384239196777344 4.3443684577941894531 5.6154322624206542969 6.6311740875244140625 4.5242528915405273438 4.3331575393676757812 4.3197717666625976562 4.4290094375610351562 4.5273137092590332031 4.6799674034118652344 4.4068264961242675781 3.6932625770568847656 3.3870148658752441406 3.4665944576263427734 3.5599114894866943359 3.6294145584106445312 3.8456270694732666016 3.4786825180053710938 5.8629498481750488281 6.816608428955078125 5.8958535194396972656 6.9194169044494628906 7.1716017723083496094 7.1193909645080566406 7.1098957061767578125 7.1595349311828613281 7.1206040382385253906 6.9769110679626464844 6.0589728355407714844 4.4773168563842773438 3.9951634407043457031 5.1308956146240234375 0 0 5.9307880401611328125 7.8804049491882324219 8.758480072021484375 9.2039175033569335938 9.1044797897338867188 8.5238256454467773438
4.0527625083923339844 4.0594730377197265625 4.183475494384765625 4.4323511123657226562 4.5815167427062988281 4.6240506172180175781 4.562480926513671875 4.3967180252075195312 4.4741845130920410156 4.7339777946472167969 4.8080377578735351562 4.7794179916381835938 4.508892059326171875 3.9501996040344238281 3.6731867790222167969 3.6943607330322265625 3.787128448486328125 3.9359264373779296875 4.0883936882019042969 5.3928232192993164062 4.5624485015869140625 4.7955260276794433594 5.8951349258422851562 4.1424775123596191406 3.9953455924987792969 5.3836598396301269531 5.050304412841796875 4.823184967041015625 5.1344919204711914062 5.4844298362731933594 5.3479824066162109375 4.6348557472229003906 4.6976065635681152344 5.6549916267395019531 0 4.5175881385803222656 6.3316397666931152344 7.9968504905700683594 8.5389394760131835938 8.565052032470703125 8.5138235092163085938 8.4858655929565429688
