tests/data/reference/gistest_nucice/full/mrsearstr_pa.asc
ncols        123
nrows        77
xllcorner    -713746.799299980048
yllcorner    -1061022.369616159936
cellsize     10.000000000000
NODATA_value  -9999
[rows 19 to 37 of 77, columns 42 to 83 of 123]
1.5986423492431640625 1.5885827541351318359 1.5741714239120483398 1.5408573150634765625 1.4986114501953125 1.4651753902435302734 1.4652954339981079102 1.4487578868865966797 1.6089507341384887695 1.6871813535690307617 1.735019683837890625 1.7697027921676635742 1.815095067024230957 1.8615372180938720703 1.8616310358047485352 1.8147294521331787109 1.7669537067413330078 1.7214627265930175781 1.6618150472640991211 1.5870914459228515625 1.4990926980972290039 1.4272465705871582031 1.4123796224594116211 1.4426465034484863281 1.4576553106307983398 1.396877288818359375 1.2020709514617919922 0.99972832202911376953 0.80082714557647705078 0.69572228193283081055 0.59926724433898925781 0.63093745708465576172 0.62969362735748291016 0.66965019702911376953 0.89974212646484375 1.1313544511795043945 1.226786494255065918 1.1269466876983642578 -9999 -9999 -9999 -9999
1.6880797147750854492 1.6994141340255737305 1.676247715950012207 1.6417744159698486328 1.6145253181457519531 1.5985860824584960938 1.606852412223815918 1.5719044208526611328 1.7146382331848144531 1.7418175935745239258 1.7612164020538330078 1.8139677047729492188 1.8745412826538085938 1.9093548059463500977 1.9052360057830810547 1.8768486976623535156 1.8445374965667724609 1.7944399118423461914 1.7248256206512451172 1.6371338367462158203 1.5738958120346069336 1.5622621774673461914 1.575037837028503418 1.5989871025085449219 1.5590662956237792969 1.4112373590469360352 1.252216339111328125 0.98679614067077636719 0.87718659639358520508 0.81540018320083618164 0.75126504898071289062 0.63956695795059204102 0.57438546419143676758 0.6594912409782409668 0.9033749699592590332 1.1154612302780151367 1.2924504280090332031 1.317188262939453125 1.1506084203720092773 1.0084652900695800781 -9999 -9999
1.7460732460021972656 1.7766472101211547852 1.7522729635238647461 1.7098839282989501953 1.6787214279174804688 1.6795382499694824219 1.715517878532409668 1.7693589925765991211 1.6985108852386474609 1.7811644077301025391 1.7855590581893920898 1.8702589273452758789 1.9441138505935668945 1.9492441415786743164 1.9241770505905151367 1.8932639360427856445 1.8484348058700561523 1.7846421003341674805 1.7306625843048095703 1.6992959976196289062 1.7006472349166870117 1.704405665397644043 1.6741281747817993164 1.6299954652786254883 1.5090475082397460938 1.3296636343002319336 1.2446761131286621094 1.0649721622467041016 0.98840749263763427734 0.9302113652229309082 0.88868629932403564453 0.8611443638801574707 0.82004606723785400391 0.85280466079711914062 0.85319638252258300781 0.91053694486618041992 1.10414886474609375 1.2455748319625854492 1.4008201360702514648 1.3544225692749023438 1.0708394050598144531 -9999
1.7337388992309570312 1.7732232809066772461 1.7589082717895507812 1.7250173091888427734 1.7006577253341674805 1.714785456657409668 1.7648366689682006836 1.8169343471527099609 1.8292013406753540039 1.7113271951675415039 1.8429597616195678711 1.9460198879241943359 2.0007028579711914062 1.964024662971496582 1.9227075576782226562 1.8953571319580078125 1.851052403450012207 1.7866829633712768555 1.752257227897644043 1.7642338275909423828 1.7739548683166503906 1.7434713840484619141 1.6849807500839233398 1.6129497289657592773 1.4680113792419433594 1.2907526493072509766 1.2193723917007446289 1.0821416378021240234 1.061385035514831543 1.0461475849151611328 1.0458313226699829102 1.0758020877838134766 1.0935157537460327148 1.013416290283203125 0.86184257268905639648 0.92099535465240478516 0.99208176136016845703 1.1591700315475463867 1.2637419700622558594 1.3156414031982421875 1.1985400915145874023 0.9472115635871887207
1.6508449316024780273 1.6878076791763305664 1.6943352222442626953 1.686173558235168457 1.6804786920547485352 1.7035216093063354492 1.7513333559036254883 1.7930654287338256836 1.8206537961959838867 1.7540732622146606445 1.9409017562866210938 2.0248899459838867188 2.0170562267303466797 1.9493693113327026367 1.9138261079788208008 1.903942108154296875 1.8693695068359375 1.8012802600860595703 1.7614654302597045898 1.7648456096649169922 1.7462631464004516602 1.7084665298461914062 1.6710318326950073242 1.5943696498870849609 1.4412180185317993164 1.2571427822113037109 1.1520872116088867188 1.0301342010498046875 1.0880124568939208984 1.1600704193115234375 1.2212021350860595703 1.2764430046081542969 1.2936413288116455078 1.2339825630187988281 1.0822602510452270508 1.0505733489990234375 0.96188986301422119141 0.87024331092834472656 0.84410715103149414062 0.88820296525955200195 1.0947468280792236328 1.1317819356918334961
1.6073415279388427734 1.6387002468109130859 1.6586817502975463867 1.6722055673599243164 1.6878522634506225586 1.7255872488021850586 1.7800509929656982422 1.8294278383255004883 1.7712719440460205078 1.9598711729049682617 2.0388567447662353516 2.0727438926696777344 2.0271918773651123047 1.9569977521896362305 1.9135483503341674805 1.8890351057052612305 1.8445639610290527344 1.778881072998046875 1.7508758306503295898 1.7579094171524047852 1.7449200153350830078 1.7250826358795166016 1.6717852354049682617 1.5535434484481811523 1.4021761417388916016 1.251267552375793457 1.1822223663330078125 1.086880803108215332 1.1639021635055541992 1.2685329914093017578 1.3611236810684204102 1.4289017915725708008 1.4442334175109863281 1.4078516960144042969 1.3254746198654174805 1.1821495294570922852 0.95055556297302246094 0.84723770618438720703 0.75535738468170166016 0.78591567277908325195 1.0101084709167480469 1.1065431833267211914
1.6050027608871459961 1.6291365623474121094 1.6547266244888305664 1.6852190494537353516 1.725001215934753418 1.7839962244033813477 1.8562417030334472656 1.9348454475402832031 2.0122609138488769531 1.9594433307647705078 2.1147644519805908203 2.1062018871307373047 2.0640521049499511719 1.9863945245742797852 1.8985667228698730469 1.8229289054870605469 1.7607820034027099609 1.7334553003311157227 1.7562181949615478516 1.7912622690200805664 1.7891695499420166016 1.7467367649078369141 1.6400765180587768555 1.493885040283203125 1.3831293582916259766 1.3136777877807617188 1.3291406631469726562 1.2502015829086303711 1.2951792478561401367 1.3759535551071166992 1.4657801389694213867 1.5325345993041992188 1.543643951416015625 1.5119791030883789062 1.4559950828552246094 1.3694255352020263672 1.2629271745681762695 1.1655393838882446289 1.0196183919906616211 0.94506132602691650391 0.88664722442626953125 0.89603424072265625
1.5757739543914794922 1.6024957895278930664 1.6514182090759277344 1.7205309867858886719 1.8021371364593505859 1.8818240165710449219 1.9552320241928100586 2.0435278415679931641 2.1318557262420654297 2.0418789386749267578 2.1637904644012451172 2.1298868656158447266 2.0619037151336669922 1.9522488117218017578 1.838744044303894043 1.7565761804580688477 1.7208542823791503906 1.7512316703796386719 1.79935455322265625 1.8245630264282226562 1.8047319650650024414 1.7294272184371948242 1.6158688068389892578 1.5046156644821166992 1.4295254945755004883 1.3793367147445678711 1.3989936113357543945 1.298480987548828125 1.3284331560134887695 1.3966802358627319336 1.4708485603332519531 1.5258715152740478516 1.5380865335464477539 1.5283197164535522461 1.5182160139083862305 1.5046103000640869141 1.4829202890396118164 1.4321192502975463867 1.3172483444213867188 1.1213818788528442383 0.92816007137298583984 0.89998412132263183594
1.5187711715698242188 1.5598086118698120117 1.6511908769607543945 1.782975316047668457 1.9229092597961425781 2.0174019336700439453 2.07083892822265625 2.1458251476287841797 2.2197134494781494141 2.2374315261840820312 2.2116341590881347656 1.9912405014038085938 1.997862696647644043 1.8560644388198852539 1.7576406002044677734 1.7295786142349243164 1.7533448934555053711 1.8121826648712158203 1.8414630889892578125 1.8311954736709594727 1.7908600568771362305 1.7173556089401245117 1.6450079679489135742 1.5846631526947021484 1.5111553668975830078 1.4064613580703735352 1.3609406948089599609 1.2296231985092163086 1.2630078792572021484 1.3263365030288696289 1.3723229169845581055 1.4082455635070800781 1.4280563592910766602 1.4560240507125854492 1.5087761878967285156 1.56519317626953125 1.6047765016555786133 1.5961079597473144531 1.5210452079772949219 1.3933429718017578125 1.2396287918090820312 1.1107807159423828125
1.5569604635238647461 1.6330646276473999023 1.746280670166015625 1.8938640356063842773 2.0338723659515380859 2.1089940071105957031 2.1432061195373535156 2.2107322216033935547 2.2647497653961181641 2.2528185844421386719 2.1862366199493408203 2.0587933063507080078 1.9194065332412719727 1.7952252626419067383 1.6325355768203735352 1.7395234107971191406 1.7784911394119262695 1.8386812210083007812 1.8668895959854125977 1.8529890775680541992 1.8099102973937988281 1.740077972412109375 1.6735054254531860352 1.6041370630264282227 1.4980866909027099609 1.3600933551788330078 1.3220458030700683594 1.2323524951934814453 1.2912029027938842773 1.3619265556335449219 1.4033710956573486328 1.4283679723739624023 1.4373381137847900391 1.4605096578598022461 1.52400970458984375 1.6121209859848022461 1.6863068342208862305 1.6967386007308959961 1.6383506059646606445 1.5547878742218017578 1.4338781833648681641 1.2552469968795776367
1.7056217193603515625 1.8255647420883178711 1.9341996908187866211 2.0447506904602050781 2.1256411075592041016 2.1535563468933105469 2.173458099365234375 2.2367982864379882812 2.2624468803405761719 2.1986620426177978516 2.0897393226623535156 1.9595755338668823242 1.8499943017959594727 1.787371516227722168 1.6662741899490356445 1.7575408220291137695 1.7703779935836791992 1.8442567586898803711 1.9061185121536254883 1.906197667121887207 1.860339045524597168 1.7743667364120483398 1.6685353517532348633 1.5347144603729248047 1.3849335908889770508 1.2717154026031494141 1.2549569606781005859 1.3867013454437255859 1.419468998908996582 1.5125112533569335938 1.5718835592269897461 1.5876457691192626953 1.5636564493179321289 1.5424686670303344727 1.5666429996490478516 1.6489337682723999023 1.7288789749145507812 1.7308855056762695312 1.6632543802261352539 1.5891402959823608398 1.4940781593322753906 1.3462872505187988281
1.6477035284042358398 1.6794656515121459961 1.8530968427658081055 1.8014256954193115234 1.9128125905990600586 1.9871568679809570312 2.0691206455230712891 2.1494457721710205078 2.1327717304229736328 2.0167462825775146484 1.89307403564453125 1.7979931831359863281 1.7560144662857055664 1.7621306180953979492 1.778248906135559082 1.6784173250198364258 1.7938606739044189453 1.8769190311431884766 1.9196127653121948242 1.8783786296844482422 1.7997668981552124023 1.6875903606414794922 1.5603642463684082031 1.42026519775390625 1.3177398443222045898 1.2991753816604614258 1.3649337291717529297 1.4821474552154541016 1.6791445016860961914 1.6720103025436401367 1.7053838968276977539 1.6867918968200683594 1.6352362632751464844 1.5978646278381347656 1.6112568378448486328 1.6881971359252929688 1.7459131479263305664 1.7328599691390991211 1.6848694086074829102 1.644578099250793457 1.5878190994262695312 1.4724496603012084961
1.2404329776763916016 1.1167138814926147461 1.2524019479751586914 1.453123927116394043 1.7295302152633666992 1.6497218608856201172 1.8513654470443725586 1.947378993034362793 1.8674231767654418945 1.7082483768463134766 1.6012347936630249023 1.5832912921905517578 1.6381447315216064453 1.7135857343673706055 1.7730691432952880859 1.8161274194717407227 1.7626209259033203125 1.9091334342956542969 1.8552798032760620117 1.7368621826171875 1.6136212348937988281 1.4805051088333129883 1.3726342916488647461 1.3138527870178222656 1.343677520751953125 1.4483935832977294922 1.5773395299911499023 1.7131586074829101562 1.9064910411834716797 1.8243423700332641602 1.7905749082565307617 1.7205507755279541016 1.6517949104309082031 1.6271537542343139648 1.658123016357421875 1.7231237888336181641 1.7329182624816894531 1.7036758661270141602 1.6999638080596923828 1.7155930995941162109 1.7114975452423095703 1.631140589714050293
1.7756929397583007812 1.5515881776809692383 1.3643224239349365234 1.2819789648056030273 1.312758326530456543 1.446642756462097168 1.4993253946304321289 1.6579234600067138672 1.3440138101577758789 1.257037043571472168 1.2353026866912841797 1.3071696758270263672 1.4215863943099975586 1.5300947427749633789 1.5303195714950561523 1.7172863483428955078 1.7981450557708740234 1.8110094070434570312 1.7447472810745239258 1.6470121145248413086 1.5512007474899291992 1.4542992115020751953 1.4052369594573974609 1.4210512638092041016 1.5025178194046020508 1.6234238147735595703 1.7329893112182617188 1.8222907781600952148 1.9583851099014282227 1.8056499958038330078 1.7484546899795532227 1.6873613595962524414 1.6487299203872680664 1.6568018198013305664 1.7018736600875854492 1.7410831451416015625 1.7010776996612548828 1.6427066326141357422 1.6418148279190063477 1.6723998785018920898 1.6997207403182983398 1.7545566558837890625
1.9640076160430908203 1.9644453525543212891 1.9557036161422729492 1.9852958917617797852 1.85129547119140625 1.7017673254013061523 1.7778198719024658203 1.1281735897064208984 0.95076215267181396484 0.85895591974258422852 0.84137803316116333008 0.99545890092849731445 1.1236959695816040039 1.2349313497543334961 1.3563592433929443359 1.4789215326309204102 1.5825694799423217773 1.6385164260864257812 1.6614307165145874023 1.6708718538284301758 1.6635614633560180664 1.6535850763320922852 1.6730787754058837891 1.7057080268859863281 1.7406709194183349609 1.7799724340438842773 1.7944467067718505859 1.7785933017730712891 1.7097433805465698242 1.7226629257202148438 1.5904558897018432617 1.5939068794250488281 1.6294625997543334961 1.6885988712310791016 1.7410663366317749023 1.7416509389877319336 1.6500694751739501953 1.5509154796600341797 1.5151655673980712891 1.5198824405670166016 1.6453970670700073242 1.5657709836959838867
1.8250483274459838867 2.1594676971435546875 2.2150597572326660156 2.2172019481658935547 2.228885650634765625 2.1554768085479736328 1.9150010347366333008 1.6174671649932861328 1.2083753347396850586 0.85040509700775146484 0.79993271827697753906 0.98080724477767944336 1.1033331155776977539 1.2394875288009643555 1.2228791713714599609 1.375912785530090332 1.5073287487030029297 1.6036818027496337891 1.6898529529571533203 1.7607417106628417969 1.8091731071472167969 1.8560657501220703125 1.9058146476745605469 1.9286077022552490234 1.9205930233001708984 1.886362910270690918 1.8122640848159790039 1.7104299068450927734 1.5833842754364013672 1.7458893060684204102 1.4235970973968505859 1.4430028200149536133 1.5180916786193847656 1.608187556266784668 1.6578037738800048828 1.6252864599227905273 1.5099461078643798828 1.4183374643325805664 1.3962540626525878906 1.4038232564926147461 1.5412163734436035156 1.5374528169631958008
1.7768812179565429688 1.8057378530502319336 1.8486795425415039062 2.1385471820831298828 2.1848485469818115234 2.2286729812622070312 2.1721847057342529297 1.8816921710968017578 1.5834777355194091797 1.3571501970291137695 1.1638983488082885742 1.1406731605529785156 1.279267430305480957 1.2692251205444335938 1.4023904800415039062 1.6048551797866821289 1.7956433296203613281 1.9248005151748657227 2.0423114299774169922 2.1364865303039550781 2.2105712890625 2.2854790687561035156 2.3395907878875732422 2.3495721817016601562 2.3123507499694824219 2.2036473751068115234 2.032329559326171875 1.8483970165252685547 1.664540410041809082 1.499550938606262207 1.4995008707046508789 1.4026331901550292969 1.4944225549697875977 1.6022715568542480469 1.4500885009765625 1.3928978443145751953 1.2853748798370361328 1.2416778802871704102 1.2760034799575805664 1.3213858604431152344 1.4857552051544189453 1.5508921146392822266
1.6920297145843505859 1.6768906116485595703 1.7089455127716064453 1.7813097238540649414 1.852681279182434082 2.1670534610748291016 2.1189854145050048828 1.9341256618499755859 1.8017333745956420898 1.6045961380004882812 1.3858760595321655273 1.5409411191940307617 1.5257756710052490234 1.4650629758834838867 1.5289804935455322266 1.8106740713119506836 1.9762607812881469727 1.8666907548904418945 1.8970329761505126953 1.9247090816497802734 1.9589016437530517578 2.0057454109191894531 2.0126078128814697266 1.976261138916015625 2.0656864643096923828 1.8025671243667602539 1.6761403083801269531 1.5668503046035766602 1.4584202766418457031 1.3578201532363891602 1.2376363277435302734 1.3765952587127685547 1.560967564582824707 1.5296616554260253906 1.4619157314300537109 1.3620727062225341797 1.1252628564834594727 1.1329026222229003906 1.2179185152053833008 1.3040044307708740234 1.4848779439926147461 0
1.4927451610565185547 1.4709862470626831055 1.4964759349822998047 1.5668278932571411133 1.6241457462310791016 1.670895695686340332 1.7332457304000854492 1.8064844608306884766 1.7334595918655395508 1.6935067176818847656 1.7305456399917602539 1.8503508567810058594 1.7901921272277832031 1.5125356912612915039 1.4857579469680786133 1.7103704214096069336 1.7689378261566162109 1.7724258899688720703 1.6523245573043823242 1.5464029312133789062 1.4783371686935424805 1.4464229345321655273 1.3686934709548950195 1.2452274560928344727 1.1289366483688354492 1.0840878486633300781 1.0644834041595458984 1.1026538610458374023 1.1808898448944091797 1.2462011575698852539 1.3483891487121582031 1.4899287223815917969 1.6753395795822143555 1.5139600038528442383 1.3557939529418945312 1.2214829921722412109 1.1682528257369995117 1.0947086811065673828 1.2321151494979858398 1.3571996688842773438 0 6.6159219741821289062
