tests/data/reference/gistest_nucice/full/mrsearstr_pa.asc
ncols        123
nrows        77
xllcorner    -713746.799299980048
yllcorner    -1061022.369616159936
cellsize     10.000000000000
NODATA_value  -9999
[rows 38 to 56 of 77, columns 42 to 83 of 123]
4.6628470420837402344 4.8231015205383300781 4.930637359619140625 5.1467275619506835938 5.3113608360290527344 5.4102697372436523438 4.1277332305908203125 3.8392019271850585938 3.831600189208984375 4.2418284416198730469 5.4135222434997558594 5.8874650001525878906 5.6905059814453125 10.789999961853027344 10.789999961853027344 10.789999961853027344 10.789999961853027344 10.789999961853027344 10.789999961853027344 10.789999961853027344 10.789999961853027344 10.789999961853027344 10.789999961853027344 10.617937088012695312 10.118974685668945312 9.53726959228515625 8.8310022354125976562 10.789999961853027344 10.789999961853027344 3.0829291343688964844 3.4333074092864990234 4.0068078041076660156 10.789999961853027344 3.9678165912628173828 3.5857629776000976562 3.3423533439636230469 3.3788189888000488281 3.7677061557769775391 4.1918382644653320312 5.207721710205078125 10.659999847412109375 5.4111156463623046875
4.517787933349609375 4.5869035720825195312 4.5958108901977539062 4.72103118896484375 4.9071488380432128906 5.1043295860290527344 5.0563969612121582031 4.7367191314697265625 4.7057504653930664062 5.0676970481872558594 5.3675470352172851562 10.659999847412109375 10.659999847412109375 5.4169368743896484375 5.6731538772583007812 6.2777423858642578125 6.6105475425720214844 6.6397523880004882812 6.5802836418151855469 6.4411139488220214844 6.2451105117797851562 6.1578202247619628906 5.83904266357421875 5.4372510910034179688 5.002349853515625 4.5991535186767578125 5.7961916923522949219 6.4410724639892578125 5.4115400314331054688 10.789999961853027344 10.789999961853027344 10.789999961853027344 10.789999961853027344 9.4279451370239257812 3.0736222267150878906 3.1897842884063720703 3.3877506256103515625 3.9490475654602050781 5.1885838508605957031 2.0708849430084228516 10.659999847412109375 6.8328714370727539062
4.5781407356262207031 4.3583045005798339844 4.2066478729248046875 4.2132472991943359375 4.4163231849670410156 4.787174224853515625 4.9542903900146484375 4.8769297599792480469 4.7723956108093261719 4.718021392822265625 10.297786712646484375 5.1059961318969726562 5.4647183418273925781 5.7379984855651855469 6.2208285331726074219 6.8845281600952148438 7.31073760986328125 7.4823279380798339844 7.574047088623046875 7.5606465339660644531 7.427547454833984375 7.2014889717102050781 6.9120321273803710938 6.5688252449035644531 6.179553985595703125 5.9607391357421875 5.5729894638061523438 5.1443505287170410156 6.2362756729125976562 6.4378795623779296875 7.0270905494689941406 10.789999961853027344 6.0845885276794433594 10.789999961853027344 7.3201379776000976562 2.5684390068054199219 3.1623356342315673828 3.2465806007385253906 2.3853113651275634766 7.0047516822814941406 10.659999847412109375 7.6789264678955078125
4.3197431564331054688 4.0111017227172851562 3.8704886436462402344 3.9564709663391113281 4.156829833984375 4.441619873046875 4.6179947853088378906 4.6979899406433105469 9.7435455322265625 9.5668230056762695312 4.5581121444702148438 4.9372267723083496094 5.2343645095825195312 5.3964290618896484375 5.7105083465576171875 6.2752776145935058594 6.7351574897766113281 7.0328826904296875 7.32696533203125 7.5302681922912597656 7.5490617752075195312 7.4689230918884277344 7.3991460800170898438 7.3281164169311523438 7.1794962882995605469 6.9771180152893066406 6.7618994712829589844 6.4775648117065429688 6.0767827033996582031 5.2018847465515136719 4.7653799057006835938 0 0 0 10.789999961853027344 6.6351332664489746094 2.81909942626953125 4.2123889923095703125 8.7105150222778320312 5.3892412185668945312 9.6281909942626953125 7.479885101318359375
5.2206864356994628906 4.4951753616333007812 4.0436315536499023438 3.895008087158203125 4.0382637977600097656 4.0121812820434570312 3.9979407787322998047 8.8637027740478515625 4.1415758132934570312 4.198028564453125 4.4454655647277832031 4.7751922607421875 4.9663228988647460938 5.01314544677734375 5.1715259552001953125 5.5767350196838378906 5.951107025146484375 6.2283849716186523438 6.6044259071350097656 7.0112524032592773438 7.2253699302673339844 7.28936767578125 7.3863606452941894531 7.5194058418273925781 7.5714364051818847656 7.5482349395751953125 7.5560011863708496094 7.5326027870178222656 7.2273583412170410156 6.5882821083068847656 6.230289459228515625 6.1155047416687011719 5.6718616485595703125 0 0 0 10.789999961853027344 3.4868533611297607422 4.1098809242248535156 3.8064165115356445312 7.8183646202087402344 6.4573955535888671875
3.5182058811187744141 3.4791543483734130859 3.5717263221740722656 3.7964739799499511719 3.78490447998046875 3.5412151813507080078 7.5843143463134765625 3.5692183971405029297 3.8400111198425292969 4.0578455924987792969 4.218048095703125 4.3951053619384765625 4.5184268951416015625 4.5425252914428710938 4.615093231201171875 4.8517546653747558594 5.0604681968688964844 5.1947226524353027344 5.5244135856628417969 6.0588507652282714844 6.4747738838195800781 6.7106614112854003906 6.9373898506164550781 7.1992645263671875 7.3966364860534667969 7.5244364738464355469 7.7440676689147949219 8.0109806060791015625 8.0595388412475585938 7.8486027717590332031 7.5603098869323730469 7.4169802665710449219 6.7684206962585449219 5.8110609054565429688 5.126483917236328125 0 0 0 10.789999961853027344 3.2596070766448974609 7.013278961181640625 4.956508636474609375
7.3725976943969726562 7.2934260368347167969 7.041172027587890625 6.6899895668029785156 7.6551918983459472656 7.316638946533203125 3.2259061336517333984 3.2674715518951416016 3.5282070636749267578 3.8081188201904296875 3.9303925037384033203 4.01371002197265625 4.1397886276245117188 4.2370767593383789062 4.2989978790283203125 4.4144005775451660156 4.4998383522033691406 4.5089082717895507812 4.7020540237426757812 5.1521840095520019531 5.5922822952270507812 5.9241213798522949219 6.2109036445617675781 7.24298095703125 6.7553510665893554688 6.9539651870727539062 7.2941293716430664062 7.7398977279663085938 7.9933109283447265625 8.0346326828002929688 8.0296640396118164062 7.9591736793518066406 7.5257582664489746094 6.4800119400024414062 6.0029273033142089844 7.1365900039672851562 2.2547726631164550781 0 0 0 7.4256196022033691406 3.6796555519104003906
4.1320676803588867188 5.4159445762634277344 6.3042402267456054688 6.7637920379638671875 3.8426291942596435547 3.6310877799987792969 3.3747859001159667969 3.1279139518737792969 3.1395504474639892578 3.3705523014068603516 3.5055155754089355469 3.5712425708770751953 3.7747406959533691406 4.0308833122253417969 4.1486997604370117188 4.1910672187805175781 4.2201504707336425781 4.1749029159545898438 4.1874980926513671875 4.3837485313415527344 4.7013278007507324219 5.0463604927062988281 6.7580823898315429688 5.5491352081298828125 5.7619261741638183594 5.9435977935791015625 6.3311495780944824219 6.8931412696838378906 7.225284576416015625 7.3423662185668945312 7.5598669052124023438 7.8668050765991210938 7.5774326324462890625 6.7481184005737304688 6.2306485176086425781 7.7891697883605957031 2.3874297142028808594 7.9500145912170410156 6.4972181320190429688 0 0 0
4.6436915397644042969 4.7028436660766601562 4.6331300735473632812 4.4029836654663085938 4.21613311767578125 4.0347638130187988281 3.7337758541107177734 3.3283531665802001953 3.1161856651306152344 3.1825251579284667969 3.1895172595977783203 3.1147003173828125 3.2911822795867919922 3.6667730808258056641 3.8538465499877929688 3.8371644020080566406 3.87531280517578125 3.9277803897857666016 3.9197845458984375 3.9368376731872558594 4.1256351470947265625 6.3680706024169921875 4.6685795783996582031 4.7667584419250488281 4.8446512222290039062 4.9393029212951660156 5.3474440574645996094 6.0011949539184570312 6.4287457466125488281 6.5650095939636230469 6.8970689773559570312 7.4409575462341308594 7.4635415077209472656 6.7773332595825195312 6.3964681625366210938 4.0985574722290039062 3.9885222911834716797 4.5335264205932617188 5.2231612205505371094 5.3414087295532226562 4.8194952011108398438 0
4.9976282119750976562 5.0655941963195800781 5.0013151168823242188 4.7650175094604492188 4.522090911865234375 4.3278479576110839844 4.1023578643798828125 3.7484807968139648438 3.4160697460174560547 3.2635364532470703125 3.0609371662139892578 2.7620377540588378906 2.8122801780700683594 3.2321033477783203125 3.3590955734252929688 3.3352551460266113281 3.3944153785705566406 3.5598623752593994141 3.7632391452789306641 3.7251508235931396484 6.099834442138671875 4.152736663818359375 4.2605004310607910156 4.0639200210571289062 4.0230183601379394531 4.1524076461791992188 4.2994127273559570312 4.9945712089538574219 5.4468903541564941406 5.5867671966552734375 5.9430527687072753906 6.5564064979553222656 6.8724164962768554688 7.0548124313354492188 5.15671539306640625 5.5664229393005371094 4.2248473167419433594 4.7432985305786132812 5.5237445831298828125 5.9544253349304199219 5.8328909873962402344 5.3181238174438476562
5.05516815185546875 5.1881012916564941406 5.2050561904907226562 5.0595808029174804688 4.8147816658020019531 4.5478200912475585938 4.3462338447570800781 4.1131377220153808594 3.7875142097473144531 3.4963843822479248047 3.1616611480712890625 2.7329950332641601562 2.6606032848358154297 2.4867575168609619141 2.6384863853454589844 2.6136686801910400391 2.6470141410827636719 3.3527541160583496094 3.3743607997894287109 6.1133904457092285156 3.7059042453765869141 3.8579044342041015625 3.3004422187805175781 3.1949226856231689453 3.8821380138397216797 3.0844273567199707031 3.2716050148010253906 3.7223963737487792969 3.9921579360961914062 4.06179046630859375 4.3078827857971191406 4.7492671012878417969 6.6301198005676269531 6.7909574508666992188 7.1734476089477539062 7.4745993614196777344 10.659999847412109375 10.449887275695800781 9.8221435546875 9.8294849395751953125 9.2765216827392578125 8.2375965118408203125
4.8492498397827148438 5.0441980361938476562 5.1726260185241699219 5.1859173774719238281 5.0292134284973144531 4.7271876335144042969 4.5103473663330078125 4.3967986106872558594 4.1445474624633789062 3.7843062877655029297 3.4068067073822021484 2.9687900543212890625 2.2740094661712646484 2.8327722549438476562 3.0223226547241210938 3.0255949497222900391 3.0224568843841552734 2.5130541324615478516 5.9502701759338378906 3.3767201900482177734 2.9471223354339599609 3.1621470451354980469 3.8598926067352294922 3.8833866119384765625 3.0893182754516601562 3.68129730224609375 3.9841170310974121094 4.4109373092651367188 4.6568479537963867188 4.689861297607421875 4.8565592765808105469 5.2076406478881835938 4.6036753654479980469 5.2932868003845214844 8.42472076416015625 10.659999847412109375 10.12778472900390625 8.7242803573608398438 7.8467340469360351562 7.4800653457641601562 7.1658983230590820312 6.7114949226379394531
4.5422372817993164062 4.7469372749328613281 4.9431543350219726562 5.0872039794921875 5.0522150993347167969 4.8155732154846191406 4.6404876708984375 4.6213994026184082031 4.4344282150268554688 4.0451326370239257812 3.6924977302551269531 4.5949683189392089844 3.911548614501953125 3.4195640087127685547 2.9961731433868408203 3.00443267822265625 2.9693198204040527344 5.825653076171875 3.0354442596435546875 2.7348601818084716797 3.4482595920562744141 3.7568290233612060547 3.8695695400238037109 3.8268151283264160156 3.8389546871185302734 3.9227464199066162109 4.143566131591796875 4.5208282470703125 4.7305588722229003906 4.7431306838989257812 4.7476220130920410156 4.7633137702941894531 5.1797709465026855469 6.0565185546875 6.5314726829528808594 3.2824463844299316406 9.4697246551513671875 5.3377275466918945312 6.8997559547424316406 7.5834698677062988281 7.7009153366088867188 7.4096732139587402344
4.194225311279296875 4.3503413200378417969 4.5606451034545898438 4.7933268547058105469 4.8964366912841796875 4.8143734931945800781 4.691921234130859375 4.7030224800109863281 4.5657663345336914062 4.2233343124389648438 5.7624468803405761719 3.7840681076049804688 4.4853425025939941406 4.2169260978698730469 4.7486352920532226562 5.7023568153381347656 5.9445581436157226562 2.9861998558044433594 3.09833526611328125 3.4403982162475585938 3.6280074119567871094 3.6464700698852539062 3.6793055534362792969 3.7106120586395263672 3.8018033504486083984 3.9647228717803955078 5.3066077232360839844 5.1489243507385253906 5.0791764259338378906 5.1315779685974121094 4.9544062614440917969 4.5176100730895996094 4.5815949440002441406 5.2375011444091796875 5.8066802024841308594 2.3678183555603027344 5.1733031272888183594 6.8657484054565429688 7.6345186233520507812 8.155284881591796875 8.2572841644287109375 7.9609980583190917969
4.0275526046752929688 4.080097198486328125 4.2224454879760742188 4.4446711540222167969 4.6253046989440917969 4.5345320701599121094 4.5267539024353027344 4.4823560714721679688 4.363006591796875 6.6454396247863769531 4.1488714218139648438 4.1005005836486816406 3.0556888580322265625 3.3575377464294433594 3.3922104835510253906 3.2158219814300537109 3.2235891819000244141 3.1479094028472900391 3.3056032657623291016 3.7279770374298095703 3.8540661334991455078 3.6333072185516357422 3.5261323451995849609 3.5503108501434326172 3.6449072360992431641 3.8055324554443359375 3.3932068347930908203 4.6434621810913085938 5.2677259445190429688 5.5733294486999511719 5.26837158203125 4.3440217971801757812 4.1271753311157226562 4.6809816360473632812 4.2620868682861328125 2.8880283832550048828 10.134041786193847656 10.17876434326171875 9.6040105819702148438 9.1684427261352539062 8.7495050430297851562 8.2784566879272460938
4.0620245933532714844 3.9868769645690917969 4.0166482925415039062 4.1710772514343261719 3.4838204383850097656 3.6355535984039306641 3.6589334011077880859 3.5651395320892333984 7.2563643455505371094 4.2407422065734863281 4.2200145721435546875 4.3173937797546386719 4.0293154716491699219 4.0417113304138183594 3.1521158218383789062 3.2435879707336425781 3.3113081455230712891 3.3150758743286132812 3.55667877197265625 5.0423254966735839844 4.5674071311950683594 3.8811507225036621094 3.5934808254241943359 3.4585311412811279297 3.4724893569946289062 3.6141350269317626953 4.0156273841857910156 4.6929941177368164062 5.2811255455017089844 5.7424674034118652344 5.4134759902954101562 4.266834259033203125 5.2368564605712890625 6.0037569999694824219 6.0508894920349121094 3.1399393081665039062 10.49883270263671875 10.465753555297851562 10.007048606872558594 9.735080718994140625 9.075778961181640625 8.413387298583984375
4.1051969528198242188 4.0183033943176269531 4.0408539772033691406 4.1987848281860351562 4.3512244224548339844 4.5159020423889160156 7.3369259834289550781 7.6970243453979492188 4.2684264183044433594 4.2581906318664550781 4.3323521614074707031 4.5197482109069824219 5.4375047683715820312 3.5213754177093505859 3.2126290798187255859 3.3122055530548095703 3.4060373306274414062 3.4503216743469238281 3.7185900211334228516 4.2835106849670410156 4.4900031089782714844 4.2538270950317382812 3.9140176773071289062 3.5476882457733154297 3.4585180282592773438 3.6327219009399414062 4.0024280548095703125 4.5802059173583984375 5.1222372055053710938 5.6034145355224609375 5.2813940048217773438 4.0828213691711425781 3.1105062961578369141 3.8511295318603515625 5.4302163124084472656 3.1884779930114746094 10.659999847412109375 10.659999847412109375 10.659999847412109375 10.659999847412109375 10.543796539306640625 8.8324327468872070312
4.0801405906677246094 4.0568375587463378906 4.1391096115112304688 4.3432488441467285156 5.6267113685607910156 6.6474819183349609375 4.5243043899536132812 4.3341226577758789062 4.3206567764282226562 4.4292445182800292969 4.5276041030883789062 4.6808710098266601562 4.4091234207153320312 3.6967928409576416016 3.3900818824768066406 3.4687130451202392578 3.5613770484924316406 3.6305468082427978516 3.8462381362915039062 3.4466717243194580078 5.8758945465087890625 6.834514617919921875 5.9139733314514160156 6.9417662620544433594 7.1962537765502929688 7.1457376480102539062 7.1385531425476074219 7.1925325393676757812 7.1582407951354980469 7.0188045501708984375 6.1010851860046386719 4.5143566131591796875 3.99828338623046875 5.1276378631591796875 6.1580719947814941406 7.7640962600708007812 6.1630039215087890625 7.8540701866149902344 8.7272634506225585938 9.1922788619995117188 9.1012811660766601562 8.5254449844360351562
4.0511789321899414062 4.0580468177795410156 4.1824774742126464844 4.4303674697875976562 4.5793051719665527344 4.6224074363708496094 4.5615396499633789062 4.3966827392578125 4.4738025665283203125 4.7324681282043457031 4.8068852424621582031 4.780155181884765625 4.5109696388244628906 3.9512550830841064453 3.6752097606658935547 3.6959881782531738281 3.7883348464965820312 3.9365189075469970703 4.0886297225952148438 5.4046330451965332031 4.5619630813598632812 4.7944326400756835938 5.9071078300476074219 4.1446022987365722656 3.9978549480438232422 5.3966488838195800781 5.0661807060241699219 4.8310790061950683594 5.1337327957153320312 5.4818854331970214844 5.3469867706298828125 4.6372885704040527344 4.6995191574096679688 5.651824951171875 7.3939304351806640625 5.4629588127136230469 6.2917332649230957031 7.9363317489624023438 8.5071859359741210938 8.557140350341796875 8.5130977630615234375 8.4862070083618164062
