tests/data/reference/gistest_nucice/full/mrsearstr_pa.asc
ncols        123
nrows        77
xllcorner    -713746.799299980048
yllcorner    -1061022.369616159936
cellsize     10.000000000000
NODATA_value  -9999
[rows 38 to 56 of 77, columns 42 to 83 of 123]
1.4792464971542358398 1.4679505825042724609 1.4925125837326049805 1.5607608556747436523 1.6100710630416870117 1.6380679607391357422 1.5061908960342407227 1.3925055265426635742 1.3895232677459716797 1.7001932859420776367 1.91681671142578125 2.0085170269012451172 1.9138150215148925781 1.7006740570068359375 1.6271340847015380859 1.8142119646072387695 1.8815934658050537109 1.8020130395889282227 1.7146182060241699219 1.6248205900192260742 1.5535782575607299805 1.508221745491027832 1.4779539108276367188 1.3780658245086669922 1.2582812309265136719 1.1286672353744506836 0.97172307968139648438 1.0120416879653930664 1.0394489765167236328 1.0238845348358154297 1.1470705270767211914 1.3501956462860107422 1.5175112485885620117 1.3233276605606079102 1.1955791711807250977 1.1171205043792724609 1.1331549882888793945 1.246091008186340332 1.2692228555679321289 0 1.5824762582778930664 1.648398280143737793
1.4309962987899780273 1.3935637474060058594 1.3885101079940795898 1.4292533397674560547 1.4878017902374267578 1.5481040477752685547 1.5276076793670654297 1.4234933853149414062 1.4194687604904174805 1.5399786233901977539 1.6314445734024047852 1.7952420711517333984 1.8025634288787841797 1.6385071277618408203 1.7154248952865600586 1.9037067890167236328 1.998303532600402832 1.9960237741470336914 1.9703198671340942383 1.9214677810668945312 1.8564041852951049805 2.0030460357666015625 1.8937180042266845703 1.7573657035827636719 1.6109975576400756836 1.4771504402160644531 1.4592086076736450195 1.3212406635284423828 1.0886682271957397461 0.96506553888320922852 0.98279231786727905273 1.2170528173446655273 1.2213597297668457031 1.0699009895324707031 1.0227921009063720703 1.0704005956649780273 1.1416226625442504883 1.3360149860382080078 0 1.2986675500869750977 1.4760893583297729492 1.7688249349594116211
1.400876164436340332 1.3131284713745117188 1.2664567232131958008 1.2723888158798217773 1.3391389846801757812 1.4565492868423461914 1.5029482841491699219 1.4725252389907836914 1.4390374422073364258 1.4236522912979125977 1.5347270965576171875 1.5586513280868530273 1.6677138805389404297 1.7498009204864501953 1.9052616357803344727 2.1195898056030273438 2.2482440471649169922 2.2920098304748535156 2.3129777908325195312 2.2999486923217773438 2.2486906051635742188 2.1706082820892333984 2.0754573345184326172 1.9642148017883300781 1.8386354446411132812 1.9376267194747924805 1.8035924434661865234 1.6566925048828125 1.5495129823684692383 1.3006441593170166016 1.2392823696136474609 0 1.1451065540313720703 0.78623235225677490234 0.72119504213333129883 0.85261249542236328125 1.0606209039688110352 1.2705316543579101562 1.2674514055252075195 3.8425164222717285156 1.5130264759063720703 1.7720531225204467773
1.3081655502319335938 1.2051293849945068359 1.1650588512420654297 1.1966950893402099609 1.2609347105026245117 1.3497232198715209961 1.4008991718292236328 1.4222252368927001953 1.4652316570281982422 1.409209132194519043 1.3877198696136474609 1.5061686038970947266 1.5963760614395141602 1.6448664665222167969 1.7470655441284179688 1.9315643310546875 2.0757153034210205078 2.1651055812835693359 2.2557761669158935547 2.3143014907836914062 2.3087899684906005859 2.2730493545532226562 2.2450919151306152344 2.2176506519317626953 2.1642754077911376953 2.0949962139129638672 2.0237507820129394531 1.9303470849990844727 1.9709010124206542969 1.6667765378952026367 1.5250388383865356445 0 0 0 0.56518423557281494141 0.60891586542129516602 0.9543120265007019043 0 2.9685373306274414062 2.2491338253021240234 1.541741490364074707 1.7136576175689697266
1.1703393459320068359 1.0927796363830566406 1.0970848798751831055 1.1826772689819335938 1.2245148420333862305 1.212275385856628418 1.2074807882308959961 1.3008409738540649414 1.2665834426879882812 1.2795231342315673828 1.3551474809646606445 1.4589130878448486328 1.5175484418869018555 1.5299406051635742188 1.581015467643737793 1.7132613658905029297 1.832266688346862793 1.9193860292434692383 2.0418894290924072266 2.1709015369415283203 2.2286252975463867188 2.2368199825286865234 2.2603735923767089844 2.2970342636108398438 2.306304931640625 2.2920663356781005859 2.2900080680847167969 2.2762644290924072266 2.1682753562927246094 1.9564856290817260742 2.0180463790893554688 1.9823552370071411133 1.8621525764465332031 0 0 0 0 0.99139112234115600586 1.0316028594970703125 1.1317199468612670898 1.3107284307479858398 1.6251919269561767578
1.0608829259872436523 1.050034642219543457 1.0809894800186157227 1.152459263801574707 1.144228816032409668 1.0648213624954223633 1.0851497650146484375 1.0844527482986450195 1.173069000244140625 1.2403533458709716797 1.2873589992523193359 1.3419485092163085938 1.3801107406616210938 1.3851374387741088867 1.405984044075012207 1.4811987876892089844 1.5469259023666381836 1.5892463922500610352 1.6983880996704101562 1.8728916645050048828 2.0016667842864990234 2.0690217018127441406 2.134979248046875 2.2134387493133544922 2.2706165313720703125 2.3058505058288574219 2.3732244968414306641 2.4535136222839355469 2.4566855430603027344 2.3764424324035644531 2.2774665355682373047 2.4460330009460449219 2.2111690044403076172 1.9108711481094360352 1.6870430707931518555 0 0 0 1.864789128303527832 0.86126118898391723633 1.0934239625930786133 1.3231273889541625977
1.1486679315567016602 1.1341167688369750977 1.1405231952667236328 1.1286171674728393555 1.1356791257858276367 1.0512160062789916992 0.96476417779922485352 0.98282289505004882812 1.0726318359375 1.1654462814331054688 1.201747894287109375 1.2260924577713012695 1.266150355339050293 1.2943991422653198242 1.3088443279266357422 1.3424657583236694336 1.3686209917068481445 1.3710203170776367188 1.4351989030838012695 1.5835822820663452148 1.7258101701736450195 1.8293609619140625 1.9160327911376953125 2.0056309700012207031 2.0827734470367431641 2.1437022686004638672 2.2531881332397460938 2.3936238288879394531 2.4623999595642089844 2.4624190330505371094 2.4540488719940185547 2.42440032958984375 2.4929668903350830078 2.1157495975494384766 1.9986044168472290039 0.02644346281886100769 1.3892619609832763672 0 0 0 0.97677755355834960938 1.0145232677459716797
1.2370270490646362305 1.3411568403244018555 1.3305584192276000977 1.2634165287017822266 1.1469585895538330078 1.0831365585327148438 1.0050411224365234375 0.93165087699890136719 0.9423516392707824707 1.0215966701507568359 1.0653375387191772461 1.0872083902359008789 1.1561536788940429688 1.2381786108016967773 1.2690674066543579102 1.2771810293197631836 1.2860050201416015625 1.2705230712890625 1.2733548879623413086 1.337012171745300293 1.4406791925430297852 1.5509694814682006836 1.6330869197845458984 1.703427433967590332 1.7712380886077880859 1.8308513164520263672 1.9590287208557128906 2.1384699344635009766 2.2326755523681640625 2.25597381591796875 2.321735382080078125 2.4158267974853515625 2.3041508197784423828 2.2200176715850830078 2.0450823307037353516 0 1.5116609334945678711 4.3620014190673828125 2.7357017993927001953 0 0 0
1.3984426259994506836 1.4146896600723266602 1.3900456428527832031 1.3162815570831298828 1.2600331306457519531 1.2063755989074707031 1.1140115261077880859 0.9891993403434753418 0.9276580810546875 0.95464348793029785156 0.96041393280029296875 0.94072335958480834961 1.0046222209930419922 1.1284557580947875977 1.1815543174743652344 1.1744765043258666992 1.1867541074752807617 1.2029504776000976562 1.1969349384307861328 1.1951853036880493164 1.2571603059768676758 1.3633911609649658203 1.4255912303924560547 1.4543930292129516602 1.4883608818054199219 1.5213409662246704102 1.6498324871063232422 1.8724398612976074219 1.9984282255172729492 2.0299944877624511719 2.1365640163421630859 2.3117835521697998047 2.3029086589813232422 2.0629041194915771484 1.9188892841339111328 0 0 1.8289535045623779297 1.8362205028533935547 1.8079149723052978516 1.6090749502182006836 0
1.5151237249374389648 1.5329289436340332031 1.5084254741668701172 1.4303656816482543945 1.3537359237670898438 1.2952060699462890625 1.2277784347534179688 1.1187463998794555664 1.0170592069625854492 0.973785400390625 0.91444110870361328125 0.82538276910781860352 0.84928190708160400391 0.98802572488784790039 1.0560512542724609375 1.0451997518539428711 1.0655404329299926758 1.1206936836242675781 1.1477397680282592773 1.1373142004013061523 1.1750241518020629883 1.2667745351791381836 1.3015486001968383789 1.2789273262023925781 1.2670233249664306641 1.260746002197265625 1.363384246826171875 1.5988392829895019531 1.7457076311111450195 1.7883876562118530273 1.9113019704818725586 2.1214838027954101562 2.2228417396545410156 2.1544189453125 1.9190059900283813477 0 0 1.8580640554428100586 1.9442725181579589844 2.0276117324829101562 1.9638408422470092773 1.7761361598968505859
1.5393025875091552734 1.5786166191101074219 1.5794953107833862305 1.5282903909683227539 1.4473527669906616211 1.3629634380340576172 1.3032014369964599609 1.2327474355697631836 1.1307787895202636719 1.0417919158935546875 0.94128805398941040039 0.81198155879974365234 0.79624611139297485352 0.87319523096084594727 0.93025404214859008789 0.92089897394180297852 0.93347066640853881836 1.0201146602630615234 1.0606894493103027344 1.0821470022201538086 1.1285015344619750977 1.2157553434371948242 1.1828438043594360352 1.1421968936920166016 1.1725606918334960938 1.0997850894927978516 1.1717216968536376953 1.3467552661895751953 1.4526541233062744141 1.4801250696182250977 1.5776469707489013672 1.754210352897644043 2.0475292205810546875 2.19741058349609375 2.1977508068084716797 0 0 3.5002410411834716797 2.3586380481719970703 2.2250034809112548828 2.217754364013671875 2.0328416824340820312
1.4775909185409545898 1.5389248132705688477 1.5767747163772583008 1.576310276985168457 1.5209889411926269531 1.4220522642135620117 1.3554247617721557617 1.3221006393432617188 1.2414195537567138672 1.1288422346115112305 1.0148659944534301758 0.88201159238815307617 0.79375016689300537109 0.8836822509765625 0.9190565943717956543 0.91463273763656616211 0.91309970617294311523 0.88306075334548950195 0.96700400114059448242 1.0278171300888061523 1.047303318977355957 1.1296002864837646484 1.2124053239822387695 1.1771104335784912109 1.1016590595245361328 1.1534776687622070312 1.2135879993438720703 1.3439309597015380859 1.4150075912475585938 1.4190008640289306641 1.4715399742126464844 1.5831675529479980469 1.6957409381866455078 1.9746185541152954102 2.3308243751525878906 0.012305368669331073761 5.3361682891845703125 3.533451080322265625 2.3706707954406738281 2.4057364463806152344 2.4162585735321044922 2.2478182315826416016
1.3820089101791381836 1.4486041069030761719 1.5102280378341674805 1.5530930757522583008 1.5360553264617919922 1.4554055929183959961 1.3989715576171875 1.3947930335998535156 1.3338972330093383789 1.2108081579208374023 1.1036802530288696289 0.99912416934967041016 0.92306381464004516602 0.9045651555061340332 0.9048976898193359375 0.90789949893951416016 0.89646756649017333984 0.91469514369964599609 0.91733539104461669922 0.9666640162467956543 1.0814191102981567383 1.145263671875 1.1725980043411254883 1.1556761264801025391 1.159958958625793457 1.1871066093444824219 1.2573857307434082031 1.3760907649993896484 1.4362796545028686523 1.4344398975372314453 1.4345772266387939453 1.4395349025726318359 1.575616002082824707 1.8567725419998168945 2.0157272815704345703 1.7206943035125732422 5.3790264129638671875 1.9927550554275512695 2.4338028430938720703 2.6006135940551757812 2.6049349308013916016 2.48758697509765625
1.2695941925048828125 1.3214212656021118164 1.3897218704223632812 1.4637235403060913086 1.4929496049880981445 1.4615623950958251953 1.4274127483367919922 1.4303721189498901367 1.3860970735549926758 1.2769839763641357422 1.1957445144653320312 1.1352374553680419922 1.1001944541931152344 1.0058579444885253906 0.97363668680191040039 0.98638767004013061523 0.97524750232696533203 0.89758515357971191406 0.93458056449890136719 1.0467526912689208984 1.1016504764556884766 1.1028918027877807617 1.1124211549758911133 1.1219029426574707031 1.1507974863052368164 1.2019492387771606445 1.3667746782302856445 1.4551829099655151367 1.5351723432540893555 1.5531034469604492188 1.4930837154388427734 1.3542612791061401367 1.3836852312088012695 1.5997347831726074219 1.7892726659774780273 1.5669090747833251953 1.925750732421875 2.2110249996185302734 2.3459711074829101562 2.7291598320007324219 2.7985780239105224609 2.6750237941741943359
1.2141809463500976562 1.23273468017578125 1.2806886434555053711 1.3531790971755981445 1.4092274904251098633 1.4357193708419799805 1.4301148653030395508 1.4145264625549316406 1.3756192922592163086 1.2977758646011352539 1.2513471841812133789 1.2360775470733642578 1.0887800455093383789 1.0003454685211181641 0.94693922996520996094 0.97165280580520629883 0.97367000579833984375 0.94784474372863769531 0.99822765588760375977 1.1358944177627563477 1.1690658330917358398 1.093616485595703125 1.0622762441635131836 1.0727592706680297852 1.103409886360168457 1.1537557840347290039 1.2186926603317260742 1.4749115705490112305 1.6159424781799316406 1.6948146820068359375 1.5858980417251586914 1.2913935184478759766 1.2383263111114501953 1.4268492460250854492 1.5594481229782104492 1.6196731328964233398 5.4187793731689453125 4.0692667961120605469 2.7110388278961181641 2.6102030277252197266 2.9052331447601318359 2.7839264869689941406
1.2258515357971191406 1.2021365165710449219 1.2132670879364013672 1.2631373405456542969 1.2538126707077026367 1.3128449916839599609 1.3219654560089111328 1.2854156494140625 1.3245958089828491211 1.2803395986557006836 1.2738806009292602539 1.3036508560180664062 1.2110460996627807617 1.0167164802551269531 0.94235777854919433594 0.97897768020629882812 1.0001652240753173828 0.99952477216720581055 1.0764806270599365234 1.3017901182174682617 1.2765309810638427734 1.1595425605773925781 1.0783411264419555664 1.0411370992660522461 1.0489635467529296875 1.0951045751571655273 1.2232186794281005859 1.4370224475860595703 1.6148242950439453125 1.7508522272109985352 1.6301876306533813477 1.2638722658157348633 1.2684793472290039062 1.4908764362335205078 1.6466945409774780273 1.6385592222213745117 5.5479021072387695312 4.1794247627258300781 2.8217618465423583984 2.7534923553466796875 2.7380487918853759766 2.7727138996124267578
1.2416467666625976562 1.2128942012786865234 1.2205328941345214844 1.2703114748001098633 1.3184909820556640625 1.3690423965454101562 1.4390075206756591797 1.3774363994598388672 1.2870911359786987305 1.2847443819046020508 1.3065321445465087891 1.3644003868103027344 1.3397556543350219727 1.0452569723129272461 0.95862281322479248047 0.99717479944229125977 1.0269963741302490234 1.039645075798034668 1.1248215436935424805 1.3041892051696777344 1.363627314567565918 1.2809215784072875977 1.1743071079254150391 1.0630791187286376953 1.041744232177734375 1.1010353565216064453 1.2186055183410644531 1.3999969959259033203 1.5647284984588623047 1.7088989019393920898 1.5905793905258178711 1.2078701257705688477 1.1097809076309204102 1.397186279296875 1.7370184659957885742 1.6900674104690551758 5.7456989288330078125 4.3673987388610839844 2.9640984535217285156 2.8373875617980957031 2.8032720088958740234 2.5240764617919921875
1.2341214418411254883 1.2259727716445922852 1.2525885105133056641 1.316762089729309082 1.4276810884475708008 1.4559080600738525391 1.3645735979080200195 1.3036189079284667969 1.3024355173110961914 1.3369804620742797852 1.3634772300720214844 1.4097754955291748047 1.3221138715744018555 1.0994544029235839844 1.011076807975769043 1.0415134429931640625 1.0717737674713134766 1.0928361415863037109 1.1597163677215576172 1.2394024133682250977 1.4623191356658935547 1.4672954082489013672 1.3047635555267333984 1.2028118371963500977 1.1571654081344604492 1.1765786409378051758 1.2731060981750488281 1.4033967256546020508 1.5339549779891967773 1.6595369577407836914 1.5562076568603515625 1.2058986425399780273 1.2020505666732788086 1.5789804458618164062 1.8974691629409790039 0 2.2113583087921142578 2.5320947170257568359 2.6859552860260009766 2.7974464893341064453 2.7505724430084228516 2.5586733818054199219
1.2258130311965942383 1.2279045581817626953 1.2679498195648193359 1.3463969230651855469 1.3891770839691162109 1.3983018398284912109 1.3761104345321655273 1.32300567626953125 1.3509424924850463867 1.4327754974365234375 1.4477058649063110352 1.4353325366973876953 1.3541597127914428711 1.1814212799072265625 1.0974903106689453125 1.1079072952270507812 1.1394890546798706055 1.1868426799774169922 1.2322832345962524414 1.3615518808364868164 1.3817431926727294922 1.4543650150299072266 1.4775353670120239258 1.2372537851333618164 1.1964381933212280273 1.3463139533996582031 1.3709050416946411133 1.4593939781188964844 1.5601203441619873047 1.6671603918075561523 1.614170074462890625 1.3846343755722045898 1.4179513454437255859 1.7337282896041870117 0 0 2.3072688579559326172 2.5614063739776611328 2.6078732013702392578 2.5893881320953369141 2.5704553127288818359 2.5626559257507324219
