tests/data/reference/gistest_nucice/full/mrsearstr_pa.asc
ncols        123
nrows        77
xllcorner    -713746.799299980048
yllcorner    -1061022.369616159936
cellsize     10.000000000000
NODATA_value  -9999
[rows 57 to 75 of 77, columns 42 to 83 of 123]
3.9978387355804443359 4.0174584388732910156 4.158420562744140625 4.4443926811218261719 4.6454019546508789062 4.7218785285949707031 4.6661968231201171875 4.5091810226440429688 4.6834278106689453125 5.1267137527465820312 5.13777923583984375 4.7934932708740234375 4.544460296630859375 4.306354522705078125 4.0629096031188964844 3.9734356403350830078 4.0335240364074707031 4.2454171180725097656 4.3715190887451171875 4.400028228759765625 4.570159912109375 4.8712549209594726562 4.8494668006896972656 4.44866943359375 4.3404641151428222656 4.6126646995544433594 6.1847195625305175781 7.576885223388671875 8.8520517349243164062 8.5698251724243164062 7.9481554031372070312 6.9946069717407226562 6.5070066452026367188 6.4247465133666992188 10.659999847412109375 10.128881454467773438 6.2582659721374511719 7.6164488792419433594 7.9002695083618164062 7.7436618804931640625 7.921146392822265625 8.47885894775390625
3.9071016311645507812 3.8538606166839599609 3.9467730522155761719 4.2000131607055664062 4.3768854141235351562 4.5009875297546386719 4.4773306846618652344 4.3332600593566894531 4.5777988433837890625 5.2829890251159667969 5.2559008598327636719 4.3571310043334960938 4.3363895416259765625 4.3644728660583496094 4.2474875450134277344 4.1164469718933105469 4.1409912109375 4.3538794517517089844 4.489955902099609375 4.4950671195983886719 4.5985403060913085938 4.8421750068664550781 4.8951039314270019531 4.6679911613464355469 4.6090979576110839844 4.8302559852600097656 5.102985382080078125 5.3899450302124023438 5.6745524406433105469 7.5808339118957519531 6.9687490463256835938 6.3079738616943359375 6.25185394287109375 6.5801172256469726562 8.8881244659423828125 7.2735962867736816406 6.1630845069885253906 7.2723956108093261719 7.4297337532043457031 7.2929701805114746094 10.659999847412109375 10.659999847412109375
3.63201141357421875 3.5857648849487304688 3.7218220233917236328 3.6944334506988525391 3.7789962291717529297 3.8577203750610351562 4.0257964134216308594 3.9046928882598876953 4.2436237335205078125 4.9722971916198730469 4.0813336372375488281 4.14466094970703125 3.8654568195343017578 4.09799957275390625 4.1932687759399414062 4.1032681465148925781 4.104888916015625 4.2599682807922363281 4.4292473793029785156 4.5339484214782714844 4.6139349937438964844 4.7332520484924316406 4.8285202980041503906 4.7971844673156738281 4.7939858436584472656 4.9288935661315917969 5.1668944358825683594 5.4860548973083496094 5.8310761451721191406 6.1739702224731445312 8.2021303176879882812 8.6315183639526367188 9.1183872222900390625 10.659999847412109375 10.659999847412109375 10.659999847412109375 10.02741241455078125 9.5123147964477539062 10.659999847412109375 10.659999847412109375 7.6749095916748046875 10.659999847412109375
2.9054739475250244141 3.5983850955963134766 2.9575181007385253906 2.9664297103881835938 2.9337544441223144531 3.5462634563446044922 3.4752902984619140625 3.6636395454406738281 3.3052997589111328125 3.9864032268524169922 4.70574188232421875 3.7548744678497314453 3.2824246883392333984 3.8109333515167236328 4.0338788032531738281 4.034893035888671875 4.0168957710266113281 4.0503168106079101562 4.2324490547180175781 4.5125317573547363281 4.6250629425048828125 4.6377816200256347656 4.7633681297302246094 4.9264874458312988281 5.0150933265686035156 5.0917963981628417969 5.2804484367370605469 5.5700225830078125 5.9139790534973144531 6.3010034561157226562 4.9854922294616699219 4.9991431236267089844 6.8514690399169921875 5.7043128013610839844 6.7484002113342285156 6.4900255203247070312 7.6635255813598632812 10.659999847412109375 9.4432849884033203125 7.267543792724609375 7.1661601066589355469 7.7761588096618652344
3.2230458259582519531 2.8521025180816650391 3.4865751266479492188 3.5968983173370361328 3.4669938087463378906 2.6115908622741699219 3.2601420879364013672 2.9600148200988769531 3.9202201366424560547 4.6846766471862792969 4.5230288505554199219 2.6956198215484619141 2.9996254444122314453 3.3428564071655273438 3.6747841835021972656 3.7956326007843017578 3.7804582118988037109 3.6864175796508789062 3.9823935031890869141 4.3516087532043457031 4.5533304214477539062 4.5697274208068847656 4.6988000869750976562 4.9783277511596679688 5.1907491683959960938 5.3096060752868652344 5.499652862548828125 5.7645745277404785156 6.0428142547607421875 4.9108953475952148438 6.1120433807373046875 6.2324385643005371094 5.0373873710632324219 6.908985137939453125 3.7268431186676025391 10.659999847412109375 10.659999847412109375 10.515404701232910156 6.6823816299438476562 5.4339113235473632812 5.5802860260009765625 5.8627028465270996094
2.7895760536193847656 3.1930859088897705078 3.4267117977142333984 3.4665751457214355469 3.2766690254211425781 2.8653266429901123047 2.4632160663604736328 3.5199437141418457031 4.0981268882751464844 4.4128136634826660156 4.1241555213928222656 3.1720035076141357422 2.2906465530395507812 2.5930745601654052734 2.8470253944396972656 3.0160439014434814453 3.0042221546173095703 3.4893155097961425781 3.4730718135833740234 3.8661668300628662109 4.2363376617431640625 4.2612590789794921875 4.4129948616027832031 4.7446765899658203125 5.05142974853515625 5.2829203605651855469 5.5614724159240722656 5.8980588912963867188 4.8259720802307128906 6.1559004783630371094 6.4593825340270996094 6.2246084213256835938 6.4115328788757324219 7.1347260475158691406 3.6909520626068115234 10.659999847412109375 10.659999847412109375 5.4449496269226074219 5.3064813613891601562 6.6110887527465820312 7.043071746826171875 7.2609858512878417969
2.2295320034027099609 2.5840258598327636719 3.2543358802795410156 3.3459529876708984375 3.1382648944854736328 2.6997525691986083984 2.8683116436004638672 3.6788449287414550781 4.0811204910278320312 3.9985446929931640625 3.6758487224578857422 3.0825898647308349609 2.7962934970855712891 2.9387249946594238281 3.1467535495758056641 3.3780941963195800781 3.3906786441802978516 2.5768229961395263672 2.6120996475219726562 3.4904148578643798828 3.5901095867156982422 3.6500644683837890625 3.9450502395629882812 4.2518720626831054688 4.6516971588134765625 5.0552458763122558594 5.2775206565856933594 4.6999602317810058594 6.0674266815185546875 6.5522789955139160156 6.5894770622253417969 6.3199906349182128906 6.3851704597473144531 6.87996673583984375 3.5555562973022460938 10.659999847412109375 10.659999847412109375 9.6276035308837890625 8.5219831466674804688 7.6338686943054199219 6.9974951744079589844 6.9288644790649414062
-9999 -9999 2.8486311435699462891 2.7518889904022216797 3.030139923095703125 2.7823786735534667969 2.4762730598449707031 3.6322276592254638672 3.9303848743438720703 3.4823966026306152344 3.1466858386993408203 2.9748494625091552734 2.8825819492340087891 2.9087748527526855469 2.9848093986511230469 3.1042695045471191406 3.0818076133728027344 2.8884990215301513672 2.8721897602081298828 2.5496945381164550781 2.6687068939208984375 3.279453277587890625 3.3501670360565185547 3.6153731346130371094 4.060863494873046875 3.9016017913818359375 4.323822021484375 5.7881994247436523438 6.4159069061279296875 6.6167421340942382812 6.6184253692626953125 6.4418821334838867188 6.4358592033386230469 6.660129547119140625 3.4366822242736816406 10.659999847412109375 10.659999847412109375 9.7347745895385742188 8.7400188446044921875 7.7082448005676269531 7.1550207138061523438 6.8885121345520019531
-9999 -9999 -9999 -9999 -9999 -9999 -9999 -9999 3.1016733646392822266 2.9574139118194580078 2.6653265953063964844 2.8156890869140625 2.9418094158172607422 3.0013978481292724609 3.0128276348114013672 2.9691648483276367188 2.8850624561309814453 2.7690441608428955078 2.7077548503875732422 2.7144997119903564453 2.7791659832000732422 2.3948500156402587891 2.5404694080352783203 2.7341456413269042969 3.1251037120819091797 4.4470725059509277344 5.3274526596069335938 6.0247550010681152344 6.41481781005859375 6.4991779327392578125 6.4603528976440429688 6.3291754722595214844 8.2240018844604492188 8.7625102996826171875 3.7298305034637451172 10.659999847412109375 10.659999847412109375 10.659999847412109375 10.659999847412109375 9.83324432373046875 8.612377166748046875 7.49813079833984375
-9999 -9999 -9999 -9999 -9999 -9999 -9999 -9999 -9999 2.2864432334899902344 2.0073437690734863281 2.6593229770660400391 3.0061459541320800781 3.1920146942138671875 3.1991887092590332031 3.0008676052093505859 2.8618848323822021484 2.8330290317535400391 2.7151329517364501953 2.4604899883270263672 2.3810558319091796875 2.5369825363159179688 2.8150522708892822266 3.1853454113006591797 3.7385740280151367188 4.4919791221618652344 5.22325897216796875 5.9125914573669433594 6.2605528831481933594 6.2450785636901855469 6.1029286384582519531 5.8791170120239257812 4.6962876319885253906 5.1049227714538574219 3.2000801563262939453 10.659999847412109375 10.659999847412109375 10.5069427490234375 9.6510972976684570312 8.50726318359375 7.9334301948547363281 7.3364987373352050781
-9999 -9999 -9999 -9999 -9999 -9999 -9999 -9999 -9999 -9999 -9999 -9999 -9999 -9999 -9999 -9999 -9999 2.4899842739105224609 2.3595528602600097656 2.0160803794860839844 1.8738191127777099609 2.0005233287811279297 2.6682882308959960938 3.2956204414367675781 3.8893611431121826172 4.4468975067138671875 5.0439310073852539062 5.7120046615600585938 6.0123033523559570312 5.9047641754150390625 5.6961112022399902344 5.4080271720886230469 5.658466339111328125 6.4600887298583984375 8.02985382080078125 5.6840152740478515625 7.21965789794921875 8.4571180343627929688 8.9852800369262695312 8.9091691970825195312 8.4857187271118164062 7.7701354026794433594
-9999 -9999 -9999 -9999 -9999 -9999 -9999 -9999 -9999 -9999 -9999 -9999 -9999 -9999 -9999 -9999 -9999 -9999 -9999 -9999 2.3124678134918212891 2.3951065540313720703 2.3848421573638916016 2.9641876220703125 4.0100598335266113281 4.3997950553894042969 4.82387542724609375 5.456695556640625 5.7077436447143554688 5.5132451057434082031 5.3088622093200683594 5.1159367561340332031 5.4686331748962402344 6.4054851531982421875 7.9035258293151855469 5.52484893798828125 6.9827713966369628906 8.2981691360473632812 9.038455963134765625 9.2907962799072265625 9.0258264541625976562 8.26263427734375
-9999 -9999 -9999 -9999 -9999 -9999 -9999 -9999 -9999 -9999 -9999 -9999 -9999 -9999 -9999 -9999 -9999 -9999 -9999 -9999 -9999 -9999 3.1069979667663574219 3.7677814960479736328 3.5282561779022216797 3.4959733486175537109 4.4311685562133789062 5.1946249008178710938 5.4238500595092773438 5.1334843635559082031 4.9528856277465820312 4.9309649467468261719 5.3705916404724121094 7.1163129806518554688 5.4679951667785644531 6.4267396926879882812 7.1275925636291503906 8.1212148666381835938 8.8913812637329101562 9.4017477035522460938 9.3574380874633789062 8.718730926513671875
-9999 -9999 -9999 -9999 -9999 -9999 -9999 -9999 -9999 -9999 -9999 -9999 -9999 -9999 -9999 -9999 -9999 -9999 -9999 -9999 -9999 -9999 -9999 4.1097626686096191406 4.4379177093505859375 4.1632170677185058594 3.5809063911437988281 4.8248677253723144531 5.1422829627990722656 4.8116898536682128906 4.6822266578674316406 4.8393349647521972656 5.31156158447265625 6.8340888023376464844 5.3049311637878417969 6.3716654777526855469 -9999 -9999 -9999 -9999 -9999 -9999
-9999 -9999 -9999 -9999 -9999 -9999 -9999 -9999 -9999 -9999 -9999 -9999 -9999 -9999 -9999 -9999 -9999 -9999 -9999 -9999 -9999 -9999 -9999 -9999 -9999 4.3359227180480957031 4.4539523124694824219 3.8617389202117919922 4.6837663650512695312 4.5582065582275390625 4.5673871040344238281 4.8798303604125976562 5.3547496795654296875 3.0161845684051513672 -9999 -9999 -9999 -9999 -9999 -9999 -9999 -9999
-9999 -9999 -9999 -9999 -9999 -9999 -9999 -9999 -9999 -9999 -9999 -9999 -9999 -9999 -9999 -9999 -9999 -9999 -9999 -9999 -9999 -9999 -9999 -9999 -9999 -9999 4.5440921783447265625 4.64543914794921875 3.6392836570739746094 4.2521238327026367188 4.5668597221374511719 5.0385494232177734375 5.5235714912414550781 -9999 -9999 -9999 -9999 -9999 -9999 -9999 -9999 -9999
-9999 -9999 -9999 -9999 -9999 -9999 -9999 -9999 -9999 -9999 -9999 -9999 -9999 -9999 -9999 -9999 -9999 -9999 -9999 -9999 -9999 -9999 -9999 -9999 -9999 -9999 -9999 4.4152822494506835938 4.3186450004577636719 3.4595875740051269531 3.7294337749481201172 5.0814256668090820312 4.5675997734069824219 -9999 -9999 -9999 -9999 -9999 -9999 -9999 -9999 -9999
-9999 -9999 -9999 -9999 -9999 -9999 -9999 -9999 -9999 -9999 -9999 -9999 -9999 -9999 -9999 -9999 -9999 -9999 -9999 -9999 -9999 -9999 -9999 -9999 -9999 -9999 -9999 -9999 4.0583901405334472656 4.2950034141540527344 4.6031603813171386719 4.4043359756469726562 7.864536285400390625 -9999 -9999 -9999 -9999 -9999 -9999 -9999 -9999 -9999
-9999 -9999 -9999 -9999 -9999 -9999 -9999 -9999 -9999 -9999 -9999 -9999 -9999 -9999 -9999 -9999 -9999 -9999 -9999 -9999 -9999 -9999 -9999 -9999 -9999 -9999 -9999 -9999 -9999 4.3009490966796875 4.9188814163208007812 5.6161756515502929688 -9999 -9999 -9999 -9999 -9999 -9999 -9999 -9999 -9999 -9999
