tests/data/reference/gistest_nucice/full/mrsearstr_pa.asc
ncols        123
nrows        77
xllcorner    -713746.799299980048
yllcorner    -1061022.369616159936
cellsize     10.000000000000
NODATA_value  -9999
[rows 57 to 75 of 77, columns 42 to 83 of 123]
1.2162529230117797852 1.2169748544692993164 1.2640993595123291016 1.3561975955963134766 1.4168862104415893555 1.4381557703018188477 1.4170078039169311523 1.3657171726226806641 1.4251661300659179688 1.5667172670364379883 1.5546497106552124023 1.4384905099868774414 1.3793690204620361328 1.3011012077331542969 1.2232003211975097656 1.1951735019683837891 1.2164702415466308594 1.2852070331573486328 1.3223316669464111328 1.3284142017364501953 1.3829081058502197266 1.478777766227722168 1.4664911031723022461 1.3348289728164672852 1.3033694028854370117 1.3928132057189941406 1.5573908090591430664 1.6453683376312255859 1.7351682186126708984 1.732205510139465332 1.7306456565856933594 1.6284707784652709961 1.6606035232543945312 1.8563996553421020508 0 0 2.2930369377136230469 2.4487671852111816406 2.4112904071807861328 2.3352537155151367188 2.3964030742645263672 2.5797817707061767578
1.1855306625366210938 1.1730743646621704102 1.2040424346923828125 1.2809108495712280273 1.3431751728057861328 1.3824073076248168945 1.3731153011322021484 1.3188154697418212891 1.4016683101654052734 1.6275382041931152344 1.6059589385986328125 1.3646295070648193359 1.3114705085754394531 1.3311512470245361328 1.2902905941009521484 1.2437918186187744141 1.2522350549697875977 1.3215395212173461914 1.3630993366241455078 1.3614009618759155273 1.3923281431198120117 1.4690914154052734375 1.4834203720092773438 1.4074857234954833984 1.3883571624755859375 1.4595739841461181641 1.5455719232559204102 1.6344764232635498047 1.7204911708831787109 1.907111048698425293 1.8527278900146484375 1.8478540182113647461 1.8907446861267089844 1.99793243408203125 0 0 2.2543826103210449219 2.3294243812561035156 2.2620990276336669922 2.19881439208984375 2.4749164581298828125 2.6188764572143554688
1.141369938850402832 1.1245930194854736328 1.1287615299224853516 1.1602718830108642578 1.1886709928512573242 1.2159515619277954102 1.2278970479965209961 1.1937826871871948242 1.2980971336364746094 1.5903311967849731445 1.4878449440002441406 1.2438184022903442383 1.1672546863555908203 1.2610341310501098633 1.279895782470703125 1.2441962957382202148 1.2430852651596069336 1.2933697700500488281 1.3481404781341552734 1.379346013069152832 1.3991460800170898438 1.434017181396484375 1.4638208150863647461 1.4511475563049316406 1.4464279413223266602 1.4873040914535522461 1.562388300895690918 1.6625214815139770508 1.768941044807434082 1.8731877803802490234 2.0576901435852050781 2.1061162948608398438 2.1999974250793457031 2.3354039192199707031 0 2.2849814891815185547 2.4367885589599609375 2.4638793468475341797 2.3934981822967529297 2.3586685657501220703 2.3331522941589355469 2.7937512397766113281
1.03143310546875 1.0963014364242553711 1.0512682199478149414 1.0546681880950927734 1.0422070026397705078 1.0725946426391601562 1.0928252935409545898 1.1176323890686035156 1.1847183704376220703 1.4503862857818603516 1.4846923351287841797 1.1182038784027099609 1.0264676809310913086 1.1699998378753662109 1.2406535148620605469 1.2327909469604492188 1.2233289480209350586 1.2337263822555541992 1.2954339981079101562 1.3788499832153320312 1.4081723690032958984 1.4063541889190673828 1.4456000328063964844 1.4963006973266601562 1.5191131830215454102 1.538453221321105957 1.5961261987686157227 1.6859048604965209961 1.791894078254699707 1.9113508462905883789 1.8495470285415649414 1.8550738096237182617 2.08676910400390625 2.1430928707122802734 0 2.3383994102478027344 2.457607269287109375 2.7322163581848144531 2.2243421077728271484 2.2246158123016357422 2.3115773200988769531 2.5251882076263427734
0.97789603471755981445 1.0111298561096191406 1.0921880006790161133 1.0918904542922973633 1.0448682308197021484 0.92011606693267822266 0.99208372831344604492 1.0522205829620361328 1.2366454601287841797 1.4403313398361206055 1.3661352396011352539 0.9518235325813293457 0.90002781152725219727 1.0544666051864624023 1.1606844663619995117 1.1965905427932739258 1.1882410049438476562 1.1567184925079345703 1.2151596546173095703 1.3416081666946411133 1.3999634981155395508 1.3926143646240234375 1.4335678815841674805 1.5222700834274291992 1.5843008756637573242 1.6153545379638671875 1.6708618402481079102 1.7499406337738037109 1.832556605339050293 1.819378972053527832 1.9522020816802978516 1.8958683013916015625 1.8705676794052124023 2.2292416095733642578 1.9333246946334838867 6.306365966796875 4.448200225830078125 2.6091797351837158203 2.1409881114959716797 2.0320742130279541016 2.0920839309692382812 2.2084469795227050781
0.84617227315902709961 0.9740492701530456543 1.0419514179229736328 1.0491203069686889648 0.98627477884292602539 0.85743892192840576172 0.86437171697616577148 1.1108494997024536133 1.2573304176330566406 1.3432527780532836914 1.2410002946853637695 0.93980264663696289062 0.79993867874145507812 0.9131425023078918457 1.0092004537582397461 1.0736161470413208008 1.0690984725952148438 1.0564018487930297852 1.0927459001541137695 1.2253900766372680664 1.3012516498565673828 1.3093211650848388672 1.3576476573944091797 1.4575490951538085938 1.5518233776092529297 1.6183409690856933594 1.6992213726043701172 1.8088530302047729492 1.7851041555404663086 1.9691991806030273438 1.9708291292190551758 1.8751829862594604492 1.9402430057525634766 2.1776063442230224609 1.891033172607421875 6.0576715469360351562 4.2547321319580078125 2.0365922451019287109 1.9800013303756713867 2.1187405586242675781 2.1522119045257568359 2.2012555599212646484
0.77722632884979248047 0.90973627567291259766 1.0190347433090209961 1.015543818473815918 0.94410169124603271484 0.80708700418472290039 0.86865085363388061523 1.1313482522964477539 1.2463223934173583984 1.2080738544464111328 1.1034959554672241211 0.91907727718353271484 0.83777374029159545898 0.88985407352447509766 0.95559978485107421875 1.0264128446578979492 1.0255714654922485352 0.90702569484710693359 0.9203078150749206543 1.0685417652130126953 1.1328577995300292969 1.1507809162139892578 1.2100232839584350586 1.312183380126953125 1.4385802745819091797 1.5621014833450317383 1.6829503774642944336 1.7343838214874267578 1.9408977031707763672 2.0044827461242675781 1.9938281774520874023 1.902400970458984375 1.9290996789932250977 2.09287261962890625 1.8270189762115478516 5.8422174453735351562 4.1371560096740722656 2.5560870170593261719 2.1634886264801025391 2.1315844058990478516 2.1108720302581787109 2.0911145210266113281
-9999 -9999 1.0098106861114501953 0.97311079502105712891 0.94141584634780883789 0.83690166473388671875 0.8692646026611328125 1.1486606597900390625 1.1999042034149169922 1.0439209938049316406 0.9426104426383972168 0.89436769485473632812 0.86860650777816772461 0.87907767295837402344 0.90343570709228515625 0.94062727689743041992 0.93107318878173828125 0.86892461776733398438 0.86686545610427856445 0.89682346582412719727 0.94165748357772827148 1.0020558834075927734 1.0548348426818847656 1.1416084766387939453 1.2892435789108276367 1.417011260986328125 1.5839864015579223633 1.8513938188552856445 1.9676778316497802734 2.007732391357421875 2.0007398128509521484 1.9416252374649047852 1.9431583881378173828 2.0182602405548095703 1.7700535058975219727 5.7390890121459960938 4.1670546531677246094 2.6768367290496826172 2.3228101730346679688 2.2324376106262207031 2.1521334648132324219 2.0723168849945068359
-9999 -9999 -9999 -9999 -9999 -9999 -9999 -9999 1.1063942909240722656 0.91221815347671508789 0.79957354068756103516 0.85254973173141479492 0.89183413982391357422 0.90846490859985351562 0.9107043147087097168 0.89625471830368041992 0.86989820003509521484 0.83415400981903076172 0.81659680604934692383 0.82009160518646240234 0.84097075462341308594 0.83879315853118896484 0.89335662126541137695 0.96639358997344970703 1.1153798103332519531 1.4131337404251098633 1.6418243646621704102 1.8444240093231201172 1.9533579349517822266 1.9685136079788208008 1.9513944387435913086 1.9085338115692138672 2.0514948368072509766 2.1436953544616699219 1.7754275798797607422 5.7685627937316894531 4.2810220718383789062 2.8517739772796630859 2.5077605247497558594 2.3753790855407714844 2.2439200878143310547 2.1095561981201171875
-9999 -9999 -9999 -9999 -9999 -9999 -9999 -9999 -9999 0.79837477207183837891 0.69513726234436035156 0.83064490556716918945 0.9178931117057800293 0.96938085556030273438 0.96735227108001708984 0.90280324220657348633 0.8613789677619934082 0.85496121644973754883 0.81801915168762207031 0.73854154348373413086 0.717311859130859375 0.76927047967910766602 0.85665833950042724609 0.97134494781494140625 1.1438930034637451172 1.3788129091262817383 1.6016547679901123047 1.8098146915435791016 1.9055176973342895508 1.88872528076171875 1.8401093482971191406 1.7697179317474365234 1.7329080104827880859 1.8979644775390625 1.7795360088348388672 5.7690973281860351562 4.3258161544799804688 2.9502589702606201172 2.6538159847259521484 2.5333173274993896484 2.3802814483642578125 2.197071075439453125
-9999 -9999 -9999 -9999 -9999 -9999 -9999 -9999 -9999 -9999 -9999 -9999 -9999 -9999 -9999 -9999 -9999 0.87440526485443115234 0.82561391592025756836 0.69835042953491210938 0.64618313312530517578 0.69262969493865966797 0.83375024795532226562 1.0124542713165283203 1.1916571855545043945 1.3601286411285400391 1.5422921180725097656 1.7473509311676025391 1.8287868499755859375 1.7831633090972900391 1.7151106595993041992 1.6257135868072509766 1.7143714427947998047 1.9758880138397216797 0 2.0237798690795898438 2.3181116580963134766 2.6133048534393310547 2.7404160499572753906 2.6938004493713378906 2.5509998798370361328 2.3248069286346435547
-9999 -9999 -9999 -9999 -9999 -9999 -9999 -9999 -9999 -9999 -9999 -9999 -9999 -9999 -9999 -9999 -9999 -9999 -9999 -9999 0.71582204103469848633 0.74533629417419433594 0.83505457639694213867 1.0538126230239868164 1.2670994997024536133 1.3443117141723632812 1.4695135354995727539 1.6676155328750610352 1.7348935604095458984 1.6624140739440917969 1.5979206562042236328 1.5399261713027954102 1.6602017879486083984 1.9640794992446899414 0 1.9625617265701293945 2.2382106781005859375 2.5663709640502929688 2.7641878128051757812 2.8213219642639160156 2.7214124202728271484 2.4730100631713867188
-9999 -9999 -9999 -9999 -9999 -9999 -9999 -9999 -9999 -9999 -9999 -9999 -9999 -9999 -9999 -9999 -9999 -9999 -9999 -9999 -9999 -9999 0.95652526617050170898 1.1968255043029785156 1.2710717916488647461 1.2585306167602539062 1.4001588821411132812 1.5955116748809814453 1.6483118534088134766 1.5451755523681640625 1.4906241893768310547 1.4883010387420654297 1.633803248405456543 0 1.9478992223739624023 2.0455727577209472656 2.1847264766693115234 2.4879131317138671875 2.7188091278076171875 2.8639407157897949219 2.8307018280029296875 2.6156525611877441406
-9999 -9999 -9999 -9999 -9999 -9999 -9999 -9999 -9999 -9999 -9999 -9999 -9999 -9999 -9999 -9999 -9999 -9999 -9999 -9999 -9999 -9999 -9999 1.2700057029724121094 1.3651156425476074219 1.3084464073181152344 1.2915523052215576172 1.5333892107009887695 1.5695263147354125977 1.4470167160034179688 1.4098745584487915039 1.4652036428451538086 1.6178219318389892578 0 1.8863310813903808594 2.0296890735626220703 -9999 -9999 -9999 -9999 -9999 -9999
-9999 -9999 -9999 -9999 -9999 -9999 -9999 -9999 -9999 -9999 -9999 -9999 -9999 -9999 -9999 -9999 -9999 -9999 -9999 -9999 -9999 -9999 -9999 -9999 -9999 1.3105807304382324219 1.3561719655990600586 1.4013509750366210938 1.4794840812683105469 1.3789192438125610352 1.3788838386535644531 1.4819120168685913086 1.6318839788436889648 1.5894538164138793945 -9999 -9999 -9999 -9999 -9999 -9999 -9999 -9999
-9999 -9999 -9999 -9999 -9999 -9999 -9999 -9999 -9999 -9999 -9999 -9999 -9999 -9999 -9999 -9999 -9999 -9999 -9999 -9999 -9999 -9999 -9999 -9999 -9999 -9999 1.3772825002670288086 1.4089552164077758789 1.3142995834350585938 1.3366048336029052734 1.3909391164779663086 1.5352020263671875 1.6841727495193481445 -9999 -9999 -9999 -9999 -9999 -9999 -9999 -9999 -9999
-9999 -9999 -9999 -9999 -9999 -9999 -9999 -9999 -9999 -9999 -9999 -9999 -9999 -9999 -9999 -9999 -9999 -9999 -9999 -9999 -9999 -9999 -9999 -9999 -9999 -9999 -9999 1.3319532871246337891 1.298283696174621582 1.2444107532501220703 1.3495072126388549805 1.6187541484832763672 1.6812876462936401367 -9999 -9999 -9999 -9999 -9999 -9999 -9999 -9999 -9999
-9999 -9999 -9999 -9999 -9999 -9999 -9999 -9999 -9999 -9999 -9999 -9999 -9999 -9999 -9999 -9999 -9999 -9999 -9999 -9999 -9999 -9999 -9999 -9999 -9999 -9999 -9999 -9999 1.2179070711135864258 1.2956745624542236328 1.4597138166427612305 1.616051793098449707 0 -9999 -9999 -9999 -9999 -9999 -9999 -9999 -9999 -9999
-9999 -9999 -9999 -9999 -9999 -9999 -9999 -9999 -9999 -9999 -9999 -9999 -9999 -9999 -9999 -9999 -9999 -9999 -9999 -9999 -9999 -9999 -9999 -9999 -9999 -9999 -9999 -9999 -9999 1.3035132884979248047 1.5017815828323364258 1.7325655221939086914 -9999 -9999 -9999 -9999 -9999 -9999 -9999 -9999 -9999 -9999
