tests/data/reference/gistest_nucice/full/mrsearstr_pa.asc
ncols        123
nrows        77
xllcorner    -713746.799299980048
yllcorner    -1061022.369616159936
cellsize     10.000000000000
NODATA_value  -9999
[rows 19 to 37 of 77, columns 0 to 41 of 123]
-9999 -9999 -9999 -9999 -9999 -9999 -9999 -9999 -9999 -9999 -9999 -9999 -9999 -9999 -9999 -9999 2.0484611988067626953 2.6263306140899658203 2.8047337532043457031 2.5391037464141845703 3.2321116924285888672 2.2675921916961669922 2.2063131332397460938 2.8362603187561035156 2.0795958042144775391 6.6587738990783691406 6.0080509185791015625 5.3597126007080078125 2.4922826290130615234 5.2202081680297851562 3.8685004711151123047 3.5107357501983642578 5.7048802375793457031 4.62482452392578125 4.5714344978332519531 4.5971879959106445312 5.7017111778259277344 4.7323470115661621094 4.8878622055053710938 5.0574479103088378906 5.1703786849975585938 5.2393865585327148438
-9999 -9999 -9999 -9999 -9999 -9999 -9999 -9999 -9999 -9999 -9999 -9999 -9999 -9999 -9999 1.7357845306396484375 2.1630849838256835938 2.3716592788696289062 2.3531963825225830078 3.3714742660522460938 1.7272329330444335938 1.5655562877655029297 2.6502428054809570312 1.6306439638137817383 3.0049962997436523438 3.0080304145812988281 4.4780650138854980469 4.4621949195861816406 3.0118575096130371094 5.0206255912780761719 4.1033110618591308594 3.5517940521240234375 5.8859696388244628906 4.5870928764343261719 4.5943317413330078125 4.6517963409423828125 5.19849395751953125 4.8445248603820800781 4.9930157661437988281 5.1394724845886230469 5.2477355003356933594 5.3979921340942382812
-9999 -9999 -9999 -9999 -9999 -9999 -9999 -9999 -9999 -9999 -9999 -9999 -9999 -9999 -9999 1.7252000570297241211 1.7523832321166992188 1.6474531888961791992 2.9991457462310791016 1.8707367181777954102 1.266598820686340332 1.5430237054824829102 2.1911947727203369141 1.8494607210159301758 7.8820276260375976562 2.2990279197692871094 3.4629864692687988281 3.8934831619262695312 3.2506394386291503906 4.6691370010375976562 3.3520014286041259766 4.3851819038391113281 5.9318833351135253906 4.5704808235168457031 4.6041584014892578125 4.5491662025451660156 4.4663062095642089844 4.5733880996704101562 4.8315062522888183594 5.0789980888366699219 5.2634949684143066406 5.4956984519958496094
-9999 -9999 -9999 -9999 -9999 -9999 -9999 -9999 -9999 -9999 -9999 -9999 -9999 -9999 -9999 1.3870149850845336914 1.2875716686248779297 0.92293208837509155273 1.8823089599609375 1.0631723403930664062 1.134960174560546875 1.540387272834777832 1.6919400691986083984 5.7185230255126953125 6.174976348876953125 2.1657495498657226562 3.1717078685760498047 3.6481928825378417969 3.4474008083343505859 4.1710829734802246094 3.3399889469146728516 4.1926922798156738281 4.4962782859802246094 6.8854155540466308594 4.5681772232055664062 4.4562983512878417969 4.3756551742553710938 3.6322526931762695312 6.1822819709777832031 5.0965380668640136719 5.2520909309387207031 5.4658794403076171875
-9999 -9999 -9999 -9999 -9999 -9999 -9999 -9999 -9999 -9999 -9999 -9999 -9999 -9999 0.67518222332000732422 0.87387996912002563477 1.0876325368881225586 2.1771607398986816406 0.85199153423309326172 0.16401229798793792725 1.2808946371078491211 1.6972802877426147461 2.1575710773468017578 4.8132100105285644531 5.3613119125366210938 2.8155660629272460938 3.5871405601501464844 3.811100006103515625 3.58560943603515625 3.8604013919830322266 3.3016648292541503906 4.1892185211181640625 4.4723315238952636719 4.5100054740905761719 7.5233249664306640625 4.4418530464172363281 4.5498905181884765625 3.8787381649017333984 6.6221537590026855469 5.1770119667053222656 5.1992735862731933594 5.2999968528747558594
-9999 -9999 -9999 -9999 -9999 -9999 -9999 -9999 -9999 -9999 -9999 -9999 -9999 -9999 0.2366460263729095459 0.86388200521469116211 1.8125898838043212891 1.5275962352752685547 0.7970644831657409668 1.4781373739242553711 1.5337461233139038086 2.5040559768676757812 2.5648453235626220703 2.3655979633331298828 4.2694988250732421875 6.499912261962890625 3.6469447612762451172 3.8019771575927734375 3.9081249237060546875 3.2950024604797363281 4.1044626235961914062 4.1507749557495117188 4.3856039047241210938 4.349765777587890625 7.8011860847473144531 4.3443312644958496094 4.6300325393676757812 3.9778501987457275391 6.8028554916381835938 5.1527304649353027344 5.1430768966674804688 5.2112269401550292969
-9999 -9999 -9999 -9999 -9999 -9999 -9999 -9999 -9999 -9999 -9999 -9999 -9999 -9999 0.50331085920333862305 0.60214442014694213867 1.0378850698471069336 1.0305083990097045898 0.98313885927200317383 1.955722808837890625 1.8888204097747802734 4.6683988571166992188 5.9777550697326660156 3.0021872520446777344 3.3412725925445556641 4.5219621658325195312 7.7860107421875 4.1318540573120117188 4.1735444068908691406 3.4210712909698486328 4.1129603385925292969 4.3581523895263671875 4.3380503654479980469 4.0548086166381835938 3.9859626293182373047 8.0900278091430664062 3.6495065689086914062 4.9623088836669921875 4.835376739501953125 7.7102637290954589844 5.1119036674499511719 5.21865081787109375
-9999 -9999 -9999 -9999 -9999 -9999 -9999 -9999 -9999 -9999 -9999 -9999 1.374613642692565918 0.85027170181274414062 0.85446894168853759766 1.1329860687255859375 1.0714632272720336914 0.27386438846588134766 1.2897503376007080078 1.6282625198364257812 5.5011358261108398438 4.6063408851623535156 3.3888018131256103516 4.9324059486389160156 3.1417717933654785156 3.4223313331604003906 8.2261781692504882812 3.7584269046783447266 3.8852169513702392578 3.8685214519500732422 3.2922847270965576172 4.14287567138671875 4.0790181159973144531 3.8458082675933837891 3.8385019302368164062 4.0763382911682128906 8.2660799026489257812 4.6657357215881347656 4.9636983871459960938 4.9788699150085449219 8.6570453643798828125 5.1650829315185546875
-9999 -9999 -9999 -9999 -9999 -9999 -9999 -9999 -9999 -9999 -9999 -9999 -9999 1.297181248664855957 0.98422640562057495117 1.0317436456680297852 0.43654912710189819336 0.91959810256958007812 1.2977299690246582031 4.3510699272155761719 2.3127548694610595703 2.2880623340606689453 4.0532026290893554688 4.7303724288940429688 5.9874362945556640625 6.1830754280090332031 6.2622733116149902344 6.3806695938110351562 3.0720505714416503906 3.4737908840179443359 3.7557351589202880859 3.7151482105255126953 3.6918179988861083984 3.4646921157836914062 3.6054933071136474609 4.2106251716613769531 4.7248482704162597656 8.5801982879638671875 4.913097381591796875 5.0449261665344238281 8.9469480514526367188 5.02892303466796875
-9999 -9999 -9999 -9999 -9999 -9999 -9999 -9999 -9999 -9999 -9999 -9999 -9999 -9999 -9999 0.69401735067367553711 0.25094017386436462402 0.98044234514236450195 1.8110452890396118164 4.6832337379455566406 3.5396001338958740234 2.8956036567687988281 2.4936044216156005859 2.2272348403930664062 2.3870065212249755859 2.5985569953918457031 2.5945365428924560547 5.9177045822143554688 8.8204889297485351562 2.9102501869201660156 3.1956286430358886719 3.2474291324615478516 3.1532745361328125 3.0918126106262207031 3.3585174083709716797 4.0619072914123535156 4.4798769950866699219 4.52899169921875 7.6828894615173339844 4.8962459564208984375 9.3126239776611328125 4.99777984619140625
-9999 -9999 -9999 -9999 -9999 -9999 -9999 -9999 -9999 -9999 -9999 -9999 -9999 -9999 -9999 -9999 0.80649942159652709961 1.0073807239532470703 3.3289499282836914062 2.6115875244140625 2.1619415283203125 1.9243686199188232422 1.9826210737228393555 2.1909320354461669922 2.4527120590209960938 2.7643210887908935547 2.7926774024963378906 2.5057053565979003906 2.4362323284149169922 9.181941986083984375 9.2938928604125976562 9.0113582611083984375 2.6990380287170410156 2.7757513523101806641 3.0431549549102783203 3.6195566654205322266 4.87943267822265625 5.747638702392578125 4.0526995658874511719 7.0489792823791503906 4.9708280563354492188 10.789999961853027344
-9999 -9999 -9999 -9999 -9999 -9999 -9999 -9999 -9999 -9999 -9999 -9999 -9999 -9999 -9999 -9999 1.069131016731262207 3.0358443260192871094 1.7037284374237060547 1.8718167543411254883 1.9186967611312866211 4.4465160369873046875 4.3571944236755371094 4.4777770042419433594 4.5294499397277832031 4.5316405296325683594 4.2430667877197265625 3.6915156841278076172 3.3722310066223144531 3.2403495311737060547 2.9576959609985351562 2.7343900203704833984 8.797313690185546875 8.1929159164428710938 8.311946868896484375 9.1854009628295898438 9.6766071319580078125 9.9449014663696289062 10.587978363037109375 10.789999961853027344 10.789999961853027344 10.789999961853027344
-9999 -9999 -9999 -9999 -9999 -9999 -9999 -9999 -9999 -9999 -9999 -9999 -9999 -9999 -9999 1.0713610649108886719 3.6077635288238525391 1.6688960790634155273 3.6477777957916259766 4.4428076744079589844 4.6959619522094726562 2.0763781070709228516 2.6864979267120361328 3.3846809864044189453 3.1443452835083007812 4.3667492866516113281 4.8183040618896484375 5.1055278778076171875 4.9018702507019042969 4.8814043998718261719 4.5475087165832519531 3.9296536445617675781 3.2446925640106201172 2.5023665428161621094 2.13901519775390625 2.3290398120880126953 7.2962107658386230469 8.1449413299560546875 8.9188852310180664062 9.741535186767578125 9.648159027099609375 8.6175403594970703125
-9999 -9999 -9999 -9999 -9999 -9999 -9999 -9999 -9999 -9999 -9999 -9999 -9999 -9999 0.92389655113220214844 1.6297686100006103516 4.4658293724060058594 3.9028546810150146484 1.6698530912399291992 1.7859174013137817383 2.0564522743225097656 2.2515082359313964844 2.43529510498046875 2.6465833187103271484 3.3815658092498779297 2.7320599555969238281 2.9070699214935302734 3.0748035907745361328 3.2521715164184570312 3.5405838489532470703 3.4606170654296875 5.7304911613464355469 5.5179195404052734375 5.1403174400329589844 5.1506414413452148438 6.6125783920288085938 3.0033097267150878906 3.6162688732147216797 4.2591309547424316406 4.9391508102416992188 5.326412200927734375 5.2917337417602539062
-9999 -9999 -9999 -9999 -9999 -9999 -9999 -9999 -9999 -9999 -9999 -9999 -9999 -9999 1.0297119617462158203 6.7054805755615234375 1.9419609308242797852 1.962418675422668457 1.9385211467742919922 1.9179112911224365234 1.9697443246841430664 2.1398870944976806641 2.4553217887878417969 2.5980312824249267578 2.7232763767242431641 2.6855678558349609375 2.859012603759765625 3.2901780605316162109 4.351409912109375 5.1328005790710449219 5.5266942977905273438 3.2176301479339599609 3.0270447731018066406 2.9719448089599609375 4.2638115882873535156 3.2175805568695068359 3.5045397281646728516 3.803852081298828125 4.1868643760681152344 4.6807885169982910156 5.1428446769714355469 5.66400146484375
-9999 -9999 -9999 -9999 -9999 -9999 -9999 -9999 -9999 -9999 -9999 -9999 -9999 1.4472993612289428711 8.34645843505859375 1.8706316947937011719 2.0113093852996826172 2.1396031379699707031 2.1451885700225830078 2.0897371768951416016 2.0645740032196044922 2.1331906318664550781 2.2777919769287109375 2.4817368984222412109 2.6527428627014160156 2.7209999561309814453 2.9374990463256835938 3.3981411457061767578 3.6824193000793457031 3.7621619701385498047 3.6843366622924804688 3.5087258815765380859 3.4972145557403564453 5.24994659423828125 2.9845871925354003906 3.7301211357116699219 3.9735596179962158203 4.1228175163269042969 4.3762974739074707031 4.7352719306945800781 5.1616230010986328125 5.5939359664916992188
-9999 -9999 -9999 -9999 -9999 -9999 -9999 -9999 -9999 -9999 -9999 -9999 0.89338308572769165039 1.8989415168762207031 1.8821234703063964844 1.9292968511581420898 2.0296549797058105469 2.1656398773193359375 2.2166888713836669922 2.2109155654907226562 2.1782364845275878906 2.1464231014251708984 2.1869730949401855469 2.2979047298431396484 2.4622817039489746094 2.6354875564575195312 2.9269521236419677734 3.3900654315948486328 3.6673028469085693359 3.7678525447845458984 3.819293975830078125 3.8449654579162597656 5.138912200927734375 3.9179978370666503906 3.0875644683837890625 3.8781790733337402344 4.0117015838623046875 4.2032442092895507812 4.5154538154602050781 4.8998236656188964844 5.31158447265625 5.6372647285461425781
-9999 -9999 -9999 -9999 -9999 -9999 -9999 -9999 -9999 -9999 -9999 -9999 1.3690507411956787109 1.7247256040573120117 1.9008902311325073242 1.9969134330749511719 2.0682830810546875 2.2053954601287841797 2.2898213863372802734 2.3216044902801513672 2.2912373542785644531 2.2052042484283447266 2.1861479282379150391 2.2315068244934082031 2.3575949668884277344 2.5411746501922607422 2.8051254749298095703 3.1941556930541992188 3.4082851409912109375 3.4824750423431396484 3.6061992645263671875 4.9553465843200683594 3.1873986721038818359 3.7450206279754638672 3.687755584716796875 3.6608488559722900391 3.7361268997192382812 3.8746721744537353516 4.1608614921569824219 4.4927763938903808594 4.9100804328918457031 5.3150777816772460938
-9999 -9999 -9999 -9999 -9999 -9999 -9999 -9999 -9999 -9999 -9999 0.71710324287414550781 3.1267309188842773438 1.4692316055297851562 1.9400380849838256836 1.9510478973388671875 2.0885763168334960938 2.2365441322326660156 2.3413436412811279297 2.3866293430328369141 2.3707704544067382812 2.2887973785400390625 2.2701704502105712891 2.293437957763671875 2.3701155185699462891 2.5076019763946533203 2.6619763374328613281 2.8732686042785644531 2.9582157135009765625 2.9344151020050048828 3.0405156612396240234 3.7429611682891845703 2.7407708168029785156 3.4035193920135498047 3.3482980728149414062 3.1540513038635253906 3.1571853160858154297 3.2962043285369873047 3.327053070068359375 3.5252516269683837891 3.9445955753326416016 4.5958242416381835938
