tests/data/reference/gistest_nucice/full/mvel_m_s.asc
ncols        123
nrows        77
xllcorner    -713746.799299980048
yllcorner    -1061022.369616159936
cellsize     10.000000000000
NODATA_value  -9999
[rows 36 to 53 of 77, columns 40 to 79 of 123]
0.055517554283142089844 0.057605616748332977295 0.058641728013753890991 0.057047195732593536377 0.057435728609561920166 0.058412887156009674072 0.059424482285976409912 0.059450399130582809448 0.058869391679763793945 0.058330576866865158081 0.055410139262676239014 0.052181892096996307373 0.042308673262596130371 0.049453154206275939941 0.050514448434114456177 0.098024651408195495605 0.097232960164546966553 0.094336219131946563721 0.092999666929244995117 0.056518472731113433838 0.057243060320615768433 0.057885643094778060913 0.058571860194206237793 0.059395786374807357788 0.059624586254358291626 0.059190604835748672485 0.071670599281787872314 0.056424811482429504395 0.054189853370189666748 0.05212141573429107666 0.049985140562057495117 0.047930996865034103394 0.039993926882743835449 0.098113350570201873779 0.060796286910772323608 0.051040910184383392334 0.05040515214204788208 0.048556808382272720337 0.050014056265354156494 0.050016917288303375244
0.049734625965356826782 0.053286466747522354126 0.047674987465143203735 0.04740123450756072998 0.047721654176712036133 0.048587322235107421875 0.049273356795310974121 0.049820840358734130859 0.060150172561407089233 0.054262932389974594116 0.053026191890239715576 0.052418168634176254272 0.054101675748825073242 0.0561923198401927948 0.05551423877477645874 0.051039662212133407593 0.050133761018514633179 0.053581930696964263916 0.054836772382259368896 0.095012165606021881104 0.096213728189468383789 0.097367137670516967773 0.09814036637544631958 0.098516985774040222168 0.099561229348182678223 0.10129579156637191772 0.10304551571607589722 0.10438986867666244507 0.10392373800277709961 0.043492883443832397461 0.044798575341701507568 0.045791339129209518433 0.04739918932318687439 0.048419080674648284912 0.095698192715644836426 0.050558939576148986816 0.047780763357877731323 0.045164804905652999878 0.044403862208127975464 0.049023009836673736572
0.040065780282020568848 0.044627588242292404175 0.053937759250402450562 0.055625319480895996094 0.056285224854946136475 0.057363737374544143677 0.058218341320753097534 0.058747470378875732422 0.047842808067798614502 0.046390570700168609619 0.046351421624422073364 0.046788778156042098999 0.055509828031063079834 0.058609332889318466187 0.05768713727593421936 0.095396965742111206055 0.096053101122379302979 0.094137832522392272949 0.093615174293518066406 0.094407550990581512451 0.095246605575084686279 0.096155256032943725586 0.096905656158924102783 0.097391963005065917969 0.098123617470264434814 0.098176807165145874023 0.096248455345630645752 0.093876384198665618896 0.090035840868949890137 0.10451714694499969482 0.10404886305332183838 0.041003748774528503418 0.043497994542121887207 0.047342445701360702515 0.097542136907577514648 0.047210205346345901489 0.044600084424018859863 0.042845785617828369141 0.043063867837190628052 0.045740623027086257935
0.039514441043138504028 0.044229201972484588623 0.05318849906325340271 0.054389756172895431519 0.05452876165509223938 0.055158492177724838257 0.056120041757822036743 0.057144761085510253906 0.056994941085577011108 0.055423330515623092651 0.055156573653221130371 0.056898854672908782959 0.058437097817659378052 0.09927006065845489502 0.099227286875247955322 0.058817248791456222534 0.060095265507698059082 0.062903918325901031494 0.064527176320552825928 0.064816467463970184326 0.064653098583221435547 0.064117774367332458496 0.063299566507339477539 0.060423858463764190674 0.058693941682577133179 0.056445207446813583374 0.053918678313493728638 0.051473997533321380615 0.062128655612468719482 0.068370476365089416504 0.061481364071369171143 0.10547136515378952026 0.10505165904760360718 0.10110080987215042114 0.10124072432518005371 0.09399318695068359375 0.040922917425632476807 0.041695527732372283936 0.043084800243377685547 0.046902466565370559692
0.048691261559724807739 0.05134763568639755249 0.054183449596166610718 0.053282048553228378296 0.052418295294046401978 0.052385561168193817139 0.053446337580680847168 0.05539755895733833313 0.056361798197031021118 0.056065015494823455811 0.055532168596982955933 0.055220212787389755249 0.10167571902275085449 0.056995209306478500366 0.05882245674729347229 0.060183294117450714111 0.062351331114768981934 0.065197154879570007324 0.067080102860927581787 0.067924857139587402344 0.068400144577026367188 0.068463996052742004395 0.068045198917388916016 0.067201063036918640137 0.066040650010108947754 0.064619168639183044434 0.062954790890216827393 0.059342164546251296997 0.057210329920053482056 0.054769545793533325195 0.06467603147029876709 0.068636536598205566406 0.073681041598320007324 0.033637356013059616089 0.065677657723426818848 0.10959320515394210815 0.083487167954444885254 0.037026222795248031616 0.041504662483930587769 0.040520515292882919312
0.049735553562641143799 0.052661169320344924927 0.052952673286199569702 0.051330033689737319946 0.050440173596143722534 0.050850484520196914673 0.051964696496725082397 0.053542062640190124512 0.054558407515287399292 0.055040642619132995605 0.098788350820541381836 0.098663054406642913818 0.054147027432918548584 0.056134052574634552002 0.05768213421106338501 0.058515887707471847534 0.059964545071125030518 0.062469765543937683105 0.064519315958023071289 0.065858654677867889404 0.067117489874362945557 0.068033523857593536377 0.068264588713645935059 0.06806869804859161377 0.06785252690315246582 0.067625589668750762939 0.06710138171911239624 0.066330924630165100098 0.065465949475765228271 0.064298406243324279785 0.060018513351678848267 0.05517735704779624939 0.052547238767147064209 0 0 0 0.11497934907674789429 0.079183451831340789795 0.038811437785625457764 0.01695985160768032074
0.067454911768436431885 0.069481134414672851562 0.063881441950798034668 0.058018419891595840454 0.05325223878026008606 0.050401225686073303223 0.051287449896335601807 0.051211975514888763428 0.051132526248693466187 0.095169648528099060059 0.051697105169296264648 0.052105579525232315063 0.053499002009630203247 0.055239878594875335693 0.056247927248477935791 0.056524597108364105225 0.057295925915241241455 0.059198323637247085571 0.060947921127080917358 0.062221389263868331909 0.063838697969913482666 0.065593041479587554932 0.066637426614761352539 0.067063435912132263184 0.067550450563430786133 0.068159818649291992188 0.068464078009128570557 0.068459756672382354736 0.068547494709491729736 0.068539820611476898193 0.067459210753440856934 0.064917609095573425293 0.060880683362483978271 0.06023642420768737793 0.057922668755054473877 0 0 0 0.035979755222797393799 0.27075445652008056641
0.049245767295360565186 0.048730272799730300903 0.048231229186058044434 0.04796454310417175293 0.048491720110177993774 0.04981638491153717041 0.049839835613965988159 0.048439070582389831543 0.089320555329322814941 0.048383921384811401367 0.049934830516576766968 0.051224064081907272339 0.052191857248544692993 0.05318102613091468811 0.053855191916227340698 0.054029587656259536743 0.054446157068014144897 0.055661600083112716675 0.056722007691860198975 0.057392872869968414307 0.058919779956340789795 0.061345923691987991333 0.063267692923545837402 0.064407885074615478516 0.065459236502647399902 0.066616021096706390381 0.067500315606594085693 0.068090058863162994385 0.069000057876110076904 0.070113904774188995361 0.070463314652442932129 0.069804273545742034912 0.06875368952751159668 0.066829904913902282715 0.063641302287578582764 0.058698058128356933594 0.054679408669471740723 0 0 0
0.082797393202781677246 0.083902738988399505615 0.085815742611885070801 0.084080658853054046631 0.081592157483100891113 0.078632220625877380371 0.0887640342116355896 0.087841473519802093506 0.046492636203765869141 0.046649176627397537231 0.048109184950590133667 0.04970091208815574646 0.050463940948247909546 0.050978515297174453735 0.051686357706785202026 0.052278753370046615601 0.052712637931108474731 0.053381629288196563721 0.053848903626203536987 0.053905781358480453491 0.054866380989551544189 0.057056412100791931152 0.05915807187557220459 0.060747161507606506348 0.062120895832777023315 0.069118931889533996582 0.064594753086566925049 0.065473072230815887451 0.066875696182250976562 0.068709082901477813721 0.069868132472038269043 0.070185005664825439453 0.070239871740341186523 0.070060707628726959229 0.067308448255062103271 0.062117706984281539917 0.059569921344518661499 0.023139182478189468384 0.19910398125648498535 0
0.05223949626088142395 0.052036222070455551147 0.052120078355073928833 0.06387157738208770752 0.07229544222354888916 0.07777480781078338623 0.050452910363674163818 0.049163535237312316895 0.047562979161739349365 0.045916549861431121826 0.045836206525564193726 0.047165706753730773926 0.047981832176446914673 0.048362426459789276123 0.049488238990306854248 0.05096044391393661499 0.051747899502515792847 0.052072208374738693237 0.052234482020139694214 0.052006684243679046631 0.052097141742706298828 0.053137041628360748291 0.054763197898864746094 0.05651707574725151062 0.070046626031398773193 0.059087853878736495972 0.060085371136665344238 0.06090528145432472229 0.062588110566139221191 0.065031073987483978271 0.066595189273357391357 0.067253127694129943848 0.068167790770530700684 0.0694408416748046875 0.068558707833290100098 0.063436917960643768311 0.060692254453897476196 0.024342704564332962036 0.20347893238067626953 0.074466295540332794189
0.054680958390235900879 0.054800085723400115967 0.054874662309885025024 0.055220842361450195312 0.054902207106351852417 0.053704094141721725464 0.052638750523328781128 0.05156628042459487915 0.049798201769590377808 0.04730267450213432312 0.045847807079553604126 0.046139657497406005859 0.046112034469842910767 0.045550279319286346436 0.046509668231010437012 0.048727534711360931396 0.04995676875114440918 0.049910429865121841431 0.050123356282711029053 0.050435781478881835938 0.050458218902349472046 0.050665885210037231445 0.051687926054000854492 0.070954300463199615479 0.054679352790117263794 0.055225417017936706543 0.055496603250503540039 0.055933080613613128662 0.057947903871536254883 0.060862433165311813354 0.062951147556304931641 0.063716158270835876465 0.065128684043884277344 0.067376703023910522461 0.067695103585720062256 0.065137751400470733643 0.063749067485332489014 0.015041908249258995056 0.014815613627433776855 0.048485267907381057739
0.055118359625339508057 0.056001726537942886353 0.056606024503707885742 0.057006906718015670776 0.05675411224365234375 0.055610548704862594604 0.054340045899152755737 0.053248293697834014893 0.051942925900220870972 0.049884408712387084961 0.047839179635047912598 0.046789664775133132935 0.045398227870464324951 0.043286941945552825928 0.043447602540254592896 0.046094480901956558228 0.046490870416164398193 0.046409942209720611572 0.046752870082855224609 0.047733992338180541992 0.049518294632434844971 0.049286182969808578491 0.072066649794578552246 0.051820091903209686279 0.052430555224418640137 0.050786558538675308228 0.0505275726318359375 0.051915612071752548218 0.05194101482629776001 0.055444799363613128662 0.057705342769622802734 0.058431442826986312866 0.060004964470863342285 0.062635213136672973633 0.06405048072338104248 0.066201835870742797852 0.052563901990652084351 0.019272465258836746216 0.015462044626474380493 0.049985922873020172119
0.054664634168148040771 0.055837314575910568237 0.056794062256813049316 0.05750152096152305603 0.0576593056321144104 0.057023525238037109375 0.055845621973276138306 0.054457370191812515259 0.053308639675378799438 0.051977582275867462158 0.050119873136281967163 0.048337697982788085938 0.046152908354997634888 0.043185479938983917236 0.042515315115451812744 0.038499318063259124756 0.039497260004281997681 0.039336431771516799927 0.039552312344312667847 0.046985752880573272705 0.046592678874731063843 0.074169807136058807373 0.049202144145965576172 0.049533385783433914185 0.04348867759108543396 0.042887166142463684082 0.050441786646842956543 0.04224422946572303772 0.043325465172529220581 0.04578364640474319458 0.047168463468551635742 0.047516543418169021606 0.04871810227632522583 0.050771236419677734375 0.063973695039749145508 0.063678026199340820312 0.066677160561084747314 0.024113653227686882019 0.032629236578941345215 0.089126631617546081543
0.053705155849456787109 0.054676752537488937378 0.055692814290523529053 0.056689985096454620361 0.057378653436899185181 0.057521257549524307251 0.056836761534214019775 0.055356230586767196655 0.054183095693588256836 0.053530901670455932617 0.052180007100105285645 0.050118826329708099365 0.047764722257852554321 0.044872667640447616577 0.037036594003438949585 0.043106924742460250854 0.044816553592681884766 0.044939633458852767944 0.04492672160267829895 0.038674838840961456299 0.075386211276054382324 0.047133356332778930664 0.041425563395023345947 0.042697880417108535767 0.049626722931861877441 0.05040013045072555542 0.042272984981536865234 0.048600714653730392456 0.050886694341897964478 0.053310532122850418091 0.054733872413635253906 0.055011857300996780396 0.055865433067083358765 0.057615160942077636719 0.050107572227716445923 0.05314496159553527832 0.075606517493724822998 0.031716611236333847046 0.089909933507442474365 0.081004753708839416504
0.052819728851318359375 0.053298387676477432251 0.054063562303781509399 0.055107045918703079224 0.056124888360500335693 0.056898217648267745972 0.05682398378849029541 0.055722091346979141235 0.054830204695463180542 0.054696250706911087036 0.053741548210382461548 0.051616713404655456543 0.049511328339576721191 0.060859411954879760742 0.054945748299360275269 0.049704268574714660645 0.044749397784471511841 0.044797182083129882812 0.044572658836841583252 0.076637856662273406982 0.045003905892372131348 0.040113326162099838257 0.047119215130805969238 0.049508608877658843994 0.050301171839237213135 0.050114579498767852783 0.050172448158264160156 0.050642371177673339844 0.051879517734050750732 0.053941875696182250977 0.055150650441646575928 0.055310316383838653564 0.055349625647068023682 0.055429797619581222534 0.057453367859125137329 0.061556246131658554077 0.063560910522937774658 0.24254344403743743896 0.084733158349990844727 0.053332019597291946411
0.052106317132711410522 0.051949512213468551636 0.052223667502403259277 0.053031969815492630005 0.054129030555486679077 0.055342156440019607544 0.055932190269231796265 0.055604852735996246338 0.054927855730056762695 0.054990723729133605957 0.054284866899251937866 0.052455652505159378052 0.068578146398067474365 0.049995575100183486938 0.058719858527183532715 0.057569306343793869019 0.063880078494548797607 0.073483631014823913574 0.076256439089775085449 0.044775843620300292969 0.045471671968698501587 0.04754872247576713562 0.048782050609588623047 0.048978351056575775146 0.049185022711753845215 0.049377769231796264648 0.049909729510545730591 0.050854306668043136597 0.062343388795852661133 0.058727428317070007324 0.057072170078754425049 0.057338852435350418091 0.056519590318202972412 0.054279595613479614258 0.054446812719106674194 0.057643722742795944214 0.060237668454647064209 0.20149569213390350342 0.052634984254837036133 0.06417179107666015625
0.05201894417405128479 0.05155362933874130249 0.051350727677345275879 0.051605723798274993896 0.052339922636747360229 0.053509149700403213501 0.054488897323608398438 0.053291581571102142334 0.053308557718992233276 0.053093269467353820801 0.052451293915510177612 0.074696406722068786621 0.052047114819288253784 0.051778044551610946655 0.042074732482433319092 0.047446392476558685303 0.048665188252925872803 0.046220906078815460205 0.046288792043924331665 0.045845922082662582397 0.046831570565700531006 0.049315519630908966064 0.050189208239316940308 0.048999235033988952637 0.048298608511686325073 0.048389885574579238892 0.048944599926471710205 0.049899075180292129517 0.044007897377014160156 0.053799014538526535034 0.057739999145269393921 0.059457264840602874756 0.058183796703815460205 0.053500346839427947998 0.052019182592630386353 0.054768942296504974365 0.048497762531042098999 0.22679467499256134033 0.089321464300155639648 0.087116457521915435791
0.052211795002222061157 0.052015036344528198242 0.051532693207263946533 0.051106195896863937378 0.051239423453807830811 0.05208301544189453125 0.044506806880235671997 0.045324817299842834473 0.045448996126651763916 0.044947851449251174927 0.079575315117835998535 0.052552070468664169312 0.052437260746955871582 0.052985515445470809937 0.051427982747554779053 0.054710701107978820801 0.045999355614185333252 0.0464247092604637146 0.046864114701747894287 0.046926241368055343628 0.048394601792097091675 0.06080530211329460144 0.055804386734962463379 0.050653100013732910156 0.048801664263010025024 0.047882128506898880005 0.047901798039674758911 0.048733152449131011963 0.051048703491687774658 0.054742753505706787109 0.05785689130425453186 0.060214050114154815674 0.05891469120979309082 0.053143821656703948975 0.063315749168395996094 0.066768527030944824219 0.064049176871776580811 0.23784969747066497803 0.091087996959686279297 0.088362812995910644531
