tests/data/reference/gistest_nucice/full/mvel_m_s.asc
ncols        123
nrows        77
xllcorner    -713746.799299980048
yllcorner    -1061022.369616159936
cellsize     10.000000000000
NODATA_value  -9999
[rows 54 to 71 of 77, columns 40 to 79 of 123]
0.020129023119807243347 0.020188016816973686218 0.020053349435329437256 0.019841467961668968201 0.019897175952792167664 0.020265284925699234009 0.02061320282518863678 0.020974583923816680908 0.021843647584319114685 0.021411499008536338806 0.020392954349517822266 0.020375844091176986694 0.020536381751298904419 0.020948017016053199768 0.021136457100510597229 0.018553581088781356812 0.017812201753258705139 0.018123891204595565796 0.018372358754277229309 0.018478773534297943115 0.0191555023193359375 0.020497087389230728149 0.020934933796525001526 0.020355643704533576965 0.019557716324925422668 0.01867979392409324646 0.018494736403226852417 0.018963603302836418152 0.019866805523633956909 0.021175498142838478088 0.022296363487839698792 0.023227132856845855713 0.022501043975353240967 0.019845159724354743958 0.018733514472842216492 0.020798834040760993958 0.023373616859316825867 0.16491086781024932861 0.055806268006563186646 0.04364177212119102478
0.019838167354464530945 0.01996371150016784668 0.019996689632534980774 0.019937407225370407104 0.020133234560489654541 0.020600581541657447815 0.021742157638072967529 0.021959004923701286316 0.020953457802534103394 0.02052038535475730896 0.020505484193563461304 0.020754147320985794067 0.020949954167008399963 0.02127201668918132782 0.020659286528825759888 0.018988870084285736084 0.018259175121784210205 0.01849723421037197113 0.018741071224212646484 0.018911596387624740601 0.019435379654169082642 0.019697757437825202942 0.021972691640257835388 0.022039951756596565247 0.020542802289128303528 0.020129200071096420288 0.019739316776394844055 0.01956244930624961853 0.020275613293051719666 0.021206043660640716553 0.02209686674177646637 0.022916706278920173645 0.022273398935794830322 0.019826702773571014404 0.019757514819502830505 0.022361477836966514587 0.024356611073017120361 0 0.025603530928492546082 0.02783148549497127533
0.019816901534795761108 0.01988455653190612793 0.019935131072998046875 0.019950471818447113037 0.020243652164936065674 0.020809352397918701172 0.021118734031915664673 0.021189168095588684082 0.021038435399532318115 0.02066328004002571106 0.020854139700531959534 0.021425819024443626404 0.021543942391872406006 0.021459050476551055908 0.020885692909359931946 0.019622916355729103088 0.018967358395457267761 0.019040038809180259705 0.01928158104419708252 0.019644454121589660645 0.019991289824247360229 0.021265456452965736389 0.021064084023237228394 0.02156656607985496521 0.022116784006357192993 0.020049275830388069153 0.019730929285287857056 0.021150304004549980164 0.020994475111365318298 0.021598599851131439209 0.022274304181337356567 0.022967731580138206482 0.0226468648761510849 0.021118305623531341553 0.021320259198546409607 0.023360243067145347595 0 0 0.026099015027284622192 0.027988268062472343445
0.019853595644235610962 0.019867286086082458496 0.019861172884702682495 0.019865674898028373718 0.020210063084959983826 0.020870195701718330383 0.021299289539456367493 0.021451883018016815186 0.021313037723302841187 0.020958123728632926941 0.021360715851187705994 0.022309390828013420105 0.022259207442402839661 0.021486371755599975586 0.021052576601505279541 0.020494300872087478638 0.01992955431342124939 0.019715977832674980164 0.019869299605488777161 0.020372888073325157166 0.020646808668971061707 0.020695036277174949646 0.021076234057545661926 0.021731339395046234131 0.021658705547451972961 0.020754788070917129517 0.020522348582744598389 0.021148081868886947632 0.022641967982053756714 0.023249017074704170227 0.023838033899664878845 0.02339627780020236969 0.023381352424621582031 0.022745329886674880981 0.022935509681701660156 0.024127591401338577271 0 0 0.026026228442788124084 0.027423985302448272705
0.019643938168883323669 0.019659316167235374451 0.019625322893261909485 0.019531125202775001526 0.019761752337217330933 0.020325900986790657043 0.020773276686668395996 0.021050464361906051636 0.020989676937460899353 0.02060991339385509491 0.021183673292398452759 0.0226840972900390625 0.022585079073905944824 0.020960871130228042603 0.020560199394822120667 0.020689396187663078308 0.020410297438502311707 0.020075213164091110229 0.020132720470428466797 0.020631380379199981689 0.020929975435137748718 0.020924968644976615906 0.021143453195691108704 0.021667484194040298462 0.021767521277070045471 0.021258046850562095642 0.02112491801381111145 0.021609639748930931091 0.022183500230312347412 0.022762846201658248901 0.023310838267207145691 0.024902844801545143127 0.024141928181052207947 0.024100791662931442261 0.024352325126528739929 0.024973174557089805603 0 0 0.025827256962656974792 0.026807392016053199768
0.018519904464483261108 0.019294289872050285339 0.019269455224275588989 0.019143341109156608582 0.019186254590749740601 0.019419776275753974915 0.019634906202554702759 0.019836818799376487732 0.019931750372052192688 0.019680766388773918152 0.020447742193937301636 0.022428546100854873657 0.021400408819317817688 0.020099861547350883484 0.019484290853142738342 0.020168179646134376526 0.020323712378740310669 0.020073227584362030029 0.020064232870936393738 0.020427890121936798096 0.020817724987864494324 0.021043075248599052429 0.021190239116549491882 0.021432202309370040894 0.021633094176650047302 0.021552696824073791504 0.021527027711272239685 0.02180391363799571991 0.022299073636531829834 0.022943407297134399414 0.023609062656760215759 0.024242743849754333496 0.025811510160565376282 0.02610021643340587616 0.02662722952663898468 0.027402237057685852051 0 0.02598492056131362915 0.02736235596239566803 0.028140014037489891052
0.018373163416981697083 0.01792199350893497467 0.018120154738426208496 0.018917977809906005859 0.018277807161211967468 0.018304664641618728638 0.01820599287748336792 0.018739599734544754028 0.018880752846598625183 0.019086340442299842834 0.019298128783702850342 0.021154388785362243652 0.021774301305413246155 0.019136870279908180237 0.018354360014200210571 0.019475169479846954346 0.02002299576997756958 0.019979327917098999023 0.019914155825972557068 0.019989944994449615479 0.020434128120541572571 0.021029151976108551025 0.021247401833534240723 0.021242361515760421753 0.021508628502488136292 0.021852917969226837158 0.022014470770955085754 0.022148810327053070068 0.022525537759065628052 0.023098312318325042725 0.023755270987749099731 0.024470245465636253357 0.023617142811417579651 0.023649044334888458252 0.025470456108450889587 0.025243490934371948242 0 0.026257349178194999695 0.027474049478769302368 0.03060901351273059845
0.017292248085141181946 0.017459224909543991089 0.017951721325516700745 0.017957033589482307434 0.018887825310230255127 0.018898289650678634644 0.018523434177041053772 0.017202587798237800598 0.01806150190532207489 0.018285335972905158997 0.019990896806120872498 0.021452851593494415283 0.020969163626432418823 0.017469916492700576782 0.01728875376284122467 0.018559558317065238953 0.019404213875532150269 0.019688196480274200439 0.019634155556559562683 0.019395017996430397034 0.019835332408547401428 0.020752916112542152405 0.021176097914576530457 0.021135384216904640198 0.021416457369923591614 0.022014321759343147278 0.022429803386330604553 0.022640122100710868835 0.022998038679361343384 0.023495316505432128906 0.024005124345421791077 0.02344205416738986969 0.024698687717318534851 0.024395050480961799622 0.02373819984495639801 0.02623338066041469574 0.17531183362007141113 0.058212745934724807739 0.044461261481046676636 0.029831293970346450806
0.016440887004137039185 0.016260424628853797913 0.016789967194199562073 0.017909552901983261108 0.018484763801097869873 0.018551377579569816589 0.01803798973560333252 0.016916481778025627136 0.0167199745774269104 0.019013971090316772461 0.020152516663074493408 0.020786348730325698853 0.020062401890754699707 0.017667952924966812134 0.016140222549438476562 0.017143111675977706909 0.017941439524292945862 0.018453473225235939026 0.018418125808238983154 0.018607834354043006897 0.018878335133194923401 0.019889717921614646912 0.020463474094867706299 0.020529938861727714539 0.020873196423053741455 0.02156502939760684967 0.022201068699359893799 0.022644558921456336975 0.023166947066783905029 0.02384855225682258606 0.023241156712174415588 0.024791562929749488831 0.024829089641571044922 0.024276055395603179932 0.024642439559102058411 0.025971541181206703186 0.17356576025485992432 0.057209257036447525024 0.043485976755619049072 0.024668741971254348755
-9999 0.015500999055802822113 0.015929752960801124573 0.017113972455263137817 0.018288230523467063904 0.018275979906320571899 0.017678547650575637817 0.016451312229037284851 0.016994372010231018066 0.019175319001078605652 0.020074682310223579407 0.019806992262601852417 0.019003631547093391418 0.017474044114351272583 0.016730599105358123779 0.017186168581247329712 0.017760163173079490662 0.018356451764702796936 0.018358733505010604858 0.017090737819671630859 0.017204219475388526917 0.018683383241295814514 0.019188992679119110107 0.019332725554704666138 0.019789595156908035278 0.020539611577987670898 0.021427866071462631226 0.022264627739787101746 0.023043643683195114136 0.02293987758457660675 0.024623332545161247253 0.02501660957932472229 0.024963770061731338501 0.024437708780169487 0.024581570178270339966 0.02550815977156162262 0.1708818972110748291 0.056300751864910125732 0.042819947004318237305 0.029407957568764686584
-9999 -9999 -9999 -9999 0.017946373671293258667 0.017646640539169311523 0.017648309469223022461 0.016725372523069381714 0.016763010993599891663 0.01930631883442401886 0.019733689725399017334 0.01852872408926486969 0.017669415101408958435 0.017239304259419441223 0.017005218192934989929 0.017095005139708518982 0.017310520634055137634 0.017634714022278785706 0.017557671293616294861 0.017012609168887138367 0.016986465081572532654 0.017002947628498077393 0.017384748905897140503 0.018141480162739753723 0.018568066880106925964 0.019255764782428741455 0.020360838621854782104 0.020932195708155632019 0.022016497328877449036 0.024083627387881278992 0.024796526879072189331 0.02503790147602558136 0.025003312155604362488 0.02466538548469543457 0.024667216464877128601 0.025094369426369667053 0.16845086216926574707 0.055839858949184417725 0.042852144688367843628 0.029909186065196990967
-9999 -9999 -9999 -9999 -9999 -9999 -9999 -9999 -9999 -9999 0.018707506358623504639 0.017412474378943443298 0.016377776861190795898 0.016849076375365257263 0.017205398529767990112 0.017355978488922119141 0.017377614974975585938 0.017251767218112945557 0.017016949132084846497 0.016691386699676513672 0.01652583293616771698 0.016555761918425559998 0.016746997833251953125 0.016492776572704315186 0.016972990706562995911 0.017591107636690139771 0.018776414915919303894 0.021248580887913703918 0.022789835929870605469 0.024054320529103279114 0.024713505059480667114 0.0248136129230260849 0.024717632681131362915 0.024468336254358291626 0.025763610377907752991 0.026294708251953125 0.16874255239963531494 0.055962931364774703979 0.043362621217966079712 0.030776249244809150696
-9999 -9999 -9999 -9999 -9999 -9999 -9999 -9999 -9999 -9999 -9999 0.016125837340950965881 0.015139359980821609497 0.016634617000818252563 0.017429688945412635803 0.017880009487271308899 0.01786963827908039093 0.017316170036792755127 0.016941675916314125061 0.016878785565495491028 0.016541555523872375488 0.015783868730068206787 0.015565393492579460144 0.016066981479525566101 0.016881795600056648254 0.017888303846120834351 0.01928621344268321991 0.02101927436888217926 0.022530619055032730103 0.023843646049499511719 0.024433337152004241943 0.024347407743334770203 0.024059690535068511963 0.023632569238543510437 0.022931039333343505859 0.023894842714071273804 0.16879412531852722168 0.05597116425633430481 0.043552972376346588135 0.031200418248772621155
-9999 -9999 -9999 -9999 -9999 -9999 -9999 -9999 -9999 -9999 -9999 -9999 -9999 -9999 -9999 -9999 -9999 -9999 -9999 0.01680808141827583313 0.016374221071600914001 0.01517123635858297348 0.014643319882452487946 0.015114427544176578522 0.01666257902979850769 0.018225876614451408386 0.019653899595141410828 0.020895881578326225281 0.022145591676235198975 0.023459618911147117615 0.023975066840648651123 0.02371225506067276001 0.023292552679777145386 0.022726103663444519043 0.023268846794962882996 0.02482569962739944458 0 0.024598475545644760132 0.02672055363655090332 0.028252141550183296204
-9999 -9999 -9999 -9999 -9999 -9999 -9999 -9999 -9999 -9999 -9999 -9999 -9999 -9999 -9999 -9999 -9999 -9999 -9999 -9999 -9999 -9999 0.01554402615875005722 0.015826078131794929504 0.01645925082266330719 0.018297910690307617188 0.020213339477777481079 0.020795142278075218201 0.021663231775164604187 0.022958898916840553284 0.023399539291858673096 0.022959522902965545654 0.022542845457792282104 0.022160278633236885071 0.022921860218048095703 0.024751305580139160156 0 0.024259258061647415161 0.026292698457837104797 0.028011940419673919678
-9999 -9999 -9999 -9999 -9999 -9999 -9999 -9999 -9999 -9999 -9999 -9999 -9999 -9999 -9999 -9999 -9999 -9999 -9999 -9999 -9999 -9999 -9999 -9999 0.017747953534126281738 0.019665159285068511963 0.019924739375710487366 0.019835233688354492188 0.021178832277655601501 0.022494595497846603394 0.022853931412100791931 0.022200405597686767578 0.021829253062605857849 0.021807102486491203308 0.022749241441488265991 0 0.024177135899662971497 0.025242235511541366577 0.026023656129837036133 0.027614871039986610413
-9999 -9999 -9999 -9999 -9999 -9999 -9999 -9999 -9999 -9999 -9999 -9999 -9999 -9999 -9999 -9999 -9999 -9999 -9999 -9999 -9999 -9999 -9999 -9999 -9999 0.020222930237650871277 0.02093122527003288269 0.020538715645670890808 0.02006986178457736969 0.022075161337852478027 0.022344499826431274414 0.02153978496789932251 0.021272603422403335571 0.021642835810780525208 0.022645024582743644714 0 0.023828484117984771729 0.025145908817648887634 -9999 -9999
-9999 -9999 -9999 -9999 -9999 -9999 -9999 -9999 -9999 -9999 -9999 -9999 -9999 -9999 -9999 -9999 -9999 -9999 -9999 -9999 -9999 -9999 -9999 -9999 -9999 -9999 -9999 0.02056851610541343689 0.020883802324533462524 0.020826937630772590637 0.021733568981289863586 0.021063175052404403687 0.021050665527582168579 0.021750515326857566833 0.022736163809895515442 0.16040419042110443115 -9999 -9999 -9999 -9999
