tests/data/reference/gistest_nucice/full/mvel_m_s.asc
ncols        123
nrows        77
xllcorner    -713746.799299980048
yllcorner    -1061022.369616159936
cellsize     10.000000000000
NODATA_value -9999
[rows 54 to 71 of 77, columns 40 to 79 of 123]
0.051735587418079376221 0.051988225430250167847 0.051737621426582336426 0.051267772912979125977 0.051384169608354568481 0.052271757274866104126 0.053106091916561126709 0.054019454866647720337 0.079253852367401123047 0.083518348634243011475 0.052726019173860549927 0.052661087363958358765 0.053096186369657516479 0.054117303341627120972 0.064030520617961883545 0.048539012670516967773 0.046407457441091537476 0.046906445175409317017 0.047501079738140106201 0.047803241759538650513 0.049410093575716018677 0.052612259984016418457 0.053849630057811737061 0.052697207778692245483 0.050761021673679351807 0.048522751778364181519 0.047853190451860427856 0.048842143267393112183 0.051000334322452545166 0.054204508662223815918 0.057105191051959991455 0.059563416987657546997 0.0582522563636302948 0.052057873457670211792 0.042700815945863723755 0.046802878379821777344 0.057992350310087203979 0 0.054561041295528411865 0.066839434206485748291
0.051023002713918685913 0.051462162286043167114 0.051589932292699813843 0.051470547914505004883 0.051921002566814422607 0.053055059164762496948 0.06436408311128616333 0.073019593954086303711 0.054174076765775680542 0.053161371499300003052 0.053030829876661300659 0.053622715175151824951 0.05422858893871307373 0.055052213370800018311 0.053638864308595657349 0.04960651695728302002 0.047595921903848648071 0.047971196472644805908 0.048523627221584320068 0.048960272222757339478 0.050255168229341506958 0.044629011303186416626 0.066041879355907440186 0.074447199702262878418 0.067882679402828216553 0.08054246753454208374 0.083785146474838256836 0.081473641097545623779 0.079244732856750488281 0.07714633643627166748 0.074592262506484985352 0.071518048644065856934 0.06540699303150177002 0.056071650236845016479 0.051181107759475708008 0.056900359690189361572 0 0 0.05595631524920463562 0.068437360227108001709
0.050910912454128265381 0.05126978456974029541 0.051426347345113754272 0.051463868468999862671 0.052137322723865509033 0.053499095141887664795 0.054372880607843399048 0.054670814424753189087 0.054393563419580459595 0.053523074835538864136 0.053870789706707000732 0.055243730545043945312 0.055775769054889678955 0.05567116662859916687 0.054181475192308425903 0.051074411720037460327 0.049406703561544418335 0.049450848251581192017 0.049947131425142288208 0.050799347460269927979 0.051714014261960983276 0.063301928341388702393 0.054283559322357177734 0.055516880005598068237 0.066218525171279907227 0.052240077406167984009 0.051304012537002563477 0.06343765556812286377 0.05900731310248374939 0.055700741708278656006 0.057252649217844009399 0.059015043079853057861 0.058519255369901657104 0.055015452206134796143 0.055088777095079421997 0.059619344770908355713 0 0.01563494466245174408 0.058085855096578598022 0.068995401263236999512
0.050881225615739822388 0.05104734376072883606 0.051071081310510635376 0.051196333020925521851 0.051952302455902099609 0.053496796637773513794 0.054611869156360626221 0.055074036121368408203 0.054841455072164535522 0.054034598171710968018 0.054864335805177688599 0.057123776525259017944 0.057433452457189559937 0.055784743279218673706 0.054233938455581665039 0.052914042025804519653 0.051605131477117538452 0.051084704697132110596 0.051372025161981582642 0.052524305880069732666 0.053266741335391998291 0.053469091653823852539 0.054358221590518951416 0.055910639464855194092 0.055889107286930084229 0.053872354328632354736 0.053231786936521530151 0.054623544216156005859 0.067424297332763671875 0.077824719250202178955 0.086525954306125640869 0.08286024630069732666 0.078043624758720397949 0.07197138667106628418 0.067440159618854522705 0.064247712492942810059 0 0.015772262588143348694 0.057959035038948059082 0.067801915109157562256
0.049244727939367294312 0.049413464963436126709 0.050517570227384567261 0.050200406461954116821 0.050705663859844207764 0.052114576101303100586 0.05306555330753326416 0.053741931915283203125 0.053649041801691055298 0.052931070327758789062 0.054163362830877304077 0.057727750390768051147 0.057914447039365768433 0.052854508161544799805 0.05304188653826713562 0.053036145865917205811 0.052505828440189361572 0.051843732595443725586 0.051952399313449859619 0.053086604923009872437 0.05384982377290725708 0.053937260061502456665 0.054512843489646911621 0.055773712694644927979 0.056078862398862838745 0.054975904524326324463 0.054669953882694244385 0.055787753313779830933 0.057168122380971908569 0.058609239757061004639 0.060031060129404067993 0.074230425059795379639 0.068829879164695739746 0.063598066568374633789 0.062805913388729095459 0.064237207174301147461 0 0.015841986984014511108 0.05758797377347946167 0.066464811563491821289
0.042270518839359283447 0.04950202256441116333 0.048429474234580993652 0.0481870993971824646 0.049404598772525787354 0.048833612352609634399 0.049316953867673873901 0.049744930118322372437 0.051096264272928237915 0.050416175276041030884 0.052314516156911849976 0.055636011064052581787 0.047978214919567108154 0.052235111594200134277 0.05031161382794380188 0.051406104117631912231 0.052088622003793716431 0.051710817962884902954 0.051731053739786148071 0.052562486380338668823 0.053463835269212722778 0.054067719727754592896 0.054574903100728988647 0.055233165621757507324 0.055718220770359039307 0.055603094398975372314 0.055647231638431549072 0.056355025619268417358 0.057539846748113632202 0.059104502201080322266 0.060772299766540527344 0.062399178743362426758 0.077117711305618286133 0.079714290797710418701 0.082043461501598358154 0.091276019811630249023 0 0.056660734117031097412 0.067538477480411529541 0.082052052021026611328
0.047101870179176330566 0.041059948503971099854 0.041462164372205734253 0.048542466014623641968 0.04178144410252571106 0.041835773736238479614 0.041636083275079727173 0.048342697322368621826 0.047422397881746292114 0.048928290605545043945 0.043832674622535705566 0.047498594969511032104 0.054597213864326477051 0.049953356385231018066 0.046296495944261550903 0.049670487642288208008 0.051063176244497299194 0.051211364567279815674 0.051169171929359436035 0.051354713737964630127 0.052302584052085876465 0.05384591221809387207 0.054569289088249206543 0.054721731692552566528 0.055359546095132827759 0.056212782859802246094 0.056747488677501678467 0.057201270014047622681 0.058151360601186752319 0.059567321091890335083 0.061211064457893371582 0.062997169792652130127 0.052235852926969528198 0.052296299487352371216 0.065383940935134887695 0.055288434028625488281 0 0.057161983102560043335 0.067828007042407989502 0.068531200289726257324
0.044478464871644973755 0.045008875429630279541 0.046205569058656692505 0.041131146252155303955 0.047584965825080871582 0.048669680953025817871 0.047924242913722991943 0.039591286331415176392 0.046373222023248672485 0.041796673089265823364 0.050101593136787414551 0.054729625582695007324 0.054179608821868896484 0.040138591080904006958 0.044853616505861282349 0.046495925635099411011 0.048573561012744903564 0.049363013356924057007 0.049344554543495178223 0.048805832862854003906 0.050834730267524719238 0.052827369421720504761 0.054026227444410324097 0.054236415773630142212 0.054914176464080810547 0.056352566927671432495 0.057491846382617950439 0.058174286037683486938 0.059152800589799880981 0.060465157032012939453 0.061836030334234237671 0.051903683692216873169 0.061383917927742004395 0.062785081565380096436 0.052465111017227172852 0.064698584377765655518 0 0.056531537324190139771 0.066873207688331604004 0.067477799952030181885
0.042338598519563674927 0.04201941564679145813 0.043220631778240203857 0.045911021530628204346 0.047506477683782577515 0.047844901680946350098 0.046706967055797576904 0.043990500271320343018 0.038598537445068359375 0.047622792422771453857 0.0514908619225025177 0.053388629108667373657 0.051968805491924285889 0.046291440725326538086 0.037397906184196472168 0.03946927189826965332 0.041099462658166885376 0.04213646426796913147 0.042065091431140899658 0.047971308231353759766 0.047394964843988418579 0.049658376723527908325 0.052193645387887954712 0.052396997809410095215 0.053222395479679107666 0.055002164095640182495 0.056633874773979187012 0.057893294841051101685 0.059347160160541534424 0.060984842479228973389 0.051521688699722290039 0.061540711671113967896 0.063758045434951782227 0.06284487992525100708 0.06354382634162902832 0.066542193293571472168 0 0.05562009662389755249 0.065740987658500671387 0.054216373711824417114
-9999 0.036063790321350097656 0.036959834396839141846 0.039409454911947250366 0.046080119907855987549 0.047070216387510299683 0.045799627900123596191 0.042812354862689971924 0.043791491538286209106 0.048853851854801177979 0.05143253132700920105 0.051154591143131256104 0.049305088818073272705 0.045563571155071258545 0.04345944523811340332 0.04429130256175994873 0.0456808432936668396 0.047198604792356491089 0.047367088496685028076 0.039361748844385147095 0.03959463164210319519 0.047761347144842147827 0.048068195581436157227 0.048463676124811172485 0.050528742372989654541 0.052243813872337341309 0.054421685636043548584 0.056591179221868515015 0.057310402393341064453 0.050947099924087524414 0.061119213700294494629 0.064108639955520629883 0.06441447138786315918 0.063278891146183013916 0.063463591039180755615 0.065518304705619812012 0 0.054831285029649734497 0.065106131136417388916 0.067195974290370941162
-9999 -9999 -9999 -9999 0.041109487414360046387 0.040499389171600341797 0.044736802577972412109 0.043363243341445922852 0.038687307387590408325 0.04827968403697013855 0.05061262473464012146 0.04813859984278678894 0.045909654349088668823 0.044668104499578475952 0.043989323079586029053 0.044126242399215698242 0.044633861631155014038 0.045433681458234786987 0.045336797833442687988 0.044069353491067886353 0.043888960033655166626 0.03918135911226272583 0.039964426308870315552 0.046445388346910476685 0.0465850830078125 0.048210263252258300781 0.050774391740560531616 0.047064185142517089844 0.04917300492525100708 0.059772465378046035767 0.06341924518346786499 0.064470887184143066406 0.064539343118667602539 0.063802473247051239014 0.063718043267726898193 0.064642891287803649902 0 0.054467875510454177856 0.065410152077674865723 0.068761773407459259033
-9999 -9999 -9999 -9999 -9999 -9999 -9999 -9999 -9999 -9999 0.042648486793041229248 0.044389691203832626343 0.04254177585244178772 0.043427590280771255493 0.044310983270406723022 0.044753830879926681519 0.044853523373603820801 0.044574197381734848022 0.044003069400787353516 0.0431898459792137146 0.042724993079900741577 0.042745880782604217529 0.043189238756895065308 0.038129076361656188965 0.039119753986597061157 0.040386099368333816528 0.042787097394466400146 0.05296446382999420166 0.05804893001914024353 0.061524461954832077026 0.06345377117395401001 0.063960954546928405762 0.063836961984634399414 0.063268966972827911377 0.077305339276790618896 0.080127716064453125 0 0.054582227021455764771 0.066138230264186859131 0.070596203207969665527
-9999 -9999 -9999 -9999 -9999 -9999 -9999 -9999 -9999 -9999 -9999 0.037367999553680419922 0.035304173827171325684 0.041975855827331542969 0.044681407511234283447 0.045998007059097290039 0.046115670353174209595 0.044853836297988891602 0.043864149600267410278 0.043614130467176437378 0.042798507958650588989 0.040951505303382873535 0.040271293371915817261 0.04136908799409866333 0.043355032801628112793 0.045871939510107040405 0.049333177506923675537 0.053639911115169525146 0.057545229792594909668 0.06098029017448425293 0.062755286693572998047 0.062829852104187011719 0.062220443040132522583 0.061186052858829498291 0.050930209457874298096 0 0 0.054577689617872238159 0.066426463425159454346 0.071707338094711303711
-9999 -9999 -9999 -9999 -9999 -9999 -9999 -9999 -9999 -9999 -9999 -9999 -9999 -9999 -9999 -9999 -9999 -9999 -9999 0.038780227303504943848 0.03788356482982635498 0.035371270030736923218 0.034256499260663986206 0.035251677036285400391 0.042034618556499481201 0.046507857739925384521 0.050231054425239562988 0.053471121937036514282 0.056679233908653259277 0.06002132222056388855 0.061606656759977340698 0.061258323490619659424 0.060296386480331420898 0.05889711529016494751 0.059943608939647674561 0 0.015129793435335159302 0.055192001163959503174 0.066017299890518188477 0.071859046816825866699
-9999 -9999 -9999 -9999 -9999 -9999 -9999 -9999 -9999 -9999 -9999 -9999 -9999 -9999 -9999 -9999 -9999 -9999 -9999 -9999 -9999 -9999 0.039491083472967147827 0.040043827146291732788 0.038059685379266738892 0.041822113096714019775 0.050595153123140335083 0.053305689245462417603 0.055603973567485809326 0.058778364211320877075 0.060158509761095046997 0.059380318969488143921 0.058369494974613189697 0.057372804731130599976 0.058961451053619384766 0 0.015091074630618095398 0.054537039250135421753 0.065043278038501739502 0.071196429431438446045
-9999 -9999 -9999 -9999 -9999 -9999 -9999 -9999 -9999 -9999 -9999 -9999 -9999 -9999 -9999 -9999 -9999 -9999 -9999 -9999 -9999 -9999 -9999 -9999 0.045211665332317352295 0.049009133130311965942 0.045079559087753295898 0.044902045279741287231 0.053028855472803115845 0.057438664138317108154 0.058775410056114196777 0.057493653148412704468 0.056523524224758148193 0.056341528892517089844 0.058429855853319168091 0.023602332919836044312 0.054975647479295730591 0.062845021486282348633 0.066584631800651550293 0.07058966904878616333
-9999 -9999 -9999 -9999 -9999 -9999 -9999 -9999 -9999 -9999 -9999 -9999 -9999 -9999 -9999 -9999 -9999 -9999 -9999 -9999 -9999 -9999 -9999 -9999 -9999 0.051353447139263153076 0.053383290767669677734 0.051636941730976104736 0.045366961508989334106 0.055033884942531585693 0.057338040322065353394 0.055830821394920349121 0.055060237646102905273 0.055785834789276123047 0.058112662285566329956 0.023127542808651924133 0.05426389351487159729 0.062563553452491760254 -9999 -9999
-9999 -9999 -9999 -9999 -9999 -9999 -9999 -9999 -9999 -9999 -9999 -9999 -9999 -9999 -9999 -9999 -9999 -9999 -9999 -9999 -9999 -9999 -9999 -9999 -9999 -9999 -9999 0.053116012364625930786 0.053670752793550491333 0.046857979148626327515 0.054442990571260452271 0.054409235715866088867 0.054390188306570053101 0.055939730256795883179 0.058326311409473419189 0.23309594392776489258 -9999 -9999 -9999 -9999
