tests/data/reference/gistest_nucice/full/mvel_m_s.asc
ncols        123
nrows        77
xllcorner    -713746.799299980048
yllcorner    -1061022.369616159936
cellsize     10.000000000000
NODATA_value  -9999
[rows 18 to 35 of 77, columns 0 to 39 of 123]
-9999 -9999 -9999 -9999 -9999 -9999 -9999 -9999 -9999 -9999 -9999 -9999 -9999 -9999 -9999 -9999 -9999 0.037888154387474060059 0.045155487954616546631 0.045140881091356277466 0.043865524232387542725 0.050871938467025756836 0.035349003970623016357 0.037233483046293258667 0.026375215500593185425 0.18302607536315917969 0.091717891395092010498 0.078514024615287780762 0.037819225341081619263 0.070559583604335784912 0.048000372946262359619 0.052022282034158706665 0.05399038270115852356 0.054585773497819900513 0.052680183202028274536 0.053542673587799072266 0.067726470530033111572 0.052533309906721115112 0.053835697472095489502 0.055448938161134719849
-9999 -9999 -9999 -9999 -9999 -9999 -9999 -9999 -9999 -9999 -9999 -9999 -9999 -9999 -9999 -9999 0.035393726080656051636 0.041763018816709518433 0.043509025126695632935 0.041668709367513656616 0.053352203220129013062 0.039045359939336776733 0.036554109305143356323 0.040747579187154769897 0.1946468055248260498 0.026560038328170776367 0.076233811676502227783 0.071846835315227508545 0.038536287844181060791 0.067095473408699035645 0.050188403576612472534 0.044653471559286117554 0.064530946314334869385 0.054672122001647949219 0.054276879876852035522 0.054455462843179702759 0.06429888308048248291 0.055055037140846252441 0.055919174104928970337 0.056863538920879364014
-9999 -9999 -9999 -9999 -9999 -9999 -9999 -9999 -9999 -9999 -9999 -9999 -9999 -9999 -9999 0.028837587684392929077 0.033453673124313354492 0.035383787006139755249 0.035273950546979904175 0.056258689612150192261 0.034912295639514923096 0.031473435461521148682 0.041852910071611404419 0.17060181498527526855 0.24340012669563293457 0.044293105602264404297 0.064228050410747528076 0.063502937555313110352 0.04435443878173828125 0.063186079263687133789 0.051625072956085205078 0.044875893741846084595 0.066309303045272827148 0.054495874792337417603 0.054509773850440979004 0.054801866412162780762 0.059488844126462936401 0.055796977132558822632 0.056590594351291656494 0.057370953261852264404
-9999 -9999 -9999 -9999 -9999 -9999 -9999 -9999 -9999 -9999 -9999 -9999 -9999 -9999 -9999 0.029462827369570732117 0.029852587729692459106 0.028902119025588035583 0.046111304312944412231 0.031664293259382247925 0.024266932159662246704 0.027039822190999984741 0.01208796817809343338 0.18544498085975646973 0.097434587776660919189 0.039761729538440704346 0.055148366838693618774 0.057204507291316986084 0.046335231512784957886 0.058604814112186431885 0.04377834126353263855 0.053225416690111160278 0.067028656601905822754 0.054396767169237136841 0.05456891283392906189 0.054308932274580001831 0.053912647068500518799 0.054506227374076843262 0.055860824882984161377 0.057125054299831390381
-9999 -9999 -9999 -9999 -9999 -9999 -9999 -9999 -9999 -9999 -9999 -9999 -9999 -9999 -9999 0.026174558326601982117 0.025133516639471054077 0.020906399935483932495 0.037173159420490264893 0.022041354328393936157 0.02284758351743221283 0.0087128020823001861572 0.17660577595233917236 0.02215035073459148407 0.070898041129112243652 0.0385896340012550354 0.050354514271020889282 0.052804097533226013184 0.047648292034864425659 0.053260941058397293091 0.043711099773645401001 0.051488459110260009766 0.053915612399578094482 0.075351789593696594238 0.054388958960771560669 0.053798910230398178101 0.053355328738689422607 0.045307245105504989624 0.067584156990051269531 0.05719297751784324646
-9999 -9999 -9999 -9999 -9999 -9999 -9999 -9999 -9999 -9999 -9999 -9999 -9999 -9999 0.017159899696707725525 0.020239988341927528381 0.023782385513186454773 0.038947012275457382202 0.019510863348841667175 0.0078202905133366584778 0.0078591704368591308594 0.17642803490161895752 0.010563193820416927338 0.057934995740652084351 0.063284255564212799072 0.038750458508729934692 0.045454099774360656738 0.046782154589891433716 0.048547655344009399414 0.050316151231527328491 0.043495576828718185425 0.051465731114149093628 0.053683623671531677246 0.054041877388954162598 0.081265941262245178223 0.053685661405324935913 0.054207094013690948486 0.046593438833951950073 0.070094898343086242676 0.057578306645154953003
-9999 -9999 -9999 -9999 -9999 -9999 -9999 -9999 -9999 -9999 -9999 -9999 -9999 -9999 0.0097316736355423927307 0.025059606879949569702 0.036360353231430053711 0.027342950925230979919 0.018806718289852142334 0.02641125209629535675 0.16696378588676452637 0.2210737764835357666 0.035668332129716873169 0.034271586686372756958 0.052281938493251800537 0.069637134671211242676 0.044754944741725921631 0.0458601340651512146 0.046636480838060379028 0.040845513343811035156 0.051649227738380432129 0.051248837262392044067 0.053233515471220016479 0.053200408816337585449 0.084943108260631561279 0.053167078644037246704 0.054670348763465881348 0.047096483409404754639 0.071351125836372375488 0.057491470128297805786
-9999 -9999 -9999 -9999 -9999 -9999 -9999 -9999 -9999 -9999 -9999 -9999 -9999 -9999 0.019114198163151741028 0.016406727954745292664 0.021751401945948600769 0.021666206419467926025 0.021112270653247833252 0.0099558215588331222534 0.18607619404792785645 0.055910114198923110962 0.067892372608184814453 0.040061589330434799194 0.04240530356764793396 0.052050393074750900269 0.076974309980869293213 0.048070613294839859009 0.048356287181377410889 0.041680980473756790161 0.047683220356702804565 0.049575958400964736938 0.049447972327470779419 0.051591902971267700195 0.051209826022386550903 0.088258758187294006348 0.04539898410439491272 0.056352689862251281738 0.05495186150074005127 0.079745344817638397217
-9999 -9999 -9999 -9999 -9999 -9999 -9999 -9999 -9999 -9999 -9999 -9999 0.025381090119481086731 0.019489137455821037292 0.02192096412181854248 0.023266268894076347351 0.022135725244879722595 0.010404055938124656677 0.0078895017504692077637 0.17299135029315948486 0.021293019875884056091 0.056686140596866607666 0.045390062034130096436 0.058626390993595123291 0.041262518614530563354 0.043292723596096038818 0.081966184079647064209 0.045752819627523422241 0.04659123346209526062 0.046160757541656494141 0.040827337652444839478 0.048218086361885070801 0.047871563583612442017 0.046373013406991958618 0.046295236796140670776 0.051567852497100830078 0.086815804243087768555 0.054005496203899383545 0.056481719017028808594 0.056477479636669158936
-9999 -9999 -9999 -9999 -9999 -9999 -9999 -9999 -9999 -9999 -9999 -9999 -9999 0.024586725980043411255 0.021448846906423568726 0.021941099315881729126 0.013479208573698997498 0.0065296441316604614258 0.15552562475204467773 0.018669012933969497681 0.034430157393217086792 0.034527342766523361206 0.052830193191766738892 0.059031456708908081055 0.069854438304901123047 0.07076177746057510376 0.07097892463207244873 0.071621648967266082764 0.040948994457721710205 0.043800305575132369995 0.045679297298192977905 0.04513473808765411377 0.045325722545385360718 0.043780654668807983398 0.04468641430139541626 0.048580754548311233521 0.051780287176370620728 0.07983649522066116333 0.056076742708683013916 0.056894745677709579468
-9999 -9999 -9999 -9999 -9999 -9999 -9999 -9999 -9999 -9999 -9999 -9999 -9999 -9999 -9999 0.017422778531908988953 0.003155286889523267746 0.13589715957641601562 0.18977989256381988525 0.059007249772548675537 0.048391900956630706787 0.041852042078971862793 0.03734613955020904541 0.034021072089672088623 0.035356685519218444824 0.037070751190185546875 0.037090498954057693481 0.069220721721649169922 0.092167668044567108154 0.039614144712686538696 0.041770283132791519165 0.04219888150691986084 0.041515655815601348877 0.041078582406044006348 0.04291413724422454834 0.047593351453542709351 0.050320230424404144287 0.050731979310512542725 0.074564091861248016357 0.052965823560953140259
-9999 -9999 -9999 -9999 -9999 -9999 -9999 -9999 -9999 -9999 -9999 -9999 -9999 -9999 -9999 -9999 0.0060673668049275875092 0.13797202706336975098 0.04632856324315071106 0.038873903453350067139 0.0339718647301197052 0.031399097293615341187 0.031881984323263168335 0.033683069050312042236 0.035873100161552429199 0.038354396820068359375 0.038644950836896896362 0.03644160926342010498 0.03582677990198135376 0.093893475830554962158 0.094512991607189178467 0.093084417283535003662 0.038059581071138381958 0.038627073168754577637 0.040589999407529830933 0.044651292264461517334 0.05504999309778213501 0.062367144972085952759 0.047763049602508544922 0.070378452539443969727
-9999 -9999 -9999 -9999 -9999 -9999 -9999 -9999 -9999 -9999 -9999 -9999 -9999 -9999 -9999 -9999 0.14127168059349060059 0.015135218389332294464 0.029017509892582893372 0.030811943113803863525 0.031300075352191925049 0.058522216975688934326 0.057059075683355331421 0.056882612407207489014 0.056237481534481048584 0.055250559002161026001 0.052495714277029037476 0.048021994531154632568 0.04482362791895866394 0.042709022760391235352 0.039910957217216491699 0.038255065679550170898 0.091838873922824859619 0.088376350700855255127 0.088484644889831542969 0.092392906546592712402 0.094172753393650054932 0.094862453639507293701 0.097736224532127380371 0.097094148397445678711
-9999 -9999 -9999 -9999 -9999 -9999 -9999 -9999 -9999 -9999 -9999 -9999 -9999 -9999 -9999 0.1414035111665725708 0.019524868577718734741 0.033631972968578338623 0.064562536776065826416 0.058738205581903457642 0.060245953500270843506 0.032727528363466262817 0.039150856435298919678 0.045576069504022598267 0.042656447738409042358 0.0539530143141746521 0.057579677551984786987 0.060033150017261505127 0.057920590043067932129 0.056806363165378570557 0.053884204477071762085 0.04919546470046043396 0.04380860552191734314 0.037586856633424758911 0.033694658428430557251 0.034833993762731552124 0.078246980905532836914 0.081994637846946716309 0.085213869810104370117 0.088813722133636474609
-9999 -9999 -9999 -9999 -9999 -9999 -9999 -9999 -9999 -9999 -9999 -9999 -9999 -9999 0.13232579827308654785 0.18100270628929138184 0.069925427436828613281 0.066141538321971893311 0.034280866384506225586 0.035303197801113128662 0.032599952071905136108 0.034263607114553451538 0.035796795040369033813 0.037457384169101715088 0.044638562947511672974 0.038236409425735473633 0.039546482264995574951 0.045181032270193099976 0.046383798122406005859 0.04413768276572227478 0.04361275210976600647 0.064580529928207397461 0.06425631791353225708 0.062651693820953369141 0.063058421015739440918 0.074433922767639160156 0.040362473577260971069 0.04471395537257194519 0.048911720514297485352 0.053057786077260971069
-9999 -9999 -9999 -9999 -9999 -9999 -9999 -9999 -9999 -9999 -9999 -9999 -9999 -9999 0.13891521096229553223 0.033818982541561126709 0.036585733294486999512 0.036814186722040176392 0.036672174930572509766 0.036508496850728988647 0.036917526274919509888 0.038269259035587310791 0.035958003252744674683 0.041737172752618789673 0.042688492685556411743 0.042505122721195220947 0.043711539357900619507 0.046550486236810684204 0.056688312441110610962 0.06417064368724822998 0.068971276283264160156 0.046439733356237411499 0.045170351862907409668 0.044809382408857345581 0.058592747896909713745 0.045826051384210586548 0.048171292990446090698 0.050027869641780853271 0.052195262163877487183 0.054854076355695724487
-9999 -9999 -9999 -9999 -9999 -9999 -9999 -9999 -9999 -9999 -9999 -9999 -9999 0.17160940170288085938 0.04040745273232460022 0.035981897264719009399 0.037177711725234985352 0.038243632763624191284 0.038346774876117706299 0.037936188280582427979 0.037736847996711730957 0.038268279284238815308 0.039365466684103012085 0.04087804257869720459 0.042127568274736404419 0.042667239904403686523 0.044187437742948532104 0.047194235026836395264 0.049060083925724029541 0.049642670899629592896 0.049246702343225479126 0.048242948949337005615 0.048190236091613769531 0.066101737320423126221 0.041651193052530288696 0.048875901848077774048 0.050930906087160110474 0.05179109424352645874 0.053208760917186737061 0.055157013237476348877
-9999 -9999 -9999 -9999 -9999 -9999 -9999 -9999 -9999 -9999 -9999 -9999 0.13034708797931671143 0.200155600905418396 0.035907525569200515747 0.036475479602813720703 0.037347886711359024048 0.038462188094854354858 0.038917265832424163818 0.038913168013095855713 0.038677718490362167358 0.038419738411903381348 0.038699939846992492676 0.039533346891403198242 0.040760315954685211182 0.042038977146148681641 0.044080026447772979736 0.047093205153942108154 0.048887830227613449097 0.049558375030755996704 0.049881592392921447754 0.050071354955434799194 0.062452774494886398315 0.050524052232503890991 0.042262677103281021118 0.050315711647272109985 0.051039919257164001465 0.052093423902988433838 0.053770683705806732178 0.055795524269342422485
