tests/data/reference/gistest_nucice/full/mvel_m_s.asc
ncols        123
nrows        77
xllcorner    -713746.799299980048
yllcorner    -1061022.369616159936
cellsize     10.000000000000
NODATA_value -9999
[rows 36 to 53 of 77, columns 80 to 119 of 123]
0.051526013761758804321 0.053054492920637130737 0.096232719719409942627 0 0 0.047691226005554199219 0.054715752601623535156 0.055669404566287994385 0.055365681648254394531 0.055419228971004486084 0.07927151024341583252 0.0541704520583152771 0.052668083459138870239 0.050735611468553543091 0.047766629606485366821 0.040400702506303787231 0.044734738767147064209 0.050828065723180770874 0.042549073696136474609 0.043100353330373764038 0.042415805160999298096 0.044861007481813430786 0.03948811069130897522 0.044882901012897491455 0.053814969956874847412 0.13295826315879821777 -9999 -9999 -9999 -9999 -9999 -9999 -9999 -9999 -9999 -9999 -9999 -9999 -9999 -9999
0.051593143492937088013 0.053833536803722381592 0 0 0.056937750428915023804 0.048173714429140090942 0.05710730329155921936 0.056591108441352844238 0.055879406630992889404 0.055542066693305969238 0.083219297230243682861 0.054767135530710220337 0.053710862994194030762 0.051748745143413543701 0.048958931118249893188 0.047993306070566177368 0.0469435080885887146 0.037912800908088684082 0.042485278099775314331 0.042495042085647583008 0.042960271239280700684 0.043755501508712768555 0.043797846883535385132 0.043770704418420791626 0.049010638147592544556 0.055618871003389358521 0.032550048083066940308 0.13788837194442749023 -9999 -9999 -9999 -9999 -9999 -9999 -9999 -9999 -9999 -9999 -9999 -9999
0.052210431545972824097 0 0 0.058755975216627120972 0.057356949895620346069 0.048474401235580444336 0.057986877858638763428 0.057361003011465072632 0.056493271142244338989 0.088546276092529296875 0.055930484086275100708 0.055772706866264343262 0.054881945252418518066 0.052961137145757675171 0.051182437688112258911 0.049255572259426116943 0.046188514679670333862 0.044815711677074432373 0.037322815507650375366 0.042207550257444381714 0.04275539889931678772 0.043925076723098754883 0.044803451746702194214 0.044444803148508071899 0.044766839593648910522 0.050488468259572982788 0.040551770478487014771 0.055895216763019561768 0.13732971251010894775 -9999 -9999 -9999 -9999 -9999 -9999 -9999 -9999 -9999 -9999 -9999
0 0 0.047828581184148788452 0.070192977786064147949 0.057598382234573364258 0.048603337258100509644 0.058443713933229446411 0.058039173483848571777 0.057331662625074386597 0.093039147555828094482 0.057325892150402069092 0.05727057531476020813 0.056461922824382781982 0.054623790085315704346 0.052373945713043212891 0.050213806331157684326 0.048743963241577148438 0.046090383082628250122 0.038955323398113250732 0.042977198958396911621 0.042423468083143234253 0.042529966682195663452 0.042775362730026245117 0.042947921901941299438 0.043068487197160720825 0.045926850289106369019 0.044280264526605606079 0.052025422453880310059 0.035097736865282058716 0.1841306835412979126 -9999 -9999 -9999 -9999 -9999 -9999 -9999 -9999 -9999 -9999
0 0.044193506240844726562 0.055048070847988128662 0.076966352760791778564 0.04979661107063293457 0.057431340217590332031 0.059018008410930633545 0.058531135320663452148 0.05800984799861907959 0.097337715327739715576 0.058544244617223739624 0.058481104671955108643 0.057609215378761291504 0.055854864418506622314 0.053500104695558547974 0.051123343408107757568 0.049716543406248092651 0.047777425497770309448 0.046801503747701644897 0.038870282471179962158 0.043544877320528030396 0.042831104248762130737 0.042367134243249893188 0.042447317391633987427 0.0429973602294921875 0.044586915522813796997 0.045928202569484710693 0.048255912959575653076 0.042987287044525146484 0.071738332509994506836 0.13595525920391082764 -9999 -9999 -9999 -9999 -9999 -9999 -9999 -9999 -9999
0 0.046546436846256256104 0.051604911684989929199 0.076149761676788330078 0.05035842210054397583 0.060664214193820953369 0.059886481612920761108 0.058855481445789337158 0.10086091607809066772 0.0589944496750831604 0.059534005820751190186 0.059519466012716293335 0.058406699448823928833 0.056570705026388168335 0.054322835057973861694 0.051762986928224563599 0.050235647708177566528 0.04977487027645111084 0.047706868499517440796 0.040851123631000518799 0.046056717634201049805 0.045061524957418441772 0.044179491698741912842 0.04356481507420539856 0.043313737958669662476 0.044540401548147201538 0.046046242117881774902 0.046943627297878265381 0.046242184937000274658 0.064965926110744476318 0.020499650388956069946 0.0086924741044640541077 -9999 -9999 -9999 -9999 -9999 -9999 -9999 -9999
0.035892259329557418823 0.041541863232851028442 0.047079168260097503662 0.064877264201641082764 0.057234045118093490601 0.060238320380449295044 0.059902161359786987305 0.059245798736810684204 0.10011160373687744141 0.059709284454584121704 0.060207746922969818115 0.060466643422842025757 0.059477131813764572144 0.057427335530519485474 0.055022235959768295288 0.052334621548652648926 0.05075186118483543396 0.05016223713755607605 0.042560763657093048096 0.047789432108402252197 0.047840554267168045044 0.046799715608358383179 0.045747838914394378662 0.045142311602830886841 0.045029275119304656982 0.046072330325841903687 0.047032151371240615845 0.047927547246217727661 0.048874210566282272339 0.060541745275259017944 0.043942205607891082764 0.010242931544780731201 0.0090671991929411888123 0.13387084007263183594 -9999 -9999 -9999 -9999 -9999 -9999
0.009167301468551158905 0.036499209702014923096 0.050007585436105728149 0.055566821247339248657 0.054045274853706359863 0.056423544883728027344 0.058410201221704483032 0.059552635997533798218 0.09884573519229888916 0.060603447258472442627 0.060792248696088790894 0.061153426766395568848 0.060519505292177200317 0.058536849915981292725 0.055864304304122924805 0.052883099764585494995 0.051059715449810028076 0.049116048961877822876 0.042438305914402008057 0.049161992967128753662 0.048682637512683868408 0.047843817621469497681 0.0467776469886302948 0.046856831759214401245 0.048059467226266860962 0.048997409641742706299 0.048937059938907623291 0.049635425209999084473 0.051549945026636123657 0.056803796440362930298 0.049930568784475326538 0.041528757661581039429 0.021491087973117828369 0.0089867189526557922363 0.137822762131690979 -9999 -9999 -9999 -9999 -9999
0 0 0.050576493144035339355 0.04674138873815536499 0.047505345195531845093 0.054499719291925430298 0.057432685047388076782 0.059290926903486251831 0.098658233880996704102 0.06134317442774772644 0.061718836426734924316 0.061908096075057983398 0.061407230794429779053 0.059789430350065231323 0.057258997112512588501 0.054235402494668960571 0.052096299827098846436 0.04986408725380897522 0.042858228087425231934 0.049686573445796966553 0.049245376139879226685 0.048976968973875045776 0.048576269298791885376 0.049283634871244430542 0.050982818007469177246 0.051660232245922088623 0.051240544766187667847 0.051695380359888076782 0.053244873881340026855 0.054147820919752120972 0.053474079817533493042 0.054281510412693023682 0.041993945837020874023 0.038371950387954711914 0.020667919889092445374 0.14571256935596466064 -9999 -9999 -9999 -9999
0.051300335675477981567 0 0 0 0.047436639666557312012 0.053903542459011077881 0.057906299829483032227 0.05859836190938949585 0.099553376436233520508 0.061748579144477844238 0.062688544392585754395 0.062743023037910461426 0.062252793461084365845 0.061031170189380645752 0.059017136693000793457 0.056401275098323822021 0.054240759462118148804 0.051569253206253051758 0.043896388262510299683 0.050445765256881713867 0.049648799002170562744 0.050067286938428878784 0.05116227269172668457 0.052487540990114212036 0.053624480962753295898 0.05403102189302444458 0.053947705775499343872 0.053858716040849685669 0.053875524550676345825 0.054395280778408050537 0.055211599916219711304 0.062797881662845611572 0.051651120185852050781 0.042740400880575180054 0.044222790747880935669 0.062716916203498840332 0.0090185180306434631348 -9999 -9999 -9999
0.05477903410792350769 0.055678248405456542969 0.052634384483098983765 0 0 0 0.052392128854990005493 0.05600242316722869873 0.10219676792621612549 0.061249844729900360107 0.062945388257503509521 0.0631426200270652771 0.062670521438121795654 0.061612196266651153564 0.060104317963123321533 0.058138180524110794067 0.056318752467632293701 0.05358166620135307312 0.045440759509801864624 0.052233848720788955688 0.051044579595327377319 0.051404800266027450562 0.053124304860830307007 0.054622419178485870361 0.05528136715292930603 0.055438525974750518799 0.055389206856489181519 0.054961726069450378418 0.05424532666802406311 0.054124876856803894043 0.054991472512483596802 0.070074327290058135986 0.053991403430700302124 0.044492129236459732056 0.06696068495512008667 0.040300071239471435547 0.036715433001518249512 0.0078072496689856052399 0.07289469987154006958 -9999
0.05646906048059463501 0.059104267507791519165 0.058491989970207214355 0.055608686059713363647 0.047879058867692947388 0 0 0.050498101860284805298 0.10745865851640701294 0.059470240026712417603 0.062273986637592315674 0.063041932880878448486 0.062607131898403167725 0.061435963958501815796 0.060351774096488952637 0.059195753186941146851 0.058097299188375473022 0.055727496743202209473 0.047313157469034194946 0.054911948740482330322 0.053513221442699432373 0.053268447518348693848 0.054439753293991088867 0.055540237575769424438 0.055957846343517303467 0.055791296064853668213 0.055378366261720657349 0.055019907653331756592 0.05451825261116027832 0.053609754890203475952 0.074577182531356811523 0.054431747645139694214 0.053474240005016326904 0.062193386256694793701 0.047203529626131057739 0.043685249984264373779 0.037351019680500030518 0.051547586917877197266 0.031052062287926673889 -9999
0.059731312096118927002 0.06222178041934967041 0.062456145882606506348 0.05991813167929649353 0.052484050393104553223 0.033252291381359100342 0 0.042664155364036560059 0.11233480274677276611 0.057204876095056533813 0.060926120728254318237 0.062565892934799194336 0.062449872493743896484 0.061241447925567626953 0.060487423092126846313 0.059994384646415710449 0.059573858976364135742 0.057568054646253585815 0.048828545957803726196 0.057393334805965423584 0.056164376437664031982 0.05548858642578125 0.055717382580041885376 0.055952973663806915283 0.055881485342979431152 0.055468615144491195679 0.054962128400802612305 0.05459845811128616333 0.054009366780519485474 0.053003940731287002563 0.07792965322732925415 0.053109128028154373169 0.057229809463024139404 0.052834104746580123901 0.049768913537263870239 0.044845644384622573853 0.046885449439287185669 0.039806853979825973511 -9999 -9999
0.062268961220979690552 0.064931586384773254395 0.06547892838716506958 0.063332758843898773193 0.057332646101713180542 0.046655572950839996338 0 0 0.11465299874544143677 0.054849687963724136353 0.059018783271312713623 0.061537925153970718384 0.062081474810838699341 0.061247810721397399902 0.060781866312026977539 0.06067951396107673645 0.060782890766859054565 0.059075791388750076294 0.050029210746288299561 0.059485945850610733032 0.058817796409130096436 0.057951744645833969116 0.0569724254310131073 0.055929422378540039062 0.055056896060705184937 0.05455330386757850647 0.054319921880960464478 0.053721468895673751831 0.052592981606721878052 0.082815654575824737549 0.052680511027574539185 0.053132165223360061646 0.053416516631841659546 0.053730655461549758911 0.05232100561261177063 0.049638550728559494019 0.04391160234808921814 -9999 -9999 -9999
0.063706837594509124756 0.067645631730556488037 0.068322554230690002441 0.066926240921020507812 0.061904489994049072266 0.067113041877746582031 0.043619364500045776367 0 0.10070373862981796265 0.053136754781007766724 0.057360339909791946411 0.060326430946588516235 0.061402712017297744751 0.061116322875022888184 0.06100716814398765564 0.050242919474840164185 0.061568543314933776855 0.070201478898525238037 0.051047790795564651489 0.061255428940057754517 0.060778744518756866455 0.059876523911952972412 0.05845597386360168457 0.056775759905576705933 0.055291082710027694702 0.054604843258857727051 0.054429087787866592407 0.053637497127056121826 0.052221152931451797485 0.08516276627779006958 0.052355881780385971069 0.05277764052152633667 0.053028170019388198853 0.053343493491411209106 0.053273666650056838989 0.051549363881349563599 0.041159719228744506836 -9999 -9999 -9999
0.06871023029088973999 0.070271871984004974365 0.070979826152324676514 0.069677405059337615967 0.065074883401393890381 0.056746069341897964478 0.057993620634078979492 0 0 0.049224194139242172241 0.05632947385311126709 0.059308510273694992065 0.060637839138507843018 0.060819577425718307495 0.05892232060432434082 0.050280816853046417236 0.061439041048288345337 0.074627965688705444336 0.051804501563310623169 0.062880463898181915283 0.062086448073387145996 0.061167307198047637939 0.060216080397367477417 0.058725528419017791748 0.056878611445426940918 0.055807251483201980591 0.055401299148797988892 0.054576124995946884155 0.053244147449731826782 0.091346807777881622314 0.052011713385581970215 0.052261166274547576904 0.052361812442541122437 0.051935441792011260986 0.052310474216938018799 0.051646664738655090332 0.043593253940343856812 0.038355872035026550293 -9999 -9999
0.069821730256080627441 0.072405174374580383301 0.072942018508911132812 0.071186117827892303467 0.067091621458530426025 0.0609930381178855896 0.051369022578001022339 0.051411967724561691284 0 0.061512101441621780396 0.056171480566263198853 0.058372698724269866943 0.059421908110380172729 0.059448603540658950806 0.049687247723340988159 0.058800421655178070068 0.061478465795516967773 0.068188101053237915039 0.061440519988536834717 0.064134307205677032471 0.063429161906242370605 0.062453132122755050659 0.061672922223806381226 0.060702458024024963379 0.059392273426055908203 0.058311659842729568481 0.057297594845294952393 0.055742625147104263306 0.095540881156921386719 0.052778270095586776733 0.052207574248313903809 0.051973231136798858643 0.051583137363195419312 0.05057837069034576416 0.050945479422807693481 0.051111973822116851807 0.049990087747573852539 0.041315834969282150269 0.034797359257936477661 -9999
0.070831507444381713867 0.074070312082767486572 0.074488505721092224121 0.071668125689029693604 0.068549908697605133057 0.065383099019527435303 0.057762667536735534668 0.065096832811832427979 0 0 0.055053986608982086182 0.05775580182671546936 0.057730704545974731445 0.047486741095781326294 0.056617476046085357666 0.060070052742958068848 0.061721228063106536865 0.063362851738929748535 0.063861973583698272705 0.064884841442108154297 0.064810074865818023682 0.063882268965244293213 0.062776952981948852539 0.06242794916033744812 0.062565222382545471191 0.061982288956642150879 0.060097407549619674683 0.057298019528388977051 0.098114117980003356934 0.053846500813961029053 0.0711801871657371521 0.061399489641189575195 0.05022481083869934082 0.049308434128761291504 0.049842346459627151489 0.051296342164278030396 0.059035338461399078369 0.053801838308572769165 0.037858117371797561646 -9999
