tests/data/reference/gistest_nucice/full/mvel_m_s.asc
ncols        123
nrows        77
xllcorner    -713746.799299980048
yllcorner    -1061022.369616159936
cellsize     10.000000000000
NODATA_value -9999
[rows 36 to 53 of 77, columns 40 to 79 of 123]
0.055645104497671127319 0.057747464627027511597 0.058781407773494720459 0.05735416710376739502 0.057746835052967071533 0.058735989034175872803 0.059761084616184234619 0.059761408716440200806 0.05917504429817199707 0.058328688144683837891 0.055497076362371444702 0.052249025553464889526 0.042587269097566604614 0.049655031412839889526 0.050577741116285324097 0.098024651408195495605 0.097232960164546966553 0.094336219131946563721 0.092999666929244995117 0.05654229968786239624 0.057260047644376754761 0.057895775884389877319 0.058579064905643463135 0.059403292834758758545 0.059630658477544784546 0.059192106127738952637 0.071593835949897766113 0.056407090276479721069 0.054161585867404937744 0.052086845040321350098 0.049947362393140792847 0.047893431037664413452 0.040248107165098190308 0.098113350570201873779 0.060689188539981842041 0.051016878336668014526 0.050360191613435745239 0.048505716025829315186 0.049974974244832992554 0.049986880272626876831
0.049955293536186218262 0.053544618189334869385 0.048040356487035751343 0.04776337742805480957 0.048087570816278457642 0.048963434994220733643 0.049657553434371948242 0.050211481750011444092 0.060163490474224090576 0.054516408592462539673 0.053265288472175598145 0.052651003003120422363 0.054183438420295715332 0.056220140308141708374 0.055520780384540557861 0.051012858748435974121 0.050109665840864181519 0.053594812750816345215 0.054859548807144165039 0.095012165606021881104 0.096213728189468383789 0.097367137670516967773 0.09814036637544631958 0.098516985774040222168 0.099561229348182678223 0.10129579156637191772 0.10304551571607589722 0.10438986867666244507 0.10392373800277709961 0.043421156704425811768 0.044741444289684295654 0.045752532780170440674 0.04738270491361618042 0.048610635101795196533 0.095698192715644836426 0.050547976046800613403 0.047751940786838531494 0.045129805803298950195 0.044362787157297134399 0.04900490492582321167
0.040342580527067184448 0.044957153499126434326 0.054205413907766342163 0.055722363293170928955 0.056304991245269775391 0.057374127209186553955 0.058230191469192504883 0.058756951242685317993 0.048210151493549346924 0.046740822494029998779 0.046701207756996154785 0.047115445137023925781 0.055776819586753845215 0.058718714863061904907 0.057705163955688476562 0.095396965742111206055 0.096053101122379302979 0.094137832522392272949 0.093615174293518066406 0.094407550990581512451 0.095246605575084686279 0.096155256032943725586 0.096905656158924102783 0.097391963005065917969 0.098123617470264434814 0.097721315920352935791 0.095946535468101501465 0.093587629497051239014 0.089716300368309020996 0.10451714694499969482 0.10404886305332183838 0.040959112346172332764 0.043469734489917755127 0.047338508069515228271 0.097542136907577514648 0.047188732773065567017 0.044573444873094558716 0.042821794748306274414 0.043045215308666229248 0.045720491558313369751
0.039784975349903106689 0.044554114341735839844 0.053447440266609191895 0.054478064179420471191 0.054541420191526412964 0.055162642151117324829 0.0561293773353099823 0.05715726315975189209 0.05700049176812171936 0.055413443595170974731 0.055146604776382446289 0.056907210499048233032 0.05845661461353302002 0.09927006065845489502 0.099227286875247955322 0.058835245668888092041 0.060112100094556808472 0.062934353947639465332 0.064562030136585235596 0.064840629696846008301 0.064663253724575042725 0.064114883542060852051 0.06328296661376953125 0.060385651886463165283 0.058642704039812088013 0.056381937116384506226 0.053844187408685684204 0.051389977335929870605 0.062022071331739425659 0.068244270980358123779 0.061354152858257293701 0.10547136515378952026 0.10505165904760360718 0.10110080987215042114 0.10124072432518005371 0.093437328934669494629 0.040892984718084335327 0.0416811332106590271 0.043080490082502365112 0.046905487775802612305
0.048746693879365921021 0.051584787666797637939 0.054286897182464599609 0.05329850316047668457 0.052409514784812927246 0.052380062639713287354 0.053452271968126296997 0.055415697395801544189 0.056379385292530059814 0.056070141494274139404 0.055528052151203155518 0.055215042084455490112 0.10121943801641464233 0.057026617228984832764 0.05885698273777961731 0.060217183083295822144 0.062394179403781890869 0.065257616341114044189 0.067150242626667022705 0.067991651594638824463 0.068460196256637573242 0.068516977131366729736 0.068086378276348114014 0.067224703729152679443 0.066046275198459625244 0.0646093711256980896 0.06292966008186340332 0.059295065701007843018 0.05714944005012512207 0.054695818573236465454 0.064567148685455322266 0.068512290716171264648 0.073535971343517303467 0.033637356013059616089 0.065456703305244445801 0.10959320515394210815 0.082993090152740478516 0.03699919581413269043 0.041495956480503082275 0.040780216455459594727
0.049955617636442184448 0.052722226828336715698 0.052979536354541778564 0.051324069499969482422 0.050427217036485671997 0.050847783684730529785 0.051973085850477218628 0.053558029234409332275 0.054573830217123031616 0.055050358176231384277 0.098355464637279510498 0.098224751651287078857 0.05417374148964881897 0.05616587027907371521 0.057716898620128631592 0.058550372719764709473 0.060005512088537216187 0.062526479363441467285 0.064587332308292388916 0.065929755568504333496 0.067191831767559051514 0.068111151456832885742 0.068336971104145050049 0.068126209080219268799 0.067895002663135528564 0.067657053470611572266 0.067121222615242004395 0.066337294876575469971 0.065459653735160827637 0.064279489219188690186 0.059971604496240615845 0.055099345743656158447 0.052456110715866088867 0 0 0 0.11497934907674789429 0.078710310161113739014 0.038808662444353103638 0
0.067300766706466674805 0.069326288998126983643 0.063716448843479156494 0.057843938469886779785 0.053061272948980331421 0.050408337265253067017 0.051299650222063064575 0.051216688007116317749 0.051132317632436752319 0.09473876655101776123 0.051725205034017562866 0.052134033292531967163 0.053530506789684295654 0.055275745689868927002 0.056285034865140914917 0.056559789925813674927 0.057332962751388549805 0.059244561940431594849 0.061001781374216079712 0.062279585748910903931 0.063905738294124603271 0.065671943128108978271 0.06671950221061706543 0.067137949168682098389 0.067616775631904602051 0.068220399320125579834 0.068517439067363739014 0.068504221737384796143 0.068585209548473358154 0.068571835756301879883 0.067475758492946624756 0.064904578030109405518 0.060835655778646469116 0.060183890163898468018 0.057872880250215530396 0 0 0 0.035979755222797393799 0
0.049263734370470046997 0.048733413219451904297 0.048226643353700637817 0.047960426658391952515 0.048493608832359313965 0.049826867878437042236 0.049846086651086807251 0.048431374132633209229 0.088932633399963378906 0.04838310927152633667 0.049949623644351959229 0.051251243799924850464 0.052224658429622650146 0.053215306252241134644 0.053889811038970947266 0.054062757641077041626 0.054477307945489883423 0.055693708360195159912 0.056755073368549346924 0.057427421212196350098 0.058964297175407409668 0.061407577246427536011 0.063340939581394195557 0.064483769237995147705 0.065534830093383789062 0.066690176725387573242 0.067571476101875305176 0.068158261477947235107 0.069069504737854003906 0.070187591016292572021 0.070531755685806274414 0.069852821528911590576 0.068780317902565002441 0.066834069788455963135 0.063620984554290771484 0.058658163994550704956 0.054620336741209030151 0 0 0
0.082456156611442565918 0.08356676250696182251 0.08547938615083694458 0.083723060786724090576 0.081213064491748809814 0.078233733773231506348 0.088359557092189788818 0.087444625794887542725 0.046460624784231185913 0.046626307070255279541 0.048105679452419281006 0.049716889858245849609 0.050488244742155075073 0.051004808396100997925 0.05171748623251914978 0.052314929664134979248 0.052747260779142379761 0.053410917520523071289 0.053873740136623382568 0.05392960086464881897 0.054896418005228042603 0.057100053876638412476 0.059214189648628234863 0.060811486095190048218 0.062189280986785888672 0.068654619157314300537 0.064662910997867584229 0.065543755888938903809 0.066956125199794769287 0.068802013993263244629 0.069960914552211761475 0.07026370614767074585 0.070301741361618041992 0.070113345980644226074 0.067330464720726013184 0.062095094472169876099 0.059543445706367492676 0.023101948201656341553 0 0
0.052237071096897125244 0.052024595439434051514 0.052103001624345779419 0.063757203519344329834 0.072142511606216430664 0.077592611312866210938 0.050417866557836532593 0.04912715032696723938 0.047524806112051010132 0.045877773314714431763 0.045808136463165283203 0.047156386077404022217 0.047984268516302108765 0.048372048884630203247 0.049512457102537155151 0.051001336425542831421 0.051791265606880187988 0.052106104791164398193 0.052268996834754943848 0.05203871801495552063 0.052128151059150695801 0.053171418607234954834 0.054797682911157608032 0.056562419980764389038 0.06963930279016494751 0.059135388582944869995 0.060135006904602050781 0.060973294079303741455 0.062670499086380004883 0.065118528902530670166 0.066702418029308319092 0.067347407341003417969 0.068254262208938598633 0.069532081484794616699 0.068636707961559295654 0.063459388911724090576 0.060687582939863204956 0 0 0.047959703952074050903
0.054697558283805847168 0.054808739572763442993 0.054876103997230529785 0.05521791800856590271 0.054891869425773620605 0.053682629019021987915 0.052610725164413452148 0.051535662263631820679 0.049763508141040802002 0.047262027859687805176 0.045808605849742889404 0.04611196368932723999 0.046093169599771499634 0.045538283884525299072 0.046517346054315567017 0.048760037869215011597 0.049995154142379760742 0.049986951053142547607 0.050198629498481750488 0.050513524562120437622 0.050534207373857498169 0.050685722380876541138 0.051719188690185546875 0.070590540766716003418 0.054712448269128799438 0.055262815207242965698 0.055597912520170211792 0.056040246039628982544 0.057995766401290893555 0.061013836413621902466 0.063117615878582000732 0.06388142704963684082 0.06530224531888961792 0.067571721971035003662 0.067892454564571380615 0.065305076539516448975 0.06375789642333984375 0 0.014862557873129844666 0.048830267041921615601
0.055143546313047409058 0.05602351948618888855 0.056624047458171844482 0.057021465152502059937 0.056761484593152999878 0.055605191737413406372 0.054323296993970870972 0.053224697709083557129 0.051915474236011505127 0.049852475523948669434 0.047803267836570739746 0.046754702925682067871 0.04536418616771697998 0.043254002928733825684 0.043431818485260009766 0.046106107532978057861 0.046677641570568084717 0.046595558524131774902 0.04694201052188873291 0.047933124005794525146 0.049542881548404693604 0.049357134848833084106 0.071737088263034820557 0.051847755908966064453 0.052514459937810897827 0.051018584519624710083 0.050756517797708511353 0.051924630999565124512 0.052185051143169403076 0.055728368461132049561 0.058017324656248092651 0.058753881603479385376 0.060346562415361404419 0.063010610640048980713 0.064447924494743347168 0.06626164168119430542 0.052986741065979003906 0 0.014853549189865589142 0.050202377140522003174
0.054692577570676803589 0.055863313376903533936 0.056819163262844085693 0.057527355849742889404 0.057682145386934280396 0.057036586105823516846 0.055845450609922409058 0.054444588720798492432 0.053289644420146942139 0.051955942064523696899 0.050091929733753204346 0.048302814364433288574 0.046113405376672744751 0.043142974376678466797 0.042484041303396224976 0.038758389651775360107 0.03976759687066078186 0.03960494697093963623 0.039823275059461593628 0.046998485922813415527 0.046780407428741455078 0.073866195976734161377 0.049224209040403366089 0.04975128173828125 0.04380494728684425354 0.043196443468332290649 0.050448354333639144897 0.042546056210994720459 0.043639834970235824585 0.046126764267683029175 0.047527868300676345825 0.047880042344331741333 0.04909575730562210083 0.051173057407140731812 0.064028382301330566406 0.064069248735904693604 0.066861100494861602783 0 0.014501949772238731384 0.058835897594690322876
0.053730715066194534302 0.054698705673217773438 0.055715374648571014404 0.056718062609434127808 0.057409591972827911377 0.057548843324184417725 0.056853860616683959961 0.055357553064823150635 0.054174490272998809814 0.053519710898399353027 0.052162736654281616211 0.050090413540601730347 0.047729380428791046143 0.044832479208707809448 0.037279345095157623291 0.043261241167783737183 0.044864393770694732666 0.044948257505893707275 0.044927380979061126709 0.038935884833335876465 0.075109943747520446777 0.047146681696176528931 0.041717939078807830811 0.043004963546991348267 0.049845915287733078003 0.050463877618312835693 0.042575139552354812622 0.048808902502059936523 0.050956659018993377686 0.053339678794145584106 0.054755885154008865356 0.055022925138473510742 0.055873703211545944214 0.057631388306617736816 0.050501588732004165649 0.053574584424495697021 0.075726643204689025879 0 0.052875149995088577271 0.061512183398008346558
0.052840113639831542969 0.053312297910451889038 0.054077669978141784668 0.055128522217273712158 0.056153096258640289307 0.056929681450128555298 0.056850776076316833496 0.055735595524311065674 0.054833240807056427002 0.054708659648895263672 0.053746510297060012817 0.051609430462121963501 0.049496442079544067383 0.060613792389631271362 0.054682701826095581055 0.049418762326240539551 0.044745806604623794556 0.044796977192163467407 0.044571474194526672363 0.076381027698516845703 0.04499980434775352478 0.040390670299530029297 0.047311928123235702515 0.049576241523027420044 0.050319507718086242676 0.05011758953332901001 0.050172362476587295532 0.05064539983868598938 0.051889628171920776367 0.053961627185344696045 0.055170018225908279419 0.055319488048553466797 0.055351771414279937744 0.055430542677640914917 0.057467114180326461792 0.061595611274242401123 0.063620589673519134521 0 0.053240336477756500244 0.053763825446367263794
0.052120648324489593506 0.051954586058855056763 0.052226103842258453369 0.053039852529764175415 0.054145369678735733032 0.055367384105920791626 0.055959600955247879028 0.055625073611736297607 0.055019665509462356567 0.055080343037843704224 0.054368354380130767822 0.052526287734508514404 0.068345688283443450928 0.049980387091636657715 0.058604944497346878052 0.057450264692306518555 0.063728533685207366943 0.073273837566375732422 0.076019629836082458496 0.044766392558813095093 0.045465659350156784058 0.047559700906276702881 0.04879813268780708313 0.048986159265041351318 0.049187917262315750122 0.049379900097846984863 0.049914035946130752563 0.050862800329923629761 0.062237609177827835083 0.058584220707416534424 0.057008225470781326294 0.057338878512382507324 0.056517459452152252197 0.054261520504951477051 0.05443592369556427002 0.05766347050666809082 0.060288440436124801636 0 0.053058654069900512695 0.064575724303722381592
0.052033528685569763184 0.051557991653680801392 0.051349043846130371094 0.051604848355054855347 0.052345152944326400757 0.053523465991020202637 0.054507911205291748047 0.053551889955997467041 0.053569763898849487305 0.053352169692516326904 0.052702587097883224487 0.074477247893810272217 0.052042752504348754883 0.051772531121969223022 0.042374599725008010864 0.047415532171726226807 0.048520877957344055176 0.046209614723920822144 0.046286229044198989868 0.045839250087738037109 0.046828534454107284546 0.049330577254295349121 0.050205446779727935791 0.048997309058904647827 0.048289842903614044189 0.048386704176664352417 0.048948030918836593628 0.0499076060950756073 0.044330224394798278809 0.054064609110355377197 0.057857271283864974976 0.05949905887246131897 0.058187682181596755981 0.053465567529201507568 0.051986467093229293823 0.054775446653366088867 0.048872824758291244507 0 0.053300607949495315552 0.065084531903266906738
0.052231837064027786255 0.052026156336069107056 0.051535166800022125244 0.051103789359331130981 0.051238007843494415283 0.052087113261222839355 0.044834960252046585083 0.045662552118301391602 0.045788187533617019653 0.045281168073415756226 0.079365022480487823486 0.052547760307788848877 0.052433665841817855835 0.052982062101364135742 0.051417153328657150269 0.054578687995672225952 0.045962702482938766479 0.0464096851646900177 0.046859018504619598389 0.046919990330934524536 0.048394802957773208618 0.060694858431816101074 0.055664051324129104614 0.050574626773595809937 0.048774186521768569946 0.047867752611637115479 0.047897245734930038452 0.04873797297477722168 0.051067266613245010376 0.054778903722763061523 0.057899478822946548462 0.060251731425523757935 0.058923248201608657837 0.053103256970643997192 0.063190229237079620361 0.0666292533278465271 0.063890144228935241699 0 0.053813073784112930298 0.065751120448112487793
