tests/data/reference/gistest_nucice/full/mvel_m_s.asc
ncols        123
nrows        77
xllcorner    -713746.799299980048
yllcorner    -1061022.369616159936
cellsize     10.000000000000
NODATA_value  -9999
[rows 18 to 35 of 77, columns 0 to 39 of 123]
-9999 -9999 -9999 -9999 -9999 -9999 -9999 -9999 -9999 -9999 -9999 -9999 -9999 -9999 -9999 -9999 -9999 0.016498237848281860352 0.017444495111703872681 0.017386460676789283752 0.016842234879732131958 0.017025288194417953491 0.015267272479832172394 0.0161789674311876297 0 0.1412048637866973877 0.057533193379640579224 0.040961634367704391479 0.016464559361338615417 0.017218731343746185303 0.018722666427493095398 0.020303560420870780945 0.021134478971362113953 0.021285105496644973755 0.021144965663552284241 0.020847035571932792664 0.020473930984735488892 0.020437676459550857544 0.020986553281545639038 0.02165148220956325531
-9999 -9999 -9999 -9999 -9999 -9999 -9999 -9999 -9999 -9999 -9999 -9999 -9999 -9999 -9999 -9999 0.015288784168660640717 0.016494562849402427673 0.016772087663412094116 0.015979895368218421936 0.015284541063010692596 0.015394583344459533691 0.015849040821194648743 0.017908327281475067139 0.14125660061836242676 0.012315800413489341736 0.040984727442264556885 0.028331356123089790344 0.016815625131130218506 0.018160520121455192566 0.01955869235098361969 0.019876211881637573242 0.022035615518689155579 0.021191600710153579712 0.021131364628672599792 0.021151326596736907959 0.021262565627694129944 0.021477695554494857788 0.021792378276586532593 0.022123331204056739807
-9999 -9999 -9999 -9999 -9999 -9999 -9999 -9999 -9999 -9999 -9999 -9999 -9999 -9999 -9999 0.013961166143417358398 0.014945596456527709961 0.015527879819273948669 0.015408273786306381226 0.014809581451117992401 0.013368304818868637085 0.013425987213850021362 0.016585873439908027649 0.13397520780563354492 0.17693251371383666992 0.017634926363825798035 0.026643397286534309387 0.016557496041059494019 0.017620267346501350403 0.018923452123999595642 0.020083755254745483398 0.019989747554063796997 0.021983761340379714966 0.02109488658607006073 0.021120605990290641785 0.021249610930681228638 0.021425936371088027954 0.021671427413821220398 0.021971346810460090637 0.022258404642343521118
-9999 -9999 -9999 -9999 -9999 -9999 -9999 -9999 -9999 -9999 -9999 -9999 -9999 -9999 -9999 0.013287775218486785889 0.013247846625745296478 0.012733615003526210785 0.012068222276866436005 0.013001575134694576263 0.011601401492953300476 0.013026010245084762573 0 0.13228042423725128174 0.06439876556396484375 0.015306032262742519379 0.015233251266181468964 0.01643391139805316925 0.018048683181405067444 0.019410166889429092407 0.019431052729487419128 0.020710822194814682007 0.021849809214472770691 0.021061047911643981934 0.021137399598956108093 0.021008513867855072021 0.020812392234802246094 0.021042268723249435425 0.021596932783722877502 0.022113047540187835693
-9999 -9999 -9999 -9999 -9999 -9999 -9999 -9999 -9999 -9999 -9999 -9999 -9999 -9999 -9999 0.011627387255430221558 0.011121581308543682098 0.0091743636876344680786 0.0082623902708292007446 0.010473375208675861359 0.010880439542233943939 0 0.13088995218276977539 0.010481305420398712158 0.043348077684640884399 0.014885254204273223877 0.01563327200710773468 0.017076218500733375549 0.018523227423429489136 0.019591931253671646118 0.019396949559450149536 0.020624175667762756348 0.020930405706167221069 0.021912882104516029358 0.021055599674582481384 0.020804652944207191467 0.020624341443181037903 0.020210389047861099243 0.022607306018471717834 0.02215243317186832428
-9999 -9999 -9999 -9999 -9999 -9999 -9999 -9999 -9999 -9999 -9999 -9999 -9999 -9999 0.0080462386831641197205 0.0089299166575074195862 0.0091027943417429924011 0.0096071977168321609497 0.0092071946710348129272 0.0035760777536779642105 0 0.13171520829200744629 0 0.03451761975884437561 0.034056778997182846069 0.017279494553804397583 0.018348116427659988403 0.019303072243928909302 0.018854338675737380981 0.01948134787380695343 0.019287744536995887756 0.020616814494132995605 0.020929863676428794861 0.020941400900483131409 0.021757634356617927551 0.020783383399248123169 0.021039277315139770508 0.020871888846158981323 0.023168047890067100525 0.022323921322822570801
-9999 -9999 -9999 -9999 -9999 -9999 -9999 -9999 -9999 -9999 -9999 -9999 -9999 -9999 0.0042858752422034740448 0.0045131286606192588806 0.008324471302330493927 0.012542946264147758484 0.0088579291477799415588 0.012701192870736122131 0.12859237194061279297 0.16877567768096923828 0.017598971724510192871 0.016569979488849639893 0.025299446657299995422 0.028820985928177833557 0.020242216065526008606 0.020676767453551292419 0.020673854276537895203 0.020447766408324241638 0.020073808729648590088 0.020527172833681106567 0.020731046795845031738 0.020579684525728225708 0.021298084408044815063 0.020563626661896705627 0.02120757661759853363 0.021132083609700202942 0.023332294076681137085 0.022265262901782989502
-9999 -9999 -9999 -9999 -9999 -9999 -9999 -9999 -9999 -9999 -9999 -9999 -9999 -9999 0.0030275702010840177536 0.007272440008819103241 0.010327411815524101257 0.010284567251801490784 0.010006477124989032745 0 0.13614039123058319092 0.03473760560154914856 0.045000728219747543335 0.018292384222149848938 0.019525308161973953247 0.020990107208490371704 0.022345921024680137634 0.021661724895238876343 0.021755434572696685791 0.020915064960718154907 0.021964935585856437683 0.021963573992252349854 0.021925197914242744446 0.019893269985914230347 0.019723709672689437866 0.020995721220970153809 0.020257392898201942444 0.021926220506429672241 0.022067494690418243408 0.02301821485161781311
-9999 -9999 -9999 -9999 -9999 -9999 -9999 -9999 -9999 -9999 -9999 -9999 0.012171239592134952545 0.0091963987797498703003 0.0071580689400434494019 0.010482740588486194611 0.010520931333303451538 0.0047904988750815391541 0 0.12958040833473205566 0.010743270628154277802 0.033730417490005493164 0.022820780053734779358 0.033944133669137954712 0.018543081358075141907 0.019467359408736228943 0.021013308316469192505 0.020397378131747245789 0.020797785371541976929 0.02115193195641040802 0.020437622442841529846 0.021649235859513282776 0.02136699482798576355 0.020622977986931800842 0.020339200273156166077 0.019978798925876617432 0.021109905093908309937 0.021708993241190910339 0.021896466612815856934 0.021976625546813011169
-9999 -9999 -9999 -9999 -9999 -9999 -9999 -9999 -9999 -9999 -9999 -9999 -9999 0.011764608323574066162 0.0097239594906568527222 0.010054684244096279144 0.006257859058678150177 0 0.11801884323358535767 0.0092164976522326469421 0.015830738469958305359 0.015544547699391841888 0.02382272668182849884 0.022415176033973693848 0.02861143648624420166 0.021811984479427337646 0.017400231212377548218 0.017107781022787094116 0.018123878166079521179 0.019480729475617408752 0.02044331282377243042 0.020662454888224601746 0.020161245018243789673 0.019416363909840583801 0.019919641315937042236 0.021865019574761390686 0.023056713864207267761 0.023634834215044975281 0.021861059591174125671 0.022059155628085136414
-9999 -9999 -9999 -9999 -9999 -9999 -9999 -9999 -9999 -9999 -9999 -9999 -9999 -9999 -9999 0.0081753255799412727356 0 0.10654222220182418823 0.14854943752288818359 0.038995068520307540894 0.027621582150459289551 0.018673533573746681213 0.014818665571510791779 0.015273214317858219147 0.015892308205366134644 0.016679061576724052429 0.016621528193354606628 0.016450995579361915588 0.016865367069840431213 0.017666375264525413513 0.018606824800372123718 0.018739335238933563232 0.018443012610077857971 0.01820202171802520752 0.019161306321620941162 0.021455153822898864746 0.022652786225080490112 0.022698147222399711609 0.023083766922354698181 0.023383792489767074585
-9999 -9999 -9999 -9999 -9999 -9999 -9999 -9999 -9999 -9999 -9999 -9999 -9999 -9999 -9999 -9999 0 0.10678869485855102539 0.028463426977396011353 0.01878205128014087677 0.014438692480325698853 0.014013952575623989105 0.014296646229922771454 0.015156105160713195801 0.016160687431693077087 0.017291756346821784973 0.017332671210169792175 0.016238333657383918762 0.016015911474823951721 0.017425365746021270752 0.017630591988563537598 0.017266783863306045532 0.016866324469447135925 0.017162105068564414978 0.018140982836484909058 0.020080085843801498413 0.021745983511209487915 0.021612456068396568298 0.021241951733827590942 0.022660713642835617065
-9999 -9999 -9999 -9999 -9999 -9999 -9999 -9999 -9999 -9999 -9999 -9999 -9999 -9999 -9999 -9999 0.11080431938171386719 0.0076061589643359184265 0.013324967585504055023 0.013912655413150787354 0.014042135328054428101 0.01425229199230670929 0.014278899878263473511 0.015336823649704456329 0.016336128115653991699 0.017299411818385124207 0.017470367252826690674 0.016757404431700706482 0.016840655356645584106 0.017841702327132225037 0.017899012193083763123 0.017069125548005104065 0.01697711460292339325 0.016241934150457382202 0.016703085973858833313 0.018392289057374000549 0.018861737102270126343 0.019637014716863632202 0.021603930741548538208 0.023063397035002708435
-9999 -9999 -9999 -9999 -9999 -9999 -9999 -9999 -9999 -9999 -9999 -9999 -9999 -9999 -9999 0.11090879887342453003 0.009051431901752948761 0.013378333300352096558 0.021913649514317512512 0.013811340555548667908 0.014613214880228042603 0.014660594984889030457 0.015660498291254043579 0.016637047752737998962 0.016726484522223472595 0.017753291875123977661 0.018181569874286651611 0.018277930095791816711 0.017950149253010749817 0.018853900954127311707 0.018918514251708984375 0.017977196723222732544 0.016599219292402267456 0.014701901935040950775 0.014351469464600086212 0.015703536570072174072 0.018087431788444519043 0.020227078348398208618 0.022237963974475860596 0.02408387698233127594
-9999 -9999 -9999 -9999 -9999 -9999 -9999 -9999 -9999 -9999 -9999 -9999 -9999 -9999 0.10370691120624542236 0.14156191051006317139 0.042884431779384613037 0.030765524134039878845 0.013183918781578540802 0.013616881333291530609 0.014397609978914260864 0.015179783105850219727 0.01586812920868396759 0.016840485855937004089 0.017604444175958633423 0.016864733770489692688 0.017498617991805076599 0.017572842538356781006 0.01803022436797618866 0.019557820633053779602 0.019515400752425193787 0.018911169841885566711 0.017571724951267242432 0.016119359061121940613 0.015824554488062858582 0.016756808385252952576 0.017740597948431968689 0.019734270870685577393 0.021707639098167419434 0.023656044155359268188
-9999 -9999 -9999 -9999 -9999 -9999 -9999 -9999 -9999 -9999 -9999 -9999 -9999 -9999 0.10893629491329193115 0.01930301077663898468 0.014192419126629829407 0.014246167615056037903 0.014145114459097385406 0.014068334363400936127 0.014255312271416187286 0.014839966781437397003 0.015942746773362159729 0.016274983063340187073 0.016625044867396354675 0.016490457579493522644 0.016985883936285972595 0.018155148252844810486 0.019476426765322685242 0.019727526232600212097 0.019384115934371948242 0.01784840412437915802 0.01734110713005065918 0.017187310382723808289 0.017633100971579551697 0.018151463940739631653 0.018629394471645355225 0.019332448020577430725 0.0202406272292137146 0.021343734115362167358
-9999 -9999 -9999 -9999 -9999 -9999 -9999 -9999 -9999 -9999 -9999 -9999 -9999 0.13409979641437530518 0.026442786678671836853 0.013946596533060073853 0.014427109621465206146 0.014849104918539524078 0.014849532395601272583 0.014653587713837623596 0.014566574245691299438 0.014801212586462497711 0.015282395295798778534 0.015927167609333992004 0.016436517238616943359 0.016619076952338218689 0.017223637551069259644 0.01844713650643825531 0.019123103469610214233 0.019281975924968719482 0.019069228321313858032 0.018613632768392562866 0.018577571958303451538 0.019473880529403686523 0.018359266221523284912 0.019499706104397773743 0.019764125347137451172 0.020111568272113800049 0.020685635507106781006 0.02146481536328792572
-9999 -9999 -9999 -9999 -9999 -9999 -9999 -9999 -9999 -9999 -9999 -9999 0.10213491320610046387 0.15538595616817474365 0.014059226028621196747 0.014155780896544456482 0.014486074447631835938 0.014932229183614253998 0.015081518329679965973 0.015048836357891559601 0.014934564009308815002 0.014830965548753738403 0.01497586909681558609 0.015342785976827144623 0.015859352424740791321 0.016374157741665840149 0.017204126343131065369 0.018440913408994674683 0.019110612571239471436 0.019333491101861000061 0.019451251253485679626 0.019503390416502952576 0.020506974309682846069 0.019682044163346290588 0.018665889278054237366 0.019560208544135093689 0.019889956340193748474 0.020346207544207572937 0.021058095619082450867 0.02188554033637046814
