tests/data/reference/gistest_nucice/full/mvel_m_s.asc
ncols        123
nrows        77
xllcorner    -713746.799299980048
yllcorner    -1061022.369616159936
cellsize     10.000000000000
NODATA_value  -9999
[rows 18 to 35 of 77, columns 40 to 79 of 123]
0.022058047354221343994 0.022042816504836082458 0.021697377786040306091 0.02148227393627166748 0.021485878154635429382 0.021243514493107795715 0.020724365487694740295 0.020325416699051856995 0.020360834896564483643 0.020151188597083091736 0.021730210632085800171 0.022593811154365539551 0.023183623328804969788 0.023457244038581848145 0.023671943694353103638 0.023901894688606262207 0.02387165464460849762 0.02250116690993309021 0.022099407389760017395 0.021678509190678596497 0.021276200190186500549 0.020901842042803764343 0.021313184872269630432 0.020613113418221473694 0.020145433023571968079 0.019920935854315757751 0.019944440573453903198 0.020079387351870536804 0.019436473026871681213 0.018441285938024520874 0.016109935939311981201 0.01429688185453414917 0.012796497903764247894 0.014476589858531951904 0.017086550593376159668 0.017933195456862449646 0.018141839653253555298 0.017510846257209777832 0.016264161095023155212 -9999
0.022340705618262290955 0.022489013150334358215 0.022524058818817138672 0.022455647587776184082 0.022363092750310897827 0.022142661735415458679 0.02185564674437046051 0.021625801920890808105 0.021627552807331085205 0.021143613383173942566 0.022563626989722251892 0.023082122206687927246 0.023393321782350540161 0.023615589365363121033 0.023893451318144798279 0.024172721430659294128 0.024177879095077514648 0.023900017142295837402 0.023589400574564933777 0.023304276168346405029 0.022926537320017814636 0.022445537149906158447 0.02186520211398601532 0.021387305110692977905 0.021273836493492126465 0.02147119864821434021 0.021568294614553451538 0.021155498921871185303 0.019762372598052024841 0.018435429781675338745 0.016371713951230049133 0.015330885536968708038 0.014148142188787460327 0.014644449576735496521 0.014828106388449668884 0.015321281738579273224 0.017293334007263183594 0.019183890894055366516 0.019884096458554267883 0.018864668905735015869
0.022469986230134963989 0.022778013721108436584 0.023102773353457450867 0.023171663284301757812 0.023026147857308387756 0.022806044667959213257 0.022628240287303924561 0.022522365674376487732 0.022575138136744499207 0.021940238773822784424 0.02324347570538520813 0.023434597998857498169 0.023562211543321609497 0.023885471746325492859 0.024247905239462852478 0.024456446990370750427 0.024438228458166122437 0.02427272498607635498 0.024076959118247032166 0.023772969841957092285 0.023344989866018295288 0.02279207669198513031 0.022379508242011070251 0.022293495014309883118 0.022366635501384735107 0.022518202662467956543 0.022265214473009109497 0.02128279954195022583 0.02047610841691493988 0.018038570880889892578 0.017069263383746147156 0.016496153548359870911 0.015876702964305877686 0.014574714004993438721 0.013876852579414844513 0.014966924674808979034 0.017529480159282684326 0.019087413325905799866 0.020421370863914489746 0.020582415163516998291
0.022489806637167930603 0.022956188768148422241 0.023470446467399597168 0.023657169193029403687 0.023506687954068183899 0.02324298955500125885 0.023046616464853286743 0.023049689829349517822 0.023273244500160217285 0.023592701181769371033 0.022723816335201263428 0.023686416447162628174 0.023716092109680175781 0.024221735075116157532 0.024656871333718299866 0.024693774059414863586 0.024553740397095680237 0.024373909458518028259 0.024107467383146286011 0.023723088204860687256 0.02338929101824760437 0.023187922313809394836 0.023185586556792259216 0.023200836032629013062 0.02301151864230632782 0.022735944017767906189 0.021957365795969963074 0.020726907998323440552 0.02043107151985168457 0.018671166151762008667 0.018033491447567939758 0.017533680424094200134 0.017163954675197601318 0.016902122646570205688 0.016323821619153022766 0.01681736484169960022 0.016835059970617294312 0.01737715303897857666 0.019315101206302642822 0.020092923194169998169
0.022461753338575363159 0.022880861535668373108 0.023402279242873191833 0.023646006360650062561 0.023556366562843322754 0.02334444783627986908 0.023190660402178764343 0.023277863860130310059 0.023587770760059356689 0.023907659575343132019 0.02396684698760509491 0.022801296785473823547 0.024063445627689361572 0.02466429583728313446 0.02498620934784412384 0.024786818772554397583 0.024550072848796844482 0.024388421326875686646 0.02412492409348487854 0.023735919967293739319 0.02352004125714302063 0.023586202412843704224 0.023641075938940048218 0.023456158116459846497 0.023096520453691482544 0.022639920935034751892 0.021688140928745269775 0.020443700253963470459 0.02023099362850189209 0.018817735835909843445 0.018642768263816833496 0.018512785434722900391 0.018504543229937553406 0.018740056082606315613 0.01887208595871925354 0.018236245959997177124 0.016697676852345466614 0.017459359019994735718 0.018068421632051467896 0.019743526354432106018
0.022351017221808433533 0.022536106407642364502 0.022886892780661582947 0.023122506216168403625 0.023161286488175392151 0.023106582462787628174 0.023068228736519813538 0.023212781175971031189 0.023511897772550582886 0.0237704496830701828 0.023937234655022621155 0.023057408630847930908 0.024620454758405685425 0.025119096040725708008 0.025087721645832061768 0.024709681048989295959 0.024500500410795211792 0.024438260123133659363 0.024233026430010795593 0.02382391318678855896 0.02357621118426322937 0.023592492565512657166 0.023480955511331558228 0.023250343278050422668 0.023014446720480918884 0.022522736340761184692 0.021505728363990783691 0.020195469260215759277 0.01970773749053478241 0.018402885645627975464 0.018863670527935028076 0.019419897347688674927 0.019878527149558067322 0.020286291837692260742 0.020412500947713851929 0.019968349486589431763 0.018520878627896308899 0.018537122756242752075 0.017817396670579910278 0.017031682655215263367
0.022237045690417289734 0.022364644333720207214 0.022601641714572906494 0.022805012762546539307 0.022931439802050590515 0.023014998063445091248 0.023111658170819282532 0.023347266018390655518 0.023684253916144371033 0.023984808474779129028 0.023159472271800041199 0.024748103693127632141 0.025180723518133163452 0.025398535653948783875 0.025154225528240203857 0.024755440652370452881 0.02449724636971950531 0.024350393563508987427 0.024087853729724884033 0.023691367357969284058 0.023513607680797576904 0.023551538586616516113 0.023472875356674194336 0.023349370807409286499 0.023015106096863746643 0.022257691249251365662 0.02123714052140712738 0.020149450749158859253 0.019928539171814918518 0.018850848078727722168 0.01945464499294757843 0.020240446552634239197 0.020906737074255943298 0.021380465477705001831 0.021486561745405197144 0.021231276914477348328 0.020635101944208145142 0.019587727263569831848 0.017459319904446601868 0.016821466386318206787
0.02217748202383518219 0.022393681108951568604 0.022581394761800765991 0.022738588973879814148 0.02290227450430393219 0.023094281554222106934 0.023341720923781394958 0.023704804480075836182 0.024141721427440643311 0.024605551734566688538 0.025033731013536453247 0.024241819977760314941 0.025632204487919807434 0.025595212355256080627 0.025366017594933509827 0.024924390017986297607 0.024411121383309364319 0.023960612714290618896 0.023584131151437759399 0.023412415757775306702 0.023543462157249450684 0.02375170588493347168 0.023739930242300033569 0.023481585085391998291 0.022818056866526603699 0.02186574786901473999 0.021100984886288642883 0.02059543319046497345 0.021021891385316848755 0.02009738236665725708 0.020433068275451660156 0.02101613953709602356 0.021640315651893615723 0.022090829908847808838 0.022165292873978614807 0.021953195333480834961 0.021570106968283653259 0.020959412679076194763 0.020168688148260116577 0.019433723762631416321
0.023128531873226165771 0.022283539175987243652 0.022393608465790748596 0.022567998617887496948 0.02288098260760307312 0.023313956335186958313 0.023813620209693908691 0.024292290210723876953 0.024725863710045814514 0.025234887376427650452 0.02573256567120552063 0.024697663262486457825 0.025893390178680419922 0.025733904913067817688 0.025358146056532859802 0.024733848869800567627 0.024063086137175559998 0.023559737950563430786 0.023332627490162849426 0.02351101115345954895 0.023798193782567977905 0.02395135536789894104 0.023837272077798843384 0.023381078615784645081 0.022667217999696731567 0.021933257579803466797 0.021412450820207595825 0.021054388955235481262 0.021543303504586219788 0.02046777680516242981 0.02068667486310005188 0.021172981709241867065 0.02168744988739490509 0.022060187533497810364 0.022141503170132637024 0.022073714062571525574 0.022000398486852645874 0.021899621933698654175 0.021741811186075210571 0.021387167274951934814
0.023065023124217987061 0.021997874602675437927 0.022018942981958389282 0.022290136665105819702 0.02287915349006652832 0.023698017001152038574 0.024533269926905632019 0.025081835687160491943 0.025389468297362327576 0.025812242180109024048 0.026221306994557380676 0.0262983664870262146 0.026182411238551139832 0.024418896064162254333 0.025001451373100280762 0.024174189195036888123 0.023572469130158424377 0.023388100787997245789 0.02352336980402469635 0.023873327299952507019 0.024050951004028320312 0.023995928466320037842 0.023758059367537498474 0.023308841511607170105 0.022849712520837783813 0.022452304139733314514 0.021960254758596420288 0.021246984601020812988 0.021291412413120269775 0.019973272457718849182 0.020221589133143424988 0.020684463903307914734 0.021016137674450874329 0.021270753815770149231 0.021407537162303924561 0.021595653146505355835 0.021946001797914505005 0.02231278643012046814 0.022564116865396499634 0.022502163425087928772
0.022719448432326316833 0.021944276988506317139 0.022261461243033409119 0.022753695026040077209 0.023467229679226875305 0.024362418800592422485 0.025179373100399971008 0.025607667863368988037 0.025801312178373336792 0.026174988597631454468 0.026471197605133056641 0.026410637423396110535 0.026051396504044532776 0.025321116670966148376 0.024537021294236183167 0.023788405582308769226 0.022319709882140159607 0.023439344018697738647 0.023672286421060562134 0.024034738540649414062 0.02420820482075214386 0.024129977449774742126 0.023873087018728256226 0.023446528241038322449 0.023026930168271064758 0.022580489516258239746 0.021883405745029449463 0.020935589447617530823 0.021011529490351676941 0.01998506300151348114 0.020417463034391403198 0.020926134660840034485 0.021218763664364814758 0.021394042298197746277 0.02145737968385219574 0.021617133170366287231 0.022045189514756202698 0.022621452808380126953 0.023092547431588172913 0.023156052455306053162
0.023943379521369934082 0.025499919429421424866 0.023206090554594993591 0.023941664025187492371 0.024591298773884773254 0.025236621499061584473 0.025700962170958518982 0.025862261652946472168 0.025974230840802192688 0.026321962475776672363 0.026464466005563735962 0.026123154908418655396 0.025521995499730110168 0.024775650352239608765 0.024121850728988647461 0.023733709007501602173 0.022527476772665977478 0.023528752848505973816 0.023624388501048088074 0.024070765823125839233 0.024440540000796318054 0.024444507434964179993 0.024174798280000686646 0.023657046258449554443 0.022998560220003128052 0.022135136649012565613 0.021119203418493270874 0.020304866135120391846 0.02016690373420715332 0.021446356549859046936 0.021318398416042327881 0.021950934082269668579 0.022343171760439872742 0.022447783499956130981 0.022294463589787483215 0.022159861400723457336 0.022324716672301292419 0.022860091179609298706 0.023365210741758346558 0.023378759622573852539
0.023551313206553459167 0.0234005022794008255 0.023937094956636428833 0.023889750242233276367 0.025234559550881385803 0.023846980184316635132 0.024513274431228637695 0.024943396449089050293 0.025406192988157272339 0.025855166837573051453 0.025767266750335693359 0.025116138160228729248 0.024394569918513298035 0.023817008361220359802 0.023550657555460929871 0.023580253124237060547 0.023658134043216705322 0.022601680830121040344 0.0237683076411485672 0.024261936545372009277 0.024519454687833786011 0.024287011474370956421 0.023821255192160606384 0.023131305351853370667 0.022313890978693962097 0.02136954478919506073 0.020639775320887565613 0.020489800721406936646 0.020940328016877174377 0.021735938265919685364 0.023426188156008720398 0.022991847246885299683 0.023206355050206184387 0.023093335330486297607 0.02276767045259475708 0.022527646273374557495 0.022616144269704818726 0.023109856992959976196 0.023474538698792457581 0.023395095020532608032
0.024227723479270935059 0.02243474125862121582 0.020505171269178390503 0.019303426146507263184 0.020559336990118026733 0.022129552438855171204 0.024511715397238731384 0.022908929735422134399 0.024147346615791320801 0.024715822190046310425 0.024249207228422164917 0.023277191445231437683 0.022590776905417442322 0.022464876994490623474 0.022809600457549095154 0.023280618712306022644 0.023645631968975067139 0.023886624723672866821 0.023108202964067459106 0.024452570825815200806 0.024147739633917808533 0.023441797122359275818 0.022668028250336647034 0.021791148930788040161 0.021043315529823303223 0.020615085959434509277 0.020810008049011230469 0.021518256515264511108 0.022364564239978790283 0.023226914927363395691 0.024861603975296020508 0.023939274251461029053 0.023741729557514190674 0.023314172402024269104 0.02288088575005531311 0.022720918059349060059 0.022917658090591430664 0.023330207914113998413 0.0233972892165184021 0.023215956985950469971
0.024661393836140632629 0.024473331868648529053 0.025038655847311019897 0.023255929350852966309 0.02163429558277130127 0.020817968994379043579 0.021102849394083023071 0.022298041731119155884 0.02242372557520866394 0.02394812367856502533 0.02086205407977104187 0.020221136510372161865 0.020050099119544029236 0.02056993730366230011 0.021375171840190887451 0.022109536454081535339 0.021675242111086845398 0.02330468595027923584 0.023801123723387718201 0.023866366595029830933 0.023488702252507209778 0.022876925766468048096 0.022250249981880187988 0.021594420075416564941 0.021245056763291358948 0.021339986473321914673 0.021879043430089950562 0.022664625197649002075 0.023359701037406921387 0.02391466870903968811 0.02522386796772480011 0.023846630007028579712 0.02349742501974105835 0.023113401606678962708 0.022863714024424552917 0.022911360487341880798 0.023195657879114151001 0.02344438992440700531 0.023199925199151039124 0.022832106798887252808
0.022305572405457496643 0.025490501895546913147 0.026045380160212516785 0.026056470349431037903 0.026120372116565704346 0.026688911020755767822 0.025704702362418174744 0.024537617340683937073 0.026092831045389175415 0.019490832462906837463 0.017639108002185821533 0.016441194340586662292 0.016801416873931884766 0.018136514350771903992 0.019173007458448410034 0.020027244463562965393 0.020911894738674163818 0.02174544893205165863 0.022450799122452735901 0.022816780954599380493 0.022962747141718864441 0.02301387302577495575 0.022956432774662971497 0.022881973534822463989 0.022991312667727470398 0.023186797276139259338 0.023402979597449302673 0.023651752620935440063 0.023754386231303215027 0.023672802373766899109 0.023263726383447647095 0.023816453292965888977 0.022505100816488265991 0.022520059719681739807 0.022741820663213729858 0.023113327100872993469 0.023441674187779426575 0.023450063541531562805 0.022878142073750495911 0.022237237542867660522
0.022345567122101783752 0.023195458576083183289 0.023950897157192230225 0.027454249560832977295 0.027844863012433052063 0.027862614020705223083 0.028078313916921615601 0.027567600831389427185 0.025824384763836860657 0.023836301639676094055 0.020256012678146362305 0.016532577574253082275 0.015941608697175979614 0.017817907035350799561 0.018877297639846801758 0.020146165043115615845 0.019915854558348655701 0.021027319133281707764 0.021932071074843406677 0.022570047527551651001 0.023119093850255012512 0.023556578904390335083 0.023849045857787132263 0.024126015603542327881 0.024415312334895133972 0.024549461901187896729 0.024507323279976844788 0.024312995374202728271 0.023880600929260253906 0.023264786228537559509 0.02246304042637348175 0.024626301601529121399 0.02138346061110496521 0.021515626460313796997 0.022020852193236351013 0.022611409425735473633 0.022931385785341262817 0.022726442664861679077 0.021969610825181007385 0.021342867985367774963
0.022733252495527267456 0.023359835147857666016 0.023652656003832817078 0.023830853402614593506 0.024084350094199180603 0.027302268892526626587 0.027632601559162139893 0.027942627668380737305 0.0276840943843126297 0.025564732030034065247 0.023216916248202323914 0.021551899611949920654 0.019756946712732315063 0.019291456788778305054 0.020742010325193405151 0.020461244508624076843 0.021640727296471595764 0.023258088156580924988 0.02476283535361289978 0.025743186473846435547 0.026608334854245185852 0.027286328375339508057 0.027810545638203620911 0.028331065550446510315 0.028703138232231140137 0.028774149715900421143 0.028522849082946777344 0.027773043140769004822 0.02655492536723613739 0.025191899389028549194 0.023765327408909797668 0.022421710193157196045 0.022692015394568443298 0.021597694605588912964 0.022375253960490226746 0.023262271657586097717 0.021570898592472076416 0.021176770329475402832 0.020405089482665061951 0.020076435059309005737
