tests/data/reference/gistest_nucice/full/mvel_m_s.asc
ncols        123
nrows        77
xllcorner    -713746.799299980048
yllcorner    -1061022.369616159936
cellsize     10.000000000000
NODATA_value -9999
[rows 36 to 53 of 77, columns 0 to 39 of 123]
-9999 -9999 -9999 -9999 -9999 -9999 -9999 -9999 -9999 -9999 -9999 -9999 0.16769056022167205811 0.034515682607889175415 0.036062184721231460571 0.036985952407121658325 0.037652071565389633179 0.038784608244895935059 0.039490982890129089355 0.039775047451257705688 0.039565030485391616821 0.038899999111890792847 0.038720894604921340942 0.039062805473804473877 0.040025133639574050903 0.041392739862203598022 0.043276973068714141846 0.045864433050155639648 0.047269117087125778198 0.047744553536176681519 0.048461340367794036865 0.061435457319021224976 0.043152593076229095459 0.049034446477890014648 0.049123577773571014404 0.048962909728288650513 0.049336794763803482056 0.050110612064599990845 0.051707465201616287231 0.05347917601466178894
-9999 -9999 -9999 -9999 -9999 -9999 -9999 -9999 -9999 -9999 -9999 0.1182689964771270752 0.020686011761426925659 0.032041206955909729004 0.037388764321804046631 0.03636109083890914917 0.037713035941123962402 0.038957007229328155518 0.039843067526817321777 0.040242511779069900513 0.040146745741367340088 0.039530921727418899536 0.039363678544759750366 0.039532650262117385864 0.040113825350999832153 0.041141808032989501953 0.042288783937692642212 0.043751228600740432739 0.044343549758195877075 0.044164497405290603638 0.044800184667110443115 0.052016306668519973755 0.040428452193737030029 0.047130707651376724243 0.046936377882957458496 0.04545854032039642334 0.045377947390079498291 0.046503711491823196411 0.046363096684217453003 0.047552347183227539062
-9999 -9999 -9999 -9999 -9999 -9999 -9999 -9999 -9999 -9999 0.11347617954015731812 0.146976470947265625 0.028679527342319488525 0.037993691861629486084 0.029377669095993041992 0.034366719424724578857 0.036432478576898574829 0.038279004395008087158 0.039503771811723709106 0.039937958121299743652 0.039940916001796722412 0.039444833993911743164 0.039309907704591751099 0.039446406066417694092 0.039914488792419433594 0.040975660085678100586 0.040947306901216506958 0.04204498976469039917 0.041642334312200546265 0.040729604661464691162 0.041011329740285873413 0.041319858282804489136 0.042001456022262573242 0.043822783976793289185 0.039415407925844192505 0.03773991018533706665 0.042479325085878372192 0.036790806800127029419 0.036992914974689483643 0.037564765661954879761
-9999 -9999 -9999 -9999 -9999 -9999 -9999 -9999 -9999 -9999 0.10577517002820968628 0.027003847062587738037 0.038622722029685974121 0.028504660353064537048 0.026343889534473419189 0.030992614105343818665 0.033861462026834487915 0.036582190543413162231 0.038262438029050827026 0.038951691240072250366 0.039223235100507736206 0.038933575153350830078 0.038797315210103988647 0.039021607488393783569 0.039451010525226593018 0.035495549440383911133 0.040743172168731689453 0.040461409837007522583 0.039367955178022384644 0.037686046212911605835 0.037217002362012863159 0.037058629095554351807 0.034144379198551177979 0.037692531943321228027 0.043638814240694046021 0.042131125926971435547 0.034931991249322891235 0.038389939814805984497 0.03938371315598487854 0.041178174316883087158
-9999 -9999 -9999 -9999 -9999 -9999 -9999 -9999 -9999 0.10662018507719039917 0.018029147759079933167 0.036899618804454803467 0.026613892987370491028 0.025359189137816429138 0.027264006435871124268 0.02912593446671962738 0.031780976802110671997 0.034186806529760360718 0.036511812359094619751 0.037561915814876556396 0.038246110081672668457 0.038371160626411437988 0.038585573434829711914 0.038648307323455810547 0.034766837954521179199 0.039064139127731323242 0.039476051926612854004 0.03816221281886100769 0.036730408668518066406 0.034265093505382537842 0.033551730215549468994 0.03182921186089515686 0.03801121935248374939 0.042650099843740463257 0.044401664286851882935 0.043250534683465957642 0.041968710720539093018 0.040996681898832321167 0.036763977259397506714 0.03946798667311668396
-9999 -9999 -9999 -9999 -9999 -9999 -9999 -9999 -9999 0.11685852706432342529 0.040882624685764312744 0.026573043316602706909 0.026124106720089912415 0.024659965187311172485 0.027935560792684555054 0.028904924169182777405 0.027528678998351097107 0.032572042196989059448 0.034348852932453155518 0.036164168268442153931 0.037309341132640838623 0.037871882319450378418 0.034065738320350646973 0.035023503005504608154 0.039269983768463134766 0.038835931569337844849 0.033532533794641494751 0.033102434128522872925 0.03166535496711730957 0.0289945211261510849 0.029156796634197235107 0.035988450050354003906 0.040271073579788208008 0.043738067150115966797 0.045386455953121185303 0.045312348753213882446 0.044718220829963684082 0.03778537362813949585 0.044664103537797927856 0.047235716134309768677
-9999 -9999 -9999 -9999 -9999 -9999 -9999 -9999 0.15936301648616790771 0.020052032545208930969 0.035445574671030044556 0.028409941121935844421 0.024075634777545928955 0.026916917413473129272 0.028711237013339996338 0.02924796566367149353 0.033350791782140731812 0.030263531953096389771 0.032374609261751174927 0.035110451281070709229 0.036868739873170852661 0.037311755120754241943 0.038929723203182220459 0.040432836860418319702 0.040440957993268966675 0.057086411863565444946 0.057869181036949157715 0.053895652294158935547 0.048629619181156158447 0.04213498532772064209 0.03823973238468170166 0.038370583206415176392 0.042110763490200042725 0.044981755316257476807 0.046470951288938522339 0.046668924391269683838 0.046153958886861801147 0.053313355892896652222 0.055060323327779769897 0.063733212649822235107
-9999 -9999 -9999 -9999 -9999 -9999 -9999 0.11253502219915390015 0.15319278836250305176 0.033859286457300186157 0.030238281935453414917 0.029491340741515159607 0.024752270430326461792 0.027966812252998352051 0.029210483655333518982 0.02955127321183681488 0.029631638899445533752 0.029477911069989204407 0.031270481646060943604 0.034624636173248291016 0.032731939107179641724 0.033469419926404953003 0.038328625261783599854 0.053614825010299682617 0.056727562099695205688 0.039872650057077407837 0.039104085415601730347 0.038840152323246002197 0.037742700427770614624 0.035520344972610473633 0.036359466612339019775 0.040292501449584960938 0.043471135199069976807 0.045637477189302444458 0.046641226857900619507 0.04656721651554107666 0.045956827700138092041 0.04491331055760383606 0.045635480433702468872 0.048143982887268066406
-9999 -9999 -9999 -9999 -9999 -9999 -9999 0.10339904576539993286 0.024917962029576301575 0.03456845507025718689 0.027119517326354980469 0.029459893703460693359 0.028942760080099105835 0.029099857434630393982 0.02954329364001750946 0.0297116842120885849 0.030038097873330116272 0.030198091641068458557 0.031902823597192764282 0.035416673868894577026 0.04271462559700012207 0.047902058809995651245 0.051966104656457901001 0.039334479719400405884 0.040061634033918380737 0.039946775883436203003 0.035503596067428588867 0.039652891457080841064 0.039451826363801956177 0.037788081914186477661 0.038456033915281295776 0.041587542742490768433 0.043860860168933868408 0.045060522854328155518 0.045486658811569213867 0.045279175043106079102 0.075721703469753265381 0.075940594077110290527 0.07745151221752166748 0.080384612083435058594
-9999 -9999 -9999 -9999 -9999 -9999 -9999 0.0057111512869596481323 0.031003326177597045898 0.027173953130841255188 0.025185395032167434692 0.028935208916664123535 0.030196757987141609192 0.030216615647077560425 0.03017888776957988739 0.030274610966444015503 0.031103555113077163696 0.031930465251207351685 0.033597413450479507446 0.036800265312194824219 0.038990203291177749634 0.039786413311958312988 0.039729889482259750366 0.039019472897052764893 0.034594558179378509521 0.035924825817346572876 0.040802303701639175415 0.040977332741022109985 0.040451873093843460083 0.039693318307399749756 0.040077552199363708496 0.041789203882217407227 0.042975082993507385254 0.074042759835720062256 0.075115129351615905762 0.076209187507629394531 0.046925861388444900513 0.048559628427028656006 0.05004797130823135376 0.051542602479457855225
-9999 -9999 -9999 -9999 -9999 -9999 0.10906327515840530396 0.029306367039680480957 0.027083564549684524536 0.028026092797517776489 0.025497900322079658508 0.02976195700466632843 0.031472451984882354736 0.031665869057178497314 0.031580939888954162598 0.031290084123611450195 0.031514871865510940552 0.03196093440055847168 0.033375024795532226562 0.036416262388229370117 0.038805618882179260254 0.039481814950704574585 0.039685655385255813599 0.038962330669164657593 0.039937481284141540527 0.041848096996545791626 0.042363941669464111328 0.041176389902830123901 0.040735960006713867188 0.041139479726552963257 0.041295561939477920532 0.071144968271255493164 0.072391800582408905029 0.043037738651037216187 0.044731598347425460815 0.046644039452075958252 0.048802178353071212769 0.050894916057586669922 0.052536312490701675415 0.053922753781080245972
-9999 -9999 -9999 -9999 -9999 -9999 0.013017750345170497894 0.025893857702612876892 0.028693206608295440674 0.030125580728054046631 0.027804851531982421875 0.031847495585680007935 0.033110767602920532227 0.033688969910144805908 0.033786527812480926514 0.032887421548366546631 0.031528871506452560425 0.030712960287928581238 0.031801462173461914062 0.034878365695476531982 0.03334635123610496521 0.034597165882587432861 0.035229746252298355103 0.03517662733793258667 0.04006940498948097229 0.042277619242668151855 0.042686626315116882324 0.065831348299980163574 0.067624859511852264404 0.070346303284168243408 0.071818709373474121094 0.042392387986183166504 0.043079040944576263428 0.04448838159441947937 0.046077206730842590332 0.04758332669734954834 0.049238972365856170654 0.051052361726760864258 0.052540581673383712769 0.053932085633277893066
-9999 -9999 -9999 -9999 -9999 0.097955740988254547119 0.02441659197211265564 0.030933439731597900391 0.026584342122077941895 0.027089238166809082031 0.030053667724132537842 0.031335595995187759399 0.032840076833963394165 0.03390929102897644043 0.034247413277626037598 0.033716022968292236328 0.032378043979406356812 0.031083386391401290894 0.031876347959041595459 0.034706316888332366943 0.041981909424066543579 0.047934219241142272949 0.052982516586780548096 0.057632297277450561523 0.060562558472156524658 0.063818924129009246826 0.066434912383556365967 0.042395826429128646851 0.042370256036520004272 0.043263185769319534302 0.043556176126003265381 0.043347366154193878174 0.044024296104907989502 0.045169223099946975708 0.046288874000310897827 0.047323387116193771362 0.048662271350622177124 0.05053821951150894165 0.052129387855529785156 0.053421601653099060059
-9999 -9999 -9999 -9999 0.13852107524871826172 0.0079339463263750076294 0.028668900951743125916 0.031891603022813796997 0.025040846318006515503 0.023969994857907295227 0.027061991393566131592 0.028550997376441955566 0.030997594818472862244 0.03222206607460975647 0.033223886042833328247 0.03363367915153503418 0.033157847821712493896 0.031935784965753555298 0.032706886529922485352 0.035387240350246429443 0.037701517343521118164 0.039526116102933883667 0.041473198682069778442 0.043280299752950668335 0.044070154428482055664 0.04412839934229850769 0.044231574982404708862 0.044140130281448364258 0.04396403580904006958 0.044151060283184051514 0.044255658984184265137 0.043971240520477294922 0.043997537344694137573 0.044394694268703460693 0.045019097626209259033 0.045785583555698394775 0.047066736966371536255 0.04920836910605430603 0.05116801336407661438 0.052606984972953796387
-9999 -9999 -9999 -9999 0.10705813020467758179 0.026992689818143844604 0.028570126742124557495 0.027801694348454475403 0.024509413167834281921 0.02204791828989982605 0.024933863431215286255 0.029353829100728034973 0.026347991079092025757 0.030950430780649185181 0.032648503780364990234 0.033685948699712753296 0.033531762659549713135 0.032223824411630630493 0.032957706600427627563 0.035697419196367263794 0.038449387997388839722 0.040869303047657012939 0.043141245841979980469 0.045434623956680297852 0.046407405287027359009 0.046321526169776916504 0.04654010385274887085 0.046866167336702346802 0.046626705676317214966 0.046243332326412200928 0.046230290085077285767 0.046092022210359573364 0.045808300375938415527 0.045577604323625564575 0.045564766973257064819 0.045817010104656219482 0.046559616923332214355 0.048176880925893783569 0.050101116299629211426 0.051831830292940139771
-9999 -9999 -9999 0.10071091353893280029 0.0068425540812313556671 0.02605693228542804718 0.023228483274579048157 0.023170839995145797729 0.020762713626027107239 0.022606553509831428528 0.02540547586977481842 0.024756632745265960693 0.024685999378561973572 0.029591336846351623535 0.032105099409818649292 0.033460050821304321289 0.033518973737955093384 0.032404541969299316406 0.032942805439233779907 0.035618171095848083496 0.039768040180206298828 0.042028248310089111328 0.045007213950157165527 0.047309562563896179199 0.048606630414724349976 0.048881366848945617676 0.049322437494993209839 0.04991235584020614624 0.049803212285041809082 0.049195978790521621704 0.048953521996736526489 0.048850484192371368408 0.048614766448736190796 0.048161651939153671265 0.047610968351364135742 0.047256860882043838501 0.04718373715877532959 0.047730475664138793945 0.049248684197664260864 0.051231138408184051514
-9999 -9999 -9999 0.092034965753555297852 0.022257015109062194824 0.022207118570804595947 0.01969788968563079834 0.017377935349941253662 0.018755303695797920227 0.019478926435112953186 0.021818859502673149109 0.022335235029458999634 0.022374227643013000488 0.027723519131541252136 0.030947688966989517212 0.032417718321084976196 0.032842054963111877441 0.032205488532781600952 0.032070886343717575073 0.039093259721994400024 0.033656083047389984131 0.040516786277294158936 0.043738927692174911499 0.046355348080396652222 0.048312038183212280273 0.049287378787994384766 0.050012458115816116333 0.050707705318927764893 0.050677619874477386475 0.049936894327402114868 0.049404151737689971924 0.049193281680345535278 0.049191579222679138184 0.049165491014719009399 0.048941157758235931396 0.048758339136838912964 0.048429064452648162842 0.048099141567945480347 0.04903906211256980896 0.051111258566379547119
-9999 -9999 0.074674516916275024414 0.0040201814845204353333 0.02044572681188583374 0.020111640915274620056 0.015007882378995418549 0.013436265289783477783 0.014696054160594940186 0.012706127949059009552 0.01636631600558757782 0.018351186066865921021 0.018902089446783065796 0.025222314521670341492 0.028964407742023468018 0.030541002750396728516 0.031634677201509475708 0.031683336943387985229 0.033357948064804077148 0.029542570933699607849 0.029127381742000579834 0.035283349454402923584 0.039089523255825042725 0.042390659451484680176 0.045417092740535736084 0.047445625066757202148 0.048577938228845596313 0.049365844577550888062 0.049433305859565734863 0.048616170883178710938 0.047774292528629302979 0.047393478453159332275 0.047798030078411102295 0.048648025840520858765 0.049313168972730636597 0.049834128469228744507 0.049821082502603530884 0.049154996871948242188 0.049400340765714645386 0.051127064973115921021
