tests/data/reference/gistest_nucice/full/mvel_m_s.asc
ncols        123
nrows        77
xllcorner    -713746.799299980048
yllcorner    -1061022.369616159936
cellsize     10.000000000000
NODATA_value  -9999
[rows 36 to 53 of 77, columns 0 to 39 of 123]
-9999 -9999 -9999 -9999 -9999 -9999 -9999 -9999 -9999 -9999 -9999 -9999 0.1304318159818649292 0.013505429960787296295 0.014120675623416900635 0.014407636597752571106 0.01463838573545217514 0.015068300999701023102 0.015320701524615287781 0.015404781326651573181 0.015297832898795604706 0.015017876401543617249 0.014964195899665355682 0.015117346309125423431 0.015522259287536144257 0.016086380928754806519 0.016857435926795005798 0.017931751906871795654 0.01847965829074382782 0.018661973997950553894 0.018986918032169342041 0.019995829090476036072 0.01895840279757976532 0.019569661468267440796 0.01914133317768573761 0.019066572189331054688 0.019295865669846534729 0.019650939851999282837 0.020313471555709838867 0.021112080663442611694
-9999 -9999 -9999 -9999 -9999 -9999 -9999 -9999 -9999 -9999 -9999 0.092375539243221282959 0.011321580968797206879 0.012527002021670341492 0.013639092445373535156 0.014396903105080127716 0.014744823798537254333 0.01519967988133430481 0.01550393272191286087 0.015621957369148731232 0.015560357831418514252 0.015296058729290962219 0.015242551453411579132 0.015320849604904651642 0.015564813278615474701 0.0159874744713306427 0.016438616439700126648 0.017067043110728263855 0.017280023545026779175 0.017220091074705123901 0.017538806423544883728 0.018426433205604553223 0.017611864954233169556 0.01851334795355796814 0.018341382965445518494 0.018011413514614105225 0.018044736236333847046 0.018201092258095741272 0.01852619461715221405 0.019053338095545768738
-9999 -9999 -9999 -9999 -9999 -9999 -9999 -9999 -9999 -9999 0.088538199663162231445 0.11370757967233657837 0.011231137439608573914 0.011904676444828510284 0.012374364770948886871 0.013636059127748012543 0.014320262707769870758 0.01500817667692899704 0.015427712351083755493 0.015543225221335887909 0.015513886697590351105 0.015289065428078174591 0.015240749344229698181 0.015304240398108959198 0.015495799481868743896 0.015932118520140647888 0.016175210475921630859 0.016341036185622215271 0.016180273145437240601 0.015830948948860168457 0.016021998599171638489 0.016181405633687973022 0.016485411673784255981 0.017500970512628555298 0.017116870731115341187 0.016304932534694671631 0.016457838937640190125 0.015848694369196891785 0.015945626422762870789 0.01622053980827331543
-9999 -9999 -9999 -9999 -9999 -9999 -9999 -9999 -9999 -9999 0.082368224859237670898 0.0099343983456492424011 0.010900425724685192108 0.011160211637616157532 0.010996640659868717194 0.0121217360720038414 0.013281356543302536011 0.014353899285197257996 0.01498457789421081543 0.015192253515124320984 0.015263624489307403564 0.015109914354979991913 0.015044860541820526123 0.015131860040128231049 0.015309031121432781219 0.015230311080813407898 0.015844944864511489868 0.015713021159172058105 0.015293329022824764252 0.014628462493419647217 0.014520929194986820221 0.014486161060631275177 0.014590420760214328766 0.016282094642519950867 0.017274569720029830933 0.016253270208835601807 0.014962781220674514771 0.015081803314387798309 0.015286835841834545135 0.01602307148277759552
-9999 -9999 -9999 -9999 -9999 -9999 -9999 -9999 -9999 0.083045370876789093018 0.0099734310060739517212 0.0094149606302380561829 0.010320006869733333588 0.010554786771535873413 0.010657478123903274536 0.011316937394440174103 0.012402733787894248962 0.013518213294446468353 0.01429548952728509903 0.014679287560284137726 0.014901367016136646271 0.014906360767781734467 0.014973743818700313568 0.015224549919366836548 0.014884553849697113037 0.015380145981907844543 0.015310840681195259094 0.015032435767352581024 0.014427931979298591614 0.013417012058198451996 0.013197001069784164429 0.013506126590073108673 0.015027670189738273621 0.016723001375794410706 0.017286209389567375183 0.016705445945262908936 0.016196940094232559204 0.015835633501410484314 0.015835834667086601257 0.017142485827207565308
-9999 -9999 -9999 -9999 -9999 -9999 -9999 -9999 -9999 0.091246560215950012207 0.011048489250242710114 0.010241380892693996429 0.010195542126893997192 0.010242593474686145782 0.010847510769963264465 0.011201988905668258667 0.011531719937920570374 0.012576405890285968781 0.013448426499962806702 0.014152276329696178436 0.014541367068886756897 0.014710672199726104736 0.014553340151906013489 0.015006161294877529144 0.015460409224033355713 0.015020621009171009064 0.014302386902272701263 0.014100549742579460144 0.013429960235953330994 0.012198985554277896881 0.012273215688765048981 0.014242756180465221405 0.015779217705130577087 0.017102098092436790466 0.017662864178419113159 0.017550367861986160278 0.01729214005172252655 0.016326854005455970764 0.017460886389017105103 0.018920494243502616882
-9999 -9999 -9999 -9999 -9999 -9999 -9999 -9999 0.12369116395711898804 0.01096371188759803772 0.011739992536604404449 0.010971467941999435425 0.0099826864898204803467 0.010509643703699111938 0.011140706948935985565 0.011329488828778266907 0.011758781969547271729 0.011740783229470252991 0.01263405289500951767 0.013738526031374931335 0.01436917576938867569 0.01469188835471868515 0.015139811672270298004 0.015722630545496940613 0.015667052939534187317 0.015401679091155529022 0.015003518201410770416 0.014515914954245090485 0.013949490152299404144 0.012829413637518882751 0.013192299753427505493 0.015033775940537452698 0.016480995342135429382 0.017561446875333786011 0.018075665459036827087 0.018088197335600852966 0.017852107062935829163 0.017981143668293952942 0.018492141738533973694 0.019919617101550102234
-9999 -9999 -9999 -9999 -9999 -9999 -9999 0.087784364819526672363 0.11859453469514846802 0.011762972921133041382 0.011842691339552402496 0.01142454240471124649 0.010283731855452060699 0.010803438723087310791 0.011315274052321910858 0.011445066891610622406 0.011473882012069225311 0.011400318704545497894 0.012144144624471664429 0.013506221584975719452 0.013927106745541095734 0.014272735454142093658 0.015106945298612117767 0.016116581857204437256 0.016310704872012138367 0.015438748523592948914 0.015111775137484073639 0.015027520246803760529 0.014576552435755729675 0.013676491566002368927 0.014108690433204174042 0.01576921902596950531 0.016987470909953117371 0.017783412709832191467 0.018117053434252738953 0.018034871667623519897 0.017770856618881225586 0.017346991226077079773 0.017704268917441368103 0.018770225346088409424
-9999 -9999 -9999 -9999 -9999 -9999 -9999 0.080464154481887817383 0.010280174203217029572 0.0113384295254945755 0.01134650595486164093 0.01156876981258392334 0.011210080236196517944 0.011238418519496917725 0.011420597322285175323 0.011491769924759864807 0.011625424958765506744 0.01166867278516292572 0.01235640794038772583 0.013785602524876594543 0.015012217685580253601 0.015320296399295330048 0.015508781187236309052 0.015216208063066005707 0.015553054399788379669 0.01577108725905418396 0.015234138816595077515 0.015609638765454292297 0.015267319045960903168 0.014570013619959354401 0.014916202984750270844 0.01624109223484992981 0.017097318544983863831 0.017512278631329536438 0.01763945259153842926 0.017528509721159934998 0.018095517531037330627 0.018077593296766281128 0.01847095787525177002 0.019317539408802986145
-9999 -9999 -9999 -9999 -9999 -9999 -9999 0 0.010336105711758136749 0.010498109273612499237 0.010477068834006786346 0.01133797038346529007 0.011705927550792694092 0.011663950048387050629 0.011640753597021102905 0.011682368814945220947 0.012036973610520362854 0.012378520332276821136 0.013069704174995422363 0.014387269504368305206 0.015213602222502231598 0.015457985922694206238 0.015399969182908535004 0.015085192397236824036 0.014803034253418445587 0.015434714965522289276 0.016095612198114395142 0.015874728560447692871 0.015643298625946044922 0.015342199243605136871 0.015536009334027767181 0.016258485615253448486 0.016700733453035354614 0.017492076382040977478 0.01781718619167804718 0.018208209425210952759 0.018189419060945510864 0.018800223246216773987 0.019348710775375366211 0.019918201491236686707
-9999 -9999 -9999 -9999 -9999 -9999 0.085003003478050231934 0.0098116751760244369507 0.010443703271448612213 0.010794427245855331421 0.010616872459650039673 0.011621939018368721008 0.012178988195955753326 0.012220430187880992889 0.012165173888206481934 0.012039694003760814667 0.012159725651144981384 0.012389089912176132202 0.013014571741223335266 0.014278200455009937286 0.015191569924354553223 0.015614082105457782745 0.01565697789192199707 0.015319379977881908417 0.015501425601541996002 0.016288336366415023804 0.016435271129012107849 0.015900179743766784668 0.015755834057927131653 0.01594956032931804657 0.016002049669623374939 0.016572836786508560181 0.016775866970419883728 0.016666866838932037354 0.01733746752142906189 0.018094668164849281311 0.018964458256959915161 0.019802207127213478088 0.020433841273188591003 0.020965043455362319946
-9999 -9999 -9999 -9999 -9999 -9999 0.0049298107624053955078 0.0098914783447980880737 0.011205935850739479065 0.011795870028436183929 0.011656990274786949158 0.012397803366184234619 0.01288982294499874115 0.013083838857710361481 0.013086624443531036377 0.012694574892520904541 0.012142543680965900421 0.011841759085655212402 0.012337000109255313873 0.013615683652460575104 0.014214951545000076294 0.014804267324507236481 0.015104016289114952087 0.015078800730407238007 0.015803137794137001038 0.016465483233332633972 0.016553608700633049011 0.016544457525014877319 0.016482915729284286499 0.016968486830592155457 0.017069175839424133301 0.016369836404919624329 0.016671793535351753235 0.017252920195460319519 0.017893461510539054871 0.018499175086617469788 0.019174534827470779419 0.019906971603631973267 0.020469442009925842285 0.020996944978833198547
-9999 -9999 -9999 -9999 -9999 0.076103046536445617676 0.0092698186635971069336 0.010858616791665554047 0.011104930192232131958 0.011332817375659942627 0.011856798082590103149 0.01227779872715473175 0.012869029305875301361 0.013243379071354866028 0.013339077122509479523 0.013077597133815288544 0.012500367127358913422 0.011972896754741668701 0.012341467663645744324 0.013513742946088314056 0.014825530350208282471 0.015535153448581695557 0.01611507125198841095 0.016499333083629608154 0.01676870882511138916 0.01708180643618106842 0.01716105826199054718 0.016338033601641654968 0.016330031678080558777 0.0167180672287940979 0.01683772355318069458 0.016745446249842643738 0.01704749278724193573 0.017541414126753807068 0.018012009561061859131 0.018437061458826065063 0.018989263102412223816 0.019755117595195770264 0.020354140549898147583 0.020823821425437927246
-9999 -9999 -9999 -9999 0.10691208392381668091 0 0.011109801940619945526 0.011668988503515720367 0.010412490926682949066 0.0099357934668660163879 0.010642124339938163757 0.011166665703058242798 0.012062173336744308472 0.012711115181446075439 0.012950098142027854919 0.013063703663647174835 0.01282636541873216629 0.012317282147705554962 0.012681159190833568573 0.013794274069368839264 0.014684468507766723633 0.015357499010860919952 0.016090648248791694641 0.016766639426350593567 0.017007954418659210205 0.016986714676022529602 0.017030434682965278625 0.016982859000563621521 0.016893705353140830994 0.01698102802038192749 0.017041901126503944397 0.016923302784562110901 0.016940582543611526489 0.017122099176049232483 0.017400706186890602112 0.017734030261635780334 0.018281597644090652466 0.019186416640877723694 0.01997521519660949707 0.020517623052000999451
-9999 -9999 -9999 -9999 0.08284819871187210083 0.010460050776600837708 0.011247429996728897095 0.010905464179813861847 0.0096034454181790351868 0.0090876827016472816467 0.0097197657451033592224 0.010375922545790672302 0.010998486541211605072 0.012218208052217960358 0.01275434345006942749 0.013106486760079860687 0.012992630712687969208 0.01243963092565536499 0.012781891040503978729 0.01392709929496049881 0.015010059811174869537 0.015892302617430686951 0.016766961663961410522 0.017625197768211364746 0.017940953373908996582 0.017840810120105743408 0.017916496843099594116 0.018036119639873504639 0.017907164990901947021 0.017744814977049827576 0.017764596268534660339 0.017718803137540817261 0.017603307962417602539 0.017514294013381004333 0.017526658251881599426 0.017657628282904624939 0.017994010820984840393 0.018700322136282920837 0.019519992172718048096 0.020214006304740905762
-9999 -9999 -9999 0.078310221433639526367 0 0.0097145102918148040771 0.009607466869056224823 0.009125166572630405426 0.0085259051993489265442 0.0088490545749664306641 0.0094076870009303092957 0.0096533959731459617615 0.010254193097352981567 0.011707027442753314972 0.012589263729751110077 0.013052695430815219879 0.01302413642406463623 0.012539101764559745789 0.012783479876816272736 0.013923891820013523102 0.015451634302735328674 0.016722831875085830688 0.017659766599535942078 0.018517231568694114685 0.018957439810037612915 0.018978303298354148865 0.019114870578050613403 0.019332036375999450684 0.019250253215432167053 0.018985252827405929565 0.018912859261035919189 0.018896030262112617493 0.018806876614689826965 0.018611691892147064209 0.018371844664216041565 0.018224231898784637451 0.018197897821664810181 0.018446506932377815247 0.019122108817100524902 0.019952725619077682495
-9999 -9999 -9999 0.071362890303134918213 0.0081998482346534729004 0.0087771089747548103333 0.0080636441707611083984 0.0070663634687662124634 0.0073738535866141319275 0.0076480242423713207245 0.0082953590899705886841 0.0087451189756393432617 0.0092309918254613876343 0.011010675691068172455 0.012179892510175704956 0.012678626924753189087 0.012803032062947750092 0.012498234398663043976 0.012437541969120502472 0.013467845506966114044 0.014360462315380573273 0.016233913600444793701 0.017345212399959564209 0.018324200063943862915 0.019027851521968841553 0.019309014081954956055 0.019520908594131469727 0.019761448726058006287 0.019704373553395271301 0.019372232258319854736 0.019174730405211448669 0.019123302772641181946 0.019144074991345405579 0.019117755815386772156 0.018979521468281745911 0.018864519894123077393 0.018694363534450531006 0.018548388034105300903 0.018983857706189155579 0.019881632179021835327
-9999 -9999 0.057851210236549377441 0 0.0080356914550065994263 0.007968945428729057312 0.0060612601228058338165 0.0054022609256207942963 0.005930034443736076355 0.0050981114618480205536 0.0062790592201054096222 0.0071665439754724502563 0.007720038294792175293 0.010028441436588764191 0.011417991481721401215 0.01197855733335018158 0.01240420900285243988 0.012381384149193763733 0.012056055478751659393 0.01153470948338508606 0.012259754352271556854 0.014135941863059997559 0.015583265572786331177 0.016851086169481277466 0.018026024103164672852 0.01875530928373336792 0.019102502614259719849 0.019340913742780685425 0.019296111539006233215 0.01890384964644908905 0.018550254404544830322 0.018419718369841575623 0.018627315759658813477 0.018983269110321998596 0.019215691834688186646 0.019386067986488342285 0.019333355128765106201 0.019023189321160316467 0.019144596531987190247 0.019893134012818336487
