tests/data/reference/gistest_nucice/full/mvel_m_s.asc
ncols        123
nrows        77
xllcorner    -713746.799299980048
yllcorner    -1061022.369616159936
cellsize     10.000000000000
NODATA_value  -9999
[rows 36 to 53 of 77, columns 0 to 39 of 123]
-9999 -9999 -9999 -9999 -9999 -9999 -9999 -9999 -9999 -9999 -9999 -9999 0.16723519563674926758 0.034477356821298599243 0.036031480878591537476 0.036976009607315063477 0.037619464099407196045 0.038767185062170028687 0.039478909224271774292 0.039769310504198074341 0.039565697312355041504 0.038905877619981765747 0.038726303726434707642 0.039064697921276092529 0.040021527558565139771 0.041382949799299240112 0.043259773403406143188 0.045836981385946273804 0.047234561294317245483 0.047713808715343475342 0.048423808068037033081 0.061560779809951782227 0.04284381866455078125 0.048824075609445571899 0.049087125808000564575 0.048932254314422607422 0.049265444278717041016 0.050028186291456222534 0.051656346768140792847 0.053367860615253448486
-9999 -9999 -9999 -9999 -9999 -9999 -9999 -9999 -9999 -9999 -9999 0.11808362603187561035 0.020632736384868621826 0.032017040997743606567 0.037527024745941162109 0.036257609724998474121 0.03766855970025062561 0.038926940411329269409 0.039819952100515365601 0.040227975696325302124 0.040139243006706237793 0.039529532194137573242 0.039362959563732147217 0.039530090987682342529 0.040107943117618560791 0.041131772100925445557 0.042276047170162200928 0.043702077120542526245 0.044324651360511779785 0.044144794344902038574 0.044770333915948867798 0.052098155021667480469 0.040150683373212814331 0.047079090029001235962 0.046865575015544891357 0.045284118503332138062 0.045203536748886108398 0.046478584408760070801 0.046178374439477920532 0.047355890274047851562
-9999 -9999 -9999 -9999 -9999 -9999 -9999 -9999 -9999 -9999 0.11327059566974639893 0.14641684293746948242 0.028677014634013175964 0.038106188178062438965 0.029216891154646873474 0.034273181110620498657 0.036393452435731887817 0.038241609930992126465 0.039472933858633041382 0.039914824068546295166 0.039926733821630477905 0.039437729865312576294 0.039305135607719421387 0.039441153407096862793 0.039907857775688171387 0.040963184088468551636 0.040812905877828598022 0.042030882090330123901 0.041632082313299179077 0.040716916322708129883 0.040988236665725708008 0.041286569088697433472 0.041960418224334716797 0.043660249561071395874 0.03914901241660118103 0.037492103874683380127 0.042480163276195526123 0.036553394049406051636 0.036753296852111816406 0.037318885326385498047
-9999 -9999 -9999 -9999 -9999 -9999 -9999 -9999 -9999 -9999 0.10553983598947525024 0.026983302086591720581 0.038715735077857971191 0.028451601043343544006 0.026211572811007499695 0.030966317281126976013 0.033833656460046768188 0.0365487709641456604 0.038216274231672286987 0.038926798850297927856 0.039203576743602752686 0.038922678679227828979 0.038791272789239883423 0.039016824215650558472 0.039422471076250076294 0.035272132605314254761 0.040708709508180618286 0.040454179048538208008 0.039337616413831710815 0.037661943584680557251 0.037186302244663238525 0.037021659314632415771 0.033935319632291793823 0.037445247173309326172 0.043481186032295227051 0.042103946208953857422 0.034714594483375549316 0.038277510553598403931 0.039356891065835952759 0.041163958609104156494
-9999 -9999 -9999 -9999 -9999 -9999 -9999 -9999 -9999 0.10638789087533950806 0.017982574179768562317 0.036970432847738265991 0.026606492698192596436 0.025235675275325775146 0.027217477560043334961 0.029118413105607032776 0.031765796244144439697 0.034097198396921157837 0.036495413631200790405 0.037533514201641082764 0.038223575800657272339 0.038358092308044433594 0.038578104227781295776 0.038532670587301254272 0.034551195800304412842 0.038945700973272323608 0.039472673088312149048 0.038050089031457901001 0.036629747599363327026 0.034182138741016387939 0.033469859510660171509 0.031644094735383987427 0.037898018956184387207 0.04259298369288444519 0.044372864067554473877 0.043249282985925674438 0.041979230940341949463 0.04100688546895980835 0.03652685508131980896 0.039201006293296813965
-9999 -9999 -9999 -9999 -9999 -9999 -9999 -9999 -9999 0.11666712164878845215 0.040934335440397262573 0.02658289298415184021 0.026083376258611679077 0.024542564526200294495 0.027924859896302223206 0.02890291064977645874 0.027385480701923370361 0.032623853534460067749 0.034325588494539260864 0.0361367054283618927 0.037287149578332901001 0.037859559059143066406 0.033857505768537521362 0.034805130213499069214 0.039150029420852661133 0.038814865052700042725 0.03332988545298576355 0.032904256135225296021 0.03148189932107925415 0.028837444260716438293 0.028998157009482383728 0.035887610167264938354 0.040219441056251525879 0.043700832873582839966 0.045362085103988647461 0.045304972678422927856 0.044721245765686035156 0.03753706812858581543 0.044645544141530990601 0.047042284160852432251
-9999 -9999 -9999 -9999 -9999 -9999 -9999 -9999 0.15885636210441589355 0.020001932978630065918 0.03553849831223487854 0.028414491564035415649 0.023963250219821929932 0.026872750371694564819 0.028709292411804199219 0.029247758910059928894 0.03342595323920249939 0.030260628089308738708 0.032360717654228210449 0.035087417811155319214 0.036849617958068847656 0.037205759435892105103 0.038898393511772155762 0.040418244898319244385 0.040435954928398132324 0.057254523038864135742 0.058050144463777542114 0.054085969924926757812 0.048833590000867843628 0.04234720766544342041 0.03847850114107131958 0.038344766944646835327 0.042074967175722122192 0.044949285686016082764 0.046449091285467147827 0.046660393476486206055 0.046155534684658050537 0.053416356444358825684 0.055171318352222442627 0.063881292939186096191
-9999 -9999 -9999 -9999 -9999 -9999 -9999 0.11232558637857437134 0.15263846516609191895 0.033962368965148925781 0.030177051201462745667 0.029480624943971633911 0.02463406883180141449 0.027971005067229270935 0.02921176515519618988 0.029552582651376724243 0.02963305450975894928 0.029481204226613044739 0.031266786158084869385 0.034609965980052947998 0.032537590712308883667 0.033267427235841751099 0.038215000182390213013 0.053760394454002380371 0.056885618716478347778 0.039871130138635635376 0.039081901311874389648 0.038842633366584777832 0.037750001996755599976 0.03553505241870880127 0.036360625177621841431 0.04026784747838973999 0.043438810855150222778 0.045610841363668441772 0.046625111252069473267 0.046562608331441879272 0.045960288494825363159 0.044921904802322387695 0.045635256916284561157 0.048126067966222763062
-9999 -9999 -9999 -9999 -9999 -9999 -9999 0.10315554589033126831 0.024819044396281242371 0.034668546169996261597 0.026980111375451087952 0.029400056228041648865 0.028933843597769737244 0.029104216024279594421 0.029548807069659233093 0.029716806486248970032 0.030041936784982681274 0.030203275382518768311 0.0319023914635181427 0.035402934998273849487 0.042794555425643920898 0.04801308363676071167 0.052100896835327148438 0.039334267377853393555 0.040056236088275909424 0.039820391684770584106 0.035280093550682067871 0.039530068635940551758 0.039428796619176864624 0.037796970456838607788 0.038457058370113372803 0.04156762734055519104 0.043836332857608795166 0.045043554157018661499 0.045478492975234985352 0.045278266072273254395 0.076087638735771179199 0.076301261782646179199 0.077801592648029327393 0.080729946494102478027
-9999 -9999 -9999 -9999 -9999 -9999 -9999 0.0057033854536712169647 0.031083630397915840149 0.027180751785635948181 0.025063410401344299316 0.028879582881927490234 0.030187072232365608215 0.030223177745938301086 0.030188506469130516052 0.030284766107797622681 0.031109260395169258118 0.031931329518556594849 0.033588346093893051147 0.036775197833776473999 0.038962788879871368408 0.03976847231388092041 0.039699830114841461182 0.038997251540422439575 0.034380745142698287964 0.035696793347597122192 0.040669623762369155884 0.040947921574115753174 0.040453039109706878662 0.039699371904134750366 0.040077794343233108521 0.04177821427583694458 0.042962212115526199341 0.074370071291923522949 0.075462311506271362305 0.076573193073272705078 0.046921383589506149292 0.048555243760347366333 0.050044622272253036499 0.051540113985538482666
-9999 -9999 -9999 -9999 -9999 -9999 0.10884010791778564453 0.02937926165759563446 0.027084434404969215393 0.028027173131704330444 0.025373158976435661316 0.029705295339226722717 0.031469926238059997559 0.03166875988245010376 0.031588889658451080322 0.031302087008953094482 0.031524110585451126099 0.031962949782609939575 0.033364623785018920898 0.036389373242855072021 0.038775261491537094116 0.039358023554086685181 0.039561580866575241089 0.038845274597406387329 0.039909116923809051514 0.041832946240901947021 0.042354520410299301147 0.041180819272994995117 0.040741961449384689331 0.041138995438814163208 0.041293561458587646484 0.07142855226993560791 0.072696015238761901855 0.043039258569478988647 0.044728379696607589722 0.04663632810115814209 0.048787951469421386719 0.050874307751655578613 0.052513439208269119263 0.053901124745607376099
-9999 -9999 -9999 -9999 -9999 -9999 0.013031391426920890808 0.025951253250241279602 0.028641374781727790833 0.030065070837736129761 0.027659073472023010254 0.03182358667254447937 0.033092115074396133423 0.033674653619527816772 0.033780034631490707397 0.032889004796743392944 0.031538385897874832153 0.030723392963409423828 0.031801939010620117188 0.03486261516809463501 0.033145643770694732666 0.034383323043584823608 0.035009175539016723633 0.034956622868776321411 0.039942558854818344116 0.042236048728227615356 0.042675461620092391968 0.066043920814990997314 0.067853309214115142822 0.070595696568489074707 0.072087265551090240479 0.042402338236570358276 0.043084602802991867065 0.044486500322818756104 0.046068388968706130981 0.047568663954734802246 0.04921773076057434082 0.051024395972490310669 0.05251078680157661438 0.053904119879007339478
-9999 -9999 -9999 -9999 -9999 0.097695924341678619385 0.02446221373975276947 0.030998097732663154602 0.026449842378497123718 0.026950111612677574158 0.029986977577209472656 0.031302787363529205322 0.032810494303703308105 0.033891960978507995605 0.034219380468130111694 0.033707428723573684692 0.032381813973188400269 0.031094413250684738159 0.031879812479019165039 0.034694820642471313477 0.042063374072313308716 0.048047576099634170532 0.053120590746402740479 0.057804290205240249634 0.060742817819118499756 0.064012058079242706299 0.066642537713050842285 0.042414873838424682617 0.042389929294586181641 0.043278586119413375854 0.043570037931203842163 0.043361477553844451904 0.044033408164978027344 0.045171149075031280518 0.046284161508083343506 0.047312993556261062622 0.048644911497831344604 0.050511997193098068237 0.052099257707595825195 0.05339215695858001709
-9999 -9999 -9999 -9999 0.13798390328884124756 0.0079674869775772094727 0.028657160699367523193 0.031948007643222808838 0.024920130148530006409 0.023858508095145225525 0.027010863646864891052 0.028529947623610496521 0.031023133546113967896 0.032144997268915176392 0.033195562660694122314 0.033620759844779968262 0.033156350255012512207 0.031943209469318389893 0.032706853002309799194 0.035372912883758544922 0.037683017551898956299 0.039510756731033325195 0.041464734822511672974 0.043272361159324645996 0.044074703007936477661 0.044143382459878921509 0.04425117000937461853 0.04416273161768913269 0.043990258127450942993 0.044177848845720291138 0.044280994683504104614 0.043996237218379974365 0.04402084648609161377 0.044414445757865905762 0.045033905655145645142 0.045794539153575897217 0.047066912055015563965 0.049195643514394760132 0.051145739853382110596 0.052580587565898895264
-9999 -9999 -9999 -9999 0.10689059644937515259 0.027008432894945144653 0.028511906042695045471 0.027770955115556716919 0.024470819160342216492 0.021952275186777114868 0.024918973445892333984 0.029428796842694282532 0.026215637102723121643 0.030879005789756774902 0.032615862786769866943 0.033666916191577911377 0.03352486342191696167 0.032227456569671630859 0.032955322414636611938 0.03568059578537940979 0.038423940539360046387 0.040863644331693649292 0.043093927204608917236 0.045410271733999252319 0.046394448727369308472 0.046322226524353027344 0.04654841497540473938 0.046878598630428314209 0.046645481139421463013 0.046267122030258178711 0.046253308653831481934 0.046112932264804840088 0.045828305184841156006 0.045597180724143981934 0.045583192259073257446 0.04583296552300453186 0.046570278704166412354 0.048177462071180343628 0.050090100616216659546 0.051811538636684417725
-9999 -9999 -9999 0.10045891255140304565 0.0068722399882972240448 0.026094337925314903259 0.023123221471905708313 0.023131480440497398376 0.02067711949348449707 0.022585663944482803345 0.025461914017796516418 0.024741437286138534546 0.024568371474742889404 0.029524013400077819824 0.032064687460660934448 0.033433765172958374023 0.033504780381917953491 0.032401230186223983765 0.032936979085206985474 0.035597261041402816772 0.039827801287174224854 0.041881922632455825806 0.044931087642908096313 0.047250360250473022461 0.048557929694652557373 0.048847839236259460449 0.049300182610750198364 0.049897015094757080078 0.049796078354120254517 0.049196936190128326416 0.048955816775560379028 0.048849914222955703735 0.048611998558044433594 0.048159807920455932617 0.04761341586709022522 0.047264192253351211548 0.047194246202707290649 0.047739513218402862549 0.049248307943344116211 0.051218107342720031738
-9999 -9999 -9999 0.091761924326419830322 0.022299356758594512939 0.022166796028614044189 0.01962027326226234436 0.017316555604338645935 0.01872895658016204834 0.01945227012038230896 0.021841527894139289856 0.02231642603874206543 0.02227596379816532135 0.027659745886921882629 0.030902411788702011108 0.032386872917413711548 0.032820135354995727539 0.032192789018154144287 0.032061550766229629517 0.039183225482702255249 0.033452142030000686646 0.040377017110586166382 0.043646067380905151367 0.046269997954368591309 0.048234172165393829346 0.049222163856029510498 0.049959573894739151001 0.050664983689785003662 0.050646599382162094116 0.049918141216039657593 0.049390979111194610596 0.0491792336106300354 0.049174085259437561035 0.049146443605422973633 0.048926297575235366821 0.048750594258308410645 0.048429328948259353638 0.048105534166097640991 0.049040276557207107544 0.051098860800266265869
-9999 -9999 0.075038649141788482666 0.0040195174515247344971 0.02041579224169254303 0.02007412351667881012 0.014961370266973972321 0.013398597948253154755 0.014651362784206867218 0.012672284618020057678 0.016373461112380027771 0.018339049071073532104 0.018830223008990287781 0.025166204199194908142 0.028921389952301979065 0.030505716800689697266 0.031599517911672592163 0.031652245670557022095 0.033409837633371353149 0.029541060328483581543 0.02896902523934841156 0.035175543278455734253 0.038995362818241119385 0.042294807732105255127 0.045323971658945083618 0.047355841845273971558 0.048499327152967453003 0.04930175095796585083 0.049385115504264831543 0.048585258424282073975 0.047754757106304168701 0.047376930713653564453 0.047776449471712112427 0.048619430512189865112 0.049283511936664581299 0.049808505922555923462 0.049803245812654495239 0.049147211015224456787 0.049393154680728912354 0.051109544932842254639
