tests/data/reference/gistest_nucice/full/mvel_m_s.asc
ncols        123
nrows        77
xllcorner    -713746.799299980048
yllcorner    -1061022.369616159936
cellsize     10.000000000000
NODATA_value  -9999
[rows 54 to 71 of 77, columns 40 to 79 of 123]
0.051712982356548309326 0.051973775029182434082 0.051732163876295089722 0.051268190145492553711 0.051384359598159790039 0.052267208695411682129 0.053098704665899276733 0.054009228944778442383 0.079429186880588531494 0.083722800016403198242 0.052735369652509689331 0.052667077630758285522 0.053100954741239547729 0.054122712463140487671 0.064145855605602264404 0.048580609261989593506 0.046446051448583602905 0.0469264984130859375 0.047512099146842956543 0.047812934964895248413 0.049412239342927932739 0.052600044757127761841 0.053830783814191818237 0.052696436643600463867 0.050777312368154525757 0.048545684665441513062 0.047867730259895324707 0.048840187489986419678 0.050982709974050521851 0.054172549396753311157 0.057067375630140304565 0.059527371078729629517 0.058243609964847564697 0.052100233733654022217 0.042397219687700271606 0.046451907604932785034 0.057679764926433563232 0.23902262747287750244 0.09107545018196105957 0.088516324758529663086
0.050998691469430923462 0.051448084414005279541 0.051584236323833465576 0.051467880606651306152 0.051915749907493591309 0.05304422229528427124 0.064466513693332672119 0.073161870241165161133 0.054174561053514480591 0.053170751780271530151 0.053039439022541046143 0.053624972701072692871 0.054231341928243637085 0.055060636252164840698 0.053661018610000610352 0.049644090235233306885 0.047630079090595245361 0.047994427382946014404 0.048539455980062484741 0.048972375690937042236 0.05026149749755859375 0.044303238391876220703 0.066157415509223937988 0.074602141976356506348 0.068047963082790374756 0.080748565495014190674 0.084013313055038452148 0.081712491810321807861 0.079497754573822021484 0.077427983283996582031 0.074904546141624450684 0.071858160197734832764 0.065767012536525726318 0.05643895268440246582 0.051212780177593231201 0.056871727108955383301 0.061915352940559387207 0.024510944262146949768 0.057685680687427520752 0.068256050348281860352
0.050879396498203277588 0.051252078264951705933 0.051410425454378128052 0.051449541002511978149 0.052127465605735778809 0.053480122238397598267 0.054352082312107086182 0.054655421525239944458 0.054384674876928329468 0.05352273210883140564 0.053867142647504806519 0.055229768157005310059 0.05576517060399055481 0.055677969008684158325 0.054201260209083557129 0.051085222512483596802 0.049428269267082214355 0.049468111246824264526 0.049959741532802581787 0.050805408507585525513 0.051716383546590805054 0.063411764800548553467 0.054278980940580368042 0.055506851524114608765 0.066325083374977111816 0.052261311560869216919 0.051329545676708221436 0.063558921217918395996 0.059154272079467773438 0.055772978812456130981 0.057245939970016479492 0.058993343263864517212 0.05851062387228012085 0.055038336664438247681 0.055106546729803085327 0.059592887759208679199 0.024030717089772224426 0.018175840377807617188 0.057795532047748565674 0.068581268191337585449
0.050836928188800811768 0.050972051918506622314 0.050999976694583892822 0.051185756921768188477 0.051928624510765075684 0.0534628257155418396 0.05458183586597442627 0.055035158991813659668 0.054807003587484359741 0.054007168859243392944 0.054840222001075744629 0.05708277970552444458 0.057402446866035461426 0.055774871259927749634 0.054158076643943786621 0.05291436612606048584 0.051601126790046691895 0.051085010170936584473 0.05137416347861289978 0.052519224584102630615 0.053258858621120452881 0.053464174270629882812 0.05435130000114440918 0.055897686630487442017 0.055881559848785400391 0.053881648927927017212 0.053245566785335540771 0.054628308862447738647 0.067539863288402557373 0.077985249459743499756 0.086721062660217285156 0.083068616688251495361 0.078261971473693847656 0.07219906151294708252 0.067694321274757385254 0.064538329839706420898 0.031817641109228134155 0.02945736423134803772 0.057673368602991104126 0.067402899265289306641
0.049032188951969146729 0.049199018627405166626 0.050499349832534790039 0.050131343305110931396 0.050633590668439865112 0.052091538906097412109 0.052976500242948532104 0.053648065775632858276 0.053555697202682495117 0.05290613323450088501 0.054119691252708435059 0.057672023773193359375 0.057794958353042602539 0.052598893642425537109 0.053042970597743988037 0.053020466119050979614 0.052471581846475601196 0.051830060780048370361 0.051944740116596221924 0.053073998540639877319 0.053834106773138046265 0.053923029452562332153 0.054498814046382904053 0.055759239941835403442 0.056068427860736846924 0.054975226521492004395 0.05467370152473449707 0.055788498371839523315 0.057164657860994338989 0.058600936084985733032 0.060019742697477340698 0.074340708553791046143 0.068981312215328216553 0.063769042491912841797 0.062826931476593017578 0.064226411283016204834 0.027254514396190643311 0.022584566846489906311 0.057308483868837356567 0.06608295440673828125
0.041971843689680099487 0.049472033977508544922 0.048225380480289459229 0.047985497862100601196 0.049388606101274490356 0.048625297844409942627 0.049103595316410064697 0.049527112394571304321 0.051077503710985183716 0.050339780747890472412 0.052279431372880935669 0.055353324860334396362 0.04761357232928276062 0.052174486219882965088 0.050328325480222702026 0.051322039216756820679 0.052052326500415802002 0.051680080592632293701 0.051709692925214767456 0.052539724856615066528 0.05343608558177947998 0.05403508991003036499 0.054552674293518066406 0.05521556362509727478 0.055704735219478607178 0.055593870580196380615 0.055641781538724899292 0.056352291256189346313 0.057536508888006210327 0.059096742421388626099 0.060760561376810073853 0.062385477125644683838 0.077223002910614013672 0.079823993146419525146 0.082165867090225219727 0.091276019811630249023 0.030756702646613121033 0.088065221905708312988 0.083954215049743652344 0.082083851099014282227
0.047038987278938293457 0.040775042027235031128 0.041172694414854049683 0.048522759228944778442 0.041488341987133026123 0.04154205322265625 0.041344635188579559326 0.048343002796173095703 0.047228403389453887939 0.048904247581958770752 0.043516084551811218262 0.047139532864093780518 0.054322548210620880127 0.049978692084550857544 0.046113964170217514038 0.049649093300104141235 0.050973720848560333252 0.051129657775163650513 0.051093671470880508423 0.051280908286571502686 0.052220486104488372803 0.053812421858310699463 0.054525770246982574463 0.054687570780515670776 0.055337756872177124023 0.05618790164589881897 0.056724306195974349976 0.057184904813766479492 0.058138120919466018677 0.05955341830849647522 0.06119623035192489624 0.0629808083176612854 0.051821701228618621826 0.051881447434425354004 0.065344922244548797607 0.05483913421630859375 0.021090995520353317261 0.058964159339666366577 0.067662991583347320557 0.090034447610378265381
0.044458154588937759399 0.044999614357948303223 0.046195574104785919189 0.040845431387424468994 0.047389540821313858032 0.048611458390951156616 0.047921240329742431641 0.039322923868894577026 0.046369161456823348999 0.04150339961051940918 0.049880001693964004517 0.054628234356641769409 0.05415394902229309082 0.039864085614681243896 0.044883992522954940796 0.046310283243656158447 0.048367798328399658203 0.049149237573146820068 0.049130856990814208984 0.048597771674394607544 0.050813812762498855591 0.052730973809957504272 0.053923033177852630615 0.054198492318391799927 0.054870110005140304565 0.056301407516002655029 0.057447865605354309082 0.058135088533163070679 0.059118870645761489868 0.060435675084590911865 0.061796385794878005981 0.051493380218744277954 0.06102190166711807251 0.062647715210914611816 0.052048303186893463135 0.064294748008251190186 0.25731906294822692871 0.088245116174221038818 0.088877797126770019531 0.090030521154403686523
0.042300954461097717285 0.042016178369522094727 0.043214328587055206299 0.045890338718891143799 0.047485418617725372314 0.047834731638431549072 0.046711638569831848145 0.044010572135448455811 0.038341242820024490356 0.047426447272300720215 0.051403127610683441162 0.053351953625679016113 0.051966294646263122559 0.04632992669939994812 0.037153854966163635254 0.039202276617288589478 0.040814109146595001221 0.041839320212602615356 0.041768759489059448242 0.047965928912162780762 0.047201186418533325195 0.04944143444299697876 0.052148047834634780884 0.052304301410913467407 0.053125914186239242554 0.054950602352619171143 0.0565701313316822052 0.05783005058765411377 0.059286881238222122192 0.060849480330944061279 0.051115818321704864502 0.061177674680948257446 0.063610360026359558105 0.062823891639709472656 0.063544072210788726807 0.066519744694232940674 0.25661611557006835938 0.089533716440200805664 0.090046234428882598877 0.053779359906911849976
-9999 0.035834260284900665283 0.036720577627420425415 0.039143126457929611206 0.045899543911218643188 0.047016896307468414307 0.045800551772117614746 0.042834173887968063354 0.043796472251415252686 0.048819556832313537598 0.051393035799264907837 0.051140710711479187012 0.049315869808197021484 0.045593470335006713867 0.043486092239618301392 0.044295530766248703003 0.045670356601476669312 0.047183305025100708008 0.047359205782413482666 0.03909595683217048645 0.039326231926679611206 0.047738451510667800903 0.047867529094219207764 0.048259139060974121094 0.050488740205764770508 0.052147239446640014648 0.054312299937009811401 0.056469850242137908936 0.057005316019058227539 0.050547905266284942627 0.060762528330087661743 0.063956193625926971436 0.064379408955574035645 0.0632821694016456604 0.063469529151916503906 0.065505482256412506104 0.25221475958824157715 0.090677373111248016357 0.090658277273178100586 0.084120012819766998291
-9999 -9999 -9999 -9999 0.040824018418788909912 0.040220819413661956787 0.044569779187440872192 0.043336734175682067871 0.038429029285907745361 0.048076700419187545776 0.050532925873994827271 0.048138208687305450439 0.045931715518236160278 0.044685255736112594604 0.043998908251523971558 0.044128369539976119995 0.044630624353885650635 0.045426871627569198608 0.045334167778491973877 0.044076830148696899414 0.043894506990909576416 0.038917578756809234619 0.039691880345344543457 0.046423565596342086792 0.046398956328630447388 0.048008129000663757324 0.050545822829008102417 0.046710174530744552612 0.048794452100992202759 0.059435348957777023315 0.063268028199672698975 0.064426437020301818848 0.064528577029705047607 0.063805699348449707031 0.063723273575305938721 0.064638592302799224854 0.24828833341598510742 0.091213442385196685791 0.090210169553756713867 0.083207510411739349365
-9999 -9999 -9999 -9999 -9999 -9999 -9999 -9999 -9999 -9999 0.042345490306615829468 0.044226247817277908325 0.042525250464677810669 0.043428678065538406372 0.044303864240646362305 0.044747505336999893188 0.044850852340459823608 0.044575307518243789673 0.044007427990436553955 0.043196760118007659912 0.042730718851089477539 0.042747668921947479248 0.043186731636524200439 0.037876982241868972778 0.0388566628098487854 0.040108807384967803955 0.042482510209083557129 0.052711877971887588501 0.057924404740333557129 0.061461109668016433716 0.063413739204406738281 0.063940435647964477539 0.063831709325313568115 0.063272856175899505615 0.077427342534065246582 0.08025179058313369751 0.26044964790344238281 0.091044127941131591797 0.089353539049625396729 0.087505340576171875
-9999 -9999 -9999 -9999 -9999 -9999 -9999 -9999 -9999 -9999 -9999 0.037124279886484146118 0.035082805901765823364 0.041831862181425094604 0.044627219438552856445 0.045977182686328887939 0.046108823269605636597 0.044860325753688812256 0.043874457478523254395 0.043619688600301742554 0.042804624885320663452 0.040964812040328979492 0.040281105786561965942 0.041365493088960647583 0.043339770287275314331 0.045848719775676727295 0.049299895763397216797 0.053594056516885757446 0.057493790984153747559 0.06093005836009979248 0.062717400491237640381 0.062813468277454376221 0.062221512198448181152 0.061196535825729370117 0.05053121224045753479 0.052341036498546600342 0.23788687586784362793 0.091050833463668823242 0.0890084877610206604 0.08537216484546661377
-9999 -9999 -9999 -9999 -9999 -9999 -9999 -9999 -9999 -9999 -9999 -9999 -9999 -9999 -9999 -9999 -9999 -9999 -9999 0.038520917296409606934 0.037634178996086120605 0.035149186849594116211 0.034046258777379989624 0.035030867904424667358 0.041890028864145278931 0.046440154314041137695 0.050185393542051315308 0.053429834544658660889 0.056638240814208984375 0.059977672994136810303 0.061572317034006118774 0.061246592551469802856 0.060302663594484329224 0.058912284672260284424 0.059946037828922271729 0.063478089869022369385 0.025267366319894790649 0.055761966854333877563 0.065743207931518554688 0.071655914187431335449
-9999 -9999 -9999 -9999 -9999 -9999 -9999 -9999 -9999 -9999 -9999 -9999 -9999 -9999 -9999 -9999 -9999 -9999 -9999 -9999 -9999 -9999 0.039369553327560424805 0.039916191250085830688 0.037808358669281005859 0.041528549045324325562 0.050368338823318481445 0.053216446191072463989 0.055568620562553405762 0.058743096888065338135 0.060128677636384963989 0.059373456984758377075 0.058378763496875762939 0.057385839521884918213 0.058957803994417190552 0.06316290050745010376 0.024998888373374938965 0.055093955248594284058 0.064778469502925872803 0.070998802781105041504
-9999 -9999 -9999 -9999 -9999 -9999 -9999 -9999 -9999 -9999 -9999 -9999 -9999 -9999 -9999 -9999 -9999 -9999 -9999 -9999 -9999 -9999 -9999 -9999 0.045146755874156951904 0.048798438161611557007 0.04474857822060585022 0.044573117047548294067 0.052774265408515930176 0.057326659560203552246 0.05873487517237663269 0.057490710169076919556 0.056535314768552780151 0.056349370628595352173 0.058418262749910354614 0.023676749318838119507 0.054783806204795837402 0.062537372112274169922 0.066428333520889282227 0.070520967245101928711
-9999 -9999 -9999 -9999 -9999 -9999 -9999 -9999 -9999 -9999 -9999 -9999 -9999 -9999 -9999 -9999 -9999 -9999 -9999 -9999 -9999 -9999 -9999 -9999 -9999 0.051289431750774383545 0.05327977985143661499 0.051397461444139480591 0.045032653957605361938 0.054756607860326766968 0.05722886696457862854 0.055819626897573471069 0.055071722716093063354 0.055786956101655960083 0.058094341307878494263 0.023199385032057762146 0.054072681814432144165 0.062258679419755935669 -9999 -9999
-9999 -9999 -9999 -9999 -9999 -9999 -9999 -9999 -9999 -9999 -9999 -9999 -9999 -9999 -9999 -9999 -9999 -9999 -9999 -9999 -9999 -9999 -9999 -9999 -9999 -9999 -9999 0.053088448941707611084 0.053589656949043273926 0.046506367623805999756 0.054170813411474227905 0.054329227656126022339 0.054384719580411911011 0.055931117385625839233 0.058302439749240875244 0.23328408598899841309 -9999 -9999 -9999 -9999
