tests/data/reference/gistest_nucice/full/mwlevel_m.asc
ncols        123
nrows        77
xllcorner    -713746.799299980048
yllcorner    -1061022.369616159936
cellsize     10.000000000000
NODATA_value  -9999
[rows 36 to 53 of 77, columns 0 to 39 of 123]
-9999 -9999 -9999 -9999 -9999 -9999 -9999 -9999 -9999 -9999 -9999 -9999 0.0096721127629280090332 0.01093266904354095459 0.010904213413596153259 0.011006999760866165161 0.011041098274290561676 0.011053969152271747589 0.011081748642027378082 0.011113923043012619019 0.011146022006869316101 0.011175488121807575226 0.011154705658555030823 0.011128005571663379669 0.011087431572377681732 0.011047012172639369965 0.011002910323441028595 0.010931192897260189056 0.010932652279734611511 0.010937353596091270447 0.010892242193222045898 0.014440515078604221344 0.0089364079758524894714 0.010592186823487281799 0.011000568978488445282 0.011008052155375480652 0.010921025648713111877 0.010872667655348777771 0.0108427414670586586 0.010748689062893390656
-9999 -9999 -9999 -9999 -9999 -9999 -9999 -9999 -9999 -9999 -9999 0.0069350884296000003815 0.025678716599941253662 0.010934959165751934052 0.011986114084720611572 0.010715012438595294952 0.010934360325336456299 0.010974939912557601929 0.011025426909327507019 0.011070250533521175385 0.011099560186266899109 0.011131791397929191589 0.011116773821413516998 0.011100757867097854614 0.011077660135924816132 0.011048981919884681702 0.011043200269341468811 0.010972263291478157043 0.01099483296275138855 0.010983777232468128204 0.010906036943197250366 0.012902132235467433929 0.0090687200427055358887 0.010845283977687358856 0.010944736190140247345 0.010724837891757488251 0.010652349330484867096 0.0109101906418800354 0.010559684596955776215 0.010509752668440341949
-9999 -9999 -9999 -9999 -9999 -9999 -9999 -9999 -9999 -9999 0.0071936585009098052979 0.010729908011853694916 0.010918086394667625427 0.014951271004974842072 0.0096128750592470169067 0.010670823045074939728 0.01083191949874162674 0.010881002992391586304 0.010956108570098876953 0.0110214967280626297 0.011058583855628967285 0.011098723858594894409 0.011092823930084705353 0.011079329065978527069 0.011066924780607223511 0.011036315001547336578 0.010771156288683414459 0.011045385152101516724 0.011051116511225700378 0.011043505743145942688 0.010945057496428489685 0.010901205241680145264 0.010858484543859958649 0.01056433655321598053 0.0091181127354502677917 0.0092000262811779975891 0.011102447286248207092 0.0092465486377477645874 0.0092366347089409828186 0.0092086046934127807617
-9999 -9999 -9999 -9999 -9999 -9999 -9999 -9999 -9999 -9999 0.0076387701556086540222 0.012204542756080627441 0.016991218551993370056 0.010920612141489982605 0.0097642652690410614014 0.01092357933521270752 0.010870946571230888367 0.010864969342947006226 0.010900903493165969849 0.010981088504195213318 0.011023127473890781403 0.01107454206794500351 0.011089501902461051941 0.011089366860687732697 0.011073542758822441101 0.009310179390013217926 0.011030658148229122162 0.011061332188546657562 0.011052791960537433624 0.011067213490605354309 0.01096750795841217041 0.010934240184724330902 0.0093767279759049415588 0.0092023462057113647461 0.010737294331192970276 0.011188792064785957336 0.0093379151076078414917 0.010873941704630851746 0.011067048646509647369 0.011021949350833892822
-9999 -9999 -9999 -9999 -9999 -9999 -9999 -9999 -9999 0.0075881071388721466064 0.028456320986151695251 0.019425231963396072388 0.01108868233859539032 0.0098135825246572494507 0.010949987918138504028 0.011050938628613948822 0.0109664183109998703 0.010736651718616485596 0.010907277464866638184 0.010942619293928146362 0.01100050751119852066 0.011055476963520050049 0.01107516605406999588 0.010820453055202960968 0.0093460483476519584656 0.010832183994352817535 0.011083493940532207489 0.01082004886120557785 0.010872254148125648499 0.010929473675787448883 0.010838793590664863586 0.0094911577180027961731 0.01074770558625459671 0.010876113548874855042 0.011015806347131729126 0.011167436838150024414 0.011180740781128406525 0.011164193972945213318 0.009247865527868270874 0.0091155469417572021484
-9999 -9999 -9999 -9999 -9999 -9999 -9999 -9999 -9999 0.0070097441785037517548 0.018140431493520736694 0.011207961477339267731 0.010979804210364818573 0.0098486552014946937561 0.011061836034059524536 0.011101360432803630829 0.0097050424665212631226 0.011153763160109519958 0.01090467255562543869 0.010915678925812244415 0.010994160547852516174 0.011057998053729534149 0.0093806060031056404114 0.0093334084376692771912 0.010833751410245895386 0.011137264780700206757 0.0094069195911288261414 0.0094281649217009544373 0.0094992760568857192993 0.0096319485455751419067 0.0096238683909177780151 0.010723314248025417328 0.010890938341617584229 0.010931320488452911377 0.011022670194506645203 0.011113268323242664337 0.011143320240080356598 0.0091978004202246665955 0.010931083932518959045 0.010515016503632068634
-9999 -9999 -9999 -9999 -9999 -9999 -9999 -9999 0.010074707679450511932 0.025955572724342346191 0.013993345201015472412 0.011168622411787509918 0.0098779993131756782532 0.010972197167575359344 0.011076152324676513672 0.011110272258520126343 0.01289996318519115448 0.011080482043325901031 0.010966502130031585693 0.01091626286506652832 0.010993897914886474609 0.010825450532138347626 0.01103161834180355072 0.011035338975489139557 0.011109068058431148529 0.018344094976782798767 0.019258281216025352478 0.01767098158597946167 0.016340743750333786011 0.015193603932857513428 0.012948716059327125549 0.010891133919358253479 0.010915170423686504364 0.010961098596453666687 0.011031989008188247681 0.011099808849394321442 0.011138480156660079956 0.013846920803189277649 0.013876694254577159882 0.015205583535134792328
-9999 -9999 -9999 -9999 -9999 -9999 -9999 0.0072460756637156009674 0.010304640978574752808 0.01311794668436050415 0.010917272418737411499 0.011109017767012119293 0.009844022803008556366 0.011163109913468360901 0.011108762584626674652 0.011112998239696025848 0.011117086745798587799 0.011141167953610420227 0.011059585027396678925 0.010974995791912078857 0.0094464793801307678223 0.0094100367277860641479 0.010808693245053291321 0.01591933518648147583 0.016860809177160263062 0.011119295842945575714 0.01115494314581155777 0.011130377650260925293 0.011168151162564754486 0.011227132752537727356 0.011074479669332504272 0.010912366211414337158 0.010944087989628314972 0.010997486300766468048 0.011057886295020580292 0.01111444178968667984 0.011143787764012813568 0.011166445910930633545 0.011079153977334499359 0.010985129512846469879
-9999 -9999 -9999 -9999 -9999 -9999 -9999 0.0077836723066866397858 0.0099418209865689277649 0.014088005758821964264 0.0097254803404211997986 0.010863563977181911469 0.011111715808510780334 0.011168264783918857574 0.011148845776915550232 0.011138509027659893036 0.011126325465738773346 0.011158348061144351959 0.011112895794212818146 0.011017560958862304688 0.013015748001635074615 0.014729234389960765839 0.016092550009489059448 0.011134692467749118805 0.01106417924165725708 0.010779650881886482239 0.0093097835779190063477 0.010836761444807052612 0.011126094497740268707 0.011199029162526130676 0.011082515120506286621 0.010953283868730068207 0.010991098359227180481 0.011047809384763240814 0.011089039966464042664 0.011122334748506546021 0.021484896540641784668 0.0216178111732006073 0.021572254598140716553 0.021364158019423484802
-9999 -9999 -9999 -9999 -9999 -9999 -9999 0.0067743374966084957123 0.013810480944812297821 0.011159995570778846741 0.0098222959786653518677 0.010905388742685317993 0.011093289591372013092 0.011177498847246170044 0.011191176250576972961 0.011182937771081924438 0.011126430705189704895 0.011093602515757083893 0.011028395034372806549 0.010934174060821533203 0.010973379947245121002 0.011055210605263710022 0.01109736226499080658 0.01114669162780046463 0.0093545364215970039368 0.0092890728265047073364 0.010798362083733081818 0.011105746962130069733 0.011141157709062099457 0.011151984333992004395 0.011094847694039344788 0.011025489307940006256 0.011048954911530017853 0.021699806675314903259 0.021613795310258865356 0.021452909335494041443 0.011097360402345657349 0.01112161390483379364 0.011150364764034748077 0.01115828193724155426
-9999 -9999 -9999 -9999 -9999 -9999 0.0074441758915781974792 0.013471256010234355927 0.011196703650057315826 0.011220349930226802826 0.0098066302016377449036 0.010974491015076637268 0.011129971593618392944 0.011183665134012699127 0.011219090782105922699 0.011240380816161632538 0.011185301467776298523 0.011094673536717891693 0.010980293154716491699 0.010877704247832298279 0.010908669792115688324 0.010744808241724967957 0.010792929679155349731 0.010858888737857341766 0.011067636311054229736 0.011016363278031349182 0.011082154698669910431 0.011171619407832622528 0.011137899011373519897 0.011092958040535449982 0.011103542521595954895 0.022103374823927879333 0.022236792370676994324 0.011114940978586673737 0.01109911501407623291 0.011082180775701999664 0.011048945598304271698 0.011025567539036273956 0.011032810434699058533 0.011039481498301029205
-9999 -9999 -9999 -9999 -9999 -9999 0.020738132297992706299 0.011366073973476886749 0.010970220901072025299 0.010921552777290344238 0.0096912560984492301941 0.01101602800190448761 0.011016284115612506866 0.011062501929700374603 0.011113706044852733612 0.011179325170814990997 0.01122324727475643158 0.011199701577425003052 0.01107964199036359787 0.010960442014038562775 0.0094161145389080047607 0.0093544078990817070007 0.0093232570216059684753 0.0093258712440729141235 0.010800558142364025116 0.011003111489117145538 0.01108904276043176651 0.020098287612199783325 0.020853945985436439514 0.021106004714965820312 0.021550174802541732788 0.011171328835189342499 0.011127479374408721924 0.01108817756175994873 0.011062963865697383881 0.011041851714253425598 0.011010074988007545471 0.010985090397298336029 0.011002708226442337036 0.011015021242201328278
-9999 -9999 -9999 -9999 -9999 0.0081293322145938873291 0.011476665735244750977 0.0129758492112159729 0.0097522353753447532654 0.0097269937396049499512 0.010774531401693820953 0.010891580954194068909 0.01088980305939912796 0.010956157930195331573 0.011005321517586708069 0.011085097678005695343 0.01117519475519657135 0.011219327338039875031 0.011118495836853981018 0.011010211892426013947 0.012916659004986286163 0.014452698640525341034 0.015693269670009613037 0.016985993832349777222 0.017751112580299377441 0.018536046147346496582 0.019398583099246025085 0.011209254153072834015 0.011206706985831260681 0.011154411360621452332 0.011147610843181610107 0.011161836795508861542 0.011114690452814102173 0.011058463715016841888 0.011020611971616744995 0.010997932404279708862 0.010967577807605266571 0.010935592465102672577 0.01095907948911190033 0.010991662740707397461
-9999 -9999 -9999 -9999 0.01133104320615530014 0.0095085715875029563904 0.011103368364274501801 0.012236784212291240692 0.0098295453935861587524 0.0098833069205284118652 0.010833023115992546082 0.010925754904747009277 0.011009736917912960052 0.010779431089758872986 0.010991564951837062836 0.011058874428272247314 0.01113749481737613678 0.011194102466106414795 0.011090748943388462067 0.010988618247210979462 0.011006030254065990448 0.011053115129470825195 0.011080091819167137146 0.011106913909316062927 0.011181884445250034332 0.011231112293899059296 0.011225005611777305603 0.011239837855100631714 0.011265004053711891174 0.011245934292674064636 0.011221841908991336823 0.011233399622142314911 0.011225064285099506378 0.011191698722541332245 0.011148913763463497162 0.011108548380434513092 0.011054765433073043823 0.0109821343794465065 0.01096034608781337738 0.010980416089296340942
-9999 -9999 -9999 -9999 0.0076948786154389381409 0.011091451160609722137 0.010813860222697257996 0.010871267877519130707 0.010900232009589672089 0.0099800610914826393127 0.010989661328494548798 0.012788135558366775513 0.0097640594467520713806 0.010763725265860557556 0.010949715040624141693 0.011026636697351932526 0.011105666868388652802 0.011177107691764831543 0.011085949838161468506 0.010972150601446628571 0.010962730273604393005 0.011042669415473937988 0.011048205196857452393 0.011084182187914848328 0.011151251383125782013 0.011223616078495979309 0.011230926960706710815 0.011237234808504581451 0.011278287507593631744 0.011294252239167690277 0.011265897192060947418 0.011258664540946483612 0.011266488581895828247 0.011266672983765602112 0.011246283538639545441 0.011207547038793563843 0.011152612045407295227 0.011067649349570274353 0.010996324941515922546 0.010980056598782539368
-9999 -9999 -9999 0.0079519748687744140625 0.0096859037876129150391 0.011895176954567432404 0.0099205942824482917786 0.010801460593938827515 0.010044937953352928162 0.010911075398325920105 0.011990072205662727356 0.010984476655721664429 0.0098473485559225082397 0.010720430873334407806 0.010879604145884513855 0.010977310128509998322 0.011051992885768413544 0.011131640523672103882 0.011075282469391822815 0.010933357290923595428 0.011031214147806167603 0.010631389915943145752 0.010869489051401615143 0.010916512459516525269 0.010984142310917377472 0.011070878244936466217 0.011103447526693344116 0.011113500222563743591 0.011153765022754669189 0.011184392496943473816 0.011161488480865955353 0.01113841962069272995 0.011137406341731548309 0.011158897541463375092 0.011186956427991390228 0.011197087354958057404 0.011193976737558841705 0.011152583174407482147 0.011061125434935092926 0.011004088446497917175
-9999 -9999 -9999 0.0085272435098886489868 0.01210168842226266861 0.01073273736983537674 0.010098800063133239746 0.010216493159532546997 0.010830585844814777374 0.01085666753351688385 0.011480435729026794434 0.010905666276812553406 0.0099636120721697807312 0.010645152069628238678 0.010810777544975280762 0.010928627103567123413 0.010989528149366378784 0.011076919734477996826 0.01108885742723941803 0.013252804987132549286 0.0094008203595876693726 0.010494562797248363495 0.010669849812984466553 0.010729639790952205658 0.010798128321766853333 0.010899868793785572052 0.010968875139951705933 0.01099629327654838562 0.011039709672331809998 0.011082812212407588959 0.011071995832026004791 0.01104092039167881012 0.011020109988749027252 0.011038150638341903687 0.011090850457549095154 0.011135460808873176575 0.011179605498909950256 0.011198153719305992126 0.01112098153680562973 0.011027891188859939575
-9999 -9999 0.0098415585234761238098 0.0068048625253140926361 0.010838102549314498901 0.010684541426599025726 0.01033720746636390686 0.010417520999908447266 0.010353126563131809235 0.010454903356730937958 0.011300099082291126251 0.010954517871141433716 0.010139118880033493042 0.010622611269354820251 0.010779208503663539886 0.010873761959373950958 0.010877836495637893677 0.010943104512989521027 0.012473352253437042236 0.010947146452963352203 0.0096253324300050735474 0.010488689877092838287 0.010574298910796642303 0.010626234114170074463 0.010654425248503684998 0.01073109358549118042 0.010830392129719257355 0.010898377746343612671 0.01096682623028755188 0.011039567179977893829 0.011064964346587657928 0.011045477353036403656 0.010992991738021373749 0.010969785042107105255 0.010998378507792949677 0.011030478402972221375 0.011078040115535259247 0.011130279861390590668 0.011101973243057727814 0.011024267412722110748
