tests/data/reference/gistest_nucice/full/mwlevel_m.asc
ncols        123
nrows        77
xllcorner    -713746.799299980048
yllcorner    -1061022.369616159936
cellsize     10.000000000000
NODATA_value  -9999
[rows 17 to 33 of 77, columns 0 to 39 of 123]
-9999 -9999 -9999 -9999 -9999 -9999 -9999 -9999 -9999 -9999 -9999 -9999 -9999 -9999 -9999 -9999 -9999 -9999 0.0033591315150260925293 0.0033603373449295759201 0.0033625049982219934464 0.0033657450694590806961 0.0033680933993309736252 0.0033648044336587190628 0.0033391213510185480118 0 0.0049420692957937717438 0.01311060786247253418 0.0033625995274633169174 0.0061988243833184242249 0.0033503212034702301025 0.0033458282705396413803 0.0033400456886738538742 0.0033443539869040250778 0.0031875162385404109955 0.0033470303751528263092 0.0035184647422283887863 0.0033555598929524421692 0.0033501822035759687424 0.0033447328023612499237
-9999 -9999 -9999 -9999 -9999 -9999 -9999 -9999 -9999 -9999 -9999 -9999 -9999 -9999 -9999 -9999 -9999 0.0032155779190361499786 0.0033609902020543813705 0.0033645795192569494247 0.0033684133086353540421 0.0034954436123371124268 0.003226240864023566246 0.0032183446455746889114 0 0.0030646219383925199509 0.013091759756207466125 0.009624479338526725769 0.0032158696558326482773 0.0033569594379514455795 0.0033525307662785053253 0.0033499780111014842987 0.0033506948966532945633 0.0033514269161969423294 0.0033467132598161697388 0.0033527177292853593826 0.0033582458272576332092 0.0033518096897751092911 0.0033502688165754079819 0.0033492888323962688446
-9999 -9999 -9999 -9999 -9999 -9999 -9999 -9999 -9999 -9999 -9999 -9999 -9999 -9999 -9999 -9999 0.0032260545995086431503 0.0033585182391107082367 0.0033632474951446056366 0.0033695304300636053085 0.0035161464475095272064 0.0033572525717318058014 0.003221202874556183815 0.0032033480238169431686 0.0032288187649101018906 0.0072618615813553333282 0.0096273785457015037537 0.0063843112438917160034 0.0032128265593200922012 0.0033493894152343273163 0.0033503340091556310654 0.0031862535979598760605 0.0035246314946562051773 0.0033583557233214378357 0.0033578353468328714371 0.0033549163490533828735 0.0033505673054605722427 0.0033485780004411935806 0.0033506120089441537857 0.0033535030670464038849
-9999 -9999 -9999 -9999 -9999 -9999 -9999 -9999 -9999 -9999 -9999 -9999 -9999 -9999 -9999 0.0037233056500554084778 0.0038444763049483299255 0.0038473792374134063721 0.0038510344456881284714 0.0034977637697011232376 0.0033749490976333618164 0.0032421678770333528519 0.003352074185386300087 0.0032279689330607652664 0.0051017738878726959229 0.0033528914209455251694 0.0062331901863217353821 0.0033687888644635677338 0.0033516003750264644623 0.0033509831409901380539 0.0033530276268720626831 0.0031852663960307836533 0.0035292173270136117935 0.0033583224285393953323 0.0033575873821973800659 0.0033566690981388092041 0.0033561412710696458817 0.0033558988943696022034 0.0033560115844011306763 0.0033563675824552774429
-9999 -9999 -9999 -9999 -9999 -9999 -9999 -9999 -9999 -9999 -9999 -9999 -9999 -9999 -9999 0.0038924908731132745743 0.0039033025968819856644 0.0039157881401479244232 0.0040484368801116943359 0.0039832862094044685364 0.0037505864165723323822 0.0037341208662837743759 0 0.0034404264297336339951 0.017960835248231887817 0.0033759621437638998032 0.0033704377710819244385 0.0033583317417651414871 0.0033539300784468650818 0.0033533547539263963699 0.0031901232432574033737 0.0033521307632327079773 0.0035308655351400375366 0.0033577752765268087387 0.0033573454711586236954 0.0033595759887248277664 0.0033627911470830440521 0.0033629299141466617584 0.0033607345540076494217 0.0033587564248591661453
-9999 -9999 -9999 -9999 -9999 -9999 -9999 -9999 -9999 -9999 -9999 -9999 -9999 -9999 -9999 0.0039033875800669193268 0.0039086644537746906281 0.0039251116104423999786 0.0042066564783453941345 0.0037636153865605592728 0.0037589147686958312988 0 0.0034747989848256111145 0.0078387362882494926453 0.014693247154355049133 0.0033610095269978046417 0.0033539033029228448868 0.0033519593998789787292 0.0033534353133291006088 0.0033559617586433887482 0.0031904196366667747498 0.0033485780004411935806 0.0033556455746293067932 0.0035369456745684146881 0.0033581966999918222427 0.0033592309337109327316 0.0033590702805668115616 0.0031833476386964321136 0.0035298804286867380142 0.0033571426756680011749
-9999 -9999 -9999 -9999 -9999 -9999 -9999 -9999 -9999 -9999 -9999 -9999 -9999 -9999 0.0037916230503469705582 0.0039152014069259166718 0.0040128403343260288239 0.0039743026718497276306 0.003778230864554643631 0.0038431114517152309418 0 0.0034261052496731281281 0 0.0099944109097123146057 0.01018606964498758316 0.003813279327005147934 0.0038074830081313848495 0.0038089687004685401917 0.0033546732738614082336 0.0033584572374820709229 0.0031913686543703079224 0.0033483430743217468262 0.0033550614025443792343 0.0033574153203517198563 0.0035385736264288425446 0.0033576590940356254578 0.003353901207447052002 0.0031775922980159521103 0.0035268552601337432861 0.0033560153096914291382
-9999 -9999 -9999 -9999 -9999 -9999 -9999 -9999 -9999 -9999 -9999 -9999 -9999 -9999 0.0039276285097002983093 0.0040286378934979438782 0.0043558999896049499512 0.0038419817574322223663 0.0037822606973350048065 0.0037378761917352676392 0.0034081793855875730515 0.0051539726555347442627 0.0036811830941587686539 0.0036931061185896396637 0.0061758086085319519043 0.0066544516012072563171 0.0038618142716586589813 0.0038676979020237922668 0.0038085442502051591873 0.0036481409333646297455 0.0033523847814649343491 0.0033481600694358348846 0.0033567114733159542084 0.0033605298958718776703 0.0035401806235313415527 0.0033593806438148021698 0.0033560688607394695282 0.0031753275543451309204 0.003536058356985449791 0.0033580090384930372238
-9999 -9999 -9999 -9999 -9999 -9999 -9999 -9999 -9999 -9999 -9999 -9999 -9999 -9999 0.0040650451555848121643 0.0039196587167680263519 0.003765300847589969635 0.0037657953798770904541 0.0037690058816224336624 0 0.0033434533979743719101 0.0095333596691489219666 0.014225943014025688171 0.003876996925100684166 0.0038508088327944278717 0.0039226668886840343475 0.0040898676961660385132 0.0038729961961507797241 0.0038709018845111131668 0.003642716212198138237 0.003867708379402756691 0.0038042655214667320251 0.0038087910506874322891 0.0033647133968770503998 0.0033648370299488306046 0.0035355626605451107025 0.0031829387880861759186 0.0033513146918267011642 0.0033510336652398109436 0.0035505194682627916336
-9999 -9999 -9999 -9999 -9999 -9999 -9999 -9999 -9999 -9999 -9999 -9999 0.0037440017331391572952 0.0037783554289489984512 0.0043874527327716350555 0.0038849588017910718918 0.0037630663719028234482 0.0038291355594992637634 0 0.0034681658726185560226 0.0077365459874272346497 0.010139824822545051575 0.0060889781452715396881 0.0095137339085340499878 0.0038815238513052463531 0.0038851641584187746048 0.0041394829750061035156 0.0038988518062978982925 0.0038954084739089012146 0.0038825368974357843399 0.0036482587456703186035 0.0038882063236087560654 0.0038901476655155420303 0.0038982443511486053467 0.0038212880026549100876 0.0033552383538335561752 0.0033551095984876155853 0.003346459241583943367 0.0033577990252524614334 0.0033584970515221357346
-9999 -9999 -9999 -9999 -9999 -9999 -9999 -9999 -9999 -9999 -9999 -9999 -9999 0.0037487007211893796921 0.0038665744941681623459 0.00384061434306204319 0.0038122367113828659058 0 0.0037161803338676691055 0.007517282385379076004 0.003803908592090010643 0.0038861420471221208572 0.0070190434344112873077 0.0063778348267078399658 0.008661682717502117157 0.0057258279994130134583 0.0041034184396266937256 0.0039282925426959991455 0.0039103841409087181091 0.0038993761409074068069 0.0038926864508539438248 0.0038826353847980499268 0.0039013733621686697006 0.0039067980833351612091 0.0038923816755414009094 0.0038656764663755893707 0.0037908439990133047104 0.0037938402965664863586 0.0033564241603016853333 0.0033560928422957658768
-9999 -9999 -9999 -9999 -9999 -9999 -9999 -9999 -9999 -9999 -9999 -9999 -9999 -9999 -9999 0.0037901343312114477158 0 0.0040185619145631790161 0.0057125557214021682739 0.013909224420785903931 0.0090411221608519554138 0.0053925784304738044739 0.0038836768362671136856 0.0038789450190961360931 0.0038770944811403751373 0.0038751692045480012894 0.0038849089760333299637 0.0040859039872884750366 0.0040755043737590312958 0.003889390965923666954 0.0038942266255617141724 0.0039038255345076322556 0.0039100791327655315399 0.0039067366160452365875 0.0038870731368660926819 0.0038664559833705425262 0.0038752756081521511078 0.0038874009624123573303 0.0038895080797374248505 0.0038033681921660900116
-9999 -9999 -9999 -9999 -9999 -9999 -9999 -9999 -9999 -9999 -9999 -9999 -9999 -9999 -9999 -9999 0 0.0040100542828440666199 0.0094867153093218803406 0.0054918094538152217865 0.0039256000891327857971 0.0038885348476469516754 0.0038809282705187797546 0.0038743165787309408188 0.0038726653438061475754 0.0038712152745574712753 0.0038837906904518604279 0.0038968361914157867432 0.0038867387920618057251 0.0040616202168166637421 0.0040847347117960453033 0.0041020419448614120483 0.0039057279936969280243 0.0038988913875073194504 0.0038848300464451313019 0.0038735852576792240143 0.0041123698465526103973 0.0041462974622845649719 0.0039011444896459579468 0.0038892254233360290527
-9999 -9999 -9999 -9999 -9999 -9999 -9999 -9999 -9999 -9999 -9999 -9999 -9999 -9999 -9999 -9999 0.0038753661792725324631 0.0073686456307768821716 0.0038082904648035764694 0.0038765594363212585449 0.0038827918469905853271 0.0040492247790098190308 0.0038834686856716871262 0.0038719389121979475021 0.0038727328646928071976 0.0038731512613594532013 0.0038822854403406381607 0.0038924452383071184158 0.0038832298014312982559 0.0038726690690964460373 0.0038835899904370307922 0.0038937903009355068207 0.004083449486643075943 0.0040861973538994789124 0.0040758880786597728729 0.0040731383487582206726 0.0038781741168349981308 0.0038751245010644197464 0.0041097747161984443665 0.0041113314218819141388
-9999 -9999 -9999 -9999 -9999 -9999 -9999 -9999 -9999 -9999 -9999 -9999 -9999 -9999 -9999 0.0038719591684639453888 0.0067414529621601104736 0.003318240167573094368 0.0065497299656271934509 0.0039527579210698604584 0.0039908611215651035309 0.0038807424716651439667 0.004047124180942773819 0.0040549063123762607574 0.0038826880045235157013 0.004073944874107837677 0.0040723872371017932892 0.0040835021063685417175 0.0038873869925737380981 0.0038736152928322553635 0.003883502911776304245 0.0038950769230723381042 0.003900059964507818222 0.0039060143753886222839 0.0038881793152540922165 0.003868608502671122551 0.0040485896170139312744 0.0040627503767609596252 0.0040871324017643928528 0.0041116601787507534027
-9999 -9999 -9999 -9999 -9999 -9999 -9999 -9999 -9999 -9999 -9999 -9999 -9999 -9999 0.0041184793226420879364 0.005960462614893913269 0.013254994526505470276 0.0095412768423557281494 0.0033666028175503015518 0.0033619941677898168564 0.0038393689319491386414 0.0038320051971822977066 0.0038291604723781347275 0.0038733747787773609161 0.0040157609619200229645 0.0038331181276589632034 0.0038246363401412963867 0.003352466970682144165 0.0033535927068442106247 0.0038142681587487459183 0.0038839539047330617905 0.0040571060962975025177 0.0040517342276871204376 0.0040486925281584262848 0.0040341648273169994354 0.0040238867513835430145 0.0038362534251064062119 0.0038173301145434379578 0.0038007374387234449387 0.0037862116005271673203
-9999 -9999 -9999 -9999 -9999 -9999 -9999 -9999 -9999 -9999 -9999 -9999 -9999 -9999 0.0039371098391711711884 0.019424155354499816895 0.0033553761895745992661 0.0033590586390346288681 0.0033635559957474470139 0.0033641969785094261169 0.0033608905505388975143 0.0033551177475601434708 0.0038279483560472726822 0.0033489805646240711212 0.0033515424001961946487 0.0033570895902812480927 0.0033543827012181282043 0.0033495302777737379074 0.0035049295984208583832 0.0035188794136047363281 0.0035250894725322723389 0.0033679793123155832291 0.003368386533111333847 0.0033693911973387002945 0.0033720214851200580597 0.0033605052158236503601 0.0033651385456323623657 0.003361221635714173317 0.0033563994802534580231 0.0033518522977828979492
