tests/data/reference/gistest_nucice/full/mwlevel_m.asc
ncols        123
nrows        77
xllcorner    -713746.799299980048
yllcorner    -1061022.369616159936
cellsize     10.000000000000
NODATA_value  -9999
[rows 18 to 35 of 77, columns 40 to 79 of 123]
0.010963756591081619263 0.010955507867038249969 0.010944992303848266602 0.010936899110674858093 0.010932733304798603058 0.010941955260932445526 0.010953039862215518951 0.010943979956209659576 0.010567473247647285461 0.008821658790111541748 0.010800994932651519775 0.010844606906175613403 0.010910850018262863159 0.010988686233758926392 0.010961150750517845154 0.010972416959702968597 0.01051459088921546936 0.0086021078750491142273 0.0086390431970357894897 0.0086779994890093803406 0.0087154898792505264282 0.0087505998089909553528 0.011103707365691661835 0.010641111992299556732 0.010650075972080230713 0.010622060857713222504 0.01095302775502204895 0.010848236270248889923 0.010933443903923034668 0.013488661497831344604 0.011022384278476238251 0.011089735664427280426 0.0095672002062201499939 0.027745192870497703552 0.013835437595844268799 0.011185660026967525482 0.01104413159191608429 0.01070019695907831192 0.0092041688039898872375 -9999
0.0110559072345495224 0.011036306619644165039 0.010992451570928096771 0.010974944569170475006 0.010984897613525390625 0.010984357446432113647 0.010960096493363380432 0.010939463973045349121 0.010895212180912494659 0.0087278997525572776794 0.01046856958419084549 0.010912663303315639496 0.0109772486612200737 0.011029372923076152802 0.011043268255889415741 0.011036603711545467377 0.011063355952501296997 0.011018540710210800171 0.010534058324992656708 0.010535185225307941437 0.01054458320140838623 0.010566280223429203033 0.010600784793496131897 0.011101606301963329315 0.010976537130773067474 0.010904431343078613281 0.010863561183214187622 0.010949503630399703979 0.011107705533504486084 0.015577550046145915985 0.011071420274674892426 0.010989320464432239532 0.00942314881831407547 0.010726088657975196838 0.026689317077398300171 0.016938781365752220154 0.011204044334590435028 0.010872884653508663177 0.010445847176015377045 0.0089455218985676765442
0.011089280247688293457 0.011067963205277919769 0.011027831584215164185 0.011009561829268932343 0.011017329990863800049 0.011017125099897384644 0.011000552214682102203 0.010983311571180820465 0.010974161326885223389 0.0086537431925535202026 0.010471069253981113434 0.010917496867477893829 0.011024560779333114624 0.011035277508199214935 0.011029597371816635132 0.011038918979465961456 0.011070224456489086151 0.01109412219375371933 0.011083494871854782104 0.011006158776581287384 0.011022167280316352844 0.011043764650821685791 0.011041261255741119385 0.010994154959917068481 0.011001989245414733887 0.010955858044326305389 0.010992011986672878265 0.011104498058557510376 0.014081043191254138947 0.013598818331956863403 0.011026375927031040192 0.010960447601974010468 0.010708604007959365845 0.0093783708289265632629 0.0094517963007092475891 0.024988483637571334839 0.017078261822462081909 0.011087970808148384094 0.010953851044178009033 0.010582269169390201569
0.011106644757091999054 0.011085249483585357666 0.01105709560215473175 0.011040825396776199341 0.011042801663279533386 0.011047580279409885406 0.011046751402318477631 0.011031767353415489197 0.011011823080480098724 0.010492848232388496399 0.0085817435756325721741 0.010964042507112026215 0.011051914654672145844 0.011025625281035900116 0.011014913208782672882 0.011048284359276294708 0.011087737046182155609 0.011111865751445293427 0.011127505451440811157 0.011146766133606433868 0.011142199859023094177 0.011120550334453582764 0.011064021848142147064 0.011016075499355792999 0.011017858982086181641 0.011050894856452941895 0.011146499775350093842 0.011264902539551258087 0.016436690464615821838 0.011732592247426509857 0.010989210568368434906 0.010971807874739170074 0.010917432606220245361 0.010630233213305473328 0.0091981077566742897034 0.010577307082712650299 0.022316431626677513123 0.015216214582324028015 0.014064204879105091095 0.011094044893980026245
0.011114838533103466034 0.011116127483546733856 0.01111013069748878479 0.011100770905613899231 0.011094457469880580902 0.01108982134610414505 0.011085252277553081512 0.011073290370404720306 0.011059927754104137421 0.010982551611959934235 0.010510047897696495056 0.0085746748372912406921 0.011050902307033538818 0.010999887250363826752 0.011013118550181388855 0.011079224757850170135 0.011115951463580131531 0.011126465164124965668 0.011140239425003528595 0.011156621389091014862 0.0111421169713139534 0.01109826844185590744 0.011065620929002761841 0.011074218899011611938 0.01110600493848323822 0.011136617511510848999 0.011218762025237083435 0.011291418224573135376 0.018436644226312637329 0.011087443679571151733 0.01102436799556016922 0.010980252176523208618 0.010933125391602516174 0.010842931456863880157 0.010561829432845115662 0.010882001370191574097 0.0091602643951773643494 0.020851274952292442322 0.013303997926414012909 0.015937089920043945312
0.01112536899745464325 0.011151796206831932068 0.011169728823006153107 0.011168851517140865326 0.011153397150337696075 0.01113513018935918808 0.011121549643576145172 0.011113031767308712006 0.011111702769994735718 0.011110650375485420227 0.011023768223822116852 0.0085513712838292121887 0.010446705855429172516 0.010987721383571624756 0.011044121347367763519 0.011122872121632099152 0.011138141155242919922 0.011126386933028697968 0.011132789775729179382 0.011151241138577461243 0.011138796806335449219 0.011110094375908374786 0.011120895855128765106 0.011146041564643383026 0.011154220439493656158 0.0111759919673204422 0.011245073750615119934 0.011301773600280284882 0.020323552191257476807 0.011156330816447734833 0.011074238456785678864 0.010989558883011341095 0.010930066928267478943 0.010898949578404426575 0.010864338837563991547 0.010884827934205532074 0.0089790737256407737732 0.010630598291754722595 0.019544219598174095154 0.012128571979701519012
0.011127641424536705017 0.011139092966914176941 0.011155347339808940887 0.011158917099237442017 0.011146249249577522278 0.011127418838441371918 0.011109910905361175537 0.011098393239080905914 0.0110942106693983078 0.011090539395809173584 0.0085421120747923851013 0.01101583428680896759 0.010406372137367725372 0.010921471752226352692 0.011083202436566352844 0.011135752312839031219 0.011139292269945144653 0.01113476976752281189 0.011153726838529109955 0.01117595285177230835 0.011154113337397575378 0.011119957081973552704 0.011124822311103343964 0.011128855869174003601 0.011145712807774543762 0.011205251328647136688 0.011268873699009418488 0.011290132999420166016 0.021582337096333503723 0.011068535037338733673 0.011039949953556060791 0.011000659316778182983 0.010967811569571495056 0.010955843143165111542 0.010955014266073703766 0.010934551246464252472 0.010549088940024375916 0.010931211523711681366 0.009083897806704044342 0.018999578431248664856
0.011121898889541625977 0.011113943532109260559 0.011122359894216060638 0.011128229089081287384 0.011121868155896663666 0.011106470599770545959 0.011086646467447280884 0.011070570908486843109 0.011058946140110492706 0.011040578596293926239 0.010428911074995994568 0.0084448652341961860657 0.010998343117535114288 0.010950515046715736389 0.011086213402450084686 0.011133056133985519409 0.011155996471643447876 0.011176765896379947662 0.011200929060578346252 0.011195043101906776428 0.011141289956867694855 0.011094243265688419342 0.011093037202954292297 0.011114073917269706726 0.011174417100846767426 0.011246697977185249329 0.011259435676038265228 0.011212610639631748199 0.022063899785280227661 0.010964115150272846222 0.010990520939230918884 0.011007411405444145203 0.011006797663867473602 0.01100737694650888443 0.011011058464646339417 0.011002431623637676239 0.010928168892860412598 0.010932997800409793854 0.010513985529541969299 0.016342334449291229248
0.018881997093558311462 0.011124731972813606262 0.01113474089652299881 0.011133902706205844879 0.011116302572190761566 0.011087012477219104767 0.011055770330131053925 0.011040223762392997742 0.011038369499146938324 0.011029802262783050537 0.010925582610070705414 0.0084044197574257850647 0.010414969176054000854 0.01107831951230764389 0.01111516077071428299 0.011178551241755485535 0.011211557313799858093 0.011214761994779109955 0.011194348335266113281 0.011137994006276130676 0.011086134240031242371 0.011072846129536628723 0.011098966933786869049 0.011147988028824329376 0.011202799156308174133 0.011222903616726398468 0.011187952011823654175 0.011143293231725692749 0.022786123678088188171 0.011045734398066997528 0.011063446290791034698 0.01107731647789478302 0.011089419946074485779 0.011098009534180164337 0.011097893118858337402 0.011080623604357242584 0.011037530377507209778 0.010977723635733127594 0.010851427912712097168 0.014396240003407001495
0.019628647714853286743 0.011146641336381435394 0.011158351786434650421 0.011147307232022285461 0.011113375425338745117 0.011065474711358547211 0.011023110710084438324 0.011012731119990348816 0.011026109568774700165 0.011033824644982814789 0.011031267233192920685 0.010404252447187900543 0.010965491645038127899 0.0084291184321045875549 0.011186289601027965546 0.011244978755712509155 0.011254336684942245483 0.011206772178411483765 0.011136427521705627441 0.01106869429349899292 0.011057466268539428711 0.011084551922976970673 0.011125289835035800934 0.011168166063725948334 0.011178556829690933228 0.011153802275657653809 0.011129499413073062897 0.011143417097628116608 0.023841917514801025391 0.011158292181789875031 0.01115764956921339035 0.011162288486957550049 0.011184804141521453857 0.011199448257684707642 0.011193077079951763153 0.011161235161125659943 0.011106709949672222137 0.01104360632598400116 0.010980203747749328613 0.01282823365181684494
0.021141251549124717712 0.011124797165393829346 0.011093982495367527008 0.011067652143537998199 0.011048056185245513916 0.011031010188162326813 0.01102487463504076004 0.011035780422389507294 0.011050818488001823425 0.011057786643505096436 0.011070881970226764679 0.010981402359902858734 0.011106807738542556763 0.010486766695976257324 0.011179332621395587921 0.011182022280991077423 0.0086187599226832389832 0.011154744774103164673 0.011098808608949184418 0.011060085147619247437 0.011066081002354621887 0.011092348024249076843 0.011120620183646678925 0.011149876751005649567 0.011154879815876483917 0.011154803447425365448 0.011182762682437896729 0.011229488067328929901 0.024784781038761138916 0.01111978478729724884 0.011098826304078102112 0.011094635352492332458 0.011103142052888870239 0.011114779859781265259 0.011121932417154312134 0.011119546368718147278 0.011101331561803817749 0.011066939681768417358 0.011032098904252052307 0.011304603889584541321
0.011485443450510501862 0.023374916985630989075 0.0110044870525598526 0.010973474942147731781 0.010977421887218952179 0.011001828126609325409 0.011039027012884616852 0.011070090346038341522 0.011081875301897525787 0.011085989885032176971 0.011105300858616828918 0.01112738344818353653 0.011170886456966400146 0.011073465459048748016 0.011170823127031326294 0.011130838654935359955 0.0085996976122260093689 0.01052733883261680603 0.011098816990852355957 0.011065004393458366394 0.011057325638830661774 0.011077835224568843842 0.011104264296591281891 0.011138298548758029938 0.011169300414621829987 0.011219293810427188873 0.011283676140010356903 0.01130337640643119812 0.011220244690775871277 0.024847503751516342163 0.011008908040821552277 0.010994787327945232391 0.010985350236296653748 0.010995225049555301666 0.01102049555629491806 0.011053023859858512878 0.011079539544880390167 0.011078311130404472351 0.011068506166338920593 0.011070374399423599243
0.031390760093927383423 0.031416993588209152222 0.025603642687201499939 0.011669578962028026581 0.011599177494645118713 0.011242164298892021179 0.011227206327021121979 0.011204171925783157349 0.011168215423822402954 0.011157827451825141907 0.011186757124960422516 0.011227147653698921204 0.011248157359659671783 0.011220215819776058197 0.011186264455318450928 0.011132112704217433929 0.010528650134801864624 0.0085929054766893386841 0.010998558253049850464 0.01103961654007434845 0.011054162867367267609 0.011118597351014614105 0.011174305342137813568 0.011226131580770015717 0.011266668327152729034 0.011305420659482479095 0.01130059361457824707 0.011214047670364379883 0.011073638685047626495 0.010954858735203742981 0.022748338058590888977 0.010975986719131469727 0.010993514209985733032 0.011019029654562473297 0.011042705737054347992 0.01106052100658416748 0.011074176989495754242 0.011078966781497001648 0.011092877946794033051 0.011103734374046325684
0.023903058841824531555 0.024744916707277297974 0.041397750377655029297 0.049744307994842529297 0.047570332884788513184 0.011897305957973003387 0.015909999608993530273 0.011357247829437255859 0.011262551881372928619 0.011246762238442897797 0.011294582858681678772 0.011339174583554267883 0.011339606717228889465 0.011284901760518550873 0.011208438314497470856 0.011149201542139053345 0.011026327498257160187 0.010509751737117767334 0.0085467612370848655701 0.011023996397852897644 0.01111024804413318634 0.011219468899071216583 0.011293637566268444061 0.011351817287504673004 0.011369358748197555542 0.011333019472658634186 0.011210167780518531799 0.011046394705772399902 0.010920429602265357971 0.010851839557290077209 0.020469561219215393066 0.010983726009726524353 0.011032035574316978455 0.011071371845901012421 0.011087647639214992523 0.011081930249929428101 0.011072305962443351746 0.011082182638347148895 0.011117733083665370941 0.011131117120385169983
0.011311274021863937378 0.011433563195168972015 0.015191575512290000916 0.018783740699291229248 0.021854519844055175781 0.046159058809280395508 0.048102751374244689941 0.047649148851633071899 0.011787316761910915375 0.016293471679091453552 0.011529804207384586334 0.01150156557559967041 0.011442362330853939056 0.011357818730175495148 0.011290760710835456848 0.011249741539359092712 0.0086783031001687049866 0.011141736060380935669 0.011029859073460102081 0.010548282414674758911 0.011201653629541397095 0.011253372766077518463 0.011267047375440597534 0.011267553083598613739 0.011217725463211536407 0.011124370619654655457 0.011008839122951030731 0.010922486893832683563 0.010895931161940097809 0.010905485600233078003 0.020200656726956367493 0.011098401620984077454 0.011124770157039165497 0.011127768084406852722 0.011110517196357250214 0.011086285114288330078 0.011074604466557502747 0.011094444431364536285 0.011135602369904518127 0.011158765293657779694
0.011007186956703662872 0.011336643248796463013 0.011372224427759647369 0.01145173143595457077 0.011641263961791992188 0.015453188680112361908 0.018550314009189605713 0.021166497841477394104 0.046980906277894973755 0.055299498140811920166 0.06412184983491897583 0.01245885901153087616 0.011576435528695583344 0.011387502774596214294 0.011313418857753276825 0.011296730488538742065 0.011272623203694820404 0.01067204400897026062 0.011214168742299079895 0.011213930323719978333 0.011128780432045459747 0.011183912865817546844 0.011131302453577518463 0.011070791631937026978 0.010984754189848899841 0.010914896614849567413 0.010885021649301052094 0.010896475054323673248 0.01095560658723115921 0.011036163195967674255 0.011144542135298252106 0.022844105958938598633 0.011226013302803039551 0.011181836947798728943 0.011125984601676464081 0.011085595004260540009 0.011078579351305961609 0.011108743958175182343 0.011152596212923526764 0.01118738856166601181
0.011023617349565029144 0.011019925586879253387 0.011010089889168739319 0.011266507208347320557 0.01125136110931634903 0.011265301145613193512 0.011410105973482131958 0.011497941799461841583 0.011713973246514797211 0.016061155125498771667 0.01986342109739780426 0.064745813608169555664 0.069113291800022125244 0.062525078654289245605 0.011620231904089450836 0.011591801419854164124 0.011155043728649616241 0.011126777157187461853 0.011035773903131484985 0.011118425056338310242 0.011100042611360549927 0.011059127748012542725 0.011033937335014343262 0.010986673645675182343 0.010935442522168159485 0.010916272178292274475 0.010928850620985031128 0.010968191549181938171 0.011045489460229873657 0.011137139052152633667 0.011233979836106300354 0.028754444792866706848 0.011259762570261955261 0.011237944476306438446 0.011195395141839981079 0.011163146235048770905 0.011162612587213516235 0.011192052625119686127 0.011221193708479404449 0.011226306669414043427
0.010873989202082157135 0.010895509272813796997 0.010954650118947029114 0.01098816748708486557 0.01090630795806646347 0.011163255199790000916 0.011169761419296264648 0.011182027868926525116 0.011394225060939788818 0.011591461487114429474 0.011807075701653957367 0.01597054116427898407 0.018916804343461990356 0.016660176217555999756 0.053044080734252929688 0.011379480361938476562 0.011389360763132572174 0.011317734606564044952 0.011280720122158527374 0.011270827613770961761 0.011260576546192169189 0.011248026974499225616 0.011235488578677177429 0.011208677664399147034 0.011192104779183864594 0.011206197552382946014 0.011242964304983615875 0.011318054981529712677 0.011430842801928520203 0.011541645042598247528 0.011642286553978919983 0.011714216321706771851 0.0318719521164894104 0.011693854816257953644 0.011660001240670681 0.011625847779214382172 0.011274710297584533691 0.011301689781248569489 0.011309008114039897919 0.011275799013674259186
