tests/data/reference/gistest_nucice/full/mwlevel_m.asc
ncols        123
nrows        77
xllcorner    -713746.799299980048
yllcorner    -1061022.369616159936
cellsize     10.000000000000
NODATA_value  -9999
[rows 51 to 67 of 77, columns 80 to 119 of 123]
0.0033514164388179779053 0.0037561790086328983307 0.0038751373067498207092 0.0038935586344450712204 0.0039105261676013469696 0.0039292513392865657806 0.0039278091862797737122 0 0 0.003826077096164226532 0.0033718915656208992004 0.0033656137529760599136 0.0033595201093703508377 0.0033583987969905138016 0.0033501517027616500854 0.0031626112759113311768 0.0033584083430469036102 0.0035553472116589546204 0.0031556526664644479752 0.0033521857112646102905 0.0033535452093929052353 0.0033535792026668787003 0.0033514848910272121429 0.0033503994345664978027 0.0033514909446239471436 0.0033528890926390886307 0.0033538108691573143005 0.0033538490533828735352 0.0033533941023051738739 0.0035279674921184778214 0.0033600891474634408951 0.0033602495677769184113 0.0033619576133787631989 0.0033644763752818107605 0.0033580402377992868423 0.0033349574077874422073 0.0031923193018883466721 0.0032146745361387729645 -9999 -9999
0.0037240358069539070129 0.0033562588505446910858 0.003754994366317987442 0.0038886799011379480362 0.0039083282463252544403 0.0039169327355921268463 0.0039099096320569515228 0.0039017933886498212814 0 0.0040521379560232162476 0.0033684351947158575058 0.0033659245818853378296 0.0033627604134380817413 0.0033628309611231088638 0.0031653025653213262558 0.0033508292399346828461 0.0033572933170944452286 0.0033649047836661338806 0.0033478743862360715866 0.003353540319949388504 0.0033530488144606351852 0.0033532602246850728989 0.003352801082655787468 0.0033508485648781061172 0.0033485875464975833893 0.0033484520390629768372 0.0033506939653307199478 0.0033534681424498558044 0.0035284680780023336411 0.0033542304299771785736 0.0033572951797395944595 0.003358531976118683815 0.003358449786901473999 0.0033646831288933753967 0.0033664726652204990387 0.0033485784661024808884 0.003328387625515460968 0.0032021359074860811234 0.0032294285483658313751 -9999
0.0037485421635210514069 0.0033541426528245210648 0.0033578420989215373993 0.0037701274268329143524 0.0038942561950534582138 0.0039014185313135385513 0.0038988646119832992554 0.0041031343862414360046 0 0 0.003798261517658829689 0.0033631783444434404373 0.0033643273636698722839 0.0031751862261444330215 0.0033565624617040157318 0.0033598835580050945282 0.0033565547782927751541 0.0033560723531991243362 0.0033565382473170757294 0.0033553107641637325287 0.0033528725616633892059 0.0033526578918099403381 0.0033540443982928991318 0.0033519051503390073776 0.0033465160522609949112 0.0033445570152252912521 0.0033476559910923242569 0.003352131228893995285 0.0035298126749694347382 0.0033512201625853776932 0.0035221166908740997314 0.0035186042077839374542 0.0033580858726054430008 0.0033635487779974937439 0.003367391880601644516 0.0033590050879865884781 0.0035077501088380813599 0.0034548586700111627579 0.0032167590688914060593 -9999
0.0037962771020829677582 0.0033552264794707298279 0.0033585815690457820892 0.0033691825810819864273 0.0037718696985393762589 0.0038792714476585388184 0.0042444868013262748718 0.0041512772440910339355 0.0036252690479159355164 0 0.0037834192626178264618 0.0037876209244132041931 0.003348448779433965683 0.003173867473378777504 0.0033561098389327526093 0.0033553636167198419571 0.0033544914331287145615 0.0033549712970852851868 0.0033565678168088197708 0.0033571056555956602097 0.0033557403367012739182 0.0033540613949298858643 0.00335356895811855793 0.0033535389229655265808 0.0033532879315316677094 0.0033542015589773654938 0.0033557862043380737305 0.003535572439432144165 0.0033495726529508829117 0.0033501372672617435455 0.0031778675038367509842 0.0031928271055221557617 0.003358978545293211937 0.0033642866183072328568 0.0035376220475882291794 0.0035322941839694976807 0.0033558779396116733551 0.0033335455227643251419 0.0032092912588268518448 0.003261735895648598671
0.003351081162691116333 0.0033528360072523355484 0.0033593482803553342819 0.0033655543811619281769 0.0033614852000027894974 0.0037578355986624956131 0.0039004110731184482574 0.003930243663489818573 0.0041391402482986450195 0 0.0038594214711338281631 0.0037770122289657592773 0.0031643856782466173172 0.0033402577973902225494 0.0033473796211183071136 0.0033495731186121702194 0.0033517805859446525574 0.0033539896830916404724 0.0033564665354788303375 0.0033585205674171447754 0.0033585394266992807388 0.0033559394069015979767 0.0033532592933624982834 0.003354674438014626503 0.0033596488647162914276 0.0033634144347161054611 0.0035549330059438943863 0.0033509053755551576614 0.0033521912992000579834 0.0035242056474089622498 0.0033288775011897087097 0.003344953758642077446 0.003354876302182674408 0.0035223457962274551392 0.0033691579010337591171 0.0033616335131227970123 0.0033545652404427528381 0.0033399437088519334793 0.0032989981118589639664 0.0032434493768960237503
0.0033556600101292133331 0.0033582597970962524414 0.003358308691531419754 0.0033578334841877222061 0.0033574195113033056259 0.0033570679370313882828 0.0037779973354190587997 0.0042702965438365936279 0.0041886218823492527008 0 0 0.0035693692043423652649 0.0037544993683695793152 0.0033450052142143249512 0.0033477288670837879181 0.0033508690539747476578 0.0033536101691424846649 0.0033549927175045013428 0.0033558276481926441193 0.0033576351124793291092 0.0033595995046198368073 0.0033599191810935735703 0.0033589845988899469376 0.0033598176669329404831 0.0033626088406890630722 0.0033640887122601270676 0.0035546449944376945496 0.0033540762960910797119 0.003360094735398888588 0.0033503794111311435699 0.003332377411425113678 0.0033376044593751430511 0.0033512038644403219223 0.0033592791296541690826 0.0033669434487819671631 0.0033587866928428411484 0.0033510948996990919113 0.0033445183653384447098 0.0033185854554176330566 0.0032298914156854152679
0.0033593289554119110107 0.0033609012607485055923 0.003354810178279876709 0.003349506063386797905 0.003353845793753862381 0.0033579256851226091385 0.0037674226332455873489 0.0039044651202857494354 0.004361511673778295517 0.0038922929670661687851 0 0.0038273427635431289673 0.0038397023454308509827 0.0033440757542848587036 0.0033486331813037395477 0.0033525147009640932083 0.0033556693233549594879 0.0033564050681889057159 0.003355503082275390625 0.0033564649056643247604 0.0033601601608097553253 0.0033636328298598527908 0.0033649103716015815735 0.0033652314450591802597 0.0033650230616331100464 0.0035559437237679958344 0.0033633457496762275696 0.0033583904150873422623 0.0033538721036165952682 0.0031568645499646663666 0.0033351606689393520355 0.0033343245740979909897 0.0033398340456187725067 0.003355649532750248909 0.0033608351368457078934 0.0033537035342305898666 0.0033466122113168239594 0.0033510976936668157578 0.0034702322445809841156 0.0033110626973211765289
0.0033607692457735538483 0.0033604435157030820847 0.0035753461997956037521 0.0033541028387844562531 0.0033512341324239969254 0.0036064642481505870819 0.0036106670740991830826 0.0037685290444642305374 0.0039243171922862529755 0.0052145784720778465271 0 0 0.0038774060085415840149 0.0037568022962659597397 0.0033539843279868364334 0.003355974564328789711 0.003357287263497710228 0.0033582220785319805145 0.0033583943732082843781 0.0033581876195967197418 0.003359107067808508873 0.0033604998607188463211 0.0033606651704758405685 0.0033605962526053190231 0.003552333218976855278 0.0033559715375304222107 0.0033634202554821968079 0.0035708965733647346497 0.0035481248050928115845 0.0033524183090776205063 0.003343065967783331871 0.0033376943320035934448 0.0035148127935826778412 0.0033521233126521110535 0.0033534339163452386856 0.0033478133846074342728 0.0033410987816751003265 0.0033467498142272233963 0.0033558539580553770065 0.0034454765263944864273
0.0035958660300821065903 0.0035829821135848760605 0.0033525142353028059006 0.0035629931371659040451 0.0035863688681274652481 0.0033510122448205947876 0.0033515268005430698395 0.0035972464829683303833 0.0040312758646905422211 0.0039653042331337928772 0.0046345805749297142029 0 0 0.0038820591289550065994 0.0037689963355660438538 0.0033595985732972621918 0.0033590609673410654068 0.0033597683068364858627 0.0033611576072871685028 0.0033604595810174942017 0.0033586984500288963318 0.0033573505934327840805 0.0033559200819581747055 0.0035501730162650346756 0.0033516157418489456177 0.0033516483381390571594 0.0035620920825749635696 0.0033586854115128517151 0.0033571934327483177185 0.0033558222930878400803 0.0033508895430713891983 0.0035434844903647899628 0.0033536429982632398605 0.0033511891961097717285 0.0033489833585917949677 0.0033428019378334283829 0.003334197215735912323 0.0033413213677704334259 0.0033529032953083515167 0.0033458848483860492706
0.0033642705529928207397 0.0033537789713591337204 0.0033419940154999494553 0.0033353981561958789825 0.0033330207224935293198 0.0033344067633152008057 0.0033328961580991744995 0.0033305855467915534973 0.0033449903130531311035 0.0037744985893368721008 0.0039500277489423751831 0.0042838971130549907684 0 0 0.0039002320263534784317 0.0033662300556898117065 0.0033621944021433591843 0.0033599545713514089584 0.003359403461217880249 0.0033583580516278743744 0.0033570427913218736649 0.003357889130711555481 0.0033603743650019168854 0.0035599363036453723907 0.0033588663209229707718 0.0035636955872178077698 0.0033475707750767469406 0.0033554630354046821594 0.0033608789090067148209 0.0033570281229913234711 0.0033613566774874925613 0.0031605279073119163513 0.0033571468666195869446 0.0033528085332363843918 0.0033484767191112041473 0.0033397022634744644165 0.0033248856198042631149 0.0032177038956433534622 0.0033465118613094091415 0.0032479695510119199753
0.0033500655554234981537 0.0031447054352611303329 0.0031418553553521633148 0.0031364539172500371933 0.0031301921699196100235 0.0031240829266607761383 0.0031157420016825199127 0.0031047288794070482254 0.0033451861236244440079 0.0036022635176777839661 0.0037953364662826061249 0.0039713797159492969513 0.0042050727643072605133 0 0.0039416868239641189575 0.0038096017669886350632 0.0033663380891084671021 0.0033607305958867073059 0.0033579450100660324097 0.0033563964534550905228 0.0033549852669239044189 0.0033576053101569414139 0.0035639929119497537613 0.0033610961399972438812 0.0035786721855401992798 0.0033574074041098356247 0.0033383588306605815887 0.0031628767028450965881 0.0031664334237575531006 0.0035575095098465681076 0.0033486855681985616684 0.0033555992413312196732 0.0031576200854033231735 0.0033473318908363580704 0.0031577341724187135696 0.0031647637952119112015 0.0031797664705663919449 -9999 0.003230709349736571312 0.0033477118704468011856
0.0031472160480916500092 0.0033484257292002439499 0.003356065601110458374 0.0033551931846886873245 0.0033521533478051424026 0.0033496574033051729202 0.0033482539001852273941 0.0033466466702520847321 0.0031054944265633821487 0.0031024089548736810684 0.0033571317326277494431 0.0038035465404391288757 0.0039610769599676132202 0 0 0.0039054364897310733795 0.003366322023794054985 0.0033626146614551544189 0.0033613247796893119812 0.0033620772883296012878 0.0033619266469031572342 0.0035605260636657476425 0.0033620330505073070526 0.0035697729326784610748 0.0033555538393557071686 0.0033536744304001331329 0.0033498476259410381317 0.0033482520375400781631 0.0033700624480843544006 0.0031623877584934234619 0.003357213921844959259 0.0033487712498754262924 0.0033567561767995357513 0.0031523348297923803329 -9999 -9999 -9999 -9999 -9999 0.0032280774321407079697
0.0033660482149571180344 0.0033588698133826255798 0.0033584823831915855408 0.0033584402408450841904 0.0033547447528690099716 0.0033508834894746541977 0.0033487016335129737854 0.0033471300266683101654 0.0033490622881799936295 0.0033507316838949918747 0.0036001321859657764435 0.0036177928559482097626 0.0038212668150663375854 0.0039638546295464038849 0 0 0.0038029470015317201614 0.0035637957043945789337 0.0031645132694393396378 0.0033675853628665208817 0.0035682355519384145737 0.0033591478131711483002 0.0035829478874802589417 0.0033624067436903715134 0.0033461404964327812195 0.0033437155652791261673 0.0031635311897844076157 0.0033576469868421554565 0.0033543382305651903152 0.0033617361914366483688 0.0033578153233975172043 0.0033539205323904752731 -9999 -9999 -9999 -9999 -9999 -9999 -9999 -9999
0.0033647431991994380951 0.0033614651765674352646 0.0033612661063671112061 0.0033613140694797039032 0.0033582886680960655212 0.0033549417275935411453 0.0033505191095173358917 0.0033465116284787654877 0.0033488604240119457245 0.0033509565982967615128 0.003113877028226852417 0.0031162374652922153473 0.0033630270045250654221 0.0038204519078135490417 0.0041551892645657062531 0 0.0039000990800559520721 0.0039967014454305171967 0.0033582723699510097504 0.0033684056252241134644 0.0033592474646866321564 0.0033639380708336830139 0.0033702657092362642288 0.0033568572252988815308 0.0033357520587742328644 0.003160830354318022728 0.0033595222048461437225 0.0033604616764932870865 0.0033628202509135007858 0.0033653473947197198868 -9999 -9999 -9999 -9999 -9999 -9999 -9999 -9999 -9999 -9999
0.0033636903390288352966 0.0033631280530244112015 0.0033634959254413843155 0.0033638223540037870407 0.0033614910207688808441 0.0033590279053896665573 0.0033541426528245210648 0.0033488196786493062973 0.0033485463354736566544 0.0033493712544441223145 0.003350899089127779007 0.0033524215687066316605 0.0033629778772592544556 0.0037827796768397092819 0.0039210449904203414917 0 0 0.0040984344668686389923 0.003355547785758972168 0.0033536346163600683212 0.0033607953228056430817 0.0035670225042849779129 0.0033636465668678283691 0.0033532218076288700104 0.0033424184657633304596 0.0033511128276586532593 0.0033593352418392896652 0.0033626211807131767273 0.0033631906844675540924 -9999 -9999 -9999 -9999 -9999 -9999 -9999 -9999 -9999 -9999 -9999
0.0033619042951613664627 0.0033624053467065095901 0.0033642372582107782364 0.0033658833708614110947 0.0033641923218965530396 0.0033624561037868261337 0.0033589794766157865524 0.003354819025844335556 0.0033491353970021009445 0.0033449498005211353302 0.0033477633260190486908 0.0033501994330435991287 0.0033560453448444604874 0.0033633287530392408371 0.003780447179451584816 0.0039235879667103290558 0 0 0.0039935619570314884186 0.0033515095710754394531 0.0033649392426013946533 0.003152100834995508194 0.003145357128232717514 0.0033438438549637794495 0.0031474810093641281128 0.0033475020900368690491 0.0033558653667569160461 -9999 -9999 -9999 -9999 -9999 -9999 -9999 -9999 -9999 -9999 -9999 -9999 -9999
0.0033520371653139591217 0.0033593585249036550522 0.003363539697602391243 0.0033674854785203933716 0.0033667981624603271484 0.0033661606721580028534 0.0033635641448199748993 0.0033603454940021038055 0.0033512618392705917358 0.0033427518792450428009 0.0033447265159338712692 0.0033475209493190050125 0.003351920517161488533 0.0033559238072484731674 0.0033662642817944288254 0.0037899415474385023117 0.003937635570764541626 0 0 0.0037890435196459293365 0.0033440173137933015823 0.0033449286129325628281 0.0033534772228449583054 0.0031394888646900653839 0.0033415234647691249847 -9999 -9999 -9999 -9999 -9999 -9999 -9999 -9999 -9999 -9999 -9999 -9999 -9999 -9999 -9999
