tests/data/reference/gistest_nucice/full/mwlevel_m.asc
ncols        123
nrows        77
xllcorner    -713746.799299980048
yllcorner    -1061022.369616159936
cellsize     10.000000000000
NODATA_value  -9999
[rows 34 to 50 of 77, columns 0 to 39 of 123]
-9999 -9999 -9999 -9999 -9999 -9999 -9999 -9999 -9999 -9999 -9999 -9999 -9999 0.0062545868568122386932 0.029124982655048370361 0.0033585077617317438126 0.0033551668748259544373 0.0033543785102665424347 0.0033582171890884637833 0.0033611690159887075424 0.0033616202417761087418 0.0033586125355213880539 0.0033535875845700502396 0.0033493107184767723083 0.0033481072168797254562 0.003350998973473906517 0.0033502338919788599014 0.0033468632027506828308 0.0033517214469611644745 0.0033560984302312135696 0.0033598272129893302917 0.0033647557720541954041 0.0033654992002993822098 0.0035345559008419513702 0.0031994336750358343124 0.0033515752293169498444 0.0033557659480720758438 0.0033556409180164337158 0.0033546455670148134232 0.0033540937583893537521
-9999 -9999 -9999 -9999 -9999 -9999 -9999 -9999 -9999 -9999 -9999 -9999 0.0041755256243050098419 0.0077081788331270217896 0.0033515486866235733032 0.0033572707325220108032 0.0033568611834198236465 0.0033549841027706861496 0.0033573976252228021622 0.0033598360605537891388 0.0033615273423492908478 0.003361485898494720459 0.0033578244037926197052 0.0033542204182595014572 0.0033511072397232055664 0.0033501787111163139343 0.0033479083795100450516 0.0033439183607697486877 0.0033474373631179332733 0.0033502334263175725937 0.0033507877960801124573 0.0033531619701534509659 0.0035164798609912395477 0.0033567450009286403656 0.0031967710237950086594 0.0033539361320436000824 0.0033504527527838945389 0.003348530968651175499 0.00334548228420317173 0.0033440974075347185135
-9999 -9999 -9999 -9999 -9999 -9999 -9999 -9999 -9999 -9999 -9999 -9999 0.0063227615319192409515 0.0033506515901535749435 0.0033438627142459154129 0.0033509477507323026657 0.0033555503468960523605 0.0033547750208526849747 0.0033565040212124586105 0.0033583750482648611069 0.0033602903131395578384 0.0033621548209339380264 0.003360332222655415535 0.0033585645724087953568 0.0033557650167495012283 0.0033530227374285459518 0.0033500390127301216125 0.0033446776214987039566 0.0033453903160989284515 0.0033456564415246248245 0.003342348150908946991 0.0034942151978611946106 0.003194230375811457634 0.0033417602535337209702 0.0033522208686918020248 0.0033513137605041265488 0.0033465719316154718399 0.0033438438549637794495 0.0033394093625247478485 0.0033354554325342178345
-9999 -9999 -9999 -9999 -9999 -9999 -9999 -9999 -9999 -9999 -9999 0.0045570139773190021515 0.012041420675814151764 0.0033464063890278339386 0.0033421835396438837051 0.0033406799193471670151 0.0033481153659522533417 0.003350047161802649498 0.0033533254172652959824 0.0033558846917003393173 0.003357378300279378891 0.0033593827392905950546 0.0033578940201550722122 0.003356810426339507103 0.0033552658278495073318 0.003353284904733300209 0.0033531708177179098129 0.0033499314449727535248 0.003349445294588804245 0.0033485763706266880035 0.0033428319729864597321 0.0034761258866637945175 0.003205920802429318428 0.0033401581458747386932 0.0033504897728562355042 0.0033508616033941507339 0.0033434904180467128754 0.0033425011206418275833 0.0033353632315993309021 0.0033316649496555328369
-9999 -9999 -9999 -9999 -9999 -9999 -9999 -9999 -9999 -9999 0.0047203376889228820801 0.0069631314836442470551 0.0033453598152846097946 0.003444319823756814003 0.0032512522302567958832 0.0033352698665112257004 0.0033386682625859975815 0.0033427455928176641464 0.003348363097757101059 0.0033527708146721124649 0.0033547792118042707443 0.0033573070541024208069 0.0033563801553100347519 0.0033552707172930240631 0.003354372689500451088 0.0033521410077810287476 0.0033502173610031604767 0.0033532518427819013596 0.0033534972462803125381 0.0033528851345181465149 0.0033455227967351675034 0.0033432710915803909302 0.0033403688576072454453 0.0033332314342260360718 0.0032102144323289394379 0.0032172531355172395706 0.0033556791022419929504 0.0032212059013545513153 0.0032203663140535354614 0.0032179844565689563751
-9999 -9999 -9999 -9999 -9999 -9999 -9999 -9999 -9999 -9999 0.0049991994164884090424 0.0034589646384119987488 0.0034328741021454334259 0.0033527114428579807281 0.0032631400972604751587 0.0033449570182710886002 0.0033406433649361133575 0.0033407825976610183716 0.0033450119663029909134 0.0033498730044811964035 0.0033525370527058839798 0.0033557421993464231491 0.0033563221804797649384 0.0033561470918357372284 0.0033568490762263536453 0.0032265607733279466629 0.0033535740803927183151 0.0033540483564138412476 0.0033553335815668106079 0.003355828113853931427 0.0033480441197752952576 0.0033464920707046985626 0.0032320988830178976059 0.0032174510415643453598 0.0033499225974082946777 0.0033663979265838861465 0.0032288765069097280502 0.0033572909887880086899 0.0033557869028300046921 0.0033511724323034286499
-9999 -9999 -9999 -9999 -9999 -9999 -9999 -9999 -9999 0.0049676066264510154724 0.013525120913982391357 0.0034577527549117803574 0.0033564465120434761047 0.0032669494394212961197 0.0033543233294039964676 0.0033534769900143146515 0.0033471882343292236328 0.003340922994539141655 0.0033427367452532052994 0.0033469970803707838058 0.0033511326182633638382 0.0033544001635164022446 0.0033552506938576698303 0.00335250096395611763 0.0032295535784214735031 0.0033540453296154737473 0.0033549750223755836487 0.0033519698772579431534 0.0033554108813405036926 0.0033582684118300676346 0.0033494718372821807861 0.0032414752058684825897 0.0033450871706008911133 0.0033430343028157949448 0.0033527479972690343857 0.0033625240903347730637 0.0033618318848311901093 0.003360566217452287674 0.0032213174272328615189 0.0032099923118948936462
-9999 -9999 -9999 -9999 -9999 -9999 -9999 -9999 -9999 0.0046042692847549915314 0.0034748658072203397751 0.0033637338783591985703 0.0033560374286025762558 0.003269640263170003891 0.0033546178601682186127 0.0033569780644029378891 0.0032585249282419681549 0.0033500464633107185364 0.0033428389579057693481 0.0033445046283304691315 0.0033506713807582855225 0.0033546034246683120728 0.0032324194908142089844 0.0032285011839121580124 0.003354413667693734169 0.0033613464329391717911 0.0032345904037356376648 0.0032363361679017543793 0.003242133650928735733 0.0032527663279324769974 0.0032521255780011415482 0.0033411274198442697525 0.0033444145228713750839 0.0033462033607065677643 0.0033527500927448272705 0.0033584975171834230423 0.0033597075380384922028 0.003217063145712018013 0.0033434922806918621063 0.0033318526111543178558
-9999 -9999 -9999 -9999 -9999 -9999 -9999 -9999 0.0065672481432557106018 0.012154826894402503967 0.0034589322749525308609 0.00336137344129383564 0.0032718796283006668091 0.0033559475559741258621 0.0033545822370797395706 0.0033573715481907129288 0.0034519878681749105453 0.0033552001696079969406 0.0033468920737504959106 0.0033438184764236211777 0.0033501323778182268143 0.0033516341354697942734 0.0033537240233272314072 0.0033525065518915653229 0.0033580013550817966461 0.0034990359563380479813 0.0034926377702504396439 0.003360878676176071167 0.0033622826449573040009 0.0033670784905552864075 0.0033543247263878583908 0.0033416824880987405777 0.0033451449126005172729 0.0033482857979834079742 0.0033531372901052236557 0.003357419278472661972 0.003359524998813867569 0.0035050022415816783905 0.0034935141447931528091 0.0034946228843182325363
-9999 -9999 -9999 -9999 -9999 -9999 -9999 0.0047533279284834861755 0.0066924858838319778442 0.0034420520532876253128 0.0033537109848111867905 0.0033587918151170015335 0.0032692856620997190475 0.0033609748352319002151 0.0033568136859685182571 0.0033572704996913671494 0.0033576376736164093018 0.0033594192937016487122 0.003353395732119679451 0.0033476175740361213684 0.0032378360629081726074 0.0032348469831049442291 0.0033510711509734392166 0.0034813596867024898529 0.0034857662394642829895 0.0033584961201995611191 0.0033632605336606502533 0.0033581831958144903183 0.0033613583073019981384 0.0033651972189545631409 0.0033537358976900577545 0.0033432377967983484268 0.0033471060451120138168 0.0033507212065160274506 0.0033546735066920518875 0.0033582218457013368607 0.0033597585279494524002 0.0033611201215535402298 0.0033543927129358053207 0.0033483381848782300949
-9999 -9999 -9999 -9999 -9999 -9999 -9999 0.0050893495790660381317 0.0032693163957446813583 0.0034385805483907461166 0.0032601226121187210083 0.0033485314343124628067 0.0033586360514163970947 0.0033615045249462127686 0.0033595575951039791107 0.0033587443176656961441 0.0033579582814127206802 0.0033606488723307847977 0.0033576893620193004608 0.0033513747621327638626 0.0034706252627074718475 0.0034849457442760467529 0.0034879068844020366669 0.0033590625971555709839 0.0033534429967403411865 0.0033499738201498985291 0.0032265277113765478134 0.0033551151864230632782 0.0033605075441300868988 0.0033634630963206291199 0.0033544811885803937912 0.0033461174461990594864 0.003350202459841966629 0.0033539768774062395096 0.0033564253244549036026 0.0033584546763449907303 0.0035081305541098117828 0.0035129715688526630402 0.0035146663431078195572 0.003515482880175113678
-9999 -9999 -9999 -9999 -9999 -9999 -9999 0 0.0034421808086335659027 0.0033599948510527610779 0.0032676195260137319565 0.0033517233096063137054 0.003356792498379945755 0.003361901966854929924 0.003362437710165977478 0.0033615953288972377777 0.0033574702683836221695 0.0033555892296135425568 0.0033516564872115850449 0.0033457512035965919495 0.0033495500683784484863 0.0033552877139300107956 0.003359453519806265831 0.0033625015057623386383 0.0032302590552717447281 0.0032247912604361772537 0.0033526823390275239944 0.0033594842534512281418 0.0033594688866287469864 0.0033600653987377882004 0.0033558092545717954636 0.0033512897789478302002 0.0033537293784320354462 0.0034940105397254228592 0.0034970464184880256653 0.0035022315569221973419 0.0033566898200660943985 0.0033589359372854232788 0.0033614388667047023773 0.0033619701862335205078
-9999 -9999 -9999 -9999 -9999 -9999 0.0048776450566947460175 0.003375992877408862114 0.00336405215784907341 0.003366122022271156311 0.0032664143946021795273 0.0033582965843379497528 0.0033593962434679269791 0.0033632670529186725616 0.0033653888385742902756 0.0033664710354059934616 0.0033620542380958795547 0.0033553361427038908005 0.0033473942894488573074 0.0033408305607736110687 0.0033440098632127046585 0.0033462070859968662262 0.0033509659115225076675 0.0033564779441803693771 0.0033559910953044891357 0.0033507354091852903366 0.0033562721218913793564 0.0033621012698858976364 0.0033587035723030567169 0.0033558164723217487335 0.0033570500090718269348 0.0034983169753104448318 0.0034954785369336605072 0.003357528243213891983 0.0033567766658961772919 0.0033557843416929244995 0.0033535216934978961945 0.0033521403092890977859 0.0033530218061059713364 0.0033532797824591398239
-9999 -9999 -9999 -9999 -9999 -9999 0.0060823992826044559479 0.0033653767313808202744 0.0033570830710232257843 0.0033539943397045135498 0.0032574441283941268921 0.0033529454376548528671 0.0033523102756589651108 0.0033557265996932983398 0.0033588956575840711594 0.0033630561083555221558 0.0033655229490250349045 0.0033631187397986650467 0.0033543300814926624298 0.0033465488813817501068 0.0032353468704968690872 0.0032302483450621366501 0.0032276541460305452347 0.0032278723083436489105 0.0033520986326038837433 0.0033518907148391008377 0.0033567713107913732529 0.0035040625371038913727 0.0034974156878888607025 0.0034927132073789834976 0.0034993877634406089783 0.0033615012653172016144 0.0033581049647182226181 0.0033557282295078039169 0.0033544949255883693695 0.003353351028636097908 0.0033512073568999767303 0.0033496709074825048447 0.0033514397218823432922 0.0033520399592816829681
-9999 -9999 -9999 -9999 -9999 0.0053031430579721927643 0.0033732596784830093384 0.0034537906758487224579 0.0032622062135487794876 0.0032602406572550535202 0.0033413721248507499695 0.0033435241784900426865 0.0033429351169615983963 0.0033474052324891090393 0.0033521982841193675995 0.0033564337063580751419 0.0033623427152633666992 0.0033648035023361444473 0.0033572546672075986862 0.0033503512386232614517 0.0034647767897695302963 0.0034769885241985321045 0.0034837499260902404785 0.0034916661679744720459 0.0034983938094228506088 0.003500016871839761734 0.0035017940681427717209 0.0033633918501436710358 0.0033630451653152704239 0.0033589322119951248169 0.0033586644567549228668 0.0033599932212382555008 0.0033563706092536449432 0.0033522746525704860687 0.0033498029224574565887 0.0033485624007880687714 0.0033466964960098266602 0.003344841301441192627 0.00334751117043197155 0.0033502697478979825974
-9999 -9999 -9999 -9999 0.0073243356309831142426 0 0.0033587524667382240295 0.0034334415104240179062 0.0032681759912520647049 0.0032722835894674062729 0.0033444659784436225891 0.0033451106864959001541 0.0033427092712372541428 0.0033432366326451301575 0.0033513114321976900101 0.003354887012392282486 0.0033599229063838720322 0.0033632866106927394867 0.0033553936518728733063 0.0033488071057945489883 0.0033510404173284769058 0.0033545659389346837997 0.0033558183349668979645 0.0033575047273188829422 0.0033628025557845830917 0.0033656668383628129959 0.0033643958158791065216 0.0033654549624770879745 0.0033672477584332227707 0.0033653688151389360428 0.0033634440042078495026 0.0033646489027887582779 0.0033641098998486995697 0.0033615522552281618118 0.0033583915792405605316 0.0033556420821696519852 0.0033520779106765985489 0.0033472119830548763275 0.0033465435262769460678 0.00334896845743060112
-9999 -9999 -9999 -9999 0.0049767806194722652435 0.0033508730120956897736 0.0033437644597142934799 0.0033422941341996192932 0.0033485246822237968445 0.0032795870210975408554 0.0033500751014798879623 0.0034317777026444673538 0.0032631242647767066956 0.0033410240430384874344 0.0033486178144812583923 0.0033531265798956155777 0.0033580514136701822281 0.0033625264186412096024 0.0033553973771631717682 0.0033476823009550571442 0.0033482301514595746994 0.0033537780400365591049 0.0033572984393686056137 0.0033578888978809118271 0.0033625352662056684494 0.0033671488054096698761 0.0033666321542114019394 0.0033667644020169973373 0.0033697383478283882141 0.0033704095985740423203 0.0033679464831948280334 0.0033677322790026664734 0.0033685925882309675217 0.0033685904927551746368 0.003366793505847454071 0.0033635909203439950943 0.0033594258129596710205 0.0033531263470649719238 0.0033482329454272985458 0.0033481223508715629578
