tests/data/reference/gistest_nucice/full/mwlevel_m.asc
ncols        123
nrows        77
xllcorner    -713746.799299980048
yllcorner    -1061022.369616159936
cellsize     10.000000000000
NODATA_value  -9999
[rows 18 to 35 of 77, columns 0 to 39 of 123]
-9999 -9999 -9999 -9999 -9999 -9999 -9999 -9999 -9999 -9999 -9999 -9999 -9999 -9999 -9999 -9999 -9999 0.0091804228723049163818 0.011160115711390972137 0.011214530095458030701 0.011271916329860687256 0.013910913839936256409 0.0093063572421669960022 0.0092128356918692588806 0.018928315490484237671 0.0047759800218045711517 0.023581065237522125244 0.021874209865927696228 0.0091838333755731582642 0.019901506602764129639 0.010997800156474113464 0.010981135070323944092 0.010942322202026844025 0.010998227633535861969 0.010589089244604110718 0.011023329570889472961 0.015195158310234546661 0.011031474918127059937 0.010998439043760299683 0.010972129181027412415
-9999 -9999 -9999 -9999 -9999 -9999 -9999 -9999 -9999 -9999 -9999 -9999 -9999 -9999 -9999 -9999 0.009304134175181388855 0.01084511633962392807 0.011198156513273715973 0.01129245758056640625 0.017026061192154884338 0.010864692740142345428 0.0092465132474899291992 0.0090393330901861190796 0.0055870222859084606171 0.019151546061038970947 0.02106703631579875946 0.020657140761613845825 0.0091483741998672485352 0.017423519864678382874 0.011002945713698863983 0.0088479109108448028564 0.013675319962203502655 0.01110448688268661499 0.011041168123483657837 0.011064199730753898621 0.01353749353438615799 0.01098267827183008194 0.011003620922565460205 0.011036410927772521973
-9999 -9999 -9999 -9999 -9999 -9999 -9999 -9999 -9999 -9999 -9999 -9999 -9999 -9999 -9999 0.0099430447444319725037 0.011446609161794185638 0.011735850945115089417 0.011820773594081401825 0.018845429643988609314 0.011332524009048938751 0.009499699808657169342 0.010778371244668960571 0.0048802141100168228149 0.0088027287274599075317 0.010717759840190410614 0.018919071182608604431 0.018370835110545158386 0.010743622668087482452 0.01534238085150718689 0.011035886593163013458 0.0088370572775602340698 0.014213169924914836884 0.011123243719339370728 0.011107297614216804504 0.011093823239207267761 0.012174643576145172119 0.011068060062825679779 0.011073720641434192657 0.011084890924394130707
-9999 -9999 -9999 -9999 -9999 -9999 -9999 -9999 -9999 -9999 -9999 -9999 -9999 -9999 -9999 0.011442054994404315948 0.011727542616426944733 0.011880851350724697113 0.024865292012691497803 0.013295344077050685883 0.010188094340264797211 0.010039160028100013733 0.008368274196982383728 0.00613117218017578125 0.030286453664302825928 0.011260443367063999176 0.017089173197746276855 0.016204783692955970764 0.011021231301128864288 0.013521865010261535645 0.0088906651362776756287 0.011029919609427452087 0.014526334591209888458 0.011118416674435138702 0.011110555380582809448 0.011136760003864765167 0.011176369152963161469 0.011176340281963348389 0.011148348450660705566 0.011124408803880214691
-9999 -9999 -9999 -9999 -9999 -9999 -9999 -9999 -9999 -9999 -9999 -9999 -9999 -9999 -9999 0.011711739934980869293 0.011789512820541858673 0.011973377317190170288 0.03223512694239616394 0.010308218188583850861 0.010264643467962741852 0.007110661827027797699 0.0058000879362225532532 0.021591370925307273865 0.028604866936802864075 0.011181675828993320465 0.014673899859189987183 0.013929754495620727539 0.011047331616282463074 0.011854124255478382111 0.0088939536362886428833 0.010622515343129634857 0.011074099689722061157 0.01680607721209526062 0.011121426708996295929 0.011140051297843456268 0.011145497672259807587 0.0088160224258899688721 0.014056630432605743408 0.011110772378742694855
-9999 -9999 -9999 -9999 -9999 -9999 -9999 -9999 -9999 -9999 -9999 -9999 -9999 -9999 0.010573456063866615295 0.011856311000883579254 0.014730558730661869049 0.026447545737028121948 0.010445416904985904694 0.011087315157055854797 0.0071280794218182563782 0.0056479298509657382965 0.0072505688294768333435 0.020150860771536827087 0.023571280762553215027 0.01138261798769235611 0.013005495071411132812 0.01262975204735994339 0.011065104976296424866 0.011120521463453769684 0.0089044962078332901001 0.010620636865496635437 0.011012450791895389557 0.011105330660939216614 0.018662484362721443176 0.011119613423943519592 0.011071187444031238556 0.0087534179911017417908 0.014258421957492828369 0.01109308190643787384
-9999 -9999 -9999 -9999 -9999 -9999 -9999 -9999 -9999 -9999 -9999 -9999 -9999 -9999 0.011923095211386680603 0.041046690195798873901 0.032067637890577316284 0.011036807671189308167 0.010483709163963794708 0.010072849690914154053 0.0053269695490598678589 0.0081777460873126983643 0.0095811579376459121704 0.0098800938576459884644 0.016502888873219490051 0.021974040195345878601 0.01130810566246509552 0.011373803950846195221 0.01145953591912984848 0.0093105528503656387329 0.011047187261283397675 0.010621855966746807098 0.01103351544588804245 0.011139933019876480103 0.020282292738556861877 0.011138284578919410706 0.011085923761129379272 0.0087289800867438316345 0.014489929191768169403 0.011115394532680511475
-9999 -9999 -9999 -9999 -9999 -9999 -9999 -9999 -9999 -9999 -9999 -9999 -9999 -9999 0.049282968044281005859 0.011795248836278915405 0.010323906317353248596 0.01032851729542016983 0.010358516126871109009 0.0070853116922080516815 0.0057054064236581325531 0.018160374835133552551 0.024827018380165100098 0.011207482777535915375 0.011006309650838375092 0.013416820205748081207 0.02183024771511554718 0.011397696100175380707 0.011416370980441570282 0.0092671951279044151306 0.011048180051147937775 0.011456079781055450439 0.011456728912889957428 0.011199233122169971466 0.011215579695999622345 0.021645598113536834717 0.0088115511462092399597 0.011028167791664600372 0.010596264153718948364 0.017030119895935058594
-9999 -9999 -9999 -9999 -9999 -9999 -9999 -9999 -9999 -9999 -9999 -9999 0.010128153488039970398 0.01044659782201051712 0.019970526918768882751 0.01143522653728723526 0.010303114540874958038 0.010944351553916931152 0.0071274605579674243927 0.0056847878731787204742 0.019536647945642471313 0.02047945559024810791 0.015449646860361099243 0.019939603284001350403 0.011465152725577354431 0.011466392315924167633 0.026146098971366882324 0.011641597375273704529 0.011611155234277248383 0.011169913224875926971 0.0093114972114562988281 0.011498992331326007843 0.01159717608243227005 0.0116786956787109375 0.011638478375971317291 0.011100870557129383087 0.019980764016509056091 0.010568553581833839417 0.011100444011390209198 0.011050629429519176483
-9999 -9999 -9999 -9999 -9999 -9999 -9999 -9999 -9999 -9999 -9999 -9999 -9999 0.010170876979827880859 0.011286018416285514832 0.011048167943954467773 0.010774992406368255615 0.007155221886932849884 0.005957646295428276062 0.019550886005163192749 0.010893146507441997528 0.011450598016381263733 0.020637033507227897644 0.023666096851229667664 0.029008382931351661682 0.028178745880722999573 0.027537353336811065674 0.027305450290441513062 0.011791221797466278076 0.011680557392537593842 0.011562630534172058105 0.011184349656105041504 0.011684915982186794281 0.011748210527002811432 0.011624107137322425842 0.01139489002525806427 0.011337587609887123108 0.019720615819096565247 0.011018080636858940125 0.011093172244727611542
-9999 -9999 -9999 -9999 -9999 -9999 -9999 -9999 -9999 -9999 -9999 -9999 -9999 -9999 -9999 0.010559111833572387695 0.0072241863235831260681 0.0060929507017135620117 0.0086849741637706756592 0.024372437968850135803 0.01931867748498916626 0.01608398929238319397 0.013577720150351524353 0.011473396793007850647 0.011448882520198822021 0.011428050696849822998 0.011518807150423526764 0.028595890849828720093 0.040638662874698638916 0.011608256027102470398 0.011640543118119239807 0.011718515306711196899 0.011731188744306564331 0.011762008070945739746 0.011582271195948123932 0.011372348293662071228 0.011419859714806079865 0.011551369912922382355 0.019029688090085983276 0.011507523246109485626
-9999 -9999 -9999 -9999 -9999 -9999 -9999 -9999 -9999 -9999 -9999 -9999 -9999 -9999 -9999 -9999 0.0071646631695330142975 0.0062150652520358562469 0.018348082900047302246 0.014706009998917579651 0.012504799291491508484 0.01159317605197429657 0.011496945284307003021 0.011424264870584011078 0.011401074938476085663 0.011384977027773857117 0.011502414941787719727 0.0116432923823595047 0.011562542058527469635 0.039733577519655227661 0.039682965725660324097 0.040155548602342605591 0.011757054366171360016 0.011695477180182933807 0.011560544371604919434 0.011430814862251281738 0.01446455344557762146 0.017413480207324028015 0.011686790734529495239 0.018042776733636856079
-9999 -9999 -9999 -9999 -9999 -9999 -9999 -9999 -9999 -9999 -9999 -9999 -9999 -9999 -9999 -9999 0.00587143702432513237 0.018707817420363426208 0.01092462148517370224 0.011377009563148021698 0.011495331302285194397 0.027417212724685668945 0.025344552472233772278 0.022842295467853546143 0.020653815940022468567 0.018661320209503173828 0.017222814261913299561 0.016194241121411323547 0.014617879875004291534 0.012627740390598773956 0.011503104120492935181 0.011613231152296066284 0.040160577744245529175 0.040506586432456970215 0.038965858519077301025 0.036237180233001708984 0.034217763692140579224 0.032697383314371109009 0.031729184091091156006 0.030180245637893676758
-9999 -9999 -9999 -9999 -9999 -9999 -9999 -9999 -9999 -9999 -9999 -9999 -9999 -9999 -9999 0.0058661783114075660706 0.017784500494599342346 0.010618953965604305267 0.025606900453567504883 0.02806725725531578064 0.027169542387127876282 0.01151255238801240921 0.013995542190968990326 0.015871405601501464844 0.013793705031275749207 0.018352162092924118042 0.019398171454668045044 0.020435011014342308044 0.018992163240909576416 0.017247367650270462036 0.016023637726902961731 0.015224080532789230347 0.014513914473354816437 0.0139234885573387146 0.012349855154752731323 0.01137836650013923645 0.02941925637423992157 0.027034016326069831848 0.02520107664167881012 0.024068895727396011353
-9999 -9999 -9999 -9999 -9999 -9999 -9999 -9999 -9999 -9999 -9999 -9999 -9999 -9999 0.0062480913475155830383 0.0090747103095054626465 0.024564661085605621338 0.025064051151275634766 0.011242434382438659668 0.011185665614902973175 0.011610864661633968353 0.011539592407643795013 0.011522075161337852478 0.011434269137680530548 0.014156037010252475739 0.011612617410719394684 0.011536687612533569336 0.011037195101380348206 0.011048957705497741699 0.011483372189104557037 0.011539133265614509583 0.021402698010206222534 0.023449543863534927368 0.025448933243751525879 0.026228208094835281372 0.030306151136755943298 0.011677033267915248871 0.011554854921996593475 0.011418090201914310455 0.011303978040814399719
-9999 -9999 -9999 -9999 -9999 -9999 -9999 -9999 -9999 -9999 -9999 -9999 -9999 -9999 0.0059668342582881450653 0.039413269609212875366 0.011083461344242095947 0.011129909195005893707 0.011190659366548061371 0.011206494644284248352 0.011166391894221305847 0.01108781713992357254 0.011515338905155658722 0.010990162380039691925 0.011016015894711017609 0.011087614111602306366 0.011056144721806049347 0.010989473201334476471 0.013494239188730716705 0.015588128939270973206 0.017487138509750366211 0.011256283149123191833 0.011273564770817756653 0.011289527639746665955 0.01534453127533197403 0.01081218477338552475 0.011158882640302181244 0.011156767606735229492 0.011091731488704681396 0.011029540561139583588
-9999 -9999 -9999 -9999 -9999 -9999 -9999 -9999 -9999 -9999 -9999 -9999 -9999 0.0095365568995475769043 0.049732122570276260376 0.01110543031245470047 0.011077877134084701538 0.01106740906834602356 0.011117390356957912445 0.011162575334310531616 0.011173760518431663513 0.011135691776871681213 0.011066893115639686584 0.011002398096024990082 0.010979449376463890076 0.011012298054993152618 0.010999753139913082123 0.010949995368719100952 0.011004507541656494141 0.011068088933825492859 0.011123624630272388458 0.011190505698323249817 0.011204932816326618195 0.016522053629159927368 0.0089949117973446846008 0.01068570651113986969 0.011079869233071804047 0.011069975793361663818 0.011050790548324584961 0.011034835129976272583
-9999 -9999 -9999 -9999 -9999 -9999 -9999 -9999 -9999 -9999 -9999 -9999 0.0063368878327310085297 0.011885218322277069092 0.01094190496951341629 0.011083658784627914429 0.011090298183262348175 0.011071030981838703156 0.01110438816249370575 0.011141433380544185638 0.011168912053108215332 0.011172560043632984161 0.011125855147838592529 0.011073336005210876465 0.011027526110410690308 0.011009779758751392365 0.010974096134305000305 0.010915464721620082855 0.010950797237455844879 0.010988022200763225555 0.010995782911777496338 0.011019136756658554077 0.014334818348288536072 0.011029268614947795868 0.0089648980647325515747 0.011048963293433189392 0.011003739200532436371 0.010966263711452484131 0.010919002816081047058 0.010892801918089389801
