tests/data/reference/gistest_nucice/full/mwlevel_m.asc
ncols        123
nrows        77
xllcorner    -713746.799299980048
yllcorner    -1061022.369616159936
cellsize     10.000000000000
NODATA_value -9999
[rows 18 to 35 of 77, columns 40 to 79 of 123]
0.010974652133882045746 0.010966678149998188019 0.010956078767776489258 0.010948299430310726166 0.01094457041472196579 0.010954488068819046021 0.010962666943669319153 0.010952003300189971924 0.01062811724841594696 0.0089045437052845954895 0.010829289443790912628 0.010862366296350955963 0.010925619862973690033 0.010999722406268119812 0.010990854352712631226 0.011002381332218647003 0.010589961893856525421 0.0086872149258852005005 0.0087238419800996780396 0.0087624462321400642395 0.0087995678186416625977 0.0088343080133199691772 0.011101349256932735443 0.01070379745215177536 0.010710787028074264526 0.010681456886231899261 0.010957705788314342499 0.010871915146708488464 0.010955593548715114594 0.013463187031447887421 0.011034502647817134857 0.011097628623247146606 0.0096352789551019668579 0.027613241225481033325 0.013799830339848995209 0.011186524294316768646 0.011060457676649093628 0.010750155895948410034 0.0092808818444609642029 -9999
0.011062211357057094574 0.011043411679565906525 0.011001057922840118408 0.010984269902110099792 0.010994069278240203857 0.01099329628050327301 0.010969310067594051361 0.010949455201625823975 0.010921211913228034973 0.0088118501007556915283 0.010537138208746910095 0.010928254574537277222 0.010989208705723285675 0.011038260534405708313 0.011049526743590831757 0.011045492254197597504 0.011071229353547096252 0.011047758162021636963 0.010608540847897529602 0.010608353652060031891 0.010616190731525421143 0.010636089369654655457 0.010668548755347728729 0.011101806536316871643 0.01099939737468957901 0.010928709059953689575 0.010889155790209770203 0.010958449915051460266 0.011115176603198051453 0.015543513000011444092 0.011075248941779136658 0.010995037853717803955 0.0094949807971715927124 0.010765422135591506958 0.026551540940999984741 0.016889886930584907532 0.011203140951693058014 0.010894244536757469177 0.010503547266125679016 0.0090267322957515716553
0.011092016473412513733 0.01107188686728477478 0.011034094728529453278 0.011016829870641231537 0.011024136096239089966 0.011023893021047115326 0.011008357629179954529 0.010992165654897689819 0.010985639877617359161 0.0087384125217795372009 0.010542647913098335266 0.010947664268314838409 0.01103344745934009552 0.01104219537228345871 0.011035110801458358765 0.011043442413210868835 0.011073994450271129608 0.011096443049609661102 0.011089565232396125793 0.011034911498427391052 0.011049855500459671021 0.011069932952523231506 0.011066292412579059601 0.011019109748303890228 0.011005857028067111969 0.010965695604681968689 0.011002372018992900848 0.011112334206700325012 0.01405501924455165863 0.013560449704527854919 0.011030634865164756775 0.010968643240630626678 0.010752321220934391022 0.0094512812793254852295 0.0095229158177971839905 0.024848641827702522278 0.017026148736476898193 0.011095158755779266357 0.010979107581079006195 0.010644028894603252411
0.011107628233730792999 0.011087523773312568665 0.011061431840062141418 0.011046183295547962189 0.011047856882214546204 0.011052490212023258209 0.01105218939483165741 0.011038160882890224457 0.011019132100045681 0.010566445067524909973 0.0086670089513063430786 0.010994090698659420013 0.011061434634029865265 0.011031353846192359924 0.011020387522876262665 0.011052683927118778229 0.011090695858001708984 0.01111332327127456665 0.01112773548811674118 0.011146723292768001556 0.011146630160510540009 0.011125130578875541687 0.011069652624428272247 0.011023051105439662933 0.011025704443454742432 0.011055574752390384674 0.011149664409458637238 0.011263446882367134094 0.016399877145886421204 0.011691207066178321838 0.010995595715939998627 0.010980325751006603241 0.010935584083199501038 0.010677763260900974274 0.0092749418690800666809 0.010624611750245094299 0.022181075066328048706 0.015163142234086990356 0.014043124392628669739 0.011113812215626239777
0.011115002445876598358 0.011116881854832172394 0.01111198030412197113 0.011103413067758083344 0.011097195558249950409 0.011092569679021835327 0.011088225990533828735 0.011077077127993106842 0.011064649559557437897 0.011012483388185501099 0.010585762560367584229 0.0086599923670291900635 0.011059412732720375061 0.011005541309714317322 0.011018654331564903259 0.011083094403147697449 0.011117928661406040192 0.011127067729830741882 0.011139632202684879303 0.011154976673424243927 0.011140449903905391693 0.011098291724920272827 0.011067111045122146606 0.011076751165091991425 0.011108763515949249268 0.011138575151562690735 0.011217297986149787903 0.011285147629678249359 0.018390327692031860352 0.011087849736213684082 0.011030366644263267517 0.010988317430019378662 0.010944441892206668854 0.010865690186619758606 0.010616471059620380402 0.010904133319854736328 0.0092378361150622367859 0.020713504403829574585 0.013249685056507587433 0.01590701565146446228
0.011124924756586551666 0.011150576174259185791 0.011168244294822216034 0.011167728342115879059 0.011152903549373149872 0.011135289445519447327 0.011122239753603935242 0.011114357970654964447 0.01111351698637008667 0.011116881854832172394 0.011053090915083885193 0.0086368573829531669617 0.010523973964154720306 0.010993489064276218414 0.011049275286495685577 0.011125594377517700195 0.011138756759464740753 0.011126221157610416412 0.011131945066154003143 0.01114934869110584259 0.011136795394122600555 0.01110925525426864624 0.01112081483006477356 0.011146107688546180725 0.011154077015817165375 0.011174561455845832825 0.011240517720580101013 0.011292958632111549377 0.020265966653823852539 0.011155444197356700897 0.011077861301600933075 0.010997107252478599548 0.010940722189843654633 0.010913267731666564941 0.010889449156820774078 0.010898899286985397339 0.0090597765520215034485 0.010684330016374588013 0.019402334466576576233 0.012067108415067195892
0.011126833036541938782 0.011137261055409908295 0.011152572929859161377 0.011156095191836357117 0.011144247837364673615 0.011126490309834480286 0.011109889484941959381 0.011098996736109256744 0.011095038615167140961 0.01109171006828546524 0.0086276615038514137268 0.011023798026144504547 0.010485226288437843323 0.010955725796520709991 0.011087581515312194824 0.011137454770505428314 0.011138762347400188446 0.01113361213356256485 0.011152096092700958252 0.011173410341143608093 0.011151706799864768982 0.011118852533400058746 0.011124362237751483917 0.011128212325274944305 0.011144066229462623596 0.011201410554349422455 0.011262129992246627808 0.011280716396868228912 0.021513776853680610657 0.011069275438785552979 0.011043608188629150391 0.011007620953023433685 0.010977312922477722168 0.010966693051159381866 0.010967563837766647339 0.010946235619485378265 0.010610663332045078278 0.010952779091894626617 0.0091628711670637130737 0.01884575188159942627
0.011121176183223724365 0.011113079264760017395 0.011120734736323356628 0.011126321740448474884 0.011120544746518135071 0.011106182821094989777 0.011087469756603240967 0.011072203516960144043 0.011061022058129310608 0.011043244041502475739 0.010507649742066860199 0.0085309855639934539795 0.011004350148141384125 0.010985671542584896088 0.011095443740487098694 0.011133911088109016418 0.011154461652040481567 0.011174054816365242004 0.011197493411600589752 0.011191362515091896057 0.01113870181143283844 0.011093575507402420044 0.011093327775597572327 0.011113738641142845154 0.011172015219926834106 0.011241337284445762634 0.011252062395215034485 0.011205229908227920532 0.021989185363054275513 0.010970078408718109131 0.010996418073773384094 0.011013885959982872009 0.011014267802238464355 0.011015238240361213684 0.011018904857337474823 0.011010981164872646332 0.010953818447887897491 0.010944441892206668854 0.010573294945061206818 0.016192978248000144958
0.018827918916940689087 0.011124193668365478516 0.01113360188901424408 0.01113262958824634552 0.011115802451968193054 0.011087889783084392548 0.011058165691792964935 0.011043522506952285767 0.011042019352316856384 0.011034166440367698669 0.01096081174910068512 0.0084907244890928268433 0.010497347451746463776 0.011082799173891544342 0.011123168282210826874 0.011178140528500080109 0.011208176612854003906 0.011210355907678604126 0.011190027929842472076 0.011134872213006019592 0.011084679514169692993 0.01107302587479352951 0.011099644005298614502 0.01114735286682844162 0.011199839413166046143 0.011217704974114894867 0.011182075366377830505 0.011138428933918476105 0.022702964022755622864 0.011051511391997337341 0.011068144813179969788 0.011081342585384845734 0.011093243025243282318 0.01110163424164056778 0.011101434938609600067 0.011084998026490211487 0.011046354658901691437 0.010986836627125740051 0.010879237204790115356 0.014245380647480487823
0.019571857526898384094 0.011145237833261489868 0.011156288906931877136 0.011145603843033313751 0.011113221757113933563 0.011067589744925498962 0.011027337051928043365 0.011017706245183944702 0.011030802503228187561 0.011038616299629211426 0.011042149737477302551 0.010488241910934448242 0.011001781560480594635 0.0085153141990303993225 0.011185700073838233948 0.011241597123444080353 0.011248343624174594879 0.011201199144124984741 0.011132895015180110931 0.01106768287718296051 0.011058071628212928772 0.011085665784776210785 0.011125771328806877136 0.011166882701218128204 0.011175684630870819092 0.011150258593261241913 0.0111260218545794487 0.011140050366520881653 0.023749075829982757568 0.011158770881593227386 0.011157677508890628815 0.011161827482283115387 0.011183352209627628326 0.011197339743375778198 0.01119118276983499527 0.011160849593579769135 0.011109347455203533173 0.011049735359847545624 0.010992736555635929108 0.012668712995946407318
0.021074615418910980225 0.011123527772724628448 0.011093387380242347717 0.011068146675825119019 0.011050021275877952576 0.011034765280783176422 0.011030010879039764404 0.011040956713259220123 0.011055243201553821564 0.011061873286962509155 0.011075058020651340485 0.011018365621566772461 0.011114874854683876038 0.010568367317318916321 0.011175598017871379852 0.011176428757607936859 0.0087037310004234313965 0.011149507947266101837 0.011096380650997161865 0.011060585267841815948 0.011068193241953849792 0.011094240471720695496 0.011121231131255626678 0.011148610152304172516 0.011152230203151702881 0.011151657439768314362 0.011179057881236076355 0.011224684305489063263 0.024682341143488883972 0.011118729598820209503 0.011098441667854785919 0.011094216257333755493 0.011101849377155303955 0.011112705804407596588 0.0111197642982006073 0.011118276976048946381 0.011102121323347091675 0.011070619337260723114 0.011038842611014842987 0.011131696403026580811
0.011485564522445201874 0.023274173960089683533 0.011008121073246002197 0.010978662408888339996 0.010983052663505077362 0.011007365770637989044 0.011043892242014408112 0.011073874309659004211 0.011084866710007190704 0.011088650673627853394 0.011107054539024829865 0.0111346440389752388 0.011169959791004657745 0.011104728095233440399 0.011166921816766262054 0.011127835139632225037 0.0086848232895135879517 0.010601386427879333496 0.011097492650151252747 0.011066340841352939606 0.011060200631618499756 0.011080295778810977936 0.011105322279036045074 0.011137450113892555237 0.011166516691446304321 0.011214523576200008392 0.011276620440185070038 0.011294961906969547272 0.011213732883334159851 0.024737212806940078735 0.011012504808604717255 0.01099885161966085434 0.010989380069077014923 0.010998587124049663544 0.011022914201021194458 0.011054579168558120728 0.011080885306000709534 0.011080794036388397217 0.011072423309087753296 0.011074925772845745087
0.031299948692321777344 0.031314138323068618774 0.025517905130982398987 0.011662865057587623596 0.011594807729125022888 0.01124157290905714035 0.011226241476833820343 0.01120305527001619339 0.011167781427502632141 0.011157575994729995728 0.011185080744326114655 0.011223905719816684723 0.011242527514696121216 0.011221223510801792145 0.011182157322764396667 0.011130716651678085327 0.010603335686028003693 0.0086780842393636703491 0.011027485132217407227 0.01104197278618812561 0.011057197116315364838 0.011120116338133811951 0.011173560284078121185 0.011222899891436100006 0.011261026374995708466 0.011297438293695449829 0.011291421949863433838 0.011206374503672122955 0.011070332489907741547 0.010957197286188602448 0.022729326039552688599 0.010983168147504329681 0.011000345461070537567 0.011024801060557365417 0.01104710996150970459 0.011063592508435249329 0.01107624545693397522 0.011081058531999588013 0.011094945482909679413 0.011105516925454139709
0.023778025060892105103 0.024610137566924095154 0.041257496923208236694 0.049562621861696243286 0.047392521053552627563 0.011881407350301742554 0.015875685960054397583 0.011347382329404354095 0.011256728321313858032 0.011241739615797996521 0.011287172324955463409 0.011328964494168758392 0.011328538879752159119 0.011276594363152980804 0.011203266680240631104 0.011147495359182357788 0.011054703034460544586 0.010585082694888114929 0.0086322790011763572693 0.011032202281057834625 0.01111226249486207962 0.011217931285500526428 0.011288033798336982727 0.011342606507241725922 0.011357946321368217468 0.011321622878313064575 0.011202039197087287903 0.01104383077472448349 0.010923676192760467529 0.010860204696655273438 0.020453458651900291443 0.010991525836288928986 0.011038032360374927521 0.01107550598680973053 0.011090564541518688202 0.011084436438977718353 0.011074660345911979675 0.011084112338721752167 0.011118265800178050995 0.011130945757031440735
0.011314932256937026978 0.011433838866651058197 0.015165649354457855225 0.018745133653283119202 0.021804852411150932312 0.046039100736379623413 0.047958854585886001587 0.047495815902948379517 0.011765899136662483215 0.016254939138889312744 0.011510617099702358246 0.011481834575533866882 0.011424642987549304962 0.011344668455421924591 0.011282133869826793671 0.011244298890233039856 0.0087627461180090904236 0.011145683936774730682 0.011058838106691837311 0.010624413378536701202 0.01120156608521938324 0.011249382048845291138 0.011259670369327068329 0.011257928796112537384 0.011208158917725086212 0.011117460206151008606 0.011006545275449752808 0.010925565846264362335 0.010903511196374893188 0.010916024446487426758 0.02018375881016254425 0.011102740652859210968 0.011126990430057048798 0.011128754355013370514 0.011111509986221790314 0.011088095605373382568 0.011076954193413257599 0.011095917783677577972 0.011134841479361057281 0.011156876571476459503
0.011013149283826351166 0.011340071447193622589 0.01137460954487323761 0.011451801285147666931 0.011642587371170520782 0.015431660227477550507 0.018521400168538093567 0.021132944151759147644 0.046850670129060745239 0.055140864104032516479 0.063898079097270965576 0.012422835454344749451 0.011548634618520736694 0.011368890292942523956 0.011299848556518554688 0.011285690590739250183 0.011263729073107242584 0.010740561410784721375 0.011210406199097633362 0.011215652339160442352 0.011154318228363990784 0.011179844848811626434 0.011127236299216747284 0.011067867279052734375 0.010984333232045173645 0.010917675681412220001 0.010890828445553779602 0.010904734954237937927 0.010964644141495227814 0.011044193990528583527 0.011149708181619644165 0.022823018953204154968 0.011222466826438903809 0.011179428547620773315 0.011125713586807250977 0.011087220162153244019 0.011080758646130561829 0.011109458282589912415 0.01115073077380657196 0.011183745227754116058
0.011032731272280216217 0.011030056513845920563 0.011020341888070106506 0.011274185962975025177 0.011257949285209178925 0.011275047436356544495 0.011422820389270782471 0.011508300900459289551 0.011717729270458221436 0.01605247892439365387 0.019845807924866676331 0.064552374184131622314 0.068864136934280395508 0.062291324138641357422 0.01160481572151184082 0.011578979901969432831 0.011148718185722827911 0.011122006922960281372 0.01105832960456609726 0.011115590110421180725 0.011098134331405162811 0.011062921024858951569 0.011034144088625907898 0.010989369824528694153 0.010941093787550926208 0.010924599133431911469 0.010938765481114387512 0.010978136211633682251 0.011053434573113918304 0.01114125177264213562 0.011233100667595863342 0.028626183047890663147 0.011252019554376602173 0.01123202592134475708 0.011192380450665950775 0.011162325739860534668 0.011162066832184791565 0.01118971407413482666 0.011216562241315841675 0.011220501735806465149
0.010891691781580448151 0.010914123617112636566 0.010971982963383197784 0.011001973412930965424 0.01093696989119052887 0.01119375135749578476 0.011201267130672931671 0.011214114725589752197 0.011427362449467182159 0.011617686599493026733 0.011798601597547531128 0.015950780361890792847 0.018890876322984695435 0.016630480065941810608 0.052855052053928375244 0.01138098444789648056 0.011390801519155502319 0.011317911557853221893 0.011282255873084068298 0.011276755481958389282 0.011262403801083564758 0.011250385083258152008 0.01123928464949131012 0.011213670484721660614 0.011198916472494602203 0.011214189231395721436 0.011250893585383892059 0.011323998682200908661 0.011432724073529243469 0.011538101360201835632 0.011632807552814483643 0.011699408292770385742 0.031683836132287979126 0.011679133400321006775 0.011647729203104972839 0.011615692637860774994 0.011268286034464836121 0.01129342988133430481 0.011299476027488708496 0.01126713678240776062
