tests/data/reference/gistest_nucice/full/mwlevel_m.asc
ncols        123
nrows        77
xllcorner    -713746.799299980048
yllcorner    -1061022.369616159936
cellsize     10.000000000000
NODATA_value -9999
[rows 18 to 35 of 77, columns 0 to 39 of 123]
-9999 -9999 -9999 -9999 -9999 -9999 -9999 -9999 -9999 -9999 -9999 -9999 -9999 -9999 -9999 -9999 -9999 0.0092576052993535995483 0.011159598827362060547 0.011209781281650066376 0.011264174245297908783 0.013872161507606506348 0.0093809161335229873657 0.009289373643696308136 0.018850656226277351379 0.0047718319110572338104 0.023776829242706298828 0.022016491740942001343 0.0092609496787190437317 0.019931264221668243408 0.011015409603714942932 0.010991797782480716705 0.010966992937028408051 0.011007506400346755981 0.010653397068381309509 0.011030291207134723663 0.015145745128393173218 0.011035656556487083435 0.011005477979779243469 0.010981866158545017242
-9999 -9999 -9999 -9999 -9999 -9999 -9999 -9999 -9999 -9999 -9999 -9999 -9999 -9999 -9999 -9999 0.0093787414953112602234 0.010891353711485862732 0.011193880811333656311 0.011283166706562042236 0.016971154138445854187 0.010906302370131015778 0.0093223592266440391541 0.0091190692037343978882 0.0055984319187700748444 0.019157513976097106934 0.021163016557693481445 0.020714940503239631653 0.009226172231137752533 0.017440548166632652283 0.011010315269231796265 0.008930467069149017334 0.013658260926604270935 0.011108208447694778442 0.011063541285693645477 0.011068444699048995972 0.013487107120454311371 0.010988973081111907959 0.011010262183845043182 0.011042951606214046478
-9999 -9999 -9999 -9999 -9999 -9999 -9999 -9999 -9999 -9999 -9999 -9999 -9999 -9999 -9999 0.010010742582380771637 0.011478370986878871918 0.011732503771781921387 0.011802203021943569183 0.018777981400489807129 0.011331359855830669403 0.0095695909112691879272 0.010824809782207012177 0.0048811081796884536743 0.0088184038177132606506 0.010718690231442451477 0.018943496048450469971 0.01839657314121723175 0.010794229805469512939 0.015346731990575790405 0.011041261255741119385 0.0089197512716054916382 0.014189343899488449097 0.011123504489660263062 0.011111027561128139496 0.011095908470451831818 0.012121591717004776001 0.011072888970375061035 0.011078021489083766937 0.011088184081017971039
-9999 -9999 -9999 -9999 -9999 -9999 -9999 -9999 -9999 -9999 -9999 -9999 -9999 -9999 -9999 0.011468193493783473969 0.011722265742719173431 0.011861351318657398224 0.024768816307187080383 0.013272412121295928955 0.010248478502035140991 0.010104127228260040283 0.0083457948639988899231 0.0061287339776754379272 0.030599389225244522095 0.011256853118538856506 0.017089191824197769165 0.016214655712246894836 0.011037003248929977417 0.013516845181584358215 0.0089726550504565238953 0.011034814640879631042 0.014496876858174800873 0.01111798454076051712 0.01111089903861284256 0.011136566288769245148 0.011175208725035190582 0.011175788938999176025 0.011148550547659397125 0.011125005781650543213
-9999 -9999 -9999 -9999 -9999 -9999 -9999 -9999 -9999 -9999 -9999 -9999 -9999 -9999 -9999 0.011706319637596607208 0.011774579063057899475 0.011946745216846466064 0.032107740640640258789 0.010364593006670475006 0.010322504676878452301 0.0071289162151515483856 0.005805774591863155365 0.021575700491666793823 0.028787277638912200928 0.011177239008247852325 0.014662747271358966827 0.013929822482168674469 0.011052518151700496674 0.011844092980027198792 0.0089758988469839096069 0.010684989392757415771 0.011077567003667354584 0.016764471307396888733 0.011121176183223724365 0.011138622649013996124 0.011143021285533905029 0.0088989762589335441589 0.01402710936963558197 0.011110653169453144073
-9999 -9999 -9999 -9999 -9999 -9999 -9999 -9999 -9999 -9999 -9999 -9999 -9999 -9999 0.010619989596307277679 0.011838054284453392029 0.014690848998725414276 0.026327991858124732971 0.010496871545910835266 0.011110877618193626404 0.0071446229703724384308 0.0056513659656047821045 0.0072552808560431003571 0.020233226940035820007 0.023642931133508682251 0.011382571421563625336 0.012985726818442344666 0.01261966116726398468 0.011068411171436309814 0.011121169663965702057 0.0089862952008843421936 0.010683053173124790192 0.011034432798624038696 0.011106774210929870605 0.018611235544085502625 0.011118641123175621033 0.011071573942899703979 0.0088370954617857933044 0.014227605424821376801 0.011093694716691970825
-9999 -9999 -9999 -9999 -9999 -9999 -9999 -9999 -9999 -9999 -9999 -9999 -9999 -9999 0.011910534463822841644 0.04084925726056098938 0.031923592090606689453 0.011068112216889858246 0.010533724911510944366 0.010136816650629043579 0.0053271232172846794128 0.0081763798370957374573 0.0096575645729899406433 0.0099368793889880180359 0.016520490869879722595 0.022002950310707092285 0.011318320408463478088 0.01138059515506029129 0.011458152905106544495 0.0093918601050972938538 0.011049378663301467896 0.010683891363441944122 0.011054828763008117676 0.011143017560243606567 0.020220158621668815613 0.011137141846120357513 0.011087657883763313293 0.0088129192590713500977 0.014457706362009048462 0.011115783825516700745
-9999 -9999 -9999 -9999 -9999 -9999 -9999 -9999 -9999 -9999 -9999 -9999 -9999 -9999 0.049035616219043731689 0.011795314960181713104 0.010379737243056297302 0.010384187102317810059 0.010413129813969135284 0.0071060271002352237701 0.0057070492766797542572 0.018343927338719367981 0.025103712454438209534 0.011252447031438350677 0.011050596833229064941 0.013418650254607200623 0.021830936893820762634 0.011405365541577339172 0.01142020057886838913 0.0093491617590188980103 0.011106117628514766693 0.011454751715064048767 0.011472531594336032867 0.01119972672313451767 0.011211603879928588867 0.021573577076196670532 0.0088945599272847175598 0.01103171519935131073 0.010664885863661766052 0.016986271366477012634
-9999 -9999 -9999 -9999 -9999 -9999 -9999 -9999 -9999 -9999 -9999 -9999 0.010190433822572231293 0.010498008690774440765 0.019934875890612602234 0.011453069746494293213 0.010359665378928184509 0.010974823497235774994 0.0071440651081502437592 0.0056876088492572307587 0.019586233422160148621 0.020557552576065063477 0.015509076416492462158 0.020036259666085243225 0.011477057822048664093 0.011481843888759613037 0.026140565052628517151 0.011640455573797225952 0.011610497720539569855 0.011225728318095207214 0.0093927895650267601013 0.011516034603118896484 0.011594807729125022888 0.011674642562866210938 0.011627379804849624634 0.011098855175077915192 0.01991011202335357666 0.010635053738951683044 0.011102966964244842529 0.011074271053075790405
-9999 -9999 -9999 -9999 -9999 -9999 -9999 -9999 -9999 -9999 -9999 -9999 -9999 0.010231811553239822388 0.011305830441415309906 0.011075562797486782074 0.010813132859766483307 0.0071690673939883708954 0.0059562260285019874573 0.019581906497478485107 0.010898086242377758026 0.011459445580840110779 0.020642682909965515137 0.023675732314586639404 0.029022671282291412354 0.028185509145259857178 0.027535805478692054749 0.027291329577565193176 0.011779040098190307617 0.01167336292564868927 0.011574782431125640869 0.011238305829465389252 0.011680990457534790039 0.011738662607967853546 0.011617450043559074402 0.011395391076803207397 0.011338628828525543213 0.019643701612949371338 0.011042439378798007965 0.011094446294009685516
-9999 -9999 -9999 -9999 -9999 -9999 -9999 -9999 -9999 -9999 -9999 -9999 -9999 -9999 -9999 0.010606212541460990906 0.0072309998795390129089 0.0061013987287878990173 0.0087069729343056678772 0.024669947102665901184 0.019406855106353759766 0.016122223809361457825 0.013597053475677967072 0.01147401612251996994 0.011452680453658103943 0.01143312547355890274 0.011520748026669025421 0.028578754514455795288 0.040606569498777389526 0.011599792167544364929 0.011632874608039855957 0.011711332947015762329 0.011736164800822734833 0.011749746277928352356 0.011575585231184959412 0.011375255882740020752 0.011425699107348918915 0.011553032323718070984 0.018946344032883644104 0.011506984010338783264
-9999 -9999 -9999 -9999 -9999 -9999 -9999 -9999 -9999 -9999 -9999 -9999 -9999 -9999 -9999 -9999 0.0071775610558688640594 0.0062173991464078426361 0.018521560356020927429 0.014744648709893226624 0.012507007457315921783 0.011580406688153743744 0.011496594175696372986 0.011428677476942539215 0.011407578364014625549 0.011392544955015182495 0.011505877599120140076 0.011639152653515338898 0.011559002101421356201 0.039690740406513214111 0.03962974250316619873 0.040092669427394866943 0.011744044721126556396 0.011685645207762718201 0.011554366908967494965 0.011432512663304805756 0.014436921104788780212 0.017375349998474121094 0.011681153438985347748 0.017954304814338684082
-9999 -9999 -9999 -9999 -9999 -9999 -9999 -9999 -9999 -9999 -9999 -9999 -9999 -9999 -9999 -9999 0.0058778277598321437836 0.018772361800074577332 0.010934374295175075531 0.011388629674911499023 0.011499482207000255585 0.027392404153943061829 0.025314988568425178528 0.02281077951192855835 0.020620197057723999023 0.018625963479280471802 0.017184497788548469543 0.016151372343301773071 0.014571109786629676819 0.012577879242599010468 0.011505870148539543152 0.011610329151153564453 0.040090382099151611328 0.040429167449474334717 0.038885947316884994507 0.036157600581645965576 0.034138940274715423584 0.032618641853332519531 0.031643025577068328857 0.030095493420958518982
-9999 -9999 -9999 -9999 -9999 -9999 -9999 -9999 -9999 -9999 -9999 -9999 -9999 -9999 -9999 0.0058725234121084213257 0.01786539517343044281 0.010622994042932987213 0.025622522458434104919 0.028069695457816123962 0.027155047282576560974 0.011510869488120079041 0.013962371274828910828 0.0158282499760389328 0.013749803416430950165 0.018293336033821105957 0.019332427531480789185 0.020362358540296554565 0.018917465582489967346 0.017171418294310569763 0.015945242717862129211 0.015140205621719360352 0.014422496780753135681 0.013821083121001720428 0.012240639887750148773 0.011382987722754478455 0.029295178130269050598 0.026912890374660491943 0.025082582607865333557 0.023949069902300834656
-9999 -9999 -9999 -9999 -9999 -9999 -9999 -9999 -9999 -9999 -9999 -9999 -9999 -9999 0.006258150096982717514 0.0091028138995170593262 0.024700568988919258118 0.025080064311623573303 0.011236632242798805237 0.011181290261447429657 0.011601605452597141266 0.01153393089771270752 0.011518404819071292877 0.011437104083597660065 0.01412454899400472641 0.011606839485466480255 0.011532552540302276611 0.011041393503546714783 0.011052994057536125183 0.011481667868793010712 0.011538343504071235657 0.021334916353225708008 0.023369893431663513184 0.025355225428938865662 0.026123289018869400024 0.030185375362634658813 0.01167871430516242981 0.01154901459813117981 0.011415872722864151001 0.011306689120829105377
-9999 -9999 -9999 -9999 -9999 -9999 -9999 -9999 -9999 -9999 -9999 -9999 -9999 -9999 0.0059740752913057804108 0.039496842771768569946 0.011085127480328083038 0.011129843071103096008 0.011188264936208724976 0.011202563531696796417 0.01116327289491891861 0.011087682098150253296 0.011511071585118770599 0.010995675809681415558 0.011021817103028297424 0.011091264896094799042 0.011060466058552265167 0.010996533557772636414 0.013466989621520042419 0.015547486953437328339 0.017436092719435691833 0.01125108916312456131 0.011266157031059265137 0.011281098239123821259 0.015297835692763328552 0.010865633375942707062 0.011173178441822528839 0.011156132444739341736 0.011093783192336559296 0.011034240014851093292
-9999 -9999 -9999 -9999 -9999 -9999 -9999 -9999 -9999 -9999 -9999 -9999 -9999 0.0095716230571269989014 0.050049774348735809326 0.011109573766589164734 0.011080160737037658691 0.011069838888943195343 0.011118053458631038666 0.011160778813064098358 0.011170768178999423981 0.011133712716400623322 0.011067583225667476654 0.011006390675902366638 0.010985273867845535278 0.011017755605280399323 0.01100608333945274353 0.010958872735500335693 0.011012825183570384979 0.011073721572756767273 0.011126513592898845673 0.011190813034772872925 0.01120435912162065506 0.016480088233947753906 0.0090753687545657157898 0.010743972845375537872 0.011082764714956283569 0.011074208654463291168 0.01105679292231798172 0.011042686179280281067
-9999 -9999 -9999 -9999 -9999 -9999 -9999 -9999 -9999 -9999 -9999 -9999 0.0063479272648692131042 0.011976425535976886749 0.010948142968118190765 0.011088720522820949554 0.011093250475823879242 0.011074655689299106598 0.01110610179603099823 0.011141096241772174835 0.011166761629283428192 0.01116956956684589386 0.011124186217784881592 0.011074106208980083466 0.011030603200197219849 0.011014280840754508972 0.010980688966810703278 0.010924990288913249969 0.010960508137941360474 0.010996588505804538727 0.011003972962498664856 0.011027548462152481079 0.01429475005716085434 0.011049491353332996368 0.0090458178892731666565 0.011054447852075099945 0.011010247282683849335 0.010976514779031276703 0.010932085104286670685 0.010906701907515525818
