tests/data/reference/gistest_nucice/full/mwlevel_m.asc
ncols        125
nrows        78
xllcorner    -713756.799299980048
yllcorner    -1061032.369616159936
cellsize     10.000000000000
NODATA_value  -9999
[rows 34 to 50 of 78, columns 0 to 39 of 125]
-9999 -9999 -9999 -9999 -9999 -9999 -9999 -9999 -9999 -9999 -9999 -9999 -9999 -9999 0.001342303701676428318 0.012368375435471534729 0.0059918439947068691254 0.0059514180757105350494 0.013899485580623149872 0.0047346344217658042908 0.0051693539135158061981 0.0056001143530011177063 0.0056782620958983898163 0.0056429472751915454865 0.0053580561652779579163 0.0058791972696781158447 0.0054442393593490123749 0.0053114504553377628326 0.0050388486124575138092 0.0050010909326374530792 0.0048506623134016990662 0.0044550509192049503326 0.0051559596322476863861 0.0053426809608936309814 0.009541034698486328125 0.0014667918439954519272 0.002261508256196975708 0.0048392610624432563782 0.0043274536728858947754 0.0038246186450123786926
-9999 -9999 -9999 -9999 -9999 -9999 -9999 -9999 -9999 -9999 -9999 -9999 -9999 0.0009293188340961933136 0.0016608437290415167809 0.0054308138787746429443 0.0059454282745718955994 0.014114050194621086121 0.0041849240660667419434 0.0046549141407012939453 0.005251268390566110611 0.0055199842900037765503 0.005685709882527589798 0.0053856205195188522339 0.0062971138395369052887 0.0055410079658031463623 0.0054516079835593700409 0.0052955322898924350739 0.0050897295586764812469 0.004644609987735748291 0.0039873686619102954865 0.0046829464845359325409 0.0049320794641971588135 0.007901452481746673584 0.0027713996823877096176 0.0014554084045812487602 0.004533183760941028595 0.0039136055856943130493 0.0033717998303472995758 0.0032760389149188995361
-9999 -9999 -9999 -9999 -9999 -9999 -9999 -9999 -9999 -9999 -9999 -9999 -9999 0.0013666446320712566376 0.0049186730757355690002 0.0057768309488892555237 0.014050031080842018127 0.0035570780746638774872 0.0041331234388053417206 0.0048694871366024017334 0.0052083167247474193573 0.0054378621280193328857 0.0050863153301179409027 0.006548860110342502594 0.0056681642308831214905 0.0055933664552867412567 0.0057029412128031253815 0.0053890924900770187378 0.0045305755920708179474 0.0036082451697438955307 0.0044900341890752315521 0.0048748641274869441986 0.0075353123247623443604 0.0014333340805023908615 0.0022130771540105342865 0.0042363023385405540466 0.0035440863575786352158 0.0029504741542041301727 0.0028988411650061607361 0.0042212717235088348389
-9999 -9999 -9999 -9999 -9999 -9999 -9999 -9999 -9999 -9999 -9999 -9999 0.001006653299555182457 0.0065631647594273090363 0.0060041304677724838257 0.01455573737621307373 0.002754509681835770607 0.0035228447522968053818 0.0044829342514276504517 0.0049304938875138759613 0.0051936758682131767273 0.004549197852611541748 0.0065635968931019306183 0.0055430443026125431061 0.0055632651783525943756 0.0059936488978564739227 0.0055301897227764129639 0.0044054277241230010986 0.0031872999388724565506 0.0043071350082755088806 0.005071077495813369751 0.0041538993827998638153 0.0057784491218626499176 0.0014993110671639442444 0.0039699589833617210388 0.0030767356511205434799 0.002424395410344004631 0.0024145669303834438324 0.0041962447576224803925 0.0023603227455168962479
-9999 -9999 -9999 -9999 -9999 -9999 -9999 -9999 -9999 -9999 -9999 0.0010406745132058858871 0.0015135933645069599152 0.0061184763908386230469 0.016232095658779144287 0.0016440589679405093193 0.002844137139618396759 0.0041375849395990371704 0.0047194715589284896851 0.0050332653336226940155 0.0040287510491907596588 0.006570741068571805954 0.0053927954286336898804 0.0054605985060334205627 0.0061830584891140460968 0.0055835172533988952637 0.0039749154821038246155 0.0025538133922964334488 0.003901510266587138176 0.0049652913585305213928 0.0040432354435324668884 0.0039094048552215099335 0.0038156085647642612457 0.0038235716056078672409 0.0024581647012382745743 0.0015279406215995550156 0.0015502575552091002464 0.0039560287259519100189 0.0015596734592691063881 0.0015582846244797110558
-9999 -9999 -9999 -9999 -9999 -9999 -9999 -9999 -9999 -9999 -9999 0.001100395573303103447 0.0060643930919468402863 0.017645088955760002136 0.0029984994325786828995 0.001756659126840531826 0.0039035119116306304932 0.0047219926491379737854 0.005052748601883649826 0.0034757454413920640945 0.006753446534276008606 0.005223286803811788559 0.0053429533727467060089 0.0063584852032363414764 0.0055588786490261554718 0.0034289951436221599579 0.0015548800583928823471 0.0033125844784080982208 0.0045592854730784893036 0.003493159078061580658 0.0035969915334135293961 0.0035630408674478530884 0.0035800554323941469193 0.0015449979109689593315 0.0015352666378021240234 0.0023438979405909776688 0.0031109245028346776962 0.0015419881092384457588 0.0024656676687300205231 0.0029936288483440876007
-9999 -9999 -9999 -9999 -9999 -9999 -9999 -9999 -9999 -9999 0.0010935137979686260223 0.0073922174051403999329 0.018748870119452476501 0.0039906422607600688934 0.0017972682835534214973 0.0030893590301275253296 0.0046954271383583545685 0.0053288154304027557373 0.0028525979723781347275 0.0071323844604194164276 0.0051859114319086074829 0.005217368248850107193 0.0064833196811378002167 0.0054698996245861053467 0.0026480273809283971786 0.0015493512619286775589 0.002580492757260799408 0.0040050023235380649567 0.0026845582760870456696 0.0027916328981518745422 0.0029171959031373262405 0.0029295526910573244095 0.0015646379906684160233 0.0025569817516952753067 0.0028472254052758216858 0.003195959143340587616 0.0036468186881393194199 0.0044370177201926708221 0.0051921736449003219604 0.0015424420125782489777
-9999 -9999 -9999 -9999 -9999 -9999 -9999 -9999 -9999 -9999 0.0010164321865886449814 0.016113126650452613831 0.0051312264986336231232 0.0029944460839033126831 0.0018274867907166481018 0.0041025499813258647919 0.0054492377676069736481 0.0017105733277276158333 0.0079389149323105812073 0.0053467466495931148529 0.005238727666437625885 0.0066614001989364624023 0.0053719049319624900818 0.0015422439901158213615 0.0015492498641833662987 0.002527376171201467514 0.0033257354516535997391 0.0015321094542741775513 0.0015275342157110571861 0.0015696667833253741264 0.0016573392786085605621 0.0016516839386895298958 0.0025677529629319906235 0.0028608064167201519012 0.0032604918815195560455 0.0036925543099641799927 0.0042592235840857028961 0.0048868106678128242493 0.0015370664186775684357 0.0054519195109605789185
-9999 -9999 -9999 -9999 -9999 -9999 -9999 -9999 -9999 0.0014219743898138403893 0.0067060398869216442108 0.014109499752521514893 0.0044622961431741714478 0.0018536825664341449738 0.003094810759648680687 0.0051753767766058444977 0.0054562515579164028168 0.0086083384230732917786 0.0057742511853575706482 0.0055768545717000961304 0.0070489072240889072418 0.0052853198722004890442 0.0027064764872193336487 0.0033590786624699831009 0.0037989539559930562973 0.0043096016161143779755 0.015009527094662189484 0.016906859353184700012 0.016698285937309265137 0.016806529834866523743 0.017203731462359428406 0.014905131421983242035 0.013363259844481945038 0.012942773289978504181 0.012509623542428016663 0.012369181960821151733 0.012583990581333637238 0.013036937452852725983 0.013843772001564502716 0.013655416667461395264
-9999 -9999 -9999 -9999 -9999 -9999 -9999 -9999 0.0010476262541487812996 0.0014623804017901420593 0.013933626003563404083 0.0029578730463981628418 0.0038685717154294252396 0.0018234286690130829811 0.004842920694500207901 0.0051809558644890785217 0.0056919627822935581207 0.005838070996105670929 0.0060057830996811389923 0.0079843541607260704041 0.0053724432364106178284 0.0015375913353636860847 0.0015309763839468359947 0.0026108685415238142014 0.01205623336136341095 0.013392885215580463409 0.0045608025975525379181 0.0034239131491631269455 0.0039663035422563552856 0.0044365073554217815399 0.0048528062179684638977 0.004825083073228597641 0.0049075679853558540344 0.0049541173502802848816 0.0049835518002510070801 0.005039758048951625824 0.0051498631946742534637 0.0052967495284974575043 0.0055519444867968559265 0.0055862143635749816895
-9999 -9999 -9999 -9999 -9999 -9999 -9999 -9999 0.0011202112073078751564 0.001949233468621969223 0.013552556745707988739 0.0017261634347960352898 0.0030267115216702222824 0.0040760710835456848145 0.0047827297821640968323 0.0055709057487547397614 0.0058087091892957687378 0.005986819043755531311 0.0084596741944551467896 0.0057238815352320671082 0.0053467592224478721619 0.0077912011183798313141 0.0099654011428356170654 0.012090667150914669037 0.0040504350326955318451 0.0040133129805326461792 0.0025856532156467437744 0.0015517751453444361687 0.0025052905548363924026 0.003172011813148856163 0.0037344773299992084503 0.0039888885803520679474 0.0042472430504858493805 0.0044359290041029453278 0.0045591485686600208282 0.004597478080540895462 0.0051047196611762046814 0.027572736144065856934 0.029963966459035873413 0.031031187623739242554
-9999 -9999 -9999 -9999 -9999 -9999 -9999 -9999 0.0018315742490813136101 0.01344258524477481842 0.0047192960046231746674 0.0018046682234853506088 0.003069936530664563179 0.0040112873539328575134 0.0052381851710379123688 0.0056270840577781200409 0.0059694289229810237885 0.0083384178578853607178 0.0054734963923692703247 0.005499493330717086792 0.0052166036330163478851 0.0051099252887070178986 0.0051965042948722839355 0.0034142937511205673218 0.0034493179991841316223 0.0015488859498873353004 0.0015474040992558002472 0.0024268804118037223816 0.0030854160431772470474 0.0036785099655389785767 0.004151224624365568161 0.0043321098200976848602 0.0044655655510723590851 0.0048594418913125991821 0.025212680920958518982 0.028422037139534950256 0.031121972948312759399 0.0058109313249588012695 0.0057748234830796718597 0.0056938296183943748474
-9999 -9999 -9999 -9999 -9999 -9999 -9999 0.0010740869911387562752 0.012066090479493141174 0.003984720911830663681 0.0039539900608360767365 0.0017914135241881012917 0.0030663313809782266617 0.004629635252058506012 0.0051356721669435501099 0.0057122935540974140167 0.0084385294467210769653 0.0051612001843750476837 0.0054219062440097332001 0.0054500675760209560394 0.0052191442809998989105 0.0051170629449188709259 0.0026291115209460258484 0.0026007418055087327957 0.002622884698212146759 0.0032851058058440685272 0.003631757805123925209 0.004033899400383234024 0.0046148430556058883667 0.0050727175548672676086 0.0052803028374910354614 0.0054301596246659755707 0.024336909875273704529 0.027274984866380691528 0.0059499181807041168213 0.0059701283462345600128 0.0058898362331092357635 0.0057361181825399398804 0.0055812173523008823395 0.0054618092253804206848
-9999 -9999 -9999 -9999 -9999 -9999 -9999 0.011554597876965999603 0.0071774665266275405884 0.0028838592115789651871 0.0028990376740694046021 0.0017002368113026022911 0.0038605225272476673126 0.0044148382730782032013 0.0051625920459628105164 0.0080049438402056694031 0.0045165987685322761536 0.0051692449487745761871 0.0056041036732494831085 0.0056259585544466972351 0.0052983369678258895874 0.0015290940646082162857 0.0015484514879062771797 0.0015521423192694783211 0.0015510503435507416725 0.0025099937338382005692 0.0030879187397658824921 0.0036892471835017204285 0.018985699862241744995 0.021046103909611701965 0.022249491885304450989 0.024271000176668167114 0.0059897927567362785339 0.0060066329315304756165 0.0059493356384336948395 0.0058333463966846466064 0.0057114795781672000885 0.0055922940373420715332 0.0054672784171998500824 0.0053618638776242733002
-9999 -9999 -9999 -9999 -9999 -9999 0.0011683570919558405876 0.0074070626869797706604 0.0074614598415791988373 0.0017470695311203598976 0.0017273304983973503113 0.0029838266782462596893 0.003810014575719833374 0.0048543233424425125122 0.008019318804144859314 0.003715027589350938797 0.0044302293099462985992 0.005072841886430978775 0.0055597634054720401764 0.0055990992113947868347 0.005289567168802022934 0.0077357240952551364899 0.009741933085024356842 0.011526125483214855194 0.014696337282657623291 0.01538677699863910675 0.016452655196189880371 0.018170477822422981262 0.0054477462545037269592 0.0055612451396882534027 0.0056577781215310096741 0.0057543045841157436371 0.0058449679054319858551 0.0058450014330446720123 0.00574034079909324646 0.0056449887342751026154 0.0055732075124979019165 0.0054970444180071353912 0.0053670248016715049744 0.0053621935658156871796
-9999 -9999 -9999 -9999 -9999 0.0025364353787153959274 0.0079656243324279785156 0.003741389373317360878 0.005982572212815284729 0.0018108781659975647926 0.0018585139187052845955 0.0030589452944695949554 0.0048797163181006908417 0.0087436614558100700378 0.0029423113446682691574 0.0037905212957412004471 0.0044158208183944225311 0.0049473941326141357422 0.0054403417743742465973 0.0054984474554657936096 0.0052266586571931838989 0.0050873388536274433136 0.0050493627786636352539 0.0071540088392794132233 0.0038771631661802530289 0.0043490794487297534943 0.0047623123973608016968 0.0050513297319412231445 0.0051647922955453395844 0.0054362439550459384918 0.0055021755397319793701 0.0055411038920283317566 0.005705170799046754837 0.0057188542559742927551 0.0056973332539200782776 0.0056593758054077625275 0.0056146387942135334015 0.0055183074437081813812 0.0055114179849624633789 0.0052681579254567623138
-9999 -9999 -9999 -9999 -9999 0.002363844309002161026 0.0052310638129711151123 0.0029504992999136447906 0.0038115656934678554535 0.0029690400697290897369 0.0019519724883139133453 0.0047676227986812591553 0.0099405189976096153259 0.0017564945155754685402 0.0029907356947660446167 0.0038022533990442752838 0.0043494221754372119904 0.0048674363642930984497 0.0053453478030860424042 0.0052942493930459022522 0.0050407717935740947723 0.004853391554206609726 0.0073130540549755096436 0.0032966071739792823792 0.0037741458509117364883 0.0041796090081334114075 0.0045285681262612342834 0.0045972629450261592865 0.0048641618341207504272 0.0049632219597697257996 0.0050387233495712280273 0.005222254432737827301 0.005240342114120721817 0.0052875815890729427338 0.0053486814722418785095 0.0053982562385499477386 0.0054176822304725646973 0.005677178502082824707 0.005366811063140630722 0.0053426679223775863647
