tests/data/reference/gistest_nucice/full/mwlevel_m.asc
ncols        123
nrows        77
xllcorner    -713746.799299980048
yllcorner    -1061022.369616159936
cellsize     10.000000000000
NODATA_value -9999
[rows 36 to 53 of 77, columns 80 to 119 of 123]
0.011176091618835926056 0.011138164438307285309 0.022597936913371086121 0 0 0.0088017052039504051208 0.010661221109330654144 0.011054649017751216888 0.011056225746870040894 0.011087657883763313293 0.017519311979413032532 0.01096337195485830307 0.010915225371718406677 0.010937587358057498932 0.010652500204741954803 0.0091492859646677970886 0.011011972092092037201 0.013386272825300693512 0.010773690417408943176 0.010983792133629322052 0.010968463495373725891 0.012087511830031871796 0.010712853632867336273 0.013146074488759040833 0.017394660040736198425 0.0062353508546948432922 -9999 -9999 -9999 -9999 -9999 -9999 -9999 -9999 -9999 -9999 -9999 -9999 -9999 -9999
0.011110180988907814026 0.011075085029006004333 0 0 0.010592962615191936493 0.0087788067758083343506 0.011022426187992095947 0.011073688045144081116 0.011093286797404289246 0.011106877587735652924 0.018609631806612014771 0.011010918766260147095 0.010966567322611808777 0.010931632481515407562 0.01065220218151807785 0.010954680852591991425 0.011369531042873859406 0.0092685250565409660339 0.011125984601676464081 0.011140910908579826355 0.011086083948612213135 0.011042396537959575653 0.010908506810665130615 0.011195957660675048828 0.013765417039394378662 0.017358208075165748596 0.0095265032723546028137 0.0060211922973394393921 -9999 -9999 -9999 -9999 -9999 -9999 -9999 -9999 -9999 -9999 -9999 -9999
0.011081845499575138092 0 0 0.011048732325434684753 0.010593987070024013519 0.0087645445019006729126 0.011074936948716640472 0.011074726469814777374 0.011083131656050682068 0.019690586254000663757 0.011055802926421165466 0.011010562069714069366 0.010962386615574359894 0.01093266904354095459 0.010955143719911575317 0.010942907072603702545 0.010672887787222862244 0.01100475899875164032 0.0092968437820672988892 0.011128875426948070526 0.011123293079435825348 0.011099233292043209076 0.011062083765864372253 0.011059844866394996643 0.01164660230278968811 0.013886930420994758606 0.010698487982153892517 0.017464118078351020813 0.006044821813702583313 -9999 -9999 -9999 -9999 -9999 -9999 -9999 -9999 -9999 -9999 -9999
0 0 0.0087951850146055221558 0.013700247742235660553 0.010595560073852539062 0.0087584294378757476807 0.011090398766100406647 0.011079131625592708588 0.011071518994867801666 0.020406424999237060547 0.011036416515707969666 0.010994675569236278534 0.010945097543299198151 0.010944033041596412659 0.010957940481603145599 0.010928432457149028778 0.010919990949332714081 0.010650608688592910767 0.0092185232788324356079 0.011075622402131557465 0.011129192076623439789 0.01118044927716255188 0.011211174540221691132 0.011182396672666072845 0.011140535585582256317 0.011766721494495868683 0.010936914011836051941 0.013856221921741962433 0.0094037894159555435181 0.0089863389730453491211 -9999 -9999 -9999 -9999 -9999 -9999 -9999 -9999 -9999 -9999
0 0.009236117824912071228 0.010690391063690185547 0.015395995229482650757 0.0087018907070159912109 0.010609296150505542755 0.011084880679845809937 0.011088222265243530273 0.011078780516982078552 0.021161891520023345947 0.011048932559788227081 0.011011247523128986359 0.010965150780975818634 0.010942524299025535583 0.010954383760690689087 0.010992597788572311401 0.010946006514132022858 0.010643609799444675446 0.010927427560091018677 0.0092225996777415275574 0.011058970354497432709 0.011100372299551963806 0.011135979555547237396 0.011139702051877975464 0.011113533750176429749 0.011110602878034114838 0.011032366193830966949 0.011686806567013263702 0.010698520578444004059 0.023011628538370132446 0.006103644147515296936 -9999 -9999 -9999 -9999 -9999 -9999 -9999 -9999 -9999
0 0.011320719495415687561 0.011544502340257167816 0.015485310927033424377 0.0086753023788332939148 0.010984288528561592102 0.011070289649069309235 0.011096582747995853424 0.022084809839725494385 0.011090338230133056641 0.011060729622840881348 0.011017495766282081604 0.010985570959746837616 0.010961922816932201385 0.010957873426377773285 0.011014731600880622864 0.011004085652530193329 0.010963646695017814636 0.010643145069479942322 0.0091277305036783218384 0.01098986063152551651 0.011004046536982059479 0.011024846695363521576 0.011058737523853778839 0.011097198352217674255 0.011110557243227958679 0.011106371879577636719 0.011112180538475513458 0.010962512344121932983 0.017803840339183807373 0.017595909535884857178 0.0067379446700215339661 -9999 -9999 -9999 -9999 -9999 -9999 -9999 -9999
0.0096568455919623374939 0.011808837763965129852 0.011748079210519790649 0.015137386508285999298 0.010695822536945343018 0.011136583983898162842 0.011110057123005390167 0.011093703098595142365 0.021848285570740699768 0.011103658005595207214 0.011077929288148880005 0.01101156231015920639 0.010969795286655426025 0.010959425941109657288 0.010955383069813251495 0.011014985851943492889 0.011062675155699253082 0.011004082858562469482 0.0090460069477558135986 0.0107292933389544487 0.011023270897567272186 0.011025483720004558563 0.01103395409882068634 0.011034610681235790253 0.011029565706849098206 0.011039149016141891479 0.011066131293773651123 0.011061042547225952148 0.010986223816871643066 0.014499105513095855713 0.01016664598137140274 0.0068531404249370098114 0.006731901317834854126 0.0061947400681674480438 -9999 -9999 -9999 -9999 -9999 -9999
0.0071208840236067771912 0.011444743722677230835 0.015241094864904880524 0.014617150649428367615 0.011299325153231620789 0.011298131197690963745 0.011184369213879108429 0.011097307316958904266 0.021282730624079704285 0.011094068177044391632 0.011094246990978717804 0.011028364300727844238 0.010960810817778110504 0.010939348489046096802 0.010941470041871070862 0.011011125519871711731 0.011072433553636074066 0.010742385871708393097 0.0090518556535243988037 0.01106211543083190918 0.011070626787841320038 0.011060836724936962128 0.011061560362577438354 0.011028246022760868073 0.010964430868625640869 0.010969636961817741394 0.011019540019333362579 0.011028994806110858917 0.010981581173837184906 0.012188009917736053467 0.010739115066826343536 0.0092738401144742965698 0.017740046605467796326 0.006733199581503868103 0.0060239592567086219788 -9999 -9999 -9999 -9999 -9999
0 0 0.016758501529693603516 0.014169891364872455597 0.011693162843585014343 0.011213241145014762878 0.011163064278662204742 0.011124585755169391632 0.021339956670999526978 0.01108788512647151947 0.011084281839430332184 0.011041469871997833252 0.010970246046781539917 0.01091914251446723938 0.010900228284299373627 0.010960835032165050507 0.010988518595695495605 0.0107006048783659935 0.0090318033471703529358 0.011091081425547599792 0.011085340753197669983 0.011057569645345211029 0.011025547981262207031 0.010994195006787776947 0.010968024842441082001 0.010980500839650630951 0.010999288409948348999 0.01101140584796667099 0.01102795824408531189 0.011014007963240146637 0.010942227207124233246 0.011645810678601264954 0.0092301145195960998535 0.0092464964836835861206 0.017639026045799255371 0.0057065598666667938232 -9999 -9999 -9999 -9999
0.011234070174396038055 0 0 0 0.011517560109496116638 0.011374975554645061493 0.011091093532741069794 0.011146527715027332306 0.022035276517271995544 0.011111564002931118011 0.011075153946876525879 0.0110449986532330513 0.010988607071340084076 0.010924210771918296814 0.010878378525376319885 0.010907618328928947449 0.010920109227299690247 0.010637000203132629395 0.0089822681620717048645 0.011075931601226329803 0.011092800647020339966 0.011058936826884746552 0.010986070148646831512 0.010955804958939552307 0.010982594452798366547 0.010995989665389060974 0.010979910381138324738 0.011006223969161510468 0.011080979369580745697 0.011098884046077728271 0.011028734967112541199 0.012784066610038280487 0.01043013203889131546 0.009037428535521030426 0.01017396245151758194 0.017027471214532852173 0.0067326864227652549744 -9999 -9999 -9999
0.011110821738839149475 0.011507109738886356354 0.011685382574796676636 0 0 0 0.0116101875901222229 0.011237729340791702271 0.023825466632843017578 0.011180238798260688782 0.01110249105840921402 0.011067756451666355133 0.011028850451111793518 0.010979668237268924713 0.010928146541118621826 0.010924785397946834564 0.010900780558586120605 0.010586351156234741211 0.0089086871594190597534 0.011025854386389255524 0.01104539819061756134 0.011047241277992725372 0.011014775373041629791 0.011005621403455734253 0.011030090972781181335 0.011042375117540359497 0.011039629578590393066 0.011056816205382347107 0.011095050722360610962 0.01112680044025182724 0.011122181080281734467 0.014478972181677818298 0.010514781810343265533 0.0089538684114813804626 0.016390630975365638733 0.0093111051246523857117 0.0093260146677494049072 0.0067522153258323669434 0.010035996325314044952 -9999
0.011070220731198787689 0.011413283646106719971 0.011557185091078281403 0.011674137786030769348 0.011926493607461452484 0 0 0.011381231248378753662 0.027438351884484291077 0.011278598569333553314 0.011154148727655410767 0.011094699613749980927 0.011063321493566036224 0.011043547652661800385 0.011001066304743289948 0.010973801836371421814 0.010911859571933746338 0.010551697574555873871 0.0088196573778986930847 0.010981492698192596436 0.010992038995027542114 0.011021588928997516632 0.011047608219087123871 0.011066691949963569641 0.01107884477823972702 0.011094617657363414764 0.011112171225249767303 0.011109203100204467773 0.01109930034726858139 0.011138063855469226837 0.01719106920063495636 0.011101242154836654663 0.010618186555802822113 0.013648798689246177673 0.010723151266574859619 0.010739262215793132782 0.0094305304810404777527 0.014974483288824558258 0.0095987794920802116394 -9999
0.011474621482193470001 0.011401124298572540283 0.011503852903842926025 0.011653582565486431122 0.011910723522305488586 0.0097916861996054649353 0 0.011762976646423339844 0.030953511595726013184 0.011357172392308712006 0.011213899590075016022 0.011114887893199920654 0.011065048165619373322 0.011068379506468772888 0.011047960259020328522 0.011022292077541351318 0.010945273563265800476 0.010545874945819377899 0.008747752755880355835 0.010989637114107608795 0.010981746949255466461 0.011003637686371803284 0.011050420813262462616 0.011092785745859146118 0.01111620292067527771 0.01112849358469247818 0.011133891530334949493 0.011133627034723758698 0.011136553250253200531 0.011142411269247531891 0.018465304747223854065 0.011147676035761833191 0.011878461576998233795 0.010854708962142467499 0.010830079205334186554 0.010704499669373035431 0.012501453980803489685 0.010664787143468856812 -9999 -9999
0.011324927210807800293 0.011366740800440311432 0.011487821117043495178 0.011633438058197498322 0.011836150661110877991 0.011839968152344226837 0 0 0.032900847494602203369 0.011408239603042602539 0.011282323859632015228 0.01115454547107219696 0.011072877794504165649 0.01107606012374162674 0.011074404232203960419 0.011062880046665668488 0.010979074053466320038 0.010539838112890720367 0.0086908806115388870239 0.011009395122528076172 0.0109821343794465065 0.010991690680384635925 0.011050975881516933441 0.01111361384391784668 0.011152749881148338318 0.011157365515828132629 0.011144220829010009766 0.01115548890084028244 0.011181639507412910461 0.019971443340182304382 0.01114376261830329895 0.011157592758536338806 0.011079327203333377838 0.01091669127345085144 0.010761787183582782745 0.011015124619007110596 0.010916455648839473724 -9999 -9999 -9999
0.010739794932305812836 0.011319930665194988251 0.011494473554193973541 0.011596750468015670776 0.011782965622842311859 0.016641978174448013306 0.011687357909977436066 0 0.0371381416916847229 0.01140234433114528656 0.01131486985832452774 0.011194469407200813293 0.011104604229331016541 0.011096599511802196503 0.01109776180237531662 0.0086807673797011375427 0.011080504395067691803 0.012863435782492160797 0.0086427042260766029358 0.011025607585906982422 0.011015163734555244446 0.011016955599188804626 0.011040106415748596191 0.011072737164795398712 0.011103318072855472565 0.011111965402960777283 0.011108459904789924622 0.011118195950984954834 0.011133033782243728638 0.020854188129305839539 0.011152268387377262115 0.011146394535899162292 0.011142092756927013397 0.01105439942330121994 0.010913849808275699615 0.010745177976787090302 0.0091129681095480918884 -9999 -9999 -9999
0.010945306159555912018 0.011235904879868030548 0.011442047543823719025 0.011589981615543365479 0.011763065122067928314 0.01196110900491476059 0.016087502241134643555 0 0 0.011756521649658679962 0.011308467946946620941 0.011212414130568504333 0.011135226115584373474 0.011121721938252449036 0.010609121993184089661 0.0086789736524224281311 0.011119613423943519592 0.013883894309401512146 0.0086069563403725624084 0.011032926850020885468 0.011048008687794208527 0.011048701591789722443 0.011026384308934211731 0.011017740704119205475 0.011035667732357978821 0.011054322123527526855 0.011065387167036533356 0.011067216284573078156 0.011063340120017528534 0.022400774061679840088 0.011151248589158058167 0.011154382489621639252 0.011163471266627311707 0.011169921606779098511 0.01106320507824420929 0.010556692257523536682 0.008996726013720035553 0.0092472676187753677368 -9999 -9999
0.010916690342128276825 0.010996762663125991821 0.011266738176345825195 0.0115636410191655159 0.011740132234990596771 0.011847143992781639099 0.011818462982773780823 0.015127887018024921417 0 0.015370460227131843567 0.011267656460404396057 0.011221894994378089905 0.011179800145328044891 0.01111725345253944397 0.0087070688605308532715 0.010616664774715900421 0.011111848987638950348 0.012364570051431655884 0.010555487126111984253 0.011050515808165073395 0.011047529056668281555 0.011050200089812278748 0.011040212586522102356 0.011014367453753948212 0.010989269241690635681 0.010990500450134277344 0.011020025238394737244 0.011054658330976963043 0.022811355069279670715 0.011077022179961204529 0.011116345413029193878 0.011134410277009010315 0.011135899461805820465 0.011200202628970146179 0.011155543848872184753 0.010692175477743148804 0.010509409941732883453 0.0091055016964673995972 0.0094182435423135757446 -9999
0.010901391506195068359 0.01096551213413476944 0.011087100952863693237 0.011433400213718414307 0.011644376441836357117 0.011694555170834064484 0.011703602969646453857 0.017209365963935852051 0 0 0.011505384929478168488 0.011195349507033824921 0.01120579894632101059 0.0088114133104681968689 0.010696269571781158447 0.01108228880912065506 0.011100810952484607697 0.011165763251483440399 0.011028455570340156555 0.011075236834585666656 0.011044836603105068207 0.011042709462344646454 0.011058079078793525696 0.011027347296476364136 0.010956963524222373962 0.010933056473731994629 0.010975674726068973541 0.011036556214094161987 0.023193774744868278503 0.011033709160983562469 0.015963267534971237183 0.013918619602918624878 0.011133985593914985657 0.011202506721019744873 0.01119249686598777771 0.011053222231566905975 0.013074313290417194366 0.011929363012313842773 0.0092711485922336578369 -9999
