tests/data/reference/gistest_nucice/full/mwlevel_m.asc
ncols        125
nrows        78
xllcorner    -713756.799299980048
yllcorner    -1061032.369616159936
cellsize     10.000000000000
NODATA_value  -9999
[rows 51 to 67 of 78, columns 80 to 119 of 125]
0.0016811221139505505562 0.0020152004435658454895 0.0021282187663018703461 0.0023324729409068822861 0.0026676540728658437729 0.0032842925284057855606 0.0043742158450186252594 0.0091506130993366241455 0 0.042862359434366226196 0.0056452928110957145691 0.0052449437789618968964 0.0047352081164717674255 0.0042825285345315933228 0.0038310373201966285706 0.0019195632776245474815 0.0012719109654426574707 0.0032332590781152248383 0.003615366760641336441 0.0012332731857895851135 0.0046396106481552124023 0.0048417681828141212463 0.0048597720451653003693 0.0048101660795509815216 0.0050469315610826015472 0.0052190157584846019745 0.0055582565255463123322 0.005134648643434047699 0.005780955776572227478 0.0057910191826522350311 0.017301684245467185974 0.0043513700366020202637 0.0043370854109525680542 0.0038737365975975990295 0.0045417449437081813812 0.0038125258870422840118 0.002167624887079000473 0.0014539179392158985138 0.0015481768641620874405 -9999
0.00244174920953810215 0.0026307462248951196671 0.0027501417789608240128 0.0027838218957185745239 0.0032556378282606601715 0.0038259660359472036362 0.0047434912994503974915 0.0055272202007472515106 0.0093735894188284873962 0 0.0086138537153601646423 0.0052150841802358627319 0.0047926730476319789886 0.0043536457233130931854 0.002522940048947930336 0.0012907859636470675468 0.0018833641661331057549 0.003585360012948513031 0.0039012215565890073776 0.0017804515082389116287 0.004726538434624671936 0.0048893941566348075867 0.004900498315691947937 0.0049060289748013019562 0.0051286141388118267059 0.0052399784326553344727 0.0052304994314908981323 0.0049514672718942165375 0.0060281464830040931702 0.018780792132019996643 0.0046376050449907779694 0.0047121872194111347198 0.0042946897447109222412 0.0049242372624576091766 0.0043386989273130893707 0.0028941195923835039139 0.0021967787761241197586 0.0022018034942448139191 0.0014905324205756187439 0.0015506937634199857712
0.006803155411034822464 0.0063197542913258075714 0.0061579956673085689545 0.0063586644828319549561 0.0066330470144748687744 0.0070966910570859909058 0.0077940076589584350586 0.0058340481482446193695 0.012143520638346672058 0 0.01050695125013589859 0.0049819825217127799988 0.0048355003818869590759 0.0031539648771286010742 0.0013474948937073349953 0.0019509254489094018936 0.0023834090679883956909 0.0038530179299414157867 0.0041126003488898277283 0.0022062635980546474457 0.0048051509074866771698 0.004905948881059885025 0.0049642594531178474426 0.0050231064669787883759 0.0050827511586248874664 0.0050460281781852245331 0.0049051647074520587921 0.0049913264811038970947 0.0063272099941968917847 0.021447949111461639404 0.0048924139700829982758 0.009668828919529914856 0.0076014571823179721832 0.0046117897145450115204 0.0035234384704381227493 0.0029394612647593021393 0.0028097757603973150253 0.0037805933970957994461 0.0027258491609245538712 0.0015216825995594263077
0.0025861451867967844009 0.0028250596951693296432 0.0030159752350300550461 0.003302759956568479538 0.0037589436396956443787 0.0041004568338394165039 0.0046121734194457530975 0.011173306964337825775 0.015242093242704868317 0.0012074841652065515518 0 0.0048516197130084037781 0.0034521336201578378677 0.0020316361915320158005 0.0013253632932901382446 0.0023827787954360246658 0.0027161652687937021255 0.0039997166022658348083 0.004291814751923084259 0.0025758470874279737473 0.0048751910217106342316 0.0049522346816956996918 0.0050775972194969654083 0.005123095586895942688 0.0049890377558767795563 0.0049499245360493659973 0.0050898683257400989532 0.0054656220600008964539 0.022916128858923912048 0.0049862135201692581177 0.0093029085546731948853 0.0013485943200066685677 0.0014237202703952789307 0.0039558461867272853851 0.0035743003245443105698 0.0075479354709386825562 0.0054699988104403018951 0.0026283061597496271133 0.0020530549809336662292 0.0014861215604469180107
0.011153569445013999939 0.010832098312675952911 0.010360216721892356873 0.010071784257888793945 0.010284737683832645416 0.010703297331929206848 0.010925831273198127747 0.012348705902695655823 0.012482920661568641663 0.013470755890011787415 0 0.0036979205906391143799 0.0023890740703791379929 0.0012889435747638344765 0.0018305298872292041779 0.0025957108009606599808 0.0028937864117324352264 0.0040731956250965595245 0.0044774245470762252808 0.002928715897724032402 0.0049721254035830497742 0.0050357980653643608093 0.0051686693914234638214 0.005168482661247253418 0.0050064479000866413116 0.005128374788910150528 0.0055765737779438495636 0.024291183799505233765 0.0050399219617247581482 0.0092991311103105545044 0.0029256492853164672852 0.0019406945211812853813 0.0040827384218573570251 0.0039458354003727436066 0.010032631456851959229 0.0043089315295219421387 0.0035246468614786863327 0.0029866085387766361237 0.002584255533292889595 0.0022689076140522956848
0.0053512761369347572327 0.0052065276540815830231 0.0049836589023470878601 0.0046878410503268241882 0.0045412266626954078674 0.0046023041941225528717 0.004710195586085319519 0.0050345687195658683777 0.016757009550929069519 0.023361107334494590759 0 0.0058722863905131816864 0.0011352034052833914757 0.0016580644296482205391 0.0021347329020500183105 0.0027775028720498085022 0.003083729185163974762 0.0042183701880276203156 0.0047143744304776191711 0.0032703087199479341507 0.0050805853679776191711 0.0051535079255700111389 0.0052961362525820732117 0.0053194924257695674896 0.0052720219828188419342 0.0055707250721752643585 0.0061792554333806037903 0.028012057766318321228 0.0092187756672501564026 0.0033600346650928258896 0.0041792094707489013672 0.0039717694744467735291 0.0039910050109028816223 0.0097154490649700164795 0.004675841890275478363 0.0040395869873464107513 0.0033384261187165975571 0.002922479528933763504 0.002645562170073390007 0.0023083728738129138947
0.0083222985267639160156 0.0079963011667132377625 0.0080571006983518600464 0.0084758559241890907288 0.0083887707442045211792 0.0082317963242530822754 0.0081650009378790855408 0.0080444505438208580017 0.0080863339826464653015 0.02519165724515914917 0.017626065760850906372 0 0.0015149486716836690903 0.0019314645323902368546 0.0023795857559889554977 0.0029853226151317358017 0.003333372063934803009 0.0044453735463321208954 0.0049648522399365901947 0.0035872431471943855286 0.0052271434105932712555 0.0053729978390038013458 0.0055411006323993206024 0.0056331492960453033447 0.0057445121929049491882 0.0061800843104720115662 0.030303593724966049194 0.0094297453761100769043 0.0038265765178948640823 0.0044384263455867767334 0.0012525998754426836967 0.0039778668433427810669 0.0090649900957942008972 0.0047548906877636909485 0.0049929358065128326416 0.004372846800833940506 0.0038082795217633247375 0.0036059799604117870331 0.0036458622198551893234 0.0035920457448810338974
0.0053353426046669483185 0.0056390487588942050934 0.0059506404213607311249 0.014617458917200565338 0.013966691680252552032 0.013687721453607082367 0.014899918809533119202 0.015149860642850399017 0.014320759102702140808 0.013703505508601665497 0.046005997806787490845 0.0010873585706576704979 0 0.0023211007937788963318 0.0025783483870327472687 0.0033008116297423839569 0.0036777565255761146545 0.0047305645421147346497 0.005232950206845998764 0.0039408016018569469452 0.0054657831788063049316 0.0056327115744352340698 0.0057258419692516326904 0.0058386367745697498322 0.0061146519146859645844 0.03163197636604309082 0.0092730848118662834167 0.0043684439733624458313 0.0076626134105026721954 0.0047405944205820560455 0.004191462881863117218 0.0086530772969126701355 0.00471911625936627388 0.0078749479725956916809 0.0048074014484882354736 0.0043481253087520599365 0.0039300923235714435577 0.0037996144965291023254 0.0039999764412641525269 0.0041485102847218513489
0.0084571549668908119202 0.010263227857649326324 0.012958893552422523499 0.0026186874601989984512 0.0035530193708837032318 0.0043991836719214916229 0.0020409747958183288574 0.0020039235241711139679 0.0029664519242942333221 0.0038181932177394628525 0.004306964576244354248 0.048713486641645431519 0 0.0068951658904552459717 0.002983791520819067955 0.003590796375647187233 0.0040909624658524990082 0.005040438380092382431 0.0055524040944874286652 0.0043655610643327236176 0.0057450341992080211639 0.0058371447958052158356 0.0057736109010875225067 0.0058907913044095039368 0.031911797821521759033 0.0088324956595897674561 0.0046617668122053146362 0.01315350458025932312 0.0083558447659015655518 0.0084409993141889572144 0.0085696363821625709534 0.0048138503916561603546 0.01005970686674118042 0.0046674325130879878998 0.0043545952066779136658 0.0040090591646730899811 0.0036483679432421922684 0.0034024284686893224716 0.0035677484702318906784 0.0035286657512187957764
0.0034443032927811145782 0.0051418221555650234222 0.0022626440040767192841 0.0017453909385949373245 0.0016817573923617601395 0.0016427886439487338066 0.0016221997793763875961 0.001575993257574737072 0.0015087651554495096207 0.0015200275229290127754 0.0019101951038464903831 0.0024345847778022289276 0.053319983184337615967 0 0.003614675719290971756 0.0042412281036376953125 0.0045914333313703536987 0.0053588533774018287659 0.0058664227835834026337 0.0047576776705682277679 0.005892625078558921814 0.0059161074459552764893 0.0058370581828057765961 0.0061525106430053710938 0.037963312119245529175 0.0050565153360366821289 0.015395723283290863037 0.0051048747263848781586 0.0052063656039535999298 0.0052143852226436138153 0.0050032120198011398315 0.0099622011184692382812 0.0012650015996769070625 0.0036109529901295900345 0.0031759277917444705963 0.0027617362793534994125 0.0023533739149570465088 0.0019782881718128919601 0.0015020797727629542351 0.0026120869442820549011
0.0047712712548673152924 0.0017838891362771391869 0.0011980172712355852127 0.0011818872299045324326 0.0011581402504816651344 0.001134947524406015873 0.0011118231341242790222 0.0010779090225696563721 0.0010364914778620004654 0.0037827461492270231247 0.0043791220523416996002 0.0048105125315487384796 0.0058187148533761501312 0.059523191303014755249 0 0.0052363770082592964172 0.0050102849490940570831 0.0056322026066482067108 0.0061106230132281780243 0.0050728125497698783875 0.005905899684876203537 0.0059056542813777923584 0.0060394126921892166138 0.039499841630458831787 0.0054327067919075489044 0.016272043809294700623 0.0022330852225422859192 0.0017639031866565346718 0.0012738067889586091042 0.0012984010390937328339 0.010577656328678131104 0.0018772201146930456161 0.0040041524916887283325 0.0012540457537397742271 0.0018289322033524513245 0.0012434375239536166191 0.0012760539539158344269 0.0013569633010774850845 -9999 0.0015497370623052120209
0.0011850248556584119797 0.001192735740914940834 0.0017291286494582891464 0.0021551209501922130585 0.0025375450495630502701 0.0028697228990495204926 0.003143015783280134201 0.0033728969283401966095 0.003573437221348285675 0.0010366485221311450005 0.0010291800135746598244 0.0015729736769571900368 0.002118407050147652626 0.0029152058996260166168 0.065380200743675231934 0 0.0050130439922213554382 0.0056679630652070045471 0.0063065458089113235474 0.0054434738121926784515 0.0060633821412920951843 0.0061456672847270965576 0.041338481009006500244 0.0057477666996419429779 0.017266694456338882446 0.0030122282914817333221 0.0026029248256236314774 0.0022931413259357213974 0.0019185970304533839226 0.010895792394876480103 0.0012852135114371776581 0.0044020423665642738342 0.0018760436214506626129 0.0023518444504588842392 0.0012285574339330196381 -9999 -9999 -9999 -9999 -9999
0.0047551016323268413544 0.004860369022935628891 0.0049189929850399494171 0.0050293784588575363159 0.0052211182191967964172 0.0054104700684547424316 0.0055726217105984687805 0.0056900824420154094696 0.0057205669581890106201 0.0057651079259812831879 0.0058402977883815765381 0.0098378192633390426636 0.010584211908280849457 0.011178446002304553986 0.012055741623044013977 0 0.0063055818900465965271 0.0052898912690579891205 0.0096499221399426460266 0.0012875810498371720314 0.0064373263157904148102 0.045163411647081375122 0.0059617729857563972473 0.019068414345383644104 0.0026484082918614149094 0.0021221835631877183914 0.0017924938583746552467 0.0012760402169078588486 0.010869481600821018219 0.0019725982565432786942 0.0048919548280537128448 0.0024357789661735296249 0.0028124020900577306747 -9999 -9999 -9999 -9999 -9999 -9999 -9999
0.0047558057121932506561 0.0047584138810634613037 0.0047934888862073421478 0.0048692855052649974823 0.005043572746217250824 0.0052250688895583152771 0.0055026006884872913361 0.0057403291575610637665 0.0058247321285307407379 0.0059233796782791614532 0.0060587222687900066376 0.0010675226803869009018 0.0010757880518212914467 0.0016451074043288826942 0.0021067694760859012604 0.013955608941614627838 0 0.0099195083603262901306 0.010054300539195537567 0.0065977405756711959839 0.045741345733404159546 0.0060670892708003520966 0.019130269065499305725 0.0028176866471767425537 0.002142527606338262558 0.0017013829201459884644 0.0012553794076666235924 0.010837581939995288849 0.0025493102148175239563 0.0053245779126882553101 0.0030324936378747224808 -9999 -9999 -9999 -9999 -9999 -9999 -9999 -9999 -9999
0.0073499451391398906708 0.0071161687374114990234 0.0070103816688060760498 0.0068919956684112548828 0.006904178764671087265 0.0070827654562890529633 0.0069877626374363899231 0.0071056885644793510437 0.0073108486831188201904 0.0074848560616374015808 0.0074987639673054218292 0.0073986048810184001923 0.0072532435879111289978 0.0073343352414667606354 0.00739685865119099617 0.0070634591393172740936 0.018966017290949821472 0 0.013418330810964107513 0.045433677732944488525 0.0059515661559998989105 0.019539281725883483887 0.010786758735775947571 0.0095305135473608970642 0.0091222170740365982056 0.0094062453135848045349 0.010410432703793048859 0.0030552346725016832352 0.0056937383487820625305 0.0035827301908284425735 -9999 -9999 -9999 -9999 -9999 -9999 -9999 -9999 -9999 -9999
0.0026885711122304201126 0.0029138065874576568604 0.0031702253036201000214 0.0033923014998435974121 0.0036325405817478895187 0.0041012400761246681213 0.0044724177569150924683 0.0046190372668206691742 0.005026122555136680603 0.005486227571964263916 0.0056692487560212612152 0.0057871770113706588745 0.0059082135558128356934 0.0061018210835754871368 0.0062742643058300018311 0.006242403760552406311 0.0064884582534432411194 0.025653887540102005005 0 0.047757551074028015137 0.018830962479114532471 0.011080901138484477997 0.0012395192170515656471 0.00119435915257781744 0.0017319867620244622231 0.0012061784509569406509 0.0033440974075347185135 0.005818983074277639389 -9999 -9999 -9999 -9999 -9999 -9999 -9999 -9999 -9999 -9999 -9999 -9999
0.0044968281872570514679 0.0043993270955979824066 0.0043419408611953258514 0.0042639812454581260681 0.004215824417769908905 0.0045065083540976047516 0.0047445106320083141327 0.0048217554576694965363 0.0048219170421361923218 0.0051359883509576320648 0.0052305897697806358337 0.0053115133196115493774 0.0053530922159552574158 0.0053910845890641212463 0.0054201669991016387939 0.0055705145932734012604 0.0056392243131995201111 0.006529438309371471405 0 0.056796144694089889526 0.011102099902927875519 0.0018536064308136701584 0.001788141089491546154 0.0022183475084602832794 0.0011773572769016027451 0.0034878526348620653152 -9999 -9999 -9999 -9999 -9999 -9999 -9999 -9999 -9999 -9999 -9999 -9999 -9999 -9999
