tests/data/reference/gistest_nucice/full/mwlevel_m.asc
ncols        123
nrows        77
xllcorner    -713746.799299980048
yllcorner    -1061022.369616159936
cellsize     10.000000000000
NODATA_value  -9999
[rows 54 to 71 of 77, columns 40 to 79 of 123]
0.011026371270418167114 0.011062442325055599213 0.011098201386630535126 0.011127776466310024261 0.011116892099380493164 0.011093863286077976227 0.01107038743793964386 0.011064781807363033295 0.018036708235740661621 0.019781524315476417542 0.011138083413243293762 0.011131807230412960052 0.011139355599880218506 0.011122062802314758301 0.014362809248268604279 0.011371910572052001953 0.011285457760095596313 0.011155776679515838623 0.011138572357594966888 0.011150085367262363434 0.011092634871602058411 0.010997353121638298035 0.011042993515729904175 0.011166614480316638947 0.01121343858540058136 0.011229583993554115295 0.011151729151606559753 0.011064238846302032471 0.011002011597156524658 0.01094763539731502533 0.010959655046463012695 0.010983074083924293518 0.011169315315783023834 0.011426047421991825104 0.0089582996442914009094 0.008760298602283000946 0.010431525297462940216 0.005383393261581659317 0.016412911936640739441 0.015157943591475486755
0.011040830053389072418 0.011082310229539871216 0.011097064241766929626 0.011110146529972553253 0.011089468374848365784 0.011064401827752590179 0.013899805024266242981 0.016145786270499229431 0.011138637550175189972 0.011177352629601955414 0.011142400093376636505 0.011125765740871429443 0.011162625625729560852 0.011155489832162857056 0.011219680309295654297 0.011343903839588165283 0.011296502314507961273 0.01119512505829334259 0.011164893396198749542 0.011164503172039985657 0.011141148395836353302 0.0088650118559598922729 0.014148710295557975769 0.016475142911076545715 0.015269970521330833435 0.020486338064074516296 0.021963305771350860596 0.020392365753650665283 0.018790980800986289978 0.017166627570986747742 0.015632323920726776123 0.014170501381158828735 0.01318497583270072937 0.012647662311792373657 0.011169197969138622284 0.010830310173332691193 0.010841215960681438446 0.012114523909986019135 0.0087408525869250297546 0.010361754335463047028
0.011020066216588020325 0.011087863706052303314 0.011094285175204277039 0.011093535460531711578 0.011064391583204269409 0.011031116358935832977 0.011060890741646289825 0.011102338321506977081 0.011141421273350715637 0.011176476255059242249 0.011121704243123531342 0.011088150553405284882 0.011170228011906147003 0.011204518377780914307 0.011201436631381511688 0.011270247399806976318 0.011287359520792961121 0.011226014234125614166 0.011174567975103855133 0.011142493225634098053 0.01115087512880563736 0.013989118859171867371 0.011074557900428771973 0.011054355651140213013 0.014152243733406066895 0.011293476447463035583 0.011248162947595119476 0.01411681249737739563 0.012408196926116943359 0.011096728965640068054 0.011029155924916267395 0.011020481586456298828 0.011131133884191513062 0.011288621462881565094 0.011121626012027263641 0.010887857526540756226 0.012217357754707336426 0.0080123208463191986084 0.0085406759753823280334 0.010359797626733779907
0.010972708463668823242 0.011018600314855575562 0.011030992493033409119 0.01107695605605840683 0.011025748215615749359 0.010971684008836746216 0.010980633087456226349 0.011004726402461528778 0.011049079708755016327 0.011086587794125080109 0.011012420058250427246 0.010955212637782096863 0.011108445003628730774 0.011219827458262443542 0.01105937175452709198 0.011114490218460559845 0.011174047365784645081 0.011182167567312717438 0.01113847736269235611 0.01108396332710981369 0.011099276132881641388 0.011127645149827003479 0.011091392487287521362 0.01104329526424407959 0.011103083379566669464 0.011218869127333164215 0.011202092282474040985 0.011118452996015548706 0.014021023176610469818 0.016310861334204673767 0.018094813451170921326 0.016621412709355354309 0.01541921030730009079 0.014444647356867790222 0.013149591162800788879 0.011584278196096420288 0.017224306240677833557 0.014568858779966831207 0.008549709804356098175 0.010412746109068393707
0.010602702386677265167 0.010656218044459819794 0.011055951006710529327 0.011023448780179023743 0.01098872162401676178 0.010976867750287055969 0.010903345420956611633 0.010892594233155250549 0.010916112922132015228 0.011012853123247623444 0.010923359543085098267 0.010836168192327022552 0.010984987020492553711 0.010737502947449684143 0.011088106781244277954 0.010974289849400520325 0.01104601006954908371 0.011119245551526546478 0.011101165786385536194 0.011045366525650024414 0.011045219376683235168 0.011082890443503856659 0.011086326092481613159 0.011052916757762432098 0.011069825850427150726 0.011146076023578643799 0.011158520355820655823 0.011108729057013988495 0.011074516922235488892 0.011058707721531391144 0.011063383892178535461 0.014100364409387111664 0.012647710740566253662 0.011461708694696426392 0.011094558052718639374 0.011040202341973781586 0.013824302703142166138 0.0103595685213804245 0.0085688000544905662537 0.010462921112775802612
0.008979168720543384552 0.010989954695105552673 0.010650840587913990021 0.010681076906621456146 0.011063121259212493896 0.010663175024092197418 0.010641509667038917542 0.010611214675009250641 0.010974297299981117249 0.010959977284073829651 0.010937920771539211273 0.010417283512651920319 0.0087038883939385414124 0.011236546561121940613 0.01110830996185541153 0.010860593989491462708 0.010976525023579597473 0.011071685701608657837 0.011084778234362602234 0.011044060811400413513 0.011007534340023994446 0.011019161902368068695 0.011067648418247699738 0.011076950468122959137 0.011063870973885059357 0.01109799463301897049 0.011137366294860839844 0.011132691055536270142 0.011099061928689479828 0.01106728333979845047 0.011053036898374557495 0.011052409186959266663 0.014170154929161071777 0.014585500583052635193 0.014743274077773094177 0.016486831009387969971 0.016216276213526725769 0.014695727266371250153 0.013776951469480991364 0.013854078948497772217
0.010975056327879428864 0.0090379817411303520203 0.0090184248983860015869 0.010993084870278835297 0.0090029118582606315613 0.0090002734214067459106 0.0090099731460213661194 0.01109447237104177475 0.010634632781147956848 0.010977275669574737549 0.0089034931734204292297 0.0087268901988863945007 0.010629758238792419434 0.011327158659696578979 0.010715753771364688873 0.010874644853174686432 0.010876359418034553528 0.010973543860018253326 0.011018892750144004822 0.011013162322342395782 0.010940920561552047729 0.01095460355281829834 0.011013942770659923553 0.011070565320551395416 0.011052798479795455933 0.011042203754186630249 0.011084482073783874512 0.011120500043034553528 0.011110966093838214874 0.011089999228715896606 0.011073793284595012665 0.011055221781134605408 0.0085007809102535247803 0.008497911505401134491 0.01099309232085943222 0.0083563840016722679138 0.0093524400144815444946 0.0086887190118432044983 0.010444425977766513824 0.016763772815465927124
0.011040098965167999268 0.011083502322435379028 0.011052026413381099701 0.0090345190837979316711 0.010696232318878173828 0.011060431599617004395 0.011151253245770931244 0.0091095296666026115417 0.011000658385455608368 0.0090021723881363868713 0.010600673966109752655 0.010879983194172382355 0.011130200698971748352 0.0090828426182270050049 0.011200284585356712341 0.010580874979496002197 0.010571730323135852814 0.010606090538203716278 0.010653639212250709534 0.010677313432097434998 0.010968789458274841309 0.01083855796605348587 0.010884953662753105164 0.010998711921274662018 0.010980133898556232452 0.010948325507342815399 0.010976394638419151306 0.011023936793208122253 0.011041519232094287872 0.011051036417484283447 0.011067035607993602753 0.0085165565833449363708 0.010483967140316963196 0.011046996340155601501 0.0084899002686142921448 0.010345145128667354584 0.0052439891733229160309 0.015829114243388175964 0.016340503469109535217 0.015927689149975776672
0.011060356162488460541 0.011128835380077362061 0.01105360034853219986 0.010974906384944915771 0.011025881394743919373 0.01109229307621717453 0.011169179342687129974 0.011251938529312610626 0.0091580143198370933533 0.01057951711118221283 0.010912154801189899445 0.011012278497219085693 0.011178661137819290161 0.011401492170989513397 0.0092167807742953300476 0.0091154836118221282959 0.0090360594913363456726 0.0089856740087270736694 0.0089891385287046432495 0.011082787998020648956 0.010625579394400119781 0.010523478500545024872 0.010881043970584869385 0.010890297591686248779 0.010871006175875663757 0.010880037210881710052 0.010883022099733352661 0.010926511138677597046 0.010963953100144863129 0.010926051065325737 0.0085347127169370651245 0.010460024699568748474 0.01100420486181974411 0.011160935275256633759 0.011084251105785369873 0.010963013395667076111 0.0053543196991086006165 0.015928070992231369019 0.016081837937235832214 0.0084069771692156791687
-9999 0.0092822443693876266479 0.0092382570728659629822 0.009118403308093547821 0.01069344300776720047 0.011062917299568653107 0.011177640408277511597 0.011266171932220458984 0.011070889420807361603 0.010856720618903636932 0.010969314724206924438 0.011120661161839962006 0.01120710466057062149 0.011304985731840133667 0.011227548122406005859 0.011074950918555259705 0.01103990897536277771 0.011033293791115283966 0.011100386269390583038 0.0091207316145300865173 0.009109366685152053833 0.010919610969722270966 0.01058382820338010788 0.010599629953503608704 0.010900480672717094421 0.010824946686625480652 0.010796806775033473969 0.01081328466534614563 0.010476507246494293213 0.0085620535537600517273 0.010456287302076816559 0.010965033434331417084 0.011097925715148448944 0.011169030331075191498 0.011108795180916786194 0.011010931804776191711 0.0054088151082396507263 0.016399050131440162659 0.016105817630887031555 0.014671494252979755402
-9999 -9999 -9999 -9999 0.0090355724096298217773 0.0090652648359537124634 0.010810379870235919952 0.011189038865268230438 0.0091536752879619598389 0.010550855658948421478 0.010986497625708580017 0.011234904639422893524 0.011232635937631130219 0.011179815977811813354 0.011148849502205848694 0.011106978170573711395 0.01108651328831911087 0.01107127312570810318 0.011115394532680511475 0.011176617816090583801 0.011125034652650356293 0.0091295382007956504822 0.0090913316234946250916 0.01094892062246799469 0.010609849356114864349 0.010573957115411758423 0.010503828525543212891 0.0087477443739771842957 0.0086466949433088302612 0.010446531698107719421 0.010928680188953876495 0.011058403179049491882 0.011107613332569599152 0.011149077676236629486 0.011120076291263103485 0.011067339219152927399 0.005461778491735458374 0.016562061384320259094 0.015740795060992240906 0.01397673971951007843
-9999 -9999 -9999 -9999 -9999 -9999 -9999 -9999 -9999 -9999 0.0089608365669846534729 0.010925242677330970764 0.011221692897379398346 0.011075083166360855103 0.01106500718742609024 0.011088319122791290283 0.01110680215060710907 0.011126484721899032593 0.011141966097056865692 0.011154718697071075439 0.011137767694890499115 0.011112395673990249634 0.011090110987424850464 0.0091809760779142379761 0.0091325473040342330933 0.0090707829222083091736 0.0089541170746088027954 0.010502858087420463562 0.010852348059415817261 0.01093193981796503067 0.011007671244442462921 0.011082334443926811218 0.011118209920823574066 0.011141386814415454865 0.014230850152671337128 0.014514285139739513397 0.0059250402264297008514 0.016669655218720436096 0.015686027705669403076 0.014661084860563278198
-9999 -9999 -9999 -9999 -9999 -9999 -9999 -9999 -9999 -9999 -9999 0.0092182457447052001953 0.0093195941299200057983 0.010710583068430423737 0.010974023491144180298 0.011043090373277664185 0.011104156263172626495 0.011175938881933689117 0.011165673844516277313 0.011127212084829807281 0.011153641156852245331 0.011207289993762969971 0.011151000857353210449 0.0110584283247590065 0.011010066606104373932 0.010982034727931022644 0.010934140533208847046 0.010889914818108081818 0.01090727001428604126 0.01093220151960849762 0.011014650575816631317 0.011104196310043334961 0.011143716983497142792 0.011165957897901535034 0.0085628572851419448853 0.0084758531302213668823 0.0050283200107514858246 0.016325255855917930603 0.015224522911012172699 0.01357643958181142807
-9999 -9999 -9999 -9999 -9999 -9999 -9999 -9999 -9999 -9999 -9999 -9999 -9999 -9999 -9999 -9999 -9999 -9999 -9999 0.0091491332277655601501 0.0091929920017719268799 0.009316292591392993927 0.0093711987137794494629 0.0093221776187419891357 0.010705200023949146271 0.010885600000619888306 0.010918471962213516235 0.010942569933831691742 0.010945470072329044342 0.010938763618469238281 0.011023800820112228394 0.011125658638775348663 0.011162637732923030853 0.011185008101165294647 0.011066175065934658051 0.010933402925729751587 0.012671152129769325256 0.0088333785533905029297 0.010406356304883956909 0.010824060998857021332
-9999 -9999 -9999 -9999 -9999 -9999 -9999 -9999 -9999 -9999 -9999 -9999 -9999 -9999 -9999 -9999 -9999 -9999 -9999 -9999 -9999 -9999 0.010838774964213371277 0.010759011842310428619 0.0091843716800212860107 0.0090009365230798721313 0.010577268898487091064 0.010973091237246990204 0.010997024364769458771 0.010949899442493915558 0.011033874005079269409 0.011147532612085342407 0.011166615411639213562 0.011165082454681396484 0.011037713848054409027 0.010898556560277938843 0.012543170712888240814 0.0088621843606233596802 0.010426437482237815857 0.010809550993144512177
-9999 -9999 -9999 -9999 -9999 -9999 -9999 -9999 -9999 -9999 -9999 -9999 -9999 -9999 -9999 -9999 -9999 -9999 -9999 -9999 -9999 -9999 -9999 -9999 0.010852524079382419586 0.010486069135367870331 0.0088432691991329193115 0.008851833641529083252 0.010593513026833534241 0.010895046405494213104 0.011038123629987239838 0.011173305101692676544 0.011166388168931007385 0.011124403215944766998 0.011009947396814823151 0.012323190458118915558 0.0088390223681926727295 0.010526144877076148987 0.01093275751918554306 0.010915110819041728973
-9999 -9999 -9999 -9999 -9999 -9999 -9999 -9999 -9999 -9999 -9999 -9999 -9999 -9999 -9999 -9999 -9999 -9999 -9999 -9999 -9999 -9999 -9999 -9999 -9999 0.010796325281262397766 0.010880524292588233948 0.010670605115592479706 0.0088294101879000663757 0.010514651425182819366 0.010993569158017635345 0.011187633499503135681 0.011157769709825515747 0.011078648269176483154 0.01099489256739616394 0.012261260300874710083 0.0088638821616768836975 0.010510591790080070496 -9999 -9999
-9999 -9999 -9999 -9999 -9999 -9999 -9999 -9999 -9999 -9999 -9999 -9999 -9999 -9999 -9999 -9999 -9999 -9999 -9999 -9999 -9999 -9999 -9999 -9999 -9999 -9999 -9999 0.011118589900434017181 0.011017500422894954681 0.0087576508522033691406 0.010609386488795280457 0.011118435300886631012 0.011121495626866817474 0.011036107316613197327 0.01098932512104511261 0.005546257365494966507 -9999 -9999 -9999 -9999
