tests/data/reference/gistest_nucice/full/mwlevel_m.asc
ncols        125
nrows        78
xllcorner    -713756.799299980048
yllcorner    -1061032.369616159936
cellsize     10.000000000000
NODATA_value  -9999
[rows 17 to 33 of 78, columns 40 to 79 of 125]
0.0050379289314150810242 0.004082645755261182785 0.0030043206643313169479 0.0048531647771596908569 0.0038514453917741775513 0.0038118027150630950928 0.0025528674013912677765 0.0031249288003891706467 0.0047394004650413990021 0.0014443406835198402405 0.0022176341153681278229 0.0027830740436911582947 0.0043426724150776863098 0.0030766178388148546219 0.0019832456018775701523 0.0019383027683943510056 0.0012769182212650775909 0.0012649234849959611893 0.001855121576227247715 0.0023448194842785596848 0.0028346532490104436874 0.0033630614634603261948 0.0039641191251575946808 0.0014058375963941216469 0.0014388812705874443054 0.0014721167972311377525 0.0068904627114534378052 0.0023860428482294082642 0.0023676017299294471741 0.0075641307048499584198 0.0032232096418738365173 0.0026453419122844934464 0.0028036967851221561432 0.042454745620489120483 0.0045000272803008556366 0.0035685733892023563385 0.0029870213475078344345 0.0020692329853773117065 0.0015140953473746776581 -9999
0.0050708316266536712646 0.0041716573759913444519 0.0032771336846053600311 0.0049028540961444377899 0.0038791152182966470718 0.0038543941918760538101 0.0027778199873864650726 0.0032544427085667848587 0.0046392143703997135162 0.002048905007541179657 0.0013873840216547250748 0.0026591876521706581116 0.0031041828915476799011 0.0043867318890988826752 0.0034553357400000095367 0.0025081592611968517303 0.0024661808274686336517 0.0019211886683478951454 0.0012905215844511985779 0.0012998841702938079834 0.0013122025411576032639 0.0013291270006448030472 0.001351236831396818161 0.0045283753424882888794 0.002175009576603770256 0.0022297832183539867401 0.0022550888825207948685 0.0066520092077553272247 0.0028671831823885440826 0.0029270134400576353073 0.0081642838194966316223 0.0031847730278968811035 0.0034836505074054002762 0.0016132117016240954399 0.041607990860939025879 0.0072834743186831474304 0.0034770816564559936523 0.0026746033690869808197 0.0021131553221493959427 0.0015087862266227602959
0.0051466114819049835205 0.0043752458877861499786 0.0035481015220284461975 0.0049021719023585319519 0.0039341854862868785858 0.003927936311811208725 0.0029761167243123054504 0.0033515319228172302246 0.0045393151231110095978 0.0024332299362868070602 0.0013354420661926269531 0.0020107943564653396606 0.0030473514925688505173 0.0034718764945864677429 0.0045470278710126876831 0.0038120620884001255035 0.0029559824615716934204 0.0029456024058163166046 0.0024882138241082429886 0.0019643628038465976715 0.0019803985487669706345 0.002003062516450881958 0.0020331861451268196106 0.0020762553904205560684 0.0050151185132563114166 0.0027515345718711614609 0.0027343346737325191498 0.0027136323042213916779 0.0062742093577980995178 0.0034164094831794500351 0.0087444931268692016602 0.0035018075723201036453 0.0035585698205977678299 0.0015274095349013805389 0.0027618538588285446167 0.042980317026376724243 0.010262992233037948608 0.0032092595938593149185 0.0024832813069224357605 0.0019574048928916454315
0.0052451146766543388367 0.0046041202731430530548 0.003729975549504160881 0.0048319236375391483307 0.0040050330571830272675 0.0039906548336148262024 0.0031781585421413183212 0.0035017691552639007568 0.0045339828357100486755 0.0027471305802464485168 0.0012933325488120317459 0.0019476759480312466621 0.0025120126083493232727 0.0034534286241978406906 0.0038178870454430580139 0.0046479408629238605499 0.0041068582795560359955 0.003383068600669503212 0.0034024696797132492065 0.0029793065041303634644 0.0025196589995175600052 0.002557040192186832428 0.0026064412668347358704 0.0026419016066938638687 0.0026492234319448471069 0.0052095665596425533295 0.0031449825037270784378 0.0031630736775696277618 0.0032418756745755672455 0.0078617995604872703552 0.0080743096768856048584 0.0036256907042115926743 0.0035816582385450601578 0.0023529990576207637787 0.0015418583061546087265 0.0015407550381496548653 0.041231900453567504883 0.01151513122022151947 0.0032406859099864959717 0.0024743513204157352448
0.0054437969811260700226 0.0048874244093894958496 0.003970935475081205368 0.0047272006049752235413 0.0041024507954716682434 0.0040493905544281005859 0.0033728070557117462158 0.0036870276089757680893 0.0046232584863901138306 0.0030460318084806203842 0.0018578785238787531853 0.0012737961951643228531 0.0024612722918391227722 0.0029855591710656881332 0.0037871436215937137604 0.0040761912241578102112 0.0047662323340773582458 0.0044308812357485294342 0.0038092602044343948364 0.0038458374328911304474 0.0034789706114679574966 0.003060778370127081871 0.0030848260503262281418 0.0030843329150229692459 0.0030792998149991035461 0.0030982033349573612213 0.0054228324443101882935 0.0036926669999957084656 0.0038133538328111171722 0.0090533345937728881836 0.0073563144542276859283 0.0037497426383197307587 0.0038632648065686225891 0.0026791447307914495468 0.00228366069495677948 0.0015296803321689367294 0.0025038262829184532166 0.037403013557195663452 0.011812377721071243286 0.0053725265897810459137
0.0056174308992922306061 0.0051943813450634479523 0.0044132983312010765076 0.0048349420540034770966 0.0042808768339455127716 0.0041936915367841720581 0.0036282248329371213913 0.0038936613127589225769 0.0047864266671240329742 0.0033799652010202407837 0.0023164630401879549026 0.0018670277204364538193 0.0012737237848341464996 0.0029207903426140546799 0.003341940930113196373 0.0040538306348025798798 0.004383965861052274704 0.0049659530632197856903 0.0047539374791085720062 0.0042297546751797199249 0.0042938892729580402374 0.0039330408908426761627 0.0034970154520124197006 0.0034908698871731758118 0.0035140328109264373779 0.003558465978130698204 0.0036146240308880805969 0.0058538420125842094421 0.0043279486708343029022 0.01074501965194940567 0.0070871305651962757111 0.0040824878960847854614 0.0040619163773953914642 0.002946573309600353241 0.0026250649243593215942 0.0021424086298793554306 0.0028741764836013317108 0.0015339499805122613907 0.036541629582643508911 0.011474507860839366913
0.0057148481719195842743 0.00547139020636677742 0.004882908891886472702 0.0051539079286158084869 0.0045604947954416275024 0.0044727167114615440369 0.0039672157727181911469 0.0041395346634089946747 0.0049955225549638271332 0.0037564605008810758591 0.0027612231206148862839 0.0023654578253626823425 0.001259460928849875927 0.00186860689427703619 0.0032704966142773628235 0.0036979680880904197693 0.004423780832439661026 0.0047186799347400665283 0.0051429038867354393005 0.0050366679206490516663 0.0046291206963360309601 0.0046748556196689605713 0.0043084938079118728638 0.0039308653213083744049 0.0039677154272794723511 0.0039998614229261875153 0.0040653715841472148895 0.0042107771150767803192 0.006255724932998418808 0.012942452915012836456 0.0073036234825849533081 0.004268073011189699173 0.004097906406968832016 0.0031873236875981092453 0.0029169090557843446732 0.0024944860488176345825 0.0029501956887543201447 0.0014247837243601679802 0.0023129957262426614761 0.03580042719841003418
0.0058424961753189563751 0.0056983721442520618439 0.0052627492696046829224 0.0054007419385015964508 0.0048259883187711238861 0.0046675950288772583008 0.0042300596833229064941 0.0043710097670555114746 0.0051372223533689975739 0.0040690861642360687256 0.0031285237055271863937 0.001243462786078453064 0.0027739710640162229538 0.0018270262517035007477 0.0023420911747962236404 0.0036667827516794204712 0.0041024498641490936279 0.0047472906298935413361 0.0049963742494583129883 0.0053499238565564155579 0.0053505511023104190826 0.0049925837665796279907 0.0049898028373718261719 0.0046819942072033882141 0.0043409275822341442108 0.0043927370570600032806 0.0045059821568429470062 0.0046549546532332897186 0.0047863987274467945099 0.015673132613301277161 0.0073439842090010643005 0.0044412789866328239441 0.0042232344858348369598 0.0034991011489182710648 0.003205067245289683342 0.0027956799603998661041 0.0030765882693231105804 0.0019180561648681759834 0.0026526132132858037949 0.0014993745135143399239
0.012614466249942779541 0.0059179421514272689819 0.0055601513013243675232 0.0055710752494633197784 0.0050527839921414852142 0.0047822939231991767883 0.004401681944727897644 0.0045954468660056591034 0.0052245832048356533051 0.0043201041407883167267 0.0034253972116857767105 0.0017834553727880120277 0.0012098914012312889099 0.003122668946161866188 0.0023062876425683498383 0.0027943851891905069351 0.0040433518588542938232 0.0044805686920881271362 0.0051012979820370674133 0.0053564282134175300598 0.0056065088137984275818 0.0055500324815511703491 0.0052123055793344974518 0.0052236504852771759033 0.004995715804398059845 0.0047870222479104995728 0.0049459259025752544403 0.0050448742695152759552 0.00504067959263920784 0.016509916633367538452 0.0070278854109346866608 0.0046797366812825202942 0.0045168483629822731018 0.0038358697202056646347 0.0035053039900958538055 0.0030905497260391712189 0.0032588536851108074188 0.0022266677115112543106 0.0027568091172724962234 0.0019999970681965351105
0.0025852788239717483521 0.015251358039677143097 0.0058641601353883743286 0.00578292040154337883 0.0053214947693049907684 0.0050224158912897109985 0.0046513332054018974304 0.0048103253357112407684 0.0052559068426489830017 0.0045283855870366096497 0.0037137132603675127029 0.0022122871596366167068 0.001188401482068002224 0.0017676990246400237083 0.003490046132355928421 0.0027643942739814519882 0.0032627785112708806992 0.0045018824748694896698 0.0049349884502589702606 0.0054400321096181869507 0.0055416612885892391205 0.005628737621009349823 0.0056015923619270324707 0.0054144561290740966797 0.0055097201839089393616 0.0054148547351360321045 0.0052522942423820495605 0.0052980729378759860992 0.0052682803943753242493 0.01812004484236240387 0.007008325774222612381 0.0049779368564486503601 0.0048715127632021903992 0.0042642294429242610931 0.0039035279769450426102 0.0034612757153809070587 0.0035155420191586017609 0.0025663713458925485611 0.0029408070258796215057 0.0022832027170807123184
0.0093658538535237312317 0.01606976240873336792 0.0061597134917974472046 0.0060507934540510177612 0.0056718122214078903198 0.005364419892430305481 0.0050097429193556308746 0.0050173476338386535645 0.0052272714674472808838 0.0046710241585969924927 0.0039805606938898563385 0.0025962486397475004196 0.0017230020603165030479 0.0022034426219761371613 0.0012017328990623354912 0.0039090258069336414337 0.0032802643254399299622 0.00380314607173204422 0.0049443687312304973602 0.0052172904834151268005 0.0055081276223063468933 0.0055709127336740493774 0.0056798667646944522858 0.0057423310354351997375 0.0056811049580574035645 0.0057614166289567947388 0.0056287865154445171356 0.0054369559511542320251 0.0054835458286106586456 0.020391540601849555969 0.007296705152839422226 0.0054332893341779708862 0.0053209038451313972473 0.0048095183447003364563 0.0044477884657680988312 0.0039738225750625133514 0.0039200475439429283142 0.0029081867542117834091 0.0032502212561666965485 0.0025948029942810535431
0.0031312312930822372437 0.021559884771704673767 0.0063716364093124866486 0.0061734416522085666656 0.0058732810430228710175 0.0056091672740876674652 0.0053219418041408061981 0.0052332701161503791809 0.0052422671578824520111 0.0048126885667443275452 0.0042455135844647884369 0.0029643338639289140701 0.0021711918525397777557 0.0026063709519803524017 0.0017677166033536195755 0.0042084660381078720093 0.0036463425494730472565 0.0012932415120303630829 0.0042323046363890171051 0.0051988996565341949463 0.0053683230653405189514 0.0055861799046397209167 0.0056617711670696735382 0.0057676071301102638245 0.0058555305004119873047 0.0058262185193598270416 0.0058895330876111984253 0.0058449874632060527802 0.0057529686018824577332 0.022586731240153312683 0.0073831100016832351685 0.0056943530216813087463 0.0055129602551460266113 0.0050810663960874080658 0.0047559943050146102905 0.0043405746109783649445 0.0042910948395729064941 0.0033224609214812517166 0.0036237612366676330566 0.0029351320117712020874
0.018047485500574111938 0.0036232504062354564667 0.023216741159558296204 0.0061819087713956832886 0.0058795460499823093414 0.0056524886749684810638 0.0054763467051088809967 0.0053928419947624206543 0.0052935825660824775696 0.0049636638723313808441 0.0045104082673788070679 0.0033284230157732963562 0.0025934041477739810944 0.0030079386197030544281 0.0022448424715548753738 0.0044718007557094097137 0.0039456817321479320526 0.0012754326453432440758 0.001933576422743499279 0.0046025882475078105927 0.0054007973521947860718 0.0054835393093526363373 0.0056346897035837173462 0.005710819736123085022 0.0058274688199162483215 0.0059495661407709121704 0.0060523948632180690765 0.0062339222058653831482 0.0062177428044378757477 0.0059627965092658996582 0.024976221844553947449 0.0057371505536139011383 0.0054872655309736728668 0.0050868545658886432648 0.0047782855108380317688 0.0044661574065685272217 0.004497301299124956131 0.0036937561817467212677 0.0040240506641566753387 0.0033099395222961902618
0.040911287069320678711 0.052241329103708267212 0.05494020506739616394 0.028506420552730560303 0.0068297954276204109192 0.0063754147849977016449 0.0061849928461015224457 0.0059570022858679294586 0.0056674606166779994965 0.0052901613526046276093 0.0048645972274243831635 0.0037634249310940504074 0.0030636154115200042725 0.003468463430181145668 0.002730614272877573967 0.0047988919541239738464 0.0042847967706620693207 0.0018777970690280199051 0.0012791405897587537766 0.0024687435943633317947 0.0048664128407835960388 0.0055155167356133460999 0.0056476551108062267303 0.0058244164101779460907 0.0059605706483125686646 0.0061193485744297504425 0.0062875915318727493286 0.0063677546568214893341 0.006309594959020614624 0.0060266898944973945618 0.0056662787683308124542 0.025166116654872894287 0.0054597691632807254791 0.0051374849863350391388 0.0048391940072178840637 0.0045866579748690128326 0.0046554091386497020721 0.0040142363868653774261 0.004393209703266620636 0.0036951533984392881393
0.028619058430194854736 0.028825212270021438599 0.029396370053291320801 0.06106281280517578125 0.095349162817001342773 0.099509775638580322266 0.0078079970553517341614 0.011453622020781040192 0.0065895742736756801605 0.0059037487953901290894 0.0053433571010828018188 0.0043145008385181427002 0.0036537863779813051224 0.004075745120644569397 0.0033239021431654691696 0.0052600149065256118774 0.0046886065974831581116 0.0023915600031614303589 0.0018795231590047478676 0.0012662532972171902657 0.0029075285419821739197 0.0051841698586940765381 0.0058750663883984088898 0.0060842721723020076752 0.0063114501535892486572 0.0064588603563606739044 0.0065003838390111923218 0.0063646291382610797882 0.0061005344614386558533 0.005821890663355588913 0.0055388174951076507568 0.026066225022077560425 0.0053917611949145793915 0.0051795518957078456879 0.004915496334433555603 0.0047188159078359603882 0.0048324204981327056885 0.0043109338730573654175 0.0046981936320662498474 0.0040694982744753360748
0.0045284554362297058105 0.0041697761043906211853 0.0042190020903944969177 0.0074560260400176048279 0.0097052818164229393005 0.010928472504019737244 0.077743403613567352295 0.092920646071434020996 0.098866596817970275879 0.0074866623617708683014 0.010699048638343811035 0.0054185297340154647827 0.0046246289275586605072 0.0050164307467639446259 0.0041696745902299880981 0.0060314037837088108063 0.0053596612997353076935 0.0013220650143921375275 0.0029531035106629133224 0.0024503956083208322525 0.0019379033474251627922 0.003478250233456492424 0.0056622368283569812775 0.006193571723997592926 0.0063210627995431423187 0.0063710901886224746704 0.0062847230583429336548 0.0061021903529763221741 0.0058938772417604923248 0.0056968186981976032257 0.005534854251891374588 0.028136791661381721497 0.0055320081301033496857 0.0053429212421178817749 0.0050431499257683753967 0.0048639271408319473267 0.0050328900106251239777 0.0045975917018949985504 0.0049359649419784545898 0.0043942574411630630493
0.0041216034442186355591 0.0039919344708323478699 0.0045861955732107162476 0.0037602176889777183533 0.0037739733234047889709 0.003835056675598025322 0.0062428759410977363586 0.0080390898510813713074 0.0094072557985782623291 0.081236772239208221436 0.091611251235008239746 0.1170406639575958252 0.0073673641309142112732 0.006186267361044883728 0.0062547652050852775574 0.0051194499246776103973 0.0068335756659507751465 0.00612590741366147995 0.0021025184541940689087 0.0036044467706233263016 0.0030892854556441307068 0.002574738580733537674 0.0039553786627948284149 0.0057599716819822788239 0.0059740589931607246399 0.0058800447732210159302 0.0057953773066401481628 0.0057311579585075378418 0.0056902398355305194855 0.005669042002409696579 0.0056641101837158203125 0.0056693847291171550751 0.030955268070101737976 0.0057261907495558261871 0.005330564454197883606 0.0051027662120759487152 0.0052587073296308517456 0.0048579662106931209564 0.005102298688143491745 0.0046404208987951278687
