tests/data/reference/gistest_nucice/full/mwlevel_m.asc
ncols        123
nrows        77
xllcorner    -713746.799299980048
yllcorner    -1061022.369616159936
cellsize     10.000000000000
NODATA_value -9999
[rows 54 to 71 of 77, columns 40 to 79 of 123]
0.011032452806830406189 0.011066323146224021912 0.011099678464233875275 0.011127662844955921173 0.011116840876638889313 0.011095080524682998657 0.011072330176830291748 0.011067425832152366638 0.017986483871936798096 0.019720587879419326782 0.011135591194033622742 0.011130210012197494507 0.011138092726469039917 0.01112066023051738739 0.014330229721963405609 0.011359624564647674561 0.011273626238107681274 0.011149761267006397247 0.011135313659906387329 0.011147231794893741608 0.011092026717960834503 0.011000576429069042206 0.011047871783375740051 0.011166820302605628967 0.011208899319171905518 0.011222890578210353851 0.011147454380989074707 0.011064797639846801758 0.011006811633706092834 0.010955786332488059998 0.010968819260597229004 0.010991466231644153595 0.011171407066285610199 0.011414326727390289307 0.0090393191203474998474 0.0088438997045159339905 0.010502908378839492798 0 0.008477057330310344696 0.010414046235382556915
0.011047471314668655396 0.011086137033998966217 0.011098610237240791321 0.011110872961580753326 0.011090883985161781311 0.01106725446879863739 0.013871941715478897095 0.016106175258755683899 0.011138511821627616882 0.011174864135682582855 0.011140117421746253967 0.011125174351036548615 0.011161910369992256165 0.011153336614370346069 0.011213836260139942169 0.011333070695400238037 0.011286281980574131012 0.011188288219273090363 0.011160299181938171387 0.011161022819578647614 0.011139377951622009277 0.0089473463594913482666 0.014117539860308170319 0.016431977972388267517 0.015223184600472450256 0.020420381799340248108 0.021888067945837974548 0.020317180082201957703 0.018715545535087585449 0.017087871208786964417 0.015550131909549236298 0.014085921458899974823 0.01309396699070930481 0.012543889693915843964 0.011160482652485370636 0.010837189853191375732 0 0 0.0084115071222186088562 0.010396497324109077454
0.011028680019080638885 0.011092698201537132263 0.011098622344434261322 0.011097433976829051971 0.011067031882703304291 0.011036054231226444244 0.011066231876611709595 0.011106285266578197479 0.011143719777464866638 0.01117656659334897995 0.011122653260827064514 0.011091687716543674469 0.011172906495630741119 0.011202790774405002594 0.011196277104318141937 0.011267237365245819092 0.011281145736575126648 0.011221070773899555206 0.011171010322868824005 0.011140815913677215576 0.011150230653584003448 0.013958550989627838135 0.011075736954808235168 0.011056876741349697113 0.014123559929430484772 0.011287687346339225769 0.011241102591156959534 0.014082835055887699127 0.0123693123459815979 0.011078596115112304688 0.011030786670744419098 0.011025597341358661652 0.011133206076920032501 0.011282699182629585266 0.011117100715637207031 0.01089395768940448761 0 0.0066257799044251441956 0.0085948472842574119568 0.010438797064125537872
0.010984773747622966766 0.011039142496883869171 0.011050403118133544922 0.011079844087362289429 0.011032092384994029999 0.010980482213199138641 0.010988258756697177887 0.011014536954462528229 0.011057844385504722595 0.011093692854046821594 0.011018530465662479401 0.010965141467750072479 0.011116016656160354614 0.011222333647310733795 0.01107892300933599472 0.011114404536783695221 0.011175141669809818268 0.011182082816958427429 0.011137891560792922974 0.01108531653881072998 0.011101349256932735443 0.011128935962915420532 0.011093175038695335388 0.011046524159610271454 0.011104975827038288116 0.01121642719954252243 0.011198434047400951385 0.011117229238152503967 0.013990756124258041382 0.016268506646156311035 0.01804346032440662384 0.016568819060921669006 0.015364949591457843781 0.014387194998562335968 0.01308732200413942337 0.011518495157361030579 0 0.0066235573031008243561 0.0086031807586550712585 0.010490587912499904633
0.010660727508366107941 0.010714860633015632629 0.011060984805226325989 0.011042615398764610291 0.011008463799953460693 0.010982993058860301971 0.010926477611064910889 0.010916647501289844513 0.010940127074718475342 0.011019403114914894104 0.010934482328593730927 0.010849381797015666962 0.011013652198016643524 0.01080338750034570694 0.011087820865213871002 0.010978384874761104584 0.011055109091103076935 0.011122947558760643005 0.011103231459856033325 0.01104867737740278244 0.011049288325011730194 0.0110865812748670578 0.011089927516877651215 0.011056535877287387848 0.011072425171732902527 0.011146250180900096893 0.011157554574310779572 0.011108540929853916168 0.011075363494455814362 0.011060684919357299805 0.011066016741096973419 0.01407397538423538208 0.012612686492502689362 0.011422945186495780945 0.011089875362813472748 0.01104254554957151413 0 0.0066224285401403903961 0.0086215659976005554199 0.010539268143475055695
0.0090598706156015396118 0.010998361743986606598 0.010707749053835868835 0.010737732052803039551 0.011067641898989677429 0.010720849968492984772 0.010699887759983539581 0.010670134797692298889 0.010979383252561092377 0.010980968363583087921 0.010947183705866336823 0.010484458878636360168 0.0087880836799740791321 0.011253023520112037659 0.011103655211627483368 0.010883046314120292664 0.010986184701323509216 0.011079994961619377136 0.011090555228292942047 0.01105009857565164566 0.011014747433364391327 0.011027559638023376465 0.011073339730501174927 0.011081406846642494202 0.011067250743508338928 0.011100317351520061493 0.011138742789626121521 0.011133373714983463287 0.011099874041974544525 0.011069118045270442963 0.01105573214590549469 0.011055472306907176971 0.014145779423415660858 0.014560212381184101105 0.01471556536853313446 0.016480023041367530823 0 0.0083784656599164009094 0.010469388216733932495 0.013847307302057743073
0.010993572883307933807 0.0091177402064204216003 0.0090985046699643135071 0.010998719371855258942 0.0090832412242889404297 0.0090806446969509124756 0.0090901898220181465149 0.011094383895397186279 0.010689781978726387024 0.010984086431562900543 0.0089853061363101005554 0.0088108507916331291199 0.010697621852159500122 0.011319912970066070557 0.010769302956759929657 0.01088055688887834549 0.010900449939072132111 0.010995675809681415558 0.011039443314075469971 0.011033167131245136261 0.010962628759443759918 0.010963206179440021515 0.011025035753846168518 0.01107929181307554245 0.011058290489017963409 0.011048373766243457794 0.011090198531746864319 0.011124515905976295471 0.011114158667623996735 0.011093266308307647705 0.01107718050479888916 0.011058845557272434235 0.0085865957662463188171 0.0085837431252002716064 0.011001374572515487671 0.0084428666159510612488 0 0.0083549767732620239258 0.010476577095687389374 0.011075360700488090515
0.011046463623642921448 0.011086381040513515472 0.011055042967200279236 0.0091143343597650527954 0.010751920752227306366 0.011077150702476501465 0.011152135208249092102 0.009188046678900718689 0.011001873761415481567 0.0090825129300355911255 0.01066013239324092865 0.01090546976774930954 0.011136855930089950562 0.0091618336737155914307 0.011190720833837985992 0.010634424164891242981 0.010628510266542434692 0.010664332658052444458 0.010712143033742904663 0.010735028423368930817 0.010974487289786338806 0.010863565839827060699 0.010911245830357074738 0.011008422821760177612 0.010991263203322887421 0.010960880666971206665 0.010986998677253723145 0.011033317074179649353 0.011049515567719936371 0.011057839728891849518 0.011075995862483978271 0.0086022736504673957825 0.010562510229647159576 0.011077570728957653046 0.0085757793858647346497 0.010427203960716724396 0 0.0083845229819416999817 0.01049594394862651825 0.011069685220718383789
0.011072777211666107178 0.011129917576909065247 0.011055634357035160065 0.010981148108839988708 0.011032051406800746918 0.011095268651843070984 0.011167770251631736755 0.01124546397477388382 0.0092356298118829727173 0.010634813457727432251 0.010935661382973194122 0.011021831072866916656 0.011179342865943908691 0.011389543302357196808 0.0092932386323809623718 0.0091938916593790054321 0.0091158505529165267944 0.0090662753209471702576 0.0090696858242154121399 0.011084356345236301422 0.010680652223527431488 0.010581779293715953827 0.010893050581216812134 0.010914657264947891235 0.0108959246426820755 0.010892921127378940582 0.010898497886955738068 0.01094159204512834549 0.010978020727634429932 0.010956728830933570862 0.0086203124374151229858 0.010538409464061260223 0.011036452837288379669 0.011165640316903591156 0.011084198020398616791 0.010967681184411048889 0 0.0084272893145680427551 0.010511859320104122162 0.0084932707250118255615
-9999 0.0093573303893208503723 0.0093142753466963768005 0.009196758270263671875 0.010746555402874946594 0.011078750714659690857 0.01117735542356967926 0.011258930899202823639 0.011069301515817642212 0.010866343975067138672 0.010979954153299331665 0.011124470271170139313 0.011204013600945472717 0.011295631527900695801 0.011218866333365440369 0.011073617264628410339 0.011043108999729156494 0.011037808842957019806 0.011102718301117420197 0.0091990437358617782593 0.0091878864914178848267 0.010926218703389167786 0.010639844462275505066 0.010656348429620265961 0.010911379940807819366 0.010850248858332633972 0.01082425285130739212 0.010842609219253063202 0.01054730638861656189 0.008647463284432888031 0.010533798485994338989 0.010998023673892021179 0.011105552315711975098 0.011168299242854118347 0.011107484810054302216 0.01101365312933921814 0 0.0084643503651022911072 0.010508878156542778015 0.011050328612327575684
-9999 -9999 -9999 -9999 0.009115370921790599823 0.0091445622965693473816 0.010861525312066078186 0.011197675950825214386 0.009231372736394405365 0.010607096366584300995 0.011008366942405700684 0.011235019192099571228 0.011225828900933265686 0.011174402199685573578 0.011145784519612789154 0.011106302030384540558 0.011087527498602867126 0.011073367670178413391 0.011116208508610725403 0.011174226179718971252 0.011123259551823139191 0.0092076892033219337463 0.0091701736673712730408 0.010955414734780788422 0.010663582943379878998 0.010630166158080101013 0.010563798248767852783 0.0088314833119511604309 0.0087314276024699211121 0.01052135322242975235 0.01096164993941783905 0.011068031191825866699 0.011109952814877033234 0.011148367077112197876 0.011118924245238304138 0.011068267747759819031 0 0.0084814392030239105225 0.010478753596544265747 0.010987701825797557831
-9999 -9999 -9999 -9999 -9999 -9999 -9999 -9999 -9999 -9999 0.0090418178588151931763 0.010976213961839675903 0.011227196082472801208 0.011074732989072799683 0.011067250743508338928 0.01109029725193977356 0.011107637546956539154 0.011126134544610977173 0.011140574701130390167 0.011152465827763080597 0.011135883629322052002 0.011111808940768241882 0.011090923100709915161 0.0092581473290920257568 0.0092106414958834648132 0.0091499844565987586975 0.0090351989492774009705 0.010566403158009052277 0.010881795547902584076 0.010946159251034259796 0.011016441509127616882 0.011086822487413883209 0.01111936476081609726 0.0111405225470662117 0.014202562160789966583 0.014485973864793777466 0 0.008476060815155506134 0.010448622517287731171 0.010933956131339073181
-9999 -9999 -9999 -9999 -9999 -9999 -9999 -9999 -9999 -9999 -9999 0.0092946747317910194397 0.0093938577920198440552 0.01075712498277425766 0.010990839451551437378 0.011049401015043258667 0.011106236837804317474 0.011173897422850131989 0.011162364855408668518 0.011125423014163970947 0.011151630431413650513 0.011202695779502391815 0.011147572658956050873 0.011059640906751155853 0.011014959774911403656 0.010989054106175899506 0.010943454690277576447 0.010901672765612602234 0.010919585824012756348 0.010943574830889701843 0.011023047380149364471 0.011107851751148700714 0.011143475770950317383 0.011163544841110706329 0.0086482623592019081116 0 0 0.0084762740880250930786 0.010434581898152828217 0.010894288308918476105
-9999 -9999 -9999 -9999 -9999 -9999 -9999 -9999 -9999 -9999 -9999 -9999 -9999 -9999 -9999 -9999 -9999 -9999 -9999 0.0092269172891974449158 0.0092699276283383369446 0.0093906307592988014221 0.0094442786648869514465 0.0093963835388422012329 0.010751846246421337128 0.010905629023909568787 0.010931008495390415192 0.010953240096569061279 0.010955466888844966888 0.010948809795081615448 0.011031559668481349945 0.01112834736704826355 0.01116117183119058609 0.01118137408047914505 0.01106560882180929184 0 0.0066339564509689807892 0.0087196016684174537659 0.010461131110787391663 0.010862794704735279083
-9999 -9999 -9999 -9999 -9999 -9999 -9999 -9999 -9999 -9999 -9999 -9999 -9999 -9999 -9999 -9999 -9999 -9999 -9999 -9999 -9999 -9999 0.010881011374294757843 0.010802440345287322998 0.0092614768072962760925 0.009081297554075717926 0.010637405328452587128 0.010996315628290176392 0.011005853302776813507 0.01095819566398859024 0.011040781624615192413 0.011149158701300621033 0.011164378374814987183 0.0111618824303150177 0.011038575321435928345 0 0.0066345827654004096985 0.0087492959573864936829 0.01048024836927652359 0.010847532190382480621
-9999 -9999 -9999 -9999 -9999 -9999 -9999 -9999 -9999 -9999 -9999 -9999 -9999 -9999 -9999 -9999 -9999 -9999 -9999 -9999 -9999 -9999 -9999 -9999 0.010872216895222663879 0.010543230921030044556 0.0089258840307593345642 0.0089343385770916938782 0.010658038780093193054 0.010921913199126720428 0.011047736741602420807 0.01117402687668800354 0.011163449846208095551 0.011122449301183223724 0.011012705042958259583 0.012274337001144886017 0.0088780960068106651306 0.010591528378427028656 0.010965226218104362488 0.010928530246019363403
-9999 -9999 -9999 -9999 -9999 -9999 -9999 -9999 -9999 -9999 -9999 -9999 -9999 -9999 -9999 -9999 -9999 -9999 -9999 -9999 -9999 -9999 -9999 -9999 -9999 0.010813331231474876404 0.010907203890383243561 0.010733379051089286804 0.0089122001081705093384 0.010581880807876586914 0.01102003827691078186 0.011190464720129966736 0.011154834181070327759 0.011078367941081523895 0.010999267920851707458 0.012213368900120258331 0.0089034512639045715332 0.010575578548014163971 -9999 -9999
-9999 -9999 -9999 -9999 -9999 -9999 -9999 -9999 -9999 -9999 -9999 -9999 -9999 -9999 -9999 -9999 -9999 -9999 -9999 -9999 -9999 -9999 -9999 -9999 -9999 -9999 -9999 0.011125874705612659454 0.011038542725145816803 0.0088412817567586898804 0.01067669503390789032 0.011139100417494773865 0.011122906580567359924 0.011038252152502536774 0.010995003394782543182 0.0055386098101735115051 -9999 -9999 -9999 -9999
