tests/data/reference/gistest_nucice/full/mwlevel_m.asc
ncols        125
nrows        78
xllcorner    -713756.799299980048
yllcorner    -1061032.369616159936
cellsize     10.000000000000
NODATA_value  -9999
[rows 51 to 67 of 78, columns 40 to 79 of 125]
0.005077653098851442337 0.0050771269015967845917 0.0051673636771738529205 0.0051721199415624141693 0.0051218243315815925598 0.0053249984048306941986 0.0051491130143404006958 0.0051827076822519302368 0.0050866766832768917084 0.002728192601352930069 0.0027023246511816978455 0.0027260917704552412033 0.0028176591731607913971 0.014611326158046722412 0.0056809531524777412415 0.0090234586969017982483 0.0095940642058849334717 0.012707150541245937347 0.017602896317839622498 0.020412145182490348816 0.0059898733161389827728 0.0055259591899812221527 0.0052616531029343605042 0.0051221037283539772034 0.0051991543732583522797 0.0053651952184736728668 0.005520842038094997406 0.0055827121250331401825 0.0055821705609560012817 0.0085394242778420448303 0.0079566873610019683838 0.0074986545369029045105 0.0070493849925696849823 0.0067239017225801944733 0.0069306688383221626282 0.0073000257834792137146 0.0073314504697918891907 0.0046101212501525878906 0.00064739614026620984077 0.0012043913593515753746
0.0049076075665652751923 0.004891709890216588974 0.0049877925775945186615 0.0050290338695049285889 0.0054476051591336727142 0.0051925075240433216095 0.0051420507952570915222 0.004849215969443321228 0.0021128482185304164886 0.0021012146025896072388 0.002101575024425983429 0.0021280832588672637939 0.014205319806933403015 0.0053177061490714550018 0.0052672741003334522247 0.0014610060025006532669 0.0059245298616588115692 0.0091133844107389450073 0.0063594607636332511902 0.0057416656054556369781 0.0054253949783742427826 0.0056758886203169822693 0.0052913371473550796509 0.0051513621583580970764 0.0053091594018042087555 0.0054698321036994457245 0.0055751539766788482666 0.0056411894038319587708 0.0056672836653888225555 0.001392043079249560833 0.0019596552010625600815 0.0023531687911599874496 0.0026561659760773181915 0.0030299844220280647278 0.0037165898829698562622 0.0043502384796738624573 0.0045946026220917701721 0.001290737418457865715 0.00092211755691096186638 0.0022016887087374925613
0.0046637123450636863708 0.004606552422046661377 0.0046575837768614292145 0.0053325844928622245789 0.005045544356107711792 0.0050566992722451686859 0.0046474700793623924255 0.0014098170213401317596 0.0013833539560437202454 0.0013777781277894973755 0.0013939318014308810234 0.013912900350987911224 0.0049717775546014308929 0.0049647293053567409515 0.0048564369790256023407 0.0052465572953224182129 0.0089319357648491859436 0.0065223281271755695343 0.0055252825841307640076 0.0050646034069359302521 0.0056767654605209827423 0.0058731236495077610016 0.0079991733655333518982 0.0076556946150958538055 0.0077069741673767566681 0.0076305973343551158905 0.0075630932115018367767 0.0075308317318558692932 0.0073920455761253833771 0.006989954039454460144 0.0064760809764266014099 0.0061575248837471008301 0.0059367842040956020355 0.0061907242052257061005 0.0072142262943089008331 0.01092913653701543808 0.0099443076178431510925 0.0089138792827725410461 0.0034552610013633966446 0.0073178512975573539734
0.0043557845056056976318 0.0042918268591165542603 0.0051252599805593490601 0.0046622753143310546875 0.0047287060879170894623 0.0043180701322853565216 0.0041835918091237545013 0.0044237473048269748688 0.0046393387019634246826 0.01090879831463098526 0.013920270837843418121 0.0046149548143148422241 0.0046365964226424694061 0.0045824046246707439423 0.0053417808376252651215 0.0081028454005718231201 0.0063184145838022232056 0.0052852467633783817291 0.0047224499285221099854 0.0054251980036497116089 0.0060208588838577270508 0.0050805089995265007019 0.005433666519820690155 0.0053009525872766971588 0.0054007768630981445312 0.0054928152821958065033 0.0056800497695803642273 0.0057641123421490192413 0.0056396671570837497711 0.0053901621140539646149 0.0051406095735728740692 0.0050434484146535396576 0.0050193532370030879974 0.0053861662745475769043 0.0063269133679568767548 0.0014413816388696432114 0.0013168676523491740227 0.0017306465888395905495 0.0011241035535931587219 0.0023075258359313011169
0.0039617340080440044403 0.0050044544041156768799 0.0042863376438617706299 0.0042971344664692878723 0.0038803303614258766174 0.0038211804348975419998 0.0047934334725141525269 0.0068319090642035007477 0.0086421165615320205688 0.0054561556316912174225 0.0042438236996531486511 0.0042718797922134399414 0.0042125093750655651093 0.0052716834470629692078 0.0044136960059404373169 0.0057469541206955909729 0.0046230335719883441925 0.0042740530334413051605 0.0051192538812756538391 0.0059033827856183052063 0.0048847342841327190399 0.0057686716318130493164 0.0014027908910065889359 0.0072830640710890293121 0.0095242513343691825867 0.0097585935145616531372 0.01433908659964799881 0.017031891271471977234 0.016103547066450119019 0.015011366456747055054 0.014014783315360546112 0.013356551527976989746 0.012898528017103672028 0.013287062756717205048 0.014443619176745414734 0.012941819615662097931 0.012190802022814750671 0.011811400763690471649 0.029886348173022270203 0.011378352530300617218
0.0048708994872868061066 0.0038748425431549549103 0.0038664182648062705994 0.0033794604241847991943 0.0033781547099351882935 0.004606473725289106369 0.0037018412258476018906 0.0036628337111324071884 0.0053617828525602817535 0.0037450306117534637451 0.0038425514940172433853 0.0038138551171869039536 0.0050445329397916793823 0.0040547437965869903564 0.0055846646428108215332 0.0038063102401793003082 0.0035288266371935606003 0.004645161796361207962 0.0056960149668157100677 0.0044853859581053256989 0.0058329249732196331024 0.004610720556229352951 0.0070536951534450054169 0.0044191787019371986389 0.0043383147567510604858 0.0069504915736615657806 0.0058180578052997589111 0.0050614671781659126282 0.0075846891850233078003 0.0073310430161654949188 0.0070733856409788131714 0.0068294061347842216492 0.0066012991592288017273 0.0066104051657021045685 0.0066387276165187358856 0.0062497719191014766693 0.0061403447762131690979 0.015136104077100753784 0.014520955272018909454 0.0054588504135608673096
0.0034682729747146368027 0.0033726396504789590836 0.0028373424429446458817 0.0028416048735380172729 0.0043207174167037010193 0.0033557163551449775696 0.0032722947653383016586 0.0052606044337153434753 0.0032358649186789989471 0.0032724854536354541779 0.0033302358351647853851 0.0048577515408396720886 0.0035724325571209192276 0.0054388185963034629822 0.0032468624413013458252 0.0027858819812536239624 0.0039082192815840244293 0.0052299550734460353851 0.0039886753074824810028 0.005821195896714925766 0.0042601716704666614532 0.0041925776749849319458 0.0041869063861668109894 0.0041209384799003601074 0.0040072016417980194092 0.0054698754101991653442 0.0046189967542886734009 0.0046532130800187587738 0.0055555161088705062866 0.0077253077179193496704 0.009493783116340637207 0.011639198288321495056 0.011173017323017120361 0.010948757641017436981 0.010691055096685886383 0.0095467362552881240845 0.009076770395040512085 0.023303741589188575745 0.022518359124660491943 0.0084851197898387908936
0.0029183372389525175095 0.0022178816143423318863 0.0022235838696360588074 0.0038885774556547403336 0.0028834957629442214966 0.0028657300863415002823 0.0052426923066377639771 0.0027724881656467914581 0.0027556982822716236115 0.0027745419647544622421 0.0046794693917036056519 0.0032785339280962944031 0.0053186942823231220245 0.0025743758305907249451 0.0021745259873569011688 0.0033974715042859315872 0.0047209984622895717621 0.0033860660623759031296 0.0056788865476846694946 0.0038982194382697343826 0.0037992398720234632492 0.0037494318094104528427 0.0037562754005193710327 0.0037175561301410198212 0.0054674749262630939484 0.0040572718717157840729 0.0041726022027432918549 0.0056656282395124435425 0.0044285636395215988159 0.0043019778095185756683 0.0052907094359397888184 0.0043635200709104537964 0.0067021376453340053558 0.006718982011079788208 0.0066936248913407325745 0.0064494996331632137299 0.0060957027599215507507 0.014593428932130336761 0.013705932535231113434 0.0051377397030591964722
0.0014852279564365744591 0.0014564711600542068481 0.0033952922094613313675 0.0022495496086776256561 0.0022675592917948961258 0.005130583886057138443 0.0022410878445953130722 0.0022320346906781196594 0.0022311462089419364929 0.0043671755120158195496 0.0029098850209265947342 0.0057817245833575725555 0.0019944510422646999359 0.0013379154261201620102 0.0028842533938586711884 0.004545656498521566391 0.0028551195282489061356 0.005401113070547580719 0.0034072126727551221848 0.003400309709832072258 0.0033437237143516540527 0.0032970330212265253067 0.0032693529501557350159 0.0056109903380274772644 0.0036861358676105737686 0.0036779814399778842926 0.0055969217792153358459 0.0041068936698138713837 0.0040360824204981327057 0.0054509611800312995911 0.0041798856109380722046 0.0040749846957623958588 0.003972573205828666687 0.0058632409200072288513 0.0063394661992788314819 0.0067023192532360553741 0.0077023729681968688965 0.018881624564528465271 0.0071072429418563842773 0.0072033684700727462769
0.0022778057027608156204 0.0028494386933743953705 0.001474782242439687252 0.0014732199488207697868 0.0047734798863530158997 0.0014660803135484457016 0.0014632482780143618584 0.0014706950169056653976 0.0040320456027984619141 0.0023091412149369716644 0.0060212248936295509338 0.0014281581388786435127 0.0013286332832649350166 0.0020241793245077133179 0.0040859971195459365845 0.0023904982954263687134 0.0052676401101052761078 0.0028361640870571136475 0.0028456761501729488373 0.0028536121826618909836 0.002854770515114068985 0.002810915699228644371 0.0057206884957849979401 0.0032433469314128160477 0.0032630693167448043823 0.0056339413858950138092 0.0036551447119563817978 0.0036242576315999031067 0.0055794217623770236969 0.0039343307726085186005 0.0038392257411032915115 0.003732363460585474968 0.00323536689393222332 0.0012366633163765072823 0.0012370472541078925133 0.0027174067217856645584 0.0011698715388774871826 0.0030468869954347610474 0.001991434488445520401 0.002372650662437081337
0.0027180474717170000076 0.0032852296717464923859 0.0039302599616348743439 0.0044323904439806938171 0.0014717145822942256927 0.0022303625009953975677 0.0028355268295854330063 0.00344399292953312397 0.0015124457422643899918 0.006094500422477722168 0.0014646381605416536331 0.0020975018851459026337 0.002466305391862988472 0.0030671427957713603973 0.001508244895376265049 0.0053911902941763401031 0.0023162057623267173767 0.0022442855406552553177 0.0022274220827966928482 0.0022408796939998865128 0.002278372645378112793 0.0060877148061990737915 0.0027701107319444417953 0.0027367665898054838181 0.005751111544668674469 0.0032540019601583480835 0.0031765263993293046951 0.0056061884388327598572 0.0035515769850462675095 0.0034979144111275672913 0.0034086848609149456024 0.0028842019382864236832 0.0012399171246215701103 0.0018116291612386703491 0.0023259248118847608566 0.0012184848310425877571 0.0016980502987280488014 0.0010727640474215149879 0.0025298257824033498764 0.0029648242052644491196
0.0024243476800620555878 0.0029506143182516098022 0.0033036177046597003937 0.0038004987873136997223 0.0041085109114646911621 0.0043960101902484893799 0.0047216070815920829773 0.0051710372790694236755 0.0058443993330001831055 0.0015091748209670186043 0.0021157793235033750534 0.0024791273754090070724 0.0028738058172166347504 0.0035490051377564668655 0.0046568010002374649048 0.001543713035061955452 0.0015091629466041922569 0.0014798319898545742035 0.0014613870298489928246 0.0014678774168714880943 0.0064052646048367023468 0.0023170192725956439972 0.0022263331338763237 0.005878078751266002655 0.002812398131936788559 0.0027782449033111333847 0.0058294190093874931335 0.0031457843724638223648 0.0030970370862632989883 0.003025074489414691925 0.0024467480834573507309 0.0012504069600254297256 0.001794924028217792511 0.0022493009455502033234 0.0027165585197508335114 0.0030409318860620260239 0.0032177588436752557755 0.0017015361227095127106 0.0038975332863628864288 0.0042948652990162372589
-9999 -9999 0.0015509313670918345451 0.0015369208995252847672 0.0014842249220237135887 0.0021691988222301006317 0.0026972689665853977203 0.0032142251729965209961 0.0038435279857367277145 0.0041122068651020526886 0.0040198639035224914551 0.0041181566193699836731 0.0045370864681899547577 0.0053826784715056419373 0.0062913852743804454803 0.0065898052416741847992 0.0063498537056148052216 0.0062176482751965522766 0.0061149895191192626953 0.0061966343782842159271 0.0015157449524849653244 0.0015154328430071473122 0.0061679552309215068817 0.0022650058381259441376 0.0022735181264579296112 0.0062509020790457725525 0.0027942338492721319199 0.0027027858886867761612 0.0026104431599378585815 0.0019695113878697156906 0.0012606492964550852776 0.0017973138019442558289 0.0022134580649435520172 0.0026098783127963542938 0.0030208821408450603485 0.0033124664332717657089 0.00352831999771296978 0.0018501305021345615387 0.0042384038679301738739 0.0045351735316216945648
-9999 -9999 -9999 -9999 -9999 0.001480761566199362278 0.0014878595247864723206 0.0023402625229209661484 0.0031136490870267152786 0.0015117619186639785767 0.0021120947785675525665 0.0025763504672795534134 0.0030625113286077976227 0.0036872848868370056152 0.0043825940228998661041 0.0047692111693322658539 0.0049574193544685840607 0.0051593193784356117249 0.0054013980552554130554 0.0057726306840777397156 0.006181068718433380127 0.0062649436295032501221 0.0015027070185169577599 0.0014979131519794464111 0.0065382523462176322937 0.0023185668978840112686 0.002267567906528711319 0.0021690055727958679199 0.0013549614232033491135 0.0012925730552524328232 0.0018091561505571007729 0.0021981440950185060501 0.0025674528442323207855 0.0029429874848574399948 0.0033369904849678277969 0.0036665452644228935242 0.0039561390876770019531 0.0019902689382433891296 0.0045558456331491470337 0.0047148149460554122925
-9999 -9999 -9999 -9999 -9999 -9999 -9999 -9999 -9999 -9999 -9999 0.001430843607522547245 0.002332553500309586525 0.0029407395049929618835 0.0031815909314900636673 0.0035874072927981615067 0.0039243432693183422089 0.0043911295942962169647 0.0047562303952872753143 0.0049800570122897624969 0.0052362424321472644806 0.0055335722863674163818 0.0059370342642068862915 0.0063693453557789325714 0.0015218210173770785332 0.0015103941550478339195 0.0014856415800750255585 0.0014253336703404784203 0.0019679921679198741913 0.0023094869684427976608 0.0025791071821004152298 0.0028699554968625307083 0.0032229474745690822601 0.0036257256288081407547 0.0040919547900557518005 0.0077680787071585655212 0.0080496817827224731445 0.0032759441528469324112 0.0079485438764095306396 0.0077080349437892436981
-9999 -9999 -9999 -9999 -9999 -9999 -9999 -9999 -9999 -9999 -9999 -9999 0.0015460812719538807869 0.0015510981902480125427 0.002369580557569861412 0.0028688283637166023254 0.0033476785756647586823 0.0038792064879089593887 0.0044621815904974937439 0.0048924391157925128937 0.0051899417303502559662 0.0055305957794189453125 0.0057882731780409812927 0.0055328304879367351532 0.005586643703281879425 0.0055749048478901386261 0.0053084818646311759949 0.0049132378771901130676 0.0046026441268622875214 0.0044742729514837265015 0.0044150589965283870697 0.0044981515966355800629 0.0047383187338709831238 0.0050691626965999603271 0.0054852059110999107361 0.0012520115124061703682 0.0012110603274777531624 0.00089239637600257992744 0.002191911451518535614 0.0024890939239412546158
-9999 -9999 -9999 -9999 -9999 -9999 -9999 -9999 -9999 -9999 -9999 -9999 -9999 -9999 -9999 -9999 -9999 -9999 -9999 -9999 0.0015265301335602998734 0.0015402293065562844276 0.0015555024147033691406 0.0015442739240825176239 0.0015449357451871037483 0.0023110390175133943558 0.0026990137994289398193 0.0030192404519766569138 0.0032367245294153690338 0.0033169940579682588577 0.0033296775072813034058 0.0035855663008987903595 0.0040360577404499053955 0.0045375884510576725006 0.0050618108361959457397 0.0052310023456811904907 0.0050497064366936683655 0.012193931266665458679 0.0047386926598846912384 0.0046870745718479156494
