tests/data/reference/gistest_nucice/full/mwlevel_m.asc
ncols        123
nrows        77
xllcorner    -713746.799299980048
yllcorner    -1061022.369616159936
cellsize     10.000000000000
NODATA_value  -9999
[rows 51 to 67 of 77, columns 40 to 79 of 123]
0.0033543955069035291672 0.0033582493197172880173 0.0033547526691108942032 0.0033508152700960636139 0.0033478518016636371613 0.0033464827574789524078 0.0033492029178887605667 0.0033543482422828674316 0.0033579936716705560684 0.0033575380221009254456 0.0033592514228075742722 0.003363580675795674324 0.0033639406319707632065 0.0033650083933025598526 0.0035293502733111381531 0.0035240696743130683899 0.0035150565672665834427 0.0035076949279755353928 0.0035111182369291782379 0.0033631017431616783142 0.0033584956545382738113 0.0033494841773062944412 0.0033536704722791910172 0.0033573796972632408142 0.0033568521030247211456 0.0033568511717021465302 0.0033555703703314065933 0.0033541461452841758728 0.0035111736506223678589 0.0033538388088345527649 0.0033527535852044820786 0.0033564416225999593735 0.0033608800731599330902 0.0033656761515885591507 0.0033558043651282787323 0.0033451030030846595764 0.0033374433405697345734 0.0027354375924915075302 0.0031498705502599477768 0.0033414920326322317123
0.0033548395149409770966 0.0033607722725719213486 0.0033602260518819093704 0.0033570758532732725143 0.0033525503240525722504 0.0033488036133348941803 0.0033485924359411001205 0.003344951895996928215 0.0033488750923424959183 0.0033503379672765731812 0.0033504401799291372299 0.0033590383827686309814 0.0033593075349926948547 0.0033598721493035554886 0.0031975905876606702805 0.0033717451151460409164 0.0033625629730522632599 0.0033554085530340671539 0.0033578560687601566315 0.0033612607512623071671 0.0033575987908989191055 0.0033480436541140079498 0.0033552253153175115585 0.0033624933566898107529 0.0033596742432564496994 0.0033567876089364290237 0.0033554034307599067688 0.0033541230950504541397 0.0031891104299575090408 0.0033404964487999677658 0.0033495433162897825241 0.0033531552180647850037 0.0033633711282163858414 0.0033747716806828975677 0.0033609701786190271378 0.0033460403792560100555 0.0031689777970314025879 0.002891788724809885025 0.0087563898414373397827 0.0060323337092995643616
0.0033524639438837766647 0.0033571748062968254089 0.0033596449065953493118 0.0033600039314478635788 0.0033574802801012992859 0.0033548024948686361313 0.0031869036611169576645 0.0031832691747695207596 0.0031827157363295555115 0.0031849467195570468903 0.0033623911440372467041 0.0033579168375581502914 0.0033581762108951807022 0.0033576856367290019989 0.003363305702805519104 0.003380364738404750824 0.0033649792894721031189 0.0033560905139893293381 0.0033572802785784006119 0.0033594358246773481369 0.0033549701329320669174 0.0035049556754529476166 0.0033605066128075122833 0.0033648782409727573395 0.003362987888976931572 0.0033600954338908195496 0.0033569666557013988495 0.003354327986016869545 0.0033490592613816261292 0.0033443924039602279663 0.0033473174553364515305 0.0033501053694635629654 0.0033638712484389543533 0.0033789300359785556793 0.0035251316148787736893 0.0035054418258368968964 0.0033503754530102014542 0.0028859600424766540527 0.008738823235034942627 0.0060504926368594169617
0.0033524627797305583954 0.0033545123878866434097 0.0033567319624125957489 0.0033588346559554338455 0.0033578381408005952835 0.0033563668839633464813 0.0033545054029673337936 0.0033544031903147697449 0.0035375796724110841751 0.0035400420892983675003 0.0033585510682314634323 0.0033585925120860338211 0.0033593587577342987061 0.0033574760891497135162 0.0035388760734349489212 0.0033755472395569086075 0.0033674903679639101028 0.0033585655037313699722 0.0033585287164896726608 0.0033597247675061225891 0.0033553671091794967651 0.0033483351580798625946 0.0033537901472300291061 0.0033625152427703142166 0.0033643229398876428604 0.0033649899996817111969 0.0033590253442525863647 0.0033534409012645483017 0.0033497447147965431213 0.0033462811261415481567 0.0033479286357760429382 0.0033495579846203327179 0.0033638244494795799255 0.0033803049009293317795 0.0031961838249117136002 0.0031782281585037708282 0.0033368379808962345123 0.0028534922748804092407 0.0087219076231122016907 0.00608158111572265625
0.0033541230950504541397 0.0033562702592462301254 0.0033565328922122716904 0.0033574770204722881317 0.0033559247385710477829 0.0033544441685080528259 0.003526835935190320015 0.0035361931659281253815 0.0033595198765397071838 0.0033619278110563755035 0.0033588078804314136505 0.0033583447802811861038 0.0033615985885262489319 0.0033597883302718400955 0.0033643185161054134369 0.0033737637568265199661 0.0033691315911710262299 0.0033614407293498516083 0.0033600034657865762711 0.0033606432843953371048 0.003359274938702583313 0.0031878051813691854477 0.0035211539361625909805 0.0035370327532291412354 0.0033689194824546575546 0.0035497031640261411667 0.0035317232832312583923 0.0033576970454305410385 0.0033512269146740436554 0.0033495279494673013687 0.003349884646013379097 0.0033504951279610395432 0.0033631001133471727371 0.0033785097766667604446 0.0033579261507838964462 0.0033350342418998479843 0.0033404731657356023788 0 0.0031363207381218671799 0.0033405534923076629639
0.0033531817607581615448 0.0033572921529412269592 0.0033569287043064832687 0.0033567384816706180573 0.0033542544115334749222 0.0033523766323924064636 0.0033554295077919960022 0.003358514048159122467 0.0033611075486987829208 0.0033631131518632173538 0.0033583920449018478394 0.0033569864463061094284 0.0033641753252595663071 0.0033643697388470172882 0.0033625883515924215317 0.0033697928301990032196 0.0033706286922097206116 0.0033651036210358142853 0.0033611860126256942749 0.0033594113774597644806 0.0033607922960072755814 0.0035241821315139532089 0.0033543005120009183884 0.0033532783854752779007 0.0035398781765252351761 0.003371347673237323761 0.0033662379719316959381 0.0035217527765780687332 0.0033576495479792356491 0.0033521493896842002869 0.00335171516053378582 0.0033515675459057092667 0.0033603117335587739944 0.0033706363756209611893 0.0033556465059518814087 0.0033399099484086036682 0 0 0.0031319882255047559738 0.0033435663208365440369
0.0033501028083264827728 0.0033557829447090625763 0.0033559326548129320145 0.0033554485999047756195 0.003351666964590549469 0.0033479877747595310211 0.0033491840586066246033 0.0033517403062433004379 0.0033553305547684431076 0.0033578476868569850922 0.0033510772045701742172 0.0033478992991149425507 0.0033613243140280246735 0.0033669841941446065903 0.0033568241633474826813 0.003358078422024846077 0.0033641157206147909164 0.0033634947612881660461 0.0033592523541301488876 0.0033554274123162031174 0.0033573966939002275467 0.0033595515415072441101 0.00335620134137570858 0.0033524378668516874313 0.0033576008863747119904 0.0033662358764559030533 0.0033638025633990764618 0.0033572630491107702255 0.0035306713543832302094 0.0035420060157775878906 0.0035469229333102703094 0.0033596605062484741211 0.0033574064727872610092 0.0033629746176302433014 0.003355806693434715271 0.00334722176194190979 0 0 0.0031326247844845056534 0.0033478057011961936951
0.0033431148622184991837 0.003348923753947019577 0.0033547040075063705444 0.0033554211258888244629 0.0033523305319249629974 0.0033477011602371931076 0.0033460098784416913986 0.0033454885706305503845 0.0033477717079222202301 0.0033517307601869106293 0.0033446047455072402954 0.0033383145928382873535 0.003356501460075378418 0.0033629268873482942581 0.0033534178510308265686 0.0033471258357167243958 0.0033555279951542615891 0.0033597000874578952789 0.0033569908700883388519 0.0033526164479553699493 0.0033532024826854467392 0.0033566255588084459305 0.003356674686074256897 0.003353399224579334259 0.0033546183258295059204 0.0033607485238462686539 0.0033611806575208902359 0.0033567601349204778671 0.0033542059827595949173 0.003353502834215760231 0.0033543535973876714706 0.0035472300369292497635 0.0033625499345362186432 0.0033575859852135181427 0.0033553212415426969528 0.0033521556761115789413 0 0 0.0031343647278845310211 0.003351382911205291748
0.0031980387866497039795 0.0033496133983135223389 0.0033470571506768465042 0.0033498750999569892883 0.0033552453387528657913 0.0033488713670521974564 0.003347252262756228447 0.0033446496818214654922 0.0033472399227321147919 0.0033507966436445713043 0.0033458394464105367661 0.0033318465575575828552 0.0031729915644973516464 0.0033721029758453369141 0.0033543840982019901276 0.003342015901580452919 0.0033503242302685976028 0.003357165725901722908 0.0033568078652024269104 0.0033530893269926309586 0.0033503891900181770325 0.0033523179590702056885 0.0033561929594725370407 0.0033559456933289766312 0.0033541384618729352951 0.0033571417443454265594 0.0033603347837924957275 0.0033593131229281425476 0.0033561829477548599243 0.0033538849093019962311 0.0033530984073877334595 0.003353310050442814827 0.0035549041349440813065 0.0035589057952165603638 0.0035571164917200803757 0.0035688069183379411697 0 0.003132986137643456459 0.0033479745034128427505 0.0035884829703718423843
0.0033514632377773523331 0.003203229513019323349 0.0032015095930546522141 0.0033492064103484153748 0.0032001410145312547684 0.003199907718226313591 0.0032007643021643161774 0.0033556083217263221741 0.0033441225532442331314 0.0033487351611256599426 0.0031912785489112138748 0.0031751333735883235931 0.0033537580166012048721 0.0033732345327734947205 0.0033509908244013786316 0.0033386396244168281555 0.0033451165072619915009 0.0033527740743011236191 0.0033557582646608352661 0.0033546090126037597656 0.0033487093169242143631 0.0033472906798124313354 0.0033533663954585790634 0.0033570223022252321243 0.0033543335739523172379 0.003353801090270280838 0.0033575810957700014114 0.0033599869348108768463 0.0033585224300622940063 0.0033566618803888559341 0.003355281660333275795 0.0033534988760948181152 0.0031536696478724479675 0.0031533911824226379395 0.0033481935970485210419 0.0031394676771014928818 0 0.0031306033488363027573 0.0033494108356535434723 0.0040056062862277030945
0.0033534872345626354218 0.0033560860902070999146 0.0033532667439430952072 0.0032029254361987113953 0.0033506508916616439819 0.0033575540874153375626 0.0033607184886932373047 0.0032094710040837526321 0.0033475763630121946335 0.003200075589120388031 0.0033440152183175086975 0.0033451146446168422699 0.0033617648296058177948 0.0032071522437036037445 0.003360609058290719986 0.0033376184292137622833 0.0033390920143574476242 0.0033436182420700788498 0.0033485596068203449249 0.0033503111917525529861 0.0033469398040324449539 0.0033415453508496284485 0.0033466794993728399277 0.0033518332056701183319 0.0033499547280371189117 0.0033477726392447948456 0.0033501738216727972031 0.0033538395073264837265 0.0033545484766364097595 0.0033547414932399988174 0.0033562125172466039658 0.0031551972497254610062 0.0033486057072877883911 0.0033604262862354516983 0.003152613295242190361 0.0033379474189132452011 0.0027203543577343225479 0.0087003763765096664429 0.0062709958292543888092 0.0039521260187029838562
0.0033564700279384851456 0.0033590514212846755981 0.0033529289066791534424 0.003347889753058552742 0.0033526115585118532181 0.0033569587394595146179 0.0033619140740483999252 0.0033671031706035137177 0.0032136559020727872849 0.0033387611620128154755 0.0033479160629212856293 0.0033521181903779506683 0.0033637727610766887665 0.003378039458766579628 0.0032186803873628377914 0.0032099869567900896072 0.0032030607108026742935 0.0031986157409846782684 0.0031989226117730140686 0.0033553510438650846481 0.0033431667834520339966 0.0033354398328810930252 0.0033422682899981737137 0.0033461696002632379532 0.0033444401342421770096 0.0033423115964978933334 0.0033433164935559034348 0.0033471677452325820923 0.0033498653210699558258 0.00335086858831346035 0.003156949533149600029 0.0033460371196269989014 0.0033575049601495265961 0.0033622670453041791916 0.0033542898017913103104 0.0033460468985140323639 0.002743247663602232933 0.0087322443723678588867 0.006240185815840959549 0.0031444891355931758881
-9999 0.0032242171000689268112 0.0032205036841332912445 0.0032102395780384540558 0.0033484527375549077988 0.0033577510621398687363 0.0033626316580921411514 0.0033680053893476724625 0.0033527519553899765015 0.0033387467265129089355 0.0033498895354568958282 0.0033598672598600387573 0.003364391624927520752 0.0033705928362905979156 0.0033637902233749628067 0.0033535256516188383102 0.0033525773324072360992 0.003352397354319691658 0.0033575105480849742889 0.003210440976545214653 0.0032094568014144897461 0.0033428862225264310837 0.0033397232182323932648 0.0033418184611946344376 0.0033433884382247924805 0.0033407204318791627884 0.0033390121534466743469 0.0033413702622056007385 0.0033408571034669876099 0.0031595772597938776016 0.0033448419999331235886 0.0033544390462338924408 0.0033579838927835226059 0.0033620260655879974365 0.0033562101889401674271 0.0033495044335722923279 0.002779314061626791954 0.0087515842169523239136 0.0061934678815305233002 0.003895218484103679657
-9999 -9999 -9999 -9999 0.0032030178699642419815 0.003205619053915143013 0.0033586116041988134384 0.0033655108418315649033 0.0032132826745510101318 0.0033366170246154069901 0.0033540595322847366333 0.0033678968902677297592 0.0033648100215941667557 0.0033611333929002285004 0.0033594754058867692947 0.0033567040227353572845 0.0033556420821696519852 0.0033547158818691968918 0.0033581738825887441635 0.0033621748443692922592 0.0033576847054064273834 0.0032112023327499628067 0.0032078910153359174728 0.0033455058000981807709 0.0033406210131943225861 0.0033388859592378139496 0.0033347569406032562256 0.0031770674977451562881 0.0031676255166530609131 0.0033413919154554605484 0.003351688385009765625 0.0033554751425981521606 0.0033578143920749425888 0.0033604046329855918884 0.0033574490807950496674 0.0033538041170686483383 0.0028130735736340284348 0.0087518971413373947144 0.0061453427188098430634 0.0038432786241173744202
-9999 -9999 -9999 -9999 -9999 -9999 -9999 -9999 -9999 -9999 0.0031964096706360578537 0.0033699055202305316925 0.0033664049115031957626 0.0033533738460391759872 0.0033544495236128568649 0.0033562190365046262741 0.0033573154360055923462 0.0033585752826184034348 0.0033595031127333641052 0.0033602763433009386063 0.0033588951919227838516 0.0033572234679013490677 0.0033558481372892856598 0.0032156251836568117142 0.0032114621717482805252 0.0032061007805168628693 0.0031958110630512237549 0.0033374640624970197678 0.0033444971777498722076 0.0033467141911387443542 0.0033519144635647535324 0.0033566898200660943985 0.0033583324402570724487 0.00335963396355509758 0.0035499159712344408035 0.0035508323926478624344 0.0028203639667481184006 0.0087474994361400604248 0.0061336485669016838074 0.0038353491108864545822
-9999 -9999 -9999 -9999 -9999 -9999 -9999 -9999 -9999 -9999 -9999 0.0032188049517571926117 0.00322734820656478405 0.0033454722724854946136 0.0033507957123219966888 0.0033536686096340417862 0.0033576106652617454529 0.0033622521441429853439 0.0033606791403144598007 0.0033580083400011062622 0.0033603853080421686172 0.0033639839384704828262 0.0033593270927667617798 0.0033531656954437494278 0.0033505116589367389679 0.0033488816116005182266 0.003345523495227098465 0.0033426589798182249069 0.0033445940352976322174 0.0033462920691817998886 0.0033525172621011734009 0.0033582886680960655212 0.0033599701710045337677 0.003361150156706571579 0.0031596543267369270325 0.0031512461137026548386 0.0027962038293480873108 0.0087502617388963699341 0.0061256508342921733856 0.003812147071585059166
-9999 -9999 -9999 -9999 -9999 -9999 -9999 -9999 -9999 -9999 -9999 -9999 -9999 -9999 -9999 -9999 -9999 -9999 -9999 0.0032128919847309589386 0.0032166526652872562408 0.0032270723022520542145 0.0032316411379724740982 0.0032275640405714511871 0.003345014527440071106 0.0033441872801631689072 0.0033452988136559724808 0.0033468957990407943726 0.0033468166366219520569 0.003346261102706193924 0.0033531545195728540421 0.0033598064910620450974 0.0033610931131988763809 0.0033623389899730682373 0.0033527694176882505417 0.0033440995030105113983 0 0.0031451028771698474884 0.0033413073979318141937 0.0033447053283452987671
