tests/data/reference/gistest_nucice/dpre/control/hcrit.asc
ncols        123
nrows        77
xllcorner    -713746.799299980048
yllcorner    -1061022.369616159936
cellsize     10.000000000000
NODATA_value  -9999
[rows 36 to 53 of 77, columns 80 to 119 of 123]
0.029419519007205963135 0.027455942705273628235 0.025466227903962135315 0.022816620767116546631 0.20733131468296051025 0.023091873154044151306 0.023827392607927322388 0.024424487724900245667 0.024721344932913780212 0.024790069088339805603 0.0250376872718334198 0.025544568896293640137 0.02694318816065788269 0.029315523803234100342 0.031922072172164916992 0.035333260893821716309 0.038942385464906692505 0.041288111358880996704 0.041802331805229187012 0.042022950947284698486 0.043400041759014129639 0.04541173204779624939 0.048655800521373748779 0.052386995404958724976 0.057176694273948669434 0.66807913780212402344 -9999 -9999 -9999 -9999 -9999 -9999 -9999 -9999 -9999 -9999 -9999 -9999 -9999 -9999
0.029040735214948654175 0.026345727965235710144 0.02442743256688117981 0.022195652127265930176 0.0216217041015625 0.022493707016110420227 0.022997999563813209534 0.023641612380743026733 0.02437169291079044342 0.024744980037212371826 0.024996934458613395691 0.025132041424512863159 0.026032835245132446289 0.028061686083674430847 0.030262453481554985046 0.033149130642414093018 0.037062298506498336792 0.041452132165431976318 0.044317010790109634399 0.044396921992301940918 0.042998000979423522949 0.041046280413866043091 0.040112596005201339722 0.041998282074928283691 0.046863619238138198853 0.053048938512802124023 0.060435511171817779541 0.59474366903305053711 -9999 -9999 -9999 -9999 -9999 -9999 -9999 -9999 -9999 -9999 -9999 -9999
0.0281793251633644104 0.02534821629524230957 0.023592889308929443359 0.021713141351938247681 0.021284790709614753723 0.022131128236651420593 0.022431958466768264771 0.02296412736177444458 0.023764995858073234558 0.024078577756881713867 0.024182809516787528992 0.024160603061318397522 0.024829652160406112671 0.026694653555750846863 0.028843831270933151245 0.031280800700187683105 0.034441538155078887939 0.03874675557017326355 0.043107785284519195557 0.044970374554395675659 0.043695345520973205566 0.041064094752073287964 0.039116624742746353149 0.039788957685232162476 0.04280282929539680481 0.044613514095544815063 0.045831099152565002441 0.053033385425806045532 0.60251903533935546875 -9999 -9999 -9999 -9999 -9999 -9999 -9999 -9999 -9999 -9999 -9999
0.02698495425283908844 0.22897607088088989258 0.022919492796063423157 0.021368730813264846802 0.021097602322697639465 0.02197798900306224823 0.022107137367129325867 0.022402793169021606445 0.022978145629167556763 0.022999318316578865051 0.022858349606394767761 0.022757804021239280701 0.023287711665034294128 0.025012271478772163391 0.027454886585474014282 0.029935600236058235168 0.031880676746368408203 0.034476641565561294556 0.038728427141904830933 0.042891882359981536865 0.044478811323642730713 0.044588103890419006348 0.044244222342967987061 0.043667651712894439697 0.043125376105308532715 0.041216921061277389526 0.03934815526008605957 0.04165248572826385498 0.050214570015668869019 0.53137707710266113281 -9999 -9999 -9999 -9999 -9999 -9999 -9999 -9999 -9999 -9999
0.25671207904815673828 0.026218000799417495728 0.023627704009413719177 0.021385358646512031555 0.020624099299311637878 0.021277805790305137634 0.021625883877277374268 0.022028347477316856384 0.022426085546612739563 0.022199617698788642883 0.021884078159928321838 0.021807102486491203308 0.022366000339388847351 0.023829171434044837952 0.026205232366919517517 0.029085729271173477173 0.030671564862132072449 0.031860817223787307739 0.034853413701057434082 0.038941491395235061646 0.04158383980393409729 0.043374724686145782471 0.044653519988059997559 0.044496715068817138672 0.043100170791149139404 0.039826534688472747803 0.036902938038110733032 0.036603204905986785889 0.040397919714450836182 0.049600116908550262451 0.62220966815948486328 -9999 -9999 -9999 -9999 -9999 -9999 -9999 -9999 -9999
0.031341608613729476929 0.031242905184626579285 0.02667555585503578186 0.022102750837802886963 0.020024176687002182007 0.020060196518898010254 0.020905800163745880127 0.021794687956571578979 0.022116884589195251465 0.021662846207618713379 0.021143171936273574829 0.021012768149375915527 0.021779894828796386719 0.023252094164490699768 0.025367960333824157715 0.028411513194441795349 0.030263319611549377441 0.030678439885377883911 0.031960461288690567017 0.034356553107500076294 0.036438532173633575439 0.03828665614128112793 0.040089279413223266602 0.041541174054145812988 0.042315073311328887939 0.03991629183292388916 0.037121683359146118164 0.035635348409414291382 0.035969078540802001953 0.039590500295162200928 0.04643492773175239563 0.057305376976728439331 -9999 -9999 -9999 -9999 -9999 -9999 -9999 -9999
0.040274683386087417603 0.040446694940328598022 0.032145451754331588745 0.02534237690269947052 0.021737461909651756287 0.020854925736784934998 0.021022822707891464233 0.021475663408637046814 0.021547997370362281799 0.021149119362235069275 0.020689656957983970642 0.020288361236453056335 0.020889153704047203064 0.022499386221170425415 0.024665839970111846924 0.027745459228754043579 0.029872022569179534912 0.03035921044647693634 0.030959170311689376831 0.032284304499626159668 0.033737696707248687744 0.035394314676523208618 0.037227630615234375 0.038320381194353103638 0.03849860653281211853 0.036692272871732711792 0.035238586366176605225 0.033803027123212814331 0.03202749788761138916 0.032431356608867645264 0.035297378897666931152 0.041361659765243530273 0.052223931998014450073 0.65366798639297485352 -9999 -9999 -9999 -9999 -9999 -9999
0.045580450445413589478 0.048878438770771026611 0.040660057216882705688 0.031895067542791366577 0.027036363258957862854 0.024626642465591430664 0.022457139566540718079 0.021248813718557357788 0.020733622834086418152 0.020449472591280937195 0.020312875509262084961 0.019850440323352813721 0.020090274512767791748 0.021519118919968605042 0.023816524073481559753 0.027110321447253227234 0.02952832542359828949 0.030490983277559280396 0.031187314540147781372 0.031998734921216964722 0.032727461308240890503 0.033930070698261260986 0.035629462450742721558 0.03531619533896446228 0.033100929111242294312 0.031771108508110046387 0.032104820013046264648 0.031181329861283302307 0.028518395498394966125 0.027640772983431816101 0.029409671202301979065 0.034070339053869247437 0.042514860630035400391 0.053258687257766723633 0.59565013647079467773 -9999 -9999 -9999 -9999 -9999
0.033337648957967758179 0.038084343075752258301 0.045148886740207672119 0.041666593402624130249 0.031439069658517837524 0.026205085217952728271 0.023216279223561286926 0.021542754024267196655 0.0206147804856300354 0.01990065351128578186 0.019628569483757019043 0.019370013847947120667 0.019495928660035133362 0.020490553230047225952 0.022433441132307052612 0.025468323379755020142 0.027905454859137535095 0.029313450679183006287 0.030414085835218429565 0.031412832438945770264 0.031996484845876693726 0.032238122075796127319 0.032653462141752243042 0.031493764370679855347 0.02914740145206451416 0.028382046148180961609 0.028972195461392402649 0.028477218002080917358 0.026783419772982597351 0.025770483538508415222 0.02618293464183807373 0.028205981478095054626 0.032990619540214538574 0.040222015231847763062 0.045812699943780899048 0.49822196364402770996 -9999 -9999 -9999 -9999
0.026008680462837219238 0.028062054887413978577 0.03588357195258140564 0.045548681169748306274 0.030898926779627799988 0.024207049980759620667 0.02255585789680480957 0.022172193974256515503 0.02118628285825252533 0.01969094201922416687 0.018950767815113067627 0.018826967105269432068 0.018981872126460075378 0.019614826887845993042 0.020940380170941352844 0.023205041885375976562 0.025300875306129455566 0.026979444548487663269 0.028608169406652450562 0.030327785760164260864 0.031472925096750259399 0.030744927003979682922 0.029008312150835990906 0.027317361906170845032 0.026189146563410758972 0.025818580761551856995 0.025840010493993759155 0.026039121672511100769 0.026325330138206481934 0.025855597108602523804 0.02476491779088973999 0.024145914241671562195 0.025996677577495574951 0.030628470703959465027 0.034857600927352905273 0.039581697434186935425 0.052846327424049377441 -9999 -9999 -9999
0.022806061431765556335 0.023199433460831642151 0.02616742253303527832 0.031620010733604431152 0.032281376421451568604 0.028674095869064331055 0.026160227134823799133 0.024800062179565429688 0.022935688495635986328 0.020252315327525138855 0.018863433972001075745 0.0186357889324426651 0.018826831132173538208 0.019384391605854034424 0.020287655293941497803 0.021789830178022384644 0.023253653198480606079 0.024632513523101806641 0.026174305006861686707 0.027908556163311004639 0.029423676431179046631 0.028987683355808258057 0.02685996517539024353 0.025255473330616950989 0.024702550843358039856 0.024598192423582077026 0.024635098874568939209 0.02511843852698802948 0.025995086878538131714 0.026248702779412269592 0.025343900546431541443 0.023579537868499755859 0.023949664086103439331 0.027635389938950538635 0.032180167734622955322 0.03660853952169418335 0.044906120747327804565 0.072558969259262084961 4.0361371040344238281 -9999
0.021500492468476295471 0.020634647458791732788 0.021370438858866691589 0.023696215823292732239 0.031819727271795272827 0.049776542931795120239 0.039945278316736221313 0.031704023480415344238 0.026700863614678382874 0.021913027390837669373 0.01946048438549041748 0.018778370693325996399 0.018969325348734855652 0.019699873402714729309 0.020338715985417366028 0.021117795258760452271 0.021778762340545654297 0.022499414160847663879 0.023575173690915107727 0.024874467402696609497 0.02634589560329914093 0.026731291785836219788 0.025605808943510055542 0.024593420326709747314 0.024243624880909919739 0.024460077285766601562 0.024923862889409065247 0.025264943018555641174 0.02573124319314956665 0.026843972504138946533 0.027661047875881195068 0.02582754381000995636 0.024867406114935874939 0.027584888041019439697 0.03312502056360244751 0.039269529283046722412 0.044103957712650299072 0.048540674149990081787 0.06779374927282333374 -9999
0.020393619313836097717 0.018802549690008163452 0.018898762762546539307 0.020697649568319320679 0.02697043493390083313 0.04699664190411567688 0.050087980926036834717 0.038373727351427078247 0.030540419742465019226 0.024119269102811813354 0.020591722801327705383 0.01914845593273639679 0.019077930599451065063 0.01991203799843788147 0.020388318225741386414 0.020669961348176002502 0.020736120641231536865 0.020952116698026657104 0.021713800728321075439 0.022634821012616157532 0.023690862581133842468 0.024402720853686332703 0.024363018572330474854 0.024300534278154373169 0.024456113576889038086 0.024898795410990715027 0.025419009849429130554 0.025785693898797035217 0.026409957557916641235 0.027530623599886894226 0.028431307524442672729 0.027434993535280227661 0.02602392248809337616 0.026506457477807998657 0.03004817478358745575 0.036898460239171981812 0.043728902935981750488 0.047449532896280288696 -9999 -9999
0.018612241372466087341 0.01735831238329410553 0.017340721562504768372 0.018708959221839904785 0.022852396592497825623 0.033003848046064376831 0.0409700050950050354 0.039381146430969238281 0.033198561519384384155 0.026620075106620788574 0.022289915010333061218 0.019968818873167037964 0.019347164779901504517 0.019931254908442497253 0.0202581062912940979 0.020295845344662666321 0.019959295168519020081 0.019792879000306129456 0.020372927188873291016 0.021011881530284881592 0.021440377458930015564 0.022172685712575912476 0.023218715563416481018 0.024401037022471427917 0.025398032739758491516 0.025926403701305389404 0.026115167886018753052 0.026795068755745887756 0.028167396783828735352 0.028513189405202865601 0.027903424575924873352 0.02745108678936958313 0.026810348033905029297 0.025809574872255325317 0.02667592465877532959 0.031109880656003952026 0.039937958121299743652 -9999 -9999 -9999
0.016665656119585037231 0.016049681231379508972 0.016088128089904785156 0.016886662691831588745 0.019815085455775260925 0.027025809511542320251 0.036577742546796798706 0.041009861975908279419 0.035380579531192779541 0.028486324474215507507 0.023825127631425857544 0.020974697545170783997 0.019910298287868499756 0.020087856799364089966 0.020169321447610855103 0.020145647227764129639 0.019720854237675666809 0.019174903631210327148 0.019318604841828346252 0.019770514219999313354 0.02007488347589969635 0.02074085921049118042 0.021925574168562889099 0.023472113534808158875 0.024974914267659187317 0.025693234056234359741 0.025859080255031585693 0.026731982827186584473 0.028390256687998771667 0.028906345367431640625 0.028316115960478782654 0.027803694829344749451 0.027502063661813735962 0.026786167174577713013 0.026279244571924209595 0.027474528178572654724 0.033707994967699050903 -9999 -9999 -9999
0.015228704549372196198 0.01485042087733745575 0.014940706081688404083 0.015705093741416931152 0.018087787553668022156 0.023598775267601013184 0.033528655767440795898 0.043338373303413391113 0.036535043269395828247 0.029720542952418327332 0.024754496291279792786 0.021821195259690284729 0.020554482936859130859 0.020379379391670227051 0.020129462704062461853 0.020105686038732528687 0.019930943846702575684 0.019148122519254684448 0.018580742180347442627 0.018702944740653038025 0.019269382581114768982 0.019903473556041717529 0.020518725737929344177 0.021633060649037361145 0.023246333003044128418 0.024292912334203720093 0.0247220601886510849 0.025545133277773857117 0.02693172357976436615 0.028080146759748458862 0.028718566522002220154 0.0284365043044090271 0.028357954695820808411 0.028892662376165390015 0.027981968596577644348 0.026544848456978797913 0.029120510444045066833 0.040264256298542022705 -9999 -9999
0.014643176458775997162 0.013706872239708900452 0.013946003280580043793 0.015071826055645942688 0.017086602747440338135 0.020491626113653182983 0.02773701399564743042 0.038324672728776931763 0.033876810222864151001 0.028430834412574768066 0.02475146763026714325 0.022617897018790245056 0.02162292972207069397 0.021395122632384300232 0.020743587985634803772 0.020244512706995010376 0.01987947709858417511 0.019081907346844673157 0.018227834254503250122 0.017969844862818717957 0.018396330997347831726 0.019031908363103866577 0.0195263642817735672 0.020127011463046073914 0.021017603576183319092 0.021873589605093002319 0.022824538871645927429 0.024355160072445869446 0.026287170127034187317 0.027506936341524124146 0.028333265334367752075 0.028690161183476448059 0.029168337583541870117 0.030738478526473045349 0.030054669827222824097 0.02774946950376033783 0.028266372159123420715 0.033386077731847763062 0.051292009651660919189 -9999
0.014161173254251480103 0.0129853859543800354 0.013073030859231948853 0.014671428129076957703 0.016268169507384300232 0.017798842862248420715 0.022218521684408187866 0.029821936041116714478 0.028267960995435714722 0.025028724223375320435 0.023665500804781913757 0.02305003628134727478 0.023108661174774169922 0.023351648822426795959 0.022254468873143196106 0.020806433632969856262 0.019677136093378067017 0.01877765171229839325 0.01807401701807975769 0.017590418457984924316 0.017551438882946968079 0.018101640045642852783 0.018843160942196846008 0.018981026485562324524 0.018684765323996543884 0.018995769321918487549 0.020444262772798538208 0.022882910445332527161 0.025535924360156059265 0.026163555681705474854 0.026946071535348892212 0.029330536723136901855 0.030892860144376754761 0.032488461583852767944 0.031691581010818481445 0.029147492721676826477 0.028682420030236244202 0.029963660985231399536 0.041601963341236114502 -9999
