tests/data/reference/gistest_nucice/dpre/control/hcrit.asc
ncols        123
nrows        77
xllcorner    -713746.799299980048
yllcorner    -1061022.369616159936
cellsize     10.000000000000
NODATA_value  -9999
[rows 18 to 35 of 77, columns 0 to 39 of 123]
-9999 -9999 -9999 -9999 -9999 -9999 -9999 -9999 -9999 -9999 -9999 -9999 -9999 -9999 -9999 -9999 -9999 0.040836233645677566528 0.039046067744493484497 0.039400637149810791016 0.042289569973945617676 0.044019151479005813599 0.048570372164249420166 0.042662654072046279907 0.030506858602166175842 0.25259047746658325195 0.030396729707717895508 0.037405226379632949829 0.041023556143045425415 0.040079612284898757935 0.033362537622451782227 0.027959190309047698975 0.025644607841968536377 0.025263044983148574829 0.025564923882484436035 0.026443120092153549194 0.027574555948376655579 0.027589593082666397095 0.026031615212559700012 0.024320611730217933655
-9999 -9999 -9999 -9999 -9999 -9999 -9999 -9999 -9999 -9999 -9999 -9999 -9999 -9999 -9999 -9999 0.048417843878269195557 0.044019188731908798218 0.04256102442741394043 0.04740948602557182312 0.056154560297727584839 0.051075153052806854248 0.044675361365079879761 0.033974062651395797729 0.26865905523300170898 0.030659619718790054321 0.037378944456577301025 0.041085250675678253174 0.039129458367824554443 0.035579945892095565796 0.03031960316002368927 0.02686580270528793335 0.025553368031978607178 0.025595312938094139099 0.025746589526534080505 0.025655761361122131348 0.025309890508651733398 0.024739384651184082031 0.023997934535145759583 0.023262353613972663879
-9999 -9999 -9999 -9999 -9999 -9999 -9999 -9999 -9999 -9999 -9999 -9999 -9999 -9999 -9999 0.061808045953512191772 0.057098504155874252319 0.053392924368381500244 0.054201234132051467896 0.059585884213447570801 0.069941177964210510254 0.064684227108955383301 0.043353553861379623413 0.29928138852119445801 0.29293641448020935059 0.037982102483510971069 0.045036703348159790039 0.043887171894311904907 0.038025379180908203125 0.032575577497482299805 0.028670152649283409119 0.026522660627961158752 0.025741279125213623047 0.025849437341094017029 0.025771711021661758423 0.025422468781471252441 0.024965250864624977112 0.024354403838515281677 0.023642197251319885254 0.022991646081209182739
-9999 -9999 -9999 -9999 -9999 -9999 -9999 -9999 -9999 -9999 -9999 -9999 -9999 -9999 -9999 0.071562580764293670654 0.072210334241390228271 0.077813677489757537842 0.089457638561725616455 0.076684631407260894775 0.08679113537073135376 0.070201471447944641113 0.040711030364036560059 0.33151134848594665527 0.040960729122161865234 0.052211772650480270386 0.052605055272579193115 0.044367212802171707153 0.036142528057098388672 0.030871460214257240295 0.028274001553654670715 0.026812784373760223389 0.026104817166924476624 0.025932133197784423828 0.025724248960614204407 0.026096619665622711182 0.026675308123230934143 0.026050660759210586548 0.024597173556685447693 0.023348344489932060242
-9999 -9999 -9999 -9999 -9999 -9999 -9999 -9999 -9999 -9999 -9999 -9999 -9999 -9999 -9999 0.091109089553356170654 0.098797485232353210449 0.13998076319694519043 0.18478210270404815674 0.1046167910099029541 0.097585365176200866699 0.049808278679847717285 0.34280693531036376953 0.040739696472883224487 0.049983434379100799561 0.055037140846252441406 0.0493184700608253479 0.040702670812606811523 0.034160386770963668823 0.030295480042695999146 0.028386184945702552795 0.027007946744561195374 0.02625502459704875946 0.026019167155027389526 0.025952236726880073547 0.026648337021470069885 0.027152735739946365356 0.025873420760035514832 0.024237601086497306824 0.023239469155669212341
-9999 -9999 -9999 -9999 -9999 -9999 -9999 -9999 -9999 -9999 -9999 -9999 -9999 -9999 0.16897302865982055664 0.14639264345169067383 0.14613643288612365723 0.13107392191886901855 0.13228540122509002686 0.72940945625305175781 0.060045510530471801758 0.33276355266571044922 0.036260049790143966675 0.04517313838005065918 0.047438781708478927612 0.043621227145195007324 0.039120096713304519653 0.035757400095462799072 0.032896507531404495239 0.03070788457989692688 0.028749717399477958679 0.027025561779737472534 0.026248663663864135742 0.026248931884765625 0.026443371549248695374 0.026685953140258789062 0.025938833132386207581 0.024057162925601005554 0.022952470928430557251 0.022841794416308403015
-9999 -9999 -9999 -9999 -9999 -9999 -9999 -9999 -9999 -9999 -9999 -9999 -9999 -9999 0.54363977909088134766 0.51267856359481811523 0.1908925175666809082 0.077957220375537872314 0.1419197767972946167 0.073529057204723358154 0.34731754660606384277 0.3265800178050994873 0.040306799113750457764 0.045065227895975112915 0.041706576943397521973 0.036477401852607727051 0.033456623554229736328 0.03227882087230682373 0.031638801097869873047 0.030488859862089157104 0.028691459447145462036 0.027278998866677284241 0.026818946003913879395 0.027300706133246421814 0.027714919298887252808 0.027330815792083740234 0.025523785501718521118 0.023392265662550926208 0.022705558687448501587 0.022995594888925552368
-9999 -9999 -9999 -9999 -9999 -9999 -9999 -9999 -9999 -9999 -9999 -9999 -9999 -9999 1.0565304756164550781 0.21136246621608734131 0.10732878744602203369 0.10814535617828369141 0.11368525773286819458 0.039090666919946670532 0.30206188559532165527 0.041973799467086791992 0.044813401997089385986 0.040280211716890335083 0.035542767494916915894 0.032014310359954833984 0.03025276772677898407 0.029764153063297271729 0.029515113681554794312 0.029228575527667999268 0.028983956202864646912 0.028363190591335296631 0.028496233746409416199 0.029442530125379562378 0.029994780197739601135 0.02852179110050201416 0.025738038122653961182 0.023690639063715934753 0.023360366001725196838 0.023545378819108009338
-9999 -9999 -9999 -9999 -9999 -9999 -9999 -9999 -9999 -9999 -9999 -9999 0.079500727355480194092 0.13256795704364776611 0.25218233466148376465 0.10890344530344009399 0.10375587642192840576 0.43119716644287109375 0.059628047049045562744 0.34913215041160583496 0.038319438695907592773 0.047971554100513458252 0.049191925674676895142 0.043619345873594284058 0.039375551044940948486 0.036151487380266189575 0.034294951707124710083 0.033421650528907775879 0.032246425747871398926 0.031154891476035118103 0.030517121776938438416 0.029948791489005088806 0.030677363276481628418 0.032766357064247131348 0.032715674489736557007 0.029029799625277519226 0.02576734498143196106 0.02414641156792640686 0.023839225992560386658 0.023659929633140563965
-9999 -9999 -9999 -9999 -9999 -9999 -9999 -9999 -9999 -9999 -9999 -9999 -9999 0.084601715207099914551 0.1237277686595916748 0.11554200947284698486 0.26632094383239746094 0.083954982459545135498 0.45908212661743164062 0.048483259975910186768 0.050821229815483093262 0.053998507559299468994 0.054937686771154403687 0.053982470184564590454 0.052276205271482467651 0.049174342304468154907 0.047447312623262405396 0.04617474973201751709 0.041414450854063034058 0.036281175911426544189 0.033218737691640853882 0.032482992857694625854 0.034151263535022735596 0.036587141454219818115 0.034786947071552276611 0.02920014597475528717 0.02589132264256477356 0.024799596518278121948 0.023906048387289047241 0.023440027609467506409
-9999 -9999 -9999 -9999 -9999 -9999 -9999 -9999 -9999 -9999 -9999 -9999 -9999 -9999 -9999 0.1641642153263092041 0.31062769889831542969 0.6214491724967956543 0.47955587506294250488 0.056153208017349243164 0.058890417218208312988 0.059934396296739578247 0.058751743286848068237 0.05558370053768157959 0.051752451807260513306 0.047452747821807861328 0.047903712838888168335 0.052140094339847564697 0.049712795764207839966 0.043038595467805862427 0.039304144680500030518 0.038936272263526916504 0.040142245590686798096 0.041047785431146621704 0.037210676819086074829 0.03020936623215675354 0.027505284175276756287 0.027520317584276199341 0.026725664734840393066 0.02535946480929851532
-9999 -9999 -9999 -9999 -9999 -9999 -9999 -9999 -9999 -9999 -9999 -9999 -9999 -9999 -9999 -9999 0.095854640007019042969 0.61695295572280883789 0.059470951557159423828 0.060759153217077255249 0.06241000443696975708 0.065003335475921630859 0.06256971508264541626 0.056262727826833724976 0.050155740231275558472 0.044439088553190231323 0.044441603124141693115 0.05013802647590637207 0.051210153847932815552 0.04669222608208656311 0.046071026474237442017 0.048081360757350921631 0.047001421451568603516 0.045463073998689651489 0.040989786386489868164 0.03407558053731918335 0.031985793262720108032 0.032690197229385375977 0.031115176156163215637 0.027618404477834701538
-9999 -9999 -9999 -9999 -9999 -9999 -9999 -9999 -9999 -9999 -9999 -9999 -9999 -9999 -9999 -9999 0.5491784214973449707 0.066491335630416870117 0.069187477231025695801 0.065582238137722015381 0.064645245671272277832 0.066531129181385040283 0.062762334942817687988 0.055042576044797897339 0.04920126497745513916 0.044433277100324630737 0.043797135353088378906 0.047334447503089904785 0.046772278845310211182 0.042048953473567962646 0.041964590549468994141 0.045826222747564315796 0.049257379025220870972 0.05334682762622833252 0.0505828075110912323 0.042567461729049682617 0.038154870271682739258 0.035475943237543106079 0.032334588468074798584 0.028794120997190475464
-9999 -9999 -9999 -9999 -9999 -9999 -9999 -9999 -9999 -9999 -9999 -9999 -9999 -9999 -9999 0.5475444793701171875 0.052548557519912719727 0.067828096449375152588 0.074831731617450714111 0.068165391683578491211 0.062427971512079238892 0.059825535863637924194 0.056211434304714202881 0.050596337765455245972 0.047333884984254837036 0.04534719511866569519 0.043439824134111404419 0.043187260627746582031 0.041805557906627655029 0.038124088197946548462 0.038019731640815734863 0.041802115738391876221 0.048265013843774795532 0.060036942362785339355 0.062297329306602478027 0.052713815122842788696 0.043506663292646408081 0.035813275724649429321 0.030488073825836181641 0.026659391820430755615
-9999 -9999 -9999 -9999 -9999 -9999 -9999 -9999 -9999 -9999 -9999 -9999 -9999 -9999 0.67627608776092529297 0.55680978298187255859 0.058636207133531570435 0.06845830380916595459 0.071769401431083679199 0.066766351461410522461 0.060921050608158111572 0.05530168488621711731 0.051050562411546707153 0.046616997569799423218 0.045169502496719360352 0.04586287960410118103 0.042820043861865997314 0.03826472163200378418 0.036216381937265396118 0.034995805472135543823 0.03597833588719367981 0.040299355983734130859 0.045854348689317703247 0.053419657051563262939 0.0549450702965259552 0.049451719969511032104 0.04195211455225944519 0.034476663917303085327 0.028926368802785873413 0.024694513529539108276
-9999 -9999 -9999 -9999 -9999 -9999 -9999 -9999 -9999 -9999 -9999 -9999 -9999 -9999 0.57946640253067016602 0.062657028436660766602 0.06084041297435760498 0.060458473861217498779 0.061537854373455047607 0.062287148088216781616 0.060431063175201416016 0.0552347525954246521 0.050604574382305145264 0.04509380832314491272 0.043121121823787689209 0.044010795652866363525 0.041223499923944473267 0.035605303943157196045 0.033057928085327148438 0.03237403184175491333 0.033729545772075653076 0.03729203343391418457 0.039700832217931747437 0.040494147688150405884 0.038363024592399597168 0.03582129254937171936 0.033942740410566329956 0.031265974044799804688 0.028240192681550979614 0.025118611752986907959
-9999 -9999 -9999 -9999 -9999 -9999 -9999 -9999 -9999 -9999 -9999 -9999 -9999 0.65892082452774047852 0.063517287373542785645 0.063285514712333679199 0.058713078498840332031 0.055140402168035507202 0.055245202034711837769 0.056941639631986618042 0.057693399488925933838 0.055647380650043487549 0.051792740821838378906 0.047259468585252761841 0.044120721518993377686 0.043142631649971008301 0.039917416870594024658 0.034350235015153884888 0.031856246292591094971 0.031361177563667297363 0.032184313982725143433 0.033998321741819381714 0.034154206514358520508 0.033547978848218917847 0.032126974314451217651 0.030537782236933708191 0.029724333435297012329 0.028622644022107124329 0.026918057352304458618 0.024841517210006713867
-9999 -9999 -9999 -9999 -9999 -9999 -9999 -9999 -9999 -9999 -9999 -9999 0.70931363105773925781 0.62588649988174438477 0.061972931027412414551 0.061240863054990768433 0.058247625827789306641 0.054495301097631454468 0.053400713950395584106 0.053718779236078262329 0.054659172892570495605 0.055487424135208129883 0.05423094332218170166 0.051369301974773406982 0.047741662710905075073 0.044532276690006256104 0.03996780887246131897 0.034323483705520629883 0.031831432133913040161 0.031087288632988929749 0.030690239742398262024 0.030550079420208930969 0.029735704883933067322 0.030008183792233467102 0.030951844528317451477 0.030370425432920455933 0.029239429160952568054 0.027811938896775245667 0.025777382776141166687 0.023698253557085990906
