tests/data/reference/gistest_nucice/dpre/control/hcrit.asc
ncols        123
nrows        77
xllcorner    -713746.799299980048
yllcorner    -1061022.369616159936
cellsize     10.000000000000
NODATA_value  -9999
[rows 36 to 53 of 77, columns 0 to 39 of 123]
-9999 -9999 -9999 -9999 -9999 -9999 -9999 -9999 -9999 -9999 -9999 -9999 0.70648312568664550781 0.067571476101875305176 0.061149723827838897705 0.058757986873388290405 0.056906186044216156006 0.053430471569299697876 0.0515898093581199646 0.051031265407800674438 0.051856957376003265381 0.054022524505853652954 0.054392088204622268677 0.053158938884735107422 0.050132453441619873047 0.046341225504875183105 0.041813112795352935791 0.036481164395809173584 0.034193757921457290649 0.0334796905517578125 0.032197695225477218628 0.031064607203006744385 0.02988710254430770874 0.030150091275572776794 0.031798765063285827637 0.032054267823696136475 0.031160110607743263245 0.029912887141108512878 0.027778772637248039246 0.025503389537334442139
-9999 -9999 -9999 -9999 -9999 -9999 -9999 -9999 -9999 -9999 -9999 0.96709764003753662109 0.087546743452548980713 0.07933852076530456543 0.06586055457592010498 0.058543942868709564209 0.055808484554290771484 0.052309654653072357178 0.050198119133710861206 0.049445830285549163818 0.049908377230167388916 0.051845960319042205811 0.052200838923454284668 0.051596805453300476074 0.049823671579360961914 0.046970032155513763428 0.044222977012395858765 0.040707755833864212036 0.039620142430067062378 0.039901331067085266113 0.038236394524574279785 0.036745432764291763306 0.035272032022476196289 0.033967994153499603271 0.034844830632209777832 0.036247596144676208496 0.035966861993074417114 0.035283807665109634399 0.033833619207143783569 0.031780414283275604248
-9999 -9999 -9999 -9999 -9999 -9999 -9999 -9999 -9999 -9999 1.1001504659652709961 1.0498168468475341797 0.10042800009250640869 0.093076109886169433594 0.077539429068565368652 0.065658718347549438477 0.059162806719541549683 0.053563725203275680542 0.050607562065124511719 0.049909811466932296753 0.050165727734565734863 0.051842302083969116211 0.052173838019371032715 0.051677368581295013428 0.050282053649425506592 0.047296155244112014771 0.0457266978919506073 0.044798154383897781372 0.045772481709718704224 0.047970782965421676636 0.0465659312903881073 0.045526526868343353271 0.04366450384259223938 0.038226496428251266479 0.037602279335260391235 0.041928362101316452026 0.044167891144752502441 0.044677548110485076904 0.044072318822145462036 0.042418293654918670654
-9999 -9999 -9999 -9999 -9999 -9999 -9999 -9999 -9999 -9999 1.3659530878067016602 0.13867622613906860352 0.11198714375495910645 0.10219793766736984253 0.1007281765341758728 0.085126005113124847412 0.069703772664070129395 0.058927193284034729004 0.053808901458978652954 0.052360329777002334595 0.05190275236964225769 0.053138870745897293091 0.053653147071599960327 0.052983228117227554321 0.051684044301509857178 0.048834055662155151367 0.047896023839712142944 0.048782128840684890747 0.051758833229541778564 0.056997828185558319092 0.057684835046529769897 0.057938713580369949341 0.053744088858366012573 0.042060140520334243774 0.039656896144151687622 0.045628279447555541992 0.050805278122425079346 0.053395625203847885132 0.051818411797285079956 0.04669407382607460022
-9999 -9999 -9999 -9999 -9999 -9999 -9999 -9999 -9999 1.3331208229064941406 0.14057148993015289307 0.15566897392272949219 0.12128752470016479492 0.11029458045959472656 0.11300828307867050171 0.099199287593364715576 0.081100918352603912354 0.067097939550876617432 0.059508983045816421509 0.056316696107387542725 0.05463209003210067749 0.054683793336153030396 0.054176326841115951538 0.052190434187650680542 0.05140322074294090271 0.051095135509967803955 0.051621381193399429321 0.05362968146800994873 0.058713149279356002808 0.068805962800979614258 0.070991873741149902344 0.063833318650722503662 0.053477678447961807251 0.042391337454319000244 0.039656434208154678345 0.042913377285003662109 0.045865435153245925903 0.048128545284271240234 0.044758737087249755859 0.03747636452317237854
-9999 -9999 -9999 -9999 -9999 -9999 -9999 -9999 -9999 1.0040445327758789062 0.11105660349130630493 0.12377055734395980835 0.12448774278163909912 0.11786343157291412354 0.10878498107194900513 0.10159640759229660034 0.09066797792911529541 0.078812532126903533936 0.067920282483100891113 0.060874722898006439209 0.057586975395679473877 0.056275673210620880127 0.054049994796514511108 0.050477989017963409424 0.050532467663288116455 0.053978916257619857788 0.056187476962804794312 0.057995706796646118164 0.064641661942005157471 0.080035321414470672607 0.078965015709400177002 0.059937208890914916992 0.048102609813213348389 0.040450140833854675293 0.0378495045006275177 0.038489241153001785278 0.039768163114786148071 0.04180242493748664856 0.038619607686996459961 0.032268267124891281128
-9999 -9999 -9999 -9999 -9999 -9999 -9999 -9999 0.82403749227523803711 0.095367617905139923096 0.096622824668884277344 0.10651004314422607422 0.12474976480007171631 0.11657246202230453491 0.10268361121416091919 0.099158808588981628418 0.095957875251770019531 0.091694429516792297363 0.07791061699390411377 0.064887978136539459229 0.059074133634567260742 0.05634584277868270874 0.052857540547847747803 0.048679247498512268066 0.049191579222679138184 0.054774548858404159546 0.057786509394645690918 0.058107916265726089478 0.063379079103469848633 0.076147601008415222168 0.071223199367523193359 0.053337488323450088501 0.04379698634147644043 0.038236554712057113647 0.036011300981044769287 0.036036107689142227173 0.0371150188148021698 0.039296090602874755859 0.036776825785636901855 0.031328592449426651001
-9999 -9999 -9999 -9999 -9999 -9999 -9999 1.1289268732070922852 0.91862672567367553711 0.095411196351051330566 0.089927345514297485352 0.09745311737060546875 0.11682396382093429565 0.11010424047708511353 0.099400192499160766602 0.09700002521276473999 0.096491836011409759521 0.097933039069175720215 0.085153631865978240967 0.067458041012287139893 0.059617035090923309326 0.056448008865118026733 0.053034655749797821045 0.049223758280277252197 0.04806917533278465271 0.050791803747415542603 0.053328953683376312256 0.053838331252336502075 0.05760029330849647522 0.066246412694454193115 0.061572637408971786499 0.048139557242393493652 0.041061993688344955444 0.037257891148328781128 0.03586169704794883728 0.036281906068325042725 0.037487607449293136597 0.039525076746940612793 0.037689886987209320068 0.033108796924352645874
-9999 -9999 -9999 -9999 -9999 -9999 -9999 1.463848114013671875 0.11691334843635559082 0.10313060879707336426 0.09397948533296585083 0.094347335398197174072 0.10152371972799301147 0.1011185869574546814 0.09756409376859664917 0.096221521496772766113 0.093806445598602294922 0.093183733522891998291 0.082200504839420318604 0.0646592751145362854 0.057091798633337020874 0.055024024099111557007 0.053665496408939361572 0.052427832037210464478 0.049858722835779190063 0.048293609172105789185 0.048806656152009963989 0.049510821700096130371 0.052087232470512390137 0.057718146592378616333 0.054608024656772613525 0.045231260359287261963 0.04055758938193321228 0.038581382483243942261 0.038029644638299942017 0.038592308759689331055 0.038820032030344009399 0.038995452225208282471 0.037251718342304229736 0.033822931349277496338
-9999 -9999 -9999 -9999 -9999 -9999 -9999 0.14393360912799835205 0.12622150778770446777 0.11709146946668624878 0.11211175471544265747 0.098712995648384094238 0.092361278831958770752 0.09332501143217086792 0.093753442168235778809 0.092992410063743591309 0.086983382701873779297 0.081795349717140197754 0.072577439248561859131 0.058781478554010391235 0.05219286307692527771 0.050572197884321212769 0.051093891263008117676 0.053511772304773330688 0.052037116140127182007 0.047401010990142822266 0.046275679022073745728 0.047846045345067977905 0.049390312284231185913 0.051527142524719238281 0.05003763735294342041 0.045246310532093048096 0.042747203260660171509 0.041487876325845718384 0.039926774799823760986 0.03819171711802482605 0.035590372979640960693 0.033173866569995880127 0.031212599948048591614 0.029321815818548202515
-9999 -9999 -9999 -9999 -9999 -9999 1.2435933351516723633 0.13664753735065460205 0.11866050213575363159 0.11059299856424331665 0.10887326300144195557 0.093883551657199859619 0.084887221455574035645 0.084432177245616912842 0.085356354713439941406 0.087340876460075378418 0.085294015705585479736 0.081633880734443664551 0.07308463752269744873 0.059606675058603286743 0.05220837518572807312 0.049255296587944030762 0.049083251506090164185 0.051598753780126571655 0.050284150987863540649 0.045054316520690917969 0.04431263357400894165 0.047744210809469223022 0.048611253499984741211 0.047273058444261550903 0.046967796981334686279 0.046726390719413757324 0.045448191463947296143 0.043018776923418045044 0.039484418928623199463 0.035978175699710845947 0.032465498894453048706 0.0295459795743227005 0.027617916464805603027 0.026129648089408874512
-9999 -9999 -9999 -9999 -9999 -9999 0.16401767730712890625 0.1335503309965133667 0.10152444988489151001 0.090714544057846069336 0.088522709906101226807 0.081410236656665802002 0.074811600148677825928 0.072558730840682983398 0.072642795741558074951 0.077748842537403106689 0.085706770420074462891 0.090375691652297973633 0.082339100539684295654 0.066253893077373504639 0.056960724294185638428 0.05202744901180267334 0.049750704318284988403 0.049936667084693908691 0.048134248703718185425 0.044038165360689163208 0.043641235679388046265 0.047032125294208526611 0.047258768230676651001 0.044279225170612335205 0.043859381228685379028 0.044816225767135620117 0.043003935366868972778 0.039882883429527282715 0.036834921687841415405 0.034255076199769973755 0.031663339585065841675 0.029173705726861953735 0.02749184146523475647 0.026027327403426170349
-9999 -9999 -9999 -9999 -9999 1.7233469486236572266 0.15430429577827453613 0.11410441994667053223 0.098566688597202301025 0.094231106340885162354 0.089130938053131103516 0.082741461694240570068 0.074713744223117828369 0.070380546152591705322 0.06946287304162979126 0.072659932076930999756 0.080356657505035400391 0.088323503732681274414 0.08239765465259552002 0.067471206188201904297 0.058489244431257247925 0.053181927651166915894 0.049291715025901794434 0.047024242579936981201 0.045555248856544494629 0.043802741914987564087 0.043404016643762588501 0.045048594474792480469 0.045088402926921844482 0.042764876037836074829 0.042104318737983703613 0.042636826634407043457 0.040943413972854614258 0.038409419357776641846 0.036225367337465286255 0.034420806914567947388 0.032260928303003311157 0.029587773606181144714 0.027773981913924217224 0.026473762467503547668
-9999 -9999 -9999 -9999 1.2651035785675048828 0.12488577514886856079 0.10352290421724319458 0.096665583550930023193 0.11365472525358200073 0.12605376541614532471 0.112790718674659729 0.10167374461889266968 0.08593896031379699707 0.076748348772525787354 0.074022442102432250977 0.072769686579704284668 0.07590936124324798584 0.083003185689449310303 0.077622719109058380127 0.064486563205718994141 0.056390326470136642456 0.051271937787532806396 0.046380870044231414795 0.042466331273317337036 0.041284926235675811768 0.041457172483205795288 0.041200563311576843262 0.041473068296909332275 0.041986379772424697876 0.04148092120885848999 0.041120659559965133667 0.041772324591875076294 0.041668746620416641235 0.040665831416845321655 0.039206929504871368408 0.037577163428068161011 0.035120368003845214844 0.031556319445371627808 0.028912151232361793518 0.027317782863974571228
-9999 -9999 -9999 -9999 1.3425781726837158203 0.11746634542942047119 0.10003169625997543335 0.10686157643795013428 0.14114783704280853271 0.15348036587238311768 0.13762782514095306396 0.12452795356512069702 0.10069075971841812134 0.083509854972362518311 0.07639703899621963501 0.072191730141639709473 0.073752805590629577637 0.081215530633926391602 0.076305419206619262695 0.063126936554908752441 0.05369992181658744812 0.047592721879482269287 0.042460087686777114868 0.03812470659613609314 0.036774929612874984741 0.037310615181922912598 0.036960713565349578857 0.036434840410947799683 0.037060953676700592041 0.037811391055583953857 0.037673100829124450684 0.037879932671785354614 0.038436528295278549194 0.038860388100147247314 0.038765609264373779297 0.03808401152491569519 0.03648281097412109375 0.033459033817052841187 0.030417075380682945251 0.028201067820191383362
-9999 -9999 -9999 1.5854027271270751953 0.1775102466344833374 0.14267903566360473633 0.13576051592826843262 0.15695834159851074219 0.17664767801761627197 0.16816692054271697998 0.15252129733562469482 0.13966037333011627197 0.11756897717714309692 0.091390252113342285156 0.078398473560810089111 0.072724133729934692383 0.07323757559061050415 0.079716973006725311279 0.076271377503871917725 0.063062958419322967529 0.050221886485815048218 0.042281370609998703003 0.03772328794002532959 0.034082580357789993286 0.032470006495714187622 0.032489731907844543457 0.032009024173021316528 0.031234854832291603088 0.031567133963108062744 0.032557509839534759521 0.032789986580610275269 0.032827313989400863647 0.033170733600854873657 0.033960334956645965576 0.034959353506565093994 0.035575792193412780762 0.035672970116138458252 0.034576948732137680054 0.031872633844614028931 0.029021365568041801453
-9999 -9999 -9999 2.0742516517639160156 0.20646624267101287842 0.1702388077974319458 0.19970408082008361816 0.26691597700119018555 0.24898125231266021729 0.23033106327056884766 0.19728659093379974365 0.17244064807891845703 0.1482760012149810791 0.10397771745920181274 0.083998948335647583008 0.077314540743827819824 0.07584250718355178833 0.08015772700309753418 0.081018812954425811768 0.07126124948263168335 0.05568218231201171875 0.044759720563888549805 0.038910806179046630859 0.034623865038156509399 0.031992610543966293335 0.031115796416997909546 0.030458463355898857117 0.029675135388970375061 0.029899781569838523865 0.031058656051754951477 0.031727164983749389648 0.031869497150182723999 0.031773772090673446655 0.031901791691780090332 0.032477326691150665283 0.032957170158624649048 0.03365958482027053833 0.034248884767293930054 0.0324649028480052948 0.029276356101036071777
-9999 -9999 3.7158026695251464844 0.30923089385032653809 0.20684829354286193848 0.20935529470443725586 0.35197365283966064453 0.4076881110668182373 0.36195340752601623535 0.43896067142486572266 0.34337159991264343262 0.2657095491886138916 0.21977224946022033691 0.12709659337997436523 0.096460357308387756348 0.08724483102560043335 0.080894269049167633057 0.081434018909931182861 0.090675756335258483887 0.094610899686813354492 0.07915757596492767334 0.060263436287641525269 0.04889219626784324646 0.041359011083841323853 0.035772360861301422119 0.032936729490756988525 0.031777527183294296265 0.030999949201941490173 0.03122020326554775238 0.032711591571569442749 0.034088920801877975464 0.034575175493955612183 0.033676508814096450806 0.032308667898178100586 0.031514488160610198975 0.0309545174241065979 0.031190842390060424805 0.032358609139919281006 0.031871560961008071899 0.029246632009744644165
