tests/data/reference/gistest_nucice/dpre/control/hcrit.asc
ncols        123
nrows        77
xllcorner    -713746.799299980048
yllcorner    -1061022.369616159936
cellsize     10.000000000000
NODATA_value  -9999
[rows 54 to 71 of 77, columns 80 to 119 of 123]
0.013652823865413665771 0.012605508789420127869 0.012771675363183021545 0.014229158870875835419 0.015496582724153995514 0.01584728434681892395 0.018822424113750457764 0.02525574900209903717 0.02566830068826675415 0.022784674540162086487 0.021705245599150657654 0.022330122068524360657 0.022622406482696533203 0.022977426648139953613 0.021862832829356193542 0.020295016467571258545 0.019050106406211853027 0.018288852646946907043 0.017904587090015411377 0.017534870654344558716 0.017266642302274703979 0.017494341358542442322 0.018093874678015708923 0.018233643844723701477 0.017946189269423484802 0.018432438373565673828 0.02014025859534740448 0.022317841649055480957 0.023807924240827560425 0.023070745170116424561 0.024139821529388427734 0.029321506619453430176 0.03308235853910446167 0.034677751362323760986 0.033191565424203872681 0.02928630635142326355 0.027907470241189002991 0.02824816480278968811 0.037083037197589874268 0.097503200173377990723
0.01329974643886089325 0.012776377610862255096 0.013019344769418239594 0.014021645300090312958 0.014516337774693965912 0.014567663893103599548 0.016757195815443992615 0.022138210013508796692 0.024593591690063476562 0.021623531356453895569 0.019907282665371894836 0.020676054060459136963 0.020523063838481903076 0.020301222801208496094 0.019523559138178825378 0.018626358360052108765 0.017942480742931365967 0.01764274202287197113 0.017719198018312454224 0.017727421596646308899 0.017467917874455451965 0.017237840220332145691 0.0173349771648645401 0.017726853489875793457 0.018392236903309822083 0.019678810611367225647 0.021408872678875923157 0.022100485861301422119 0.021788904443383216858 0.020671777427196502686 0.021952524781227111816 0.027960624545812606812 0.03333689272403717041 0.035697344690561294556 0.034030791372060775757 0.029107766225934028625 0.027559693902730941772 0.028425432741641998291 0.035296104848384857178 0.066302277147769927979
0.013716670684516429901 0.013825293630361557007 0.013927326537668704987 0.013967736624181270599 0.013956418260931968689 0.013901235535740852356 0.015855943784117698669 0.020372103899717330933 0.025964340195059776306 0.022334970533847808838 0.01809030584990978241 0.017793092876672744751 0.017882592976093292236 0.017820548266172409058 0.017654972150921821594 0.017422212287783622742 0.017268272116780281067 0.017213819548487663269 0.017420779913663864136 0.017746459692716598511 0.017849938943982124329 0.017690816894173622131 0.01763797365128993988 0.018188541755080223083 0.019418556243181228638 0.021129481494426727295 0.022292377427220344543 0.020999232307076454163 0.019801385700702667236 0.019378436729311943054 0.0207567606121301651 0.025693668052554130554 0.030658308416604995728 0.033496338874101638794 0.032803636044263839722 0.028913026675581932068 0.02835756354033946991 0.030700113624334335327 0.036244712769985198975 0.051705371588468551636
0.014851155690848827362 0.015341890975832939148 0.014923313632607460022 0.013840602710843086243 0.013421229086816310883 0.013494921848177909851 0.014726758003234863281 0.017282301560044288635 0.024477405473589897156 0.025004500523209571838 0.016553308814764022827 0.014402137137949466705 0.014735925011336803436 0.015611623413860797882 0.016180053353309631348 0.016594659537076950073 0.016972349956631660461 0.017038660123944282532 0.017076728865504264832 0.017555708065629005432 0.018345830962061882019 0.018865210935473442078 0.019075596705079078674 0.019755680114030838013 0.021070711314678192139 0.022439535707235336304 0.022491889074444770813 0.020017085596919059753 0.018682843074202537537 0.018834166228771209717 0.019930107519030570984 0.022988900542259216309 0.026491202414035797119 0.029206557199358940125 0.029967552050948143005 0.028637358918786048889 0.029966747388243675232 0.034670501947402954102 0.039889223873615264893 0.046798419207334518433
0.015837414190173149109 0.016291655600070953369 0.015399788506329059601 0.013652699999511241913 0.012939565815031528473 0.012940829619765281677 0.013088834472000598907 0.013724997639656066895 0.01794307120144367218 0.028704900294542312622 0.020771384239196777344 0.015429871156811714172 0.014414191246032714844 0.015123765915632247925 0.015677668154239654541 0.016373539343476295471 0.016948960721492767334 0.017175218090415000916 0.017251269891858100891 0.017691912129521369934 0.018645256757736206055 0.019442146643996238708 0.019687032327055931091 0.020381854847073554993 0.02161751873791217804 0.022043434903025627136 0.021388297900557518005 0.019557133316993713379 0.018639536574482917786 0.019024422392249107361 0.019684029743075370789 0.021057568490505218506 0.022918751463294029236 0.024830568581819534302 0.026495745405554771423 0.027789967134594917297 0.031369313597679138184 0.039475955069065093994 0.046617887914180755615 0.04968660697340965271
0.016015024855732917786 0.016193281859159469604 0.015317389741539955139 0.013595163822174072266 0.012701788917183876038 0.012462533079087734222 0.01201063208281993866 0.011441839858889579773 0.013246848247945308685 0.020068144425749778748 0.032000631093978881836 0.024334141984581947327 0.017213091254234313965 0.015765901654958724976 0.01616106182336807251 0.01673852093517780304 0.0172271728515625 0.017581462860107421875 0.017918420955538749695 0.018249798566102981567 0.018876977264881134033 0.019389178603887557983 0.019326994195580482483 0.019786125048995018005 0.020628718659281730652 0.019978811964392662048 0.019511967897415161133 0.019643677398562431335 0.019386151805520057678 0.019438931718468666077 0.019716424867510795593 0.02014444395899772644 0.020788311958312988281 0.021664176136255264282 0.023239217698574066162 0.025613833218812942505 0.030672872439026832581 0.042694736272096633911 0.05568323284387588501 0.060164555907249450684
0.016123026609420776367 0.016070768237113952637 0.015411838889122009277 0.014080274850130081177 0.013121729716658592224 0.012584363110363483429 0.011788618750870227814 0.010792825371026992798 0.011163350194692611694 0.013707836158573627472 0.020728958770632743835 0.039135754108428955078 0.026453169062733650208 0.019911427050828933716 0.018579138442873954773 0.018319891765713691711 0.018085228279232978821 0.018025804311037063599 0.018257034942507743835 0.01839631982147693634 0.018776739016175270081 0.019475577399134635925 0.019963087514042854309 0.020449828356504440308 0.020337909460067749023 0.018271589651703834534 0.01792467944324016571 0.019937539473176002502 0.020421462133526802063 0.019666252657771110535 0.019474206492304801941 0.019630961120128631592 0.019682703539729118347 0.019720634445548057556 0.020702565088868141174 0.022805200889706611633 0.028057441115379333496 0.042229365557432174683 0.061403620988130569458 0.072500340640544891357
0.016680007800459861755 0.016496719792485237122 0.016009002923965454102 0.015139416791498661041 0.014213078655302524567 0.01338506210595369339 0.012361150234937667847 0.01117169111967086792 0.010825367644429206848 0.011392484419047832489 0.014453092589974403381 0.025276498869061470032 0.049311645328998565674 0.037752881646156311035 0.026534764096140861511 0.02251198887825012207 0.019860239699482917786 0.018639942631125450134 0.018331561237573623657 0.018177136778831481934 0.018283061683177947998 0.019496643915772438049 0.021241288632154464722 0.021166577935218811035 0.019781678915023803711 0.017823440954089164734 0.017735542729496955872 0.0201673898845911026 0.021020269021391868591 0.019902300089597702026 0.019339485093951225281 0.019280761480331420898 0.018994696438312530518 0.018513228744268417358 0.019019091501832008362 0.020613601431250572205 0.024721216410398483276 -9999 0.05244766920804977417 0.069454066455364227295
0.016944091767072677612 0.016846904531121253967 0.016622740775346755981 0.016248162835836410522 0.01541871391236782074 0.014319663867354393005 0.013172090984880924225 0.011988214217126369476 0.011249001137912273407 0.010941953398287296295 0.012174299918115139008 0.01682036183774471283 0.028444807976484298706 0.060025472193956375122 0.039165783673524856567 0.026913223788142204285 0.021857522428035736084 0.019680317491292953491 0.019099773839116096497 0.019103277474641799927 0.019196961075067520142 0.020749669522047042847 0.022266613319516181946 0.019429348409175872803 0.017832063138484954834 0.018173784017562866211 0.018873075023293495178 0.020494395866990089417 0.021021854132413864136 0.020054012537002563477 0.019237795844674110413 0.01877973601222038269 0.018403586000204086304 0.017911314964294433594 -9999 -9999 -9999 -9999 -9999 0.050112325698137283325
0.016585284844040870667 0.016797622665762901306 0.016960490494966506958 0.017120521515607833862 0.016637559980154037476 0.015584466978907585144 0.014343697577714920044 0.013062360696494579315 0.012155354022979736328 0.011493504978716373444 0.011804993264377117157 0.013635552488267421722 0.018729215487837791443 0.033295109868049621582 0.039683580398559570312 0.028827931731939315796 0.023944742977619171143 0.021137291565537452698 0.020553566515445709229 0.021328933537006378174 0.021702216938138008118 0.02265877649188041687 0.021964158862829208374 0.017797850072383880615 0.016832284629344940186 0.018905760720372200012 0.020320557057857513428 0.020997852087020874023 0.021007563918828964233 0.020159300416707992554 0.018870284780859947205 0.017724787816405296326 -9999 -9999 -9999 -9999 -9999 -9999 -9999 -9999
0.015441711992025375366 0.016051162034273147583 0.016649104654788970947 0.017290603369474411011 0.017407353967428207397 0.0169487781822681427 0.015808366239070892334 0.014241818338632583618 0.013193311169743537903 0.012474211864173412323 0.01214748527854681015 0.012418818660080432892 0.014515010640025138855 0.020791018381714820862 0.0288011208176612854 0.03013007529079914093 0.02771870046854019165 0.023653157055377960205 0.021430177614092826843 0.022562868893146514893 0.023116817697882652283 0.021564729511737823486 0.019367227330803871155 0.016916751861572265625 0.016910763457417488098 0.019698871299624443054 0.021489243954420089722 0.021711558103561401367 0.021367199718952178955 0.020569339394569396973 -9999 -9999 -9999 -9999 -9999 -9999 -9999 -9999 -9999 -9999
0.014298390597105026245 0.015092725865542888641 0.015978673473000526428 0.016998052597045898438 0.017673350870609283447 0.017932500690221786499 0.017304033041000366211 0.015861522406339645386 0.014579365961253643036 0.013547707349061965942 0.012791396118700504303 0.012252887710928916931 0.01290121767669916153 0.015555814839899539948 0.020079357549548149109 0.026727493852376937866 0.032592747360467910767 0.027618547901511192322 0.022009601816534996033 0.022081045433878898621 0.022398766130208969116 0.019662320613861083984 0.017524704337120056152 0.016421968117356300354 0.01704953610897064209 0.019982866942882537842 0.022151278331875801086 0.022621616721153259277 0.021873136982321739197 -9999 -9999 -9999 -9999 -9999 -9999 -9999 -9999 -9999 -9999 -9999
0.013504290021955966949 0.014148738235235214233 0.015066608786582946777 0.016330976039171218872 0.017433077096939086914 0.018318817019462585449 0.018575089052319526672 0.018043456599116325378 0.016561144962906837463 0.014671533368527889252 0.013447174802422523499 0.012626498937606811523 0.012499812990427017212 0.013188656419515609741 0.015560350380837917328 0.020410152152180671692 0.030466567724943161011 0.03533805161714553833 0.024843739345669746399 0.020884210243821144104 0.019529482349753379822 0.017865385860204696655 0.016611238941550254822 0.016120897606015205383 0.016992321237921714783 0.01976953260600566864 0.022151013836264610291 -9999 -9999 -9999 -9999 -9999 -9999 -9999 -9999 -9999 -9999 -9999 -9999 -9999
0.013039157725870609283 0.013293769210577011108 0.014055404812097549438 0.015441021881997585297 0.016886288300156593323 0.018419302999973297119 0.019600510597229003906 0.020178809762001037598 0.018826121464371681213 0.016181807965040206909 0.014358611777424812317 0.013142453506588935852 0.0125424237921833992 0.012394458986818790436 0.01343471091240644455 0.016562201082706451416 0.023874910548329353333 0.040219191461801528931 0.030998993664979934692 0.020535180345177650452 0.01689381524920463562 0.015967961400747299194 0.015535608865320682526 0.015619494020938873291 0.016748882830142974854 -9999 -9999 -9999 -9999 -9999 -9999 -9999 -9999 -9999 -9999 -9999 -9999 -9999 -9999 -9999
0.012915507890284061432 0.012676690705120563507 0.013167480006814002991 0.014518198557198047638 0.0161569938063621521 0.018207469955086708069 0.019944019615650177002 0.021054273471236228943 0.020367499440908432007 0.018167423084378242493 0.01594683527946472168 0.013916466385126113892 0.012838095426559448242 0.012361177243292331696 0.012802490964531898499 0.014441590756177902222 0.018725814297795295715 0.028179125860333442688 0.034798331558704376221 0.021358279511332511902 0.015786185860633850098 0.014681702479720115662 -9999 -9999 -9999 -9999 -9999 -9999 -9999 -9999 -9999 -9999 -9999 -9999 -9999 -9999 -9999 -9999 -9999 -9999
0.013125206343829631805 0.01247463468462228775 0.012648577801883220673 0.013719619251787662506 0.015210361219942569733 0.017283296212553977966 0.018880272284150123596 0.019491743296384811401 0.019287379458546638489 0.018818875774741172791 0.017366392537951469421 0.014982674270868301392 -9999 -9999 -9999 -9999 -9999 -9999 0.030985692515969276428 0.023243201896548271179 0.015791798010468482971 -9999 -9999 -9999 -9999 -9999 -9999 -9999 -9999 -9999 -9999 -9999 -9999 -9999 -9999 -9999 -9999 -9999 -9999 -9999
-9999 -9999 -9999 -9999 -9999 -9999 -9999 -9999 -9999 -9999 -9999 -9999 -9999 -9999 -9999 -9999 -9999 -9999 -9999 0.025681518018245697021 -9999 -9999 -9999 -9999 -9999 -9999 -9999 -9999 -9999 -9999 -9999 -9999 -9999 -9999 -9999 -9999 -9999 -9999 -9999 -9999
-9999 -9999 -9999 -9999 -9999 -9999 -9999 -9999 -9999 -9999 -9999 -9999 -9999 -9999 -9999 -9999 -9999 -9999 -9999 -9999 -9999 -9999 -9999 -9999 -9999 -9999 -9999 -9999 -9999 -9999 -9999 -9999 -9999 -9999 -9999 -9999 -9999 -9999 -9999 -9999
