tests/data/reference/test_sheet_stream/control/cinfil_m3.asc
ncols	123
nrows	77
xllcorner	-713746.79929998
yllcorner	-1061022.36961616
cellsize	10.0
NODATA_value	-9999
[rows 46 to 68 of 77, columns 0 to 51 of 123]
-9.999000e+03 -9.999000e+03 -9.999000e+03 -9.999000e+03 -9.999000e+03 -9.999000e+03 0.000000e+00 2.040660e+00 1.286424e+00 1.277315e+00 9.869533e-01 1.138720e+00 1.321607e+00 1.371010e+00 1.416420e+00 1.630125e+00 1.395184e+00 1.434435e+00 1.449972e+00 1.439600e+00 1.423437e+00 1.061919e+00 1.061296e+00 1.067078e+00 1.180906e+00 1.258595e+00 1.323388e+00 1.383437e+00 1.427920e+00 1.454905e+00 1.470913e+00 2.461922e+00 2.518021e+00 1.515172e+00 1.505336e+00 1.491877e+00 1.476492e+00 1.461066e+00 1.447624e+00 1.436552e+00 1.431170e+00 1.430649e+00 1.432320e+00 1.433791e+00 1.439289e+00 1.449852e+00 1.460698e+00 1.471610e+00 1.486233e+00 1.506141e+00 1.522104e+00 1.528239e+00
-9.999000e+03 -9.999000e+03 -9.999000e+03 -9.999000e+03 -9.999000e+03 -9.999000e+03 2.202056e+00 1.677010e+00 1.147687e+00 1.134164e+00 9.658812e-01 1.232132e+00 1.297202e+00 1.367396e+00 1.686000e+00 1.314479e+00 1.387470e+00 1.437666e+00 1.456719e+00 1.446200e+00 9.210864e-01 9.119235e-01 9.074078e-01 9.077839e-01 1.058891e+00 1.163668e+00 1.250755e+00 2.220828e+00 2.287046e+00 2.342745e+00 2.398906e+00 1.497324e+00 1.501358e+00 1.498683e+00 1.491138e+00 1.481798e+00 1.470485e+00 1.457449e+00 1.445172e+00 1.436542e+00 1.429447e+00 1.426313e+00 1.424775e+00 1.425317e+00 1.429588e+00 1.437984e+00 1.447342e+00 1.456775e+00 1.468683e+00 1.484615e+00 1.501539e+00 1.513794e+00
-9.999000e+03 -9.999000e+03 -9.999000e+03 -9.999000e+03 -9.999000e+03 0.000000e+00 1.616586e+00 1.560956e+00 9.768303e-01 9.722459e-01 1.130110e+00 1.231996e+00 1.346880e+00 1.717835e+00 1.215423e+00 1.302935e+00 1.372195e+00 1.423734e+00 1.445615e+00 1.436945e+00 1.570700e+00 1.679894e+00 1.775159e+00 1.912717e+00 2.004632e+00 2.079470e+00 2.147690e+00 1.426270e+00 1.441044e+00 1.450749e+00 1.460209e+00 1.471822e+00 1.478871e+00 1.479078e+00 1.475945e+00 1.470686e+00 1.462243e+00 1.450138e+00 1.443023e+00 1.434155e+00 1.429747e+00 1.425518e+00 1.423061e+00 1.422728e+00 1.425034e+00 1.430037e+00 1.437361e+00 1.447799e+00 1.457683e+00 1.469230e+00 1.481684e+00 1.355622e+00
-9.999000e+03 -9.999000e+03 -9.999000e+03 -9.999000e+03 0.000000e+00 1.757370e+00 1.261616e+00 1.419380e+00 9.913233e-01 1.001843e+00 1.156629e+00 1.349079e+00 1.720084e+00 1.113611e+00 1.221180e+00 1.297083e+00 1.354055e+00 1.403508e+00 1.425918e+00 1.414406e+00 1.396349e+00 1.381644e+00 1.688751e+00 1.244985e+00 1.301845e+00 1.342298e+00 1.366282e+00 1.382791e+00 1.401828e+00 1.413796e+00 1.426020e+00 1.442776e+00 1.453171e+00 1.457895e+00 1.458411e+00 1.455674e+00 1.448709e+00 1.445891e+00 1.434121e+00 1.431186e+00 1.427447e+00 1.425115e+00 1.423741e+00 1.423309e+00 1.423600e+00 1.425480e+00 1.433419e+00 1.442150e+00 1.451554e+00 1.455184e+00 1.268653e+00 1.281672e+00
-9.999000e+03 -9.999000e+03 -9.999000e+03 -9.999000e+03 0.000000e+00 1.433114e+00 1.143346e+00 1.250803e+00 1.182157e+00 1.021786e+00 1.334286e+00 1.685771e+00 9.790024e-01 1.122811e+00 1.221089e+00 1.285476e+00 1.337687e+00 1.387660e+00 1.400154e+00 1.383738e+00 1.361696e+00 1.662161e+00 1.155015e+00 1.221888e+00 1.269500e+00 1.299444e+00 1.315051e+00 1.335473e+00 1.350102e+00 1.365975e+00 1.386381e+00 1.401374e+00 1.413011e+00 1.421087e+00 1.424920e+00 1.424870e+00 1.437733e+00 1.426432e+00 1.426328e+00 1.421805e+00 1.420697e+00 1.421738e+00 1.422680e+00 1.422359e+00 1.421884e+00 1.428991e+00 1.431711e+00 1.439797e+00 1.439039e+00 1.180137e+00 1.185582e+00 1.197713e+00
-9.999000e+03 -9.999000e+03 -9.999000e+03 0.000000e+00 1.804629e+00 1.358863e+00 1.009374e+00 1.188538e+00 1.035954e+00 1.288063e+00 1.569914e+00 1.359878e+00 9.947645e-01 1.131740e+00 1.216353e+00 1.274849e+00 1.326025e+00 1.356104e+00 1.360445e+00 1.342215e+00 1.611678e+00 1.044235e+00 1.137815e+00 1.198510e+00 1.230624e+00 1.245119e+00 1.270813e+00 1.281647e+00 1.296004e+00 1.324658e+00 1.343187e+00 1.356691e+00 1.367312e+00 1.374928e+00 1.379042e+00 1.409783e+00 1.400249e+00 1.411960e+00 1.409472e+00 1.408055e+00 1.409037e+00 1.413170e+00 1.415465e+00 1.416117e+00 1.429764e+00 1.427999e+00 1.431700e+00 1.422341e+00 1.088181e+00 1.088347e+00 1.092215e+00 1.102094e+00
-9.999000e+03 -9.999000e+03 -9.999000e+03 0.000000e+00 1.463854e+00 1.191763e+00 1.048253e+00 1.077027e+00 1.230778e+00 1.226485e+00 1.485139e+00 1.343698e+00 1.018300e+00 1.142631e+00 1.215962e+00 1.274346e+00 1.291607e+00 1.304117e+00 1.308390e+00 1.550555e+00 9.187896e-01 1.051419e+00 1.138878e+00 1.180809e+00 1.185469e+00 1.217278e+00 1.226627e+00 1.236748e+00 1.269903e+00 1.291330e+00 1.307710e+00 1.319979e+00 1.327297e+00 1.329450e+00 1.379618e+00 1.357568e+00 1.380308e+00 1.382250e+00 1.388433e+00 1.388655e+00 1.389255e+00 1.392506e+00 1.395650e+00 1.423116e+00 1.420338e+00 1.424934e+00 1.404596e+00 9.797542e-01 9.798211e-01 9.809959e-01 9.843572e-01 1.946668e+00
-9.999000e+03 -9.999000e+03 0.000000e+00 1.000047e+00 1.215807e+00 1.203805e+00 1.109692e+00 1.133534e+00 1.114272e+00 1.145289e+00 1.479981e+00 1.335441e+00 1.057800e+00 1.159965e+00 1.227758e+00 1.231884e+00 1.228079e+00 1.228152e+00 1.371009e+00 1.346112e+00 9.545015e-01 1.084039e+00 1.147488e+00 1.141008e+00 1.178627e+00 1.179697e+00 1.185273e+00 1.225892e+00 1.242157e+00 1.257337e+00 1.271755e+00 1.281629e+00 1.283316e+00 1.361370e+00 1.316133e+00 1.348844e+00 1.338924e+00 1.351390e+00 1.361936e+00 1.362116e+00 1.358491e+00 1.358663e+00 1.403831e+00 1.395850e+00 1.405977e+00 1.378986e+00 8.469695e-01 8.423639e-01 8.416723e-01 8.444756e-01 1.867603e+00 1.416405e+00
-9.999000e+03 -9.999000e+03 3.387656e+00 1.253360e+00 1.051062e+00 1.105247e+00 1.158627e+00 1.108015e+00 1.307396e+00 1.617207e+00 1.134931e+00 1.283972e+00 1.097264e+00 1.185243e+00 1.162295e+00 1.155207e+00 1.141339e+00 1.133993e+00 1.155311e+00 1.287468e+00 1.006422e+00 1.120329e+00 1.096348e+00 1.158345e+00 1.147291e+00 1.138134e+00 1.190536e+00 1.196823e+00 1.200723e+00 1.209439e+00 1.219804e+00 1.226886e+00 1.353753e+00 1.278260e+00 1.333555e+00 1.302668e+00 1.307878e+00 1.319801e+00 1.327947e+00 1.324742e+00 1.318323e+00 1.383958e+00 1.356210e+00 1.367321e+00 1.333271e+00 1.329508e+00 1.373624e+00 1.405337e+00 1.679833e+00 1.781868e+00 1.373519e+00 1.375821e+00
-9.999000e+03 0.000000e+00 3.005423e+00 1.335206e+00 1.067067e+00 1.205639e+00 1.094172e+00 1.095231e+00 -9.999000e+03 -9.999000e+03 -9.999000e+03 1.138472e+00 1.116694e+00 1.051518e+00 1.026702e+00 1.025351e+00 1.014398e+00 9.962787e-01 1.015114e+00 1.090915e+00 1.111254e+00 1.041254e+00 1.143854e+00 1.125237e+00 1.102020e+00 1.170432e+00 1.158625e+00 1.146864e+00 1.141667e+00 1.142903e+00 1.147221e+00 1.345059e+00 1.233146e+00 1.328393e+00 1.268786e+00 1.267648e+00 1.272617e+00 1.280003e+00 1.280011e+00 1.272845e+00 1.371836e+00 1.312902e+00 1.318429e+00 1.271752e+00 1.270763e+00 1.396086e+00 1.482156e+00 1.573563e+00 1.424299e+00 1.319180e+00 1.321963e+00 1.319263e+00
-9.999000e+03 0.000000e+00 1.467823e+00 1.068535e+00 1.120187e+00 1.113452e+00 -9.999000e+03 -9.999000e+03 -9.999000e+03 -9.999000e+03 -9.999000e+03 -9.999000e+03 1.099617e+00 1.063467e+00 1.219012e+00 1.320589e+00 1.025410e+00 1.178221e+00 1.317282e+00 1.516883e+00 1.143258e+00 1.136247e+00 1.079924e+00 1.026389e+00 1.149587e+00 1.118384e+00 1.090174e+00 1.069365e+00 1.057999e+00 1.052927e+00 1.334850e+00 1.165929e+00 1.327880e+00 1.225775e+00 1.218975e+00 1.216950e+00 1.218917e+00 1.221378e+00 1.216310e+00 1.362935e+00 1.261925e+00 1.262461e+00 1.197762e+00 1.198787e+00 1.366091e+00 1.260601e+00 1.254303e+00 1.413820e+00 1.252166e+00 1.256904e+00 1.256349e+00 1.409520e+00
0.000000e+00 1.971541e+00 1.221660e+00 1.116579e+00 1.219564e+00 1.063880e+00 -9.999000e+03 -9.999000e+03 -9.999000e+03 -9.999000e+03 -9.999000e+03 -9.999000e+03 -9.999000e+03 -9.999000e+03 -9.999000e+03 1.019573e+00 1.351069e+00 1.003546e+00 1.019263e+00 1.044764e+00 1.543749e+00 -9.999000e+03 -9.999000e+03 1.080073e+00 1.025160e+00 9.967324e-01 9.690455e-01 9.442869e-01 9.326395e-01 1.333673e+00 1.078425e+00 1.328244e+00 1.172570e+00 1.159098e+00 1.149639e+00 1.144281e+00 1.141256e+00 1.142112e+00 1.359934e+00 1.204556e+00 1.195767e+00 1.109382e+00 1.110147e+00 1.325590e+00 1.195965e+00 1.187760e+00 1.408162e+00 1.177577e+00 1.178074e+00 1.182072e+00 1.392839e+00 1.238410e+00
0.000000e+00 1.128460e+00 1.144023e+00 1.144945e+00 1.059326e+00 -9.999000e+03 -9.999000e+03 -9.999000e+03 -9.999000e+03 -9.999000e+03 -9.999000e+03 -9.999000e+03 -9.999000e+03 -9.999000e+03 -9.999000e+03 -9.999000e+03 -9.999000e+03 -9.999000e+03 -9.999000e+03 -9.999000e+03 -9.999000e+03 -9.999000e+03 -9.999000e+03 1.095089e+00 1.037782e+00 1.018803e+00 1.161003e+00 1.242369e+00 1.312939e+00 9.666410e-01 1.331631e+00 1.106026e+00 1.090207e+00 1.068046e+00 1.054227e+00 1.046264e+00 1.041073e+00 1.349330e+00 1.142104e+00 1.123660e+00 1.002435e+00 1.001871e+00 1.272502e+00 1.114753e+00 1.112376e+00 1.408781e+00 1.099448e+00 1.095633e+00 1.095672e+00 1.372474e+00 1.182906e+00 1.417525e+00
-9.999000e+03 1.048456e+00 1.063569e+00 1.019761e+00 -9.999000e+03 -9.999000e+03 -9.999000e+03 -9.999000e+03 -9.999000e+03 -9.999000e+03 -9.999000e+03 -9.999000e+03 -9.999000e+03 -9.999000e+03 -9.999000e+03 -9.999000e+03 -9.999000e+03 -9.999000e+03 -9.999000e+03 -9.999000e+03 -9.999000e+03 -9.999000e+03 -9.999000e+03 -9.999000e+03 -9.999000e+03 -9.999000e+03 9.963221e-01 9.758565e-01 1.146281e+00 1.302023e+00 1.012053e+00 9.923268e-01 9.622011e-01 9.288673e-01 9.147827e-01 9.114672e-01 1.326965e+00 1.051992e+00 1.039163e+00 8.701057e-01 8.617937e-01 1.207773e+00 1.007230e+00 1.008792e+00 1.402626e+00 1.005088e+00 1.002299e+00 9.997896e-01 1.338959e+00 1.113043e+00 1.448693e+00 9.689089e-01
-9.999000e+03 -9.999000e+03 -9.999000e+03 -9.999000e+03 -9.999000e+03 -9.999000e+03 -9.999000e+03 -9.999000e+03 -9.999000e+03 -9.999000e+03 -9.999000e+03 -9.999000e+03 -9.999000e+03 -9.999000e+03 -9.999000e+03 -9.999000e+03 -9.999000e+03 -9.999000e+03 -9.999000e+03 -9.999000e+03 -9.999000e+03 -9.999000e+03 -9.999000e+03 -9.999000e+03 -9.999000e+03 -9.999000e+03 -9.999000e+03 -9.999000e+03 9.870710e-01 1.199642e+00 1.035488e+00 1.015603e+00 9.781825e-01 1.097854e+00 1.196071e+00 1.291004e+00 9.276574e-01 9.104317e-01 8.950553e-01 1.030186e+00 1.131959e+00 8.690870e-01 8.666410e-01 1.380076e+00 8.647157e-01 8.643895e-01 8.655905e-01 1.293230e+00 1.012707e+00 1.465998e+00 8.526663e-01 8.324409e-01
-9.999000e+03 -9.999000e+03 -9.999000e+03 -9.999000e+03 -9.999000e+03 -9.999000e+03 -9.999000e+03 -9.999000e+03 -9.999000e+03 -9.999000e+03 -9.999000e+03 -9.999000e+03 -9.999000e+03 -9.999000e+03 -9.999000e+03 -9.999000e+03 -9.999000e+03 -9.999000e+03 -9.999000e+03 -9.999000e+03 -9.999000e+03 -9.999000e+03 -9.999000e+03 -9.999000e+03 -9.999000e+03 -9.999000e+03 -9.999000e+03 -9.999000e+03 -9.999000e+03 1.023656e+00 1.317428e+00 1.160062e+00 1.123161e+00 9.284089e-01 9.220653e-01 9.382377e-01 9.371821e-01 9.167082e-01 1.056193e+00 1.156488e+00 1.236724e+00 1.303331e+00 1.351607e+00 8.686523e-01 1.012274e+00 1.124159e+00 1.219996e+00 8.782238e-01 1.470917e+00 8.646242e-01 9.978125e-01 1.090017e+00
-9.999000e+03 -9.999000e+03 -9.999000e+03 -9.999000e+03 -9.999000e+03 -9.999000e+03 -9.999000e+03 -9.999000e+03 -9.999000e+03 -9.999000e+03 -9.999000e+03 -9.999000e+03 -9.999000e+03 -9.999000e+03 -9.999000e+03 -9.999000e+03 -9.999000e+03 -9.999000e+03 -9.999000e+03 -9.999000e+03 -9.999000e+03 -9.999000e+03 -9.999000e+03 -9.999000e+03 -9.999000e+03 -9.999000e+03 -9.999000e+03 -9.999000e+03 -9.999000e+03 -9.999000e+03 1.149491e+00 -9.999000e+03 -9.999000e+03 -9.999000e+03 -9.999000e+03 -9.999000e+03 -9.999000e+03 -9.999000e+03 9.028772e-01 1.050668e+00 1.163345e+00 1.256752e+00 1.321721e+00 1.359832e+00 1.386624e+00 1.408351e+00 1.432145e+00 1.464625e+00 8.845946e-01 1.011148e+00 1.106185e+00 1.184557e+00
-9.999000e+03 -9.999000e+03 -9.999000e+03 -9.999000e+03 -9.999000e+03 -9.999000e+03 -9.999000e+03 -9.999000e+03 -9.999000e+03 -9.999000e+03 -9.999000e+03 -9.999000e+03 -9.999000e+03 -9.999000e+03 -9.999000e+03 -9.999000e+03 -9.999000e+03 -9.999000e+03 -9.999000e+03 -9.999000e+03 -9.999000e+03 -9.999000e+03 -9.999000e+03 -9.999000e+03 -9.999000e+03 -9.999000e+03 -9.999000e+03 -9.999000e+03 -9.999000e+03 -9.999000e+03 -9.999000e+03 -9.999000e+03 -9.999000e+03 -9.999000e+03 -9.999000e+03 -9.999000e+03 -9.999000e+03 -9.999000e+03 -9.999000e+03 -9.999000e+03 -9.999000e+03 9.015733e-01 8.954478e-01 8.793785e-01 1.020818e+00 1.133286e+00 1.232572e+00 1.327460e+00 1.385923e+00 1.403371e+00 1.411250e+00 1.419689e+00
-9.999000e+03 -9.999000e+03 -9.999000e+03 -9.999000e+03 -9.999000e+03 -9.999000e+03 -9.999000e+03 -9.999000e+03 -9.999000e+03 -9.999000e+03 -9.999000e+03 -9.999000e+03 -9.999000e+03 -9.999000e+03 -9.999000e+03 -9.999000e+03 -9.999000e+03 -9.999000e+03 -9.999000e+03 -9.999000e+03 -9.999000e+03 -9.999000e+03 -9.999000e+03 -9.999000e+03 -9.999000e+03 -9.999000e+03 -9.999000e+03 -9.999000e+03 -9.999000e+03 -9.999000e+03 -9.999000e+03 -9.999000e+03 -9.999000e+03 -9.999000e+03 -9.999000e+03 -9.999000e+03 -9.999000e+03 -9.999000e+03 -9.999000e+03 -9.999000e+03 -9.999000e+03 -9.999000e+03 -9.999000e+03 -9.999000e+03 8.687844e-01 8.725354e-01 1.029783e+00 1.158876e+00 8.840184e-01 1.007313e+00 1.110646e+00 1.214431e+00
-9.999000e+03 -9.999000e+03 -9.999000e+03 -9.999000e+03 -9.999000e+03 -9.999000e+03 -9.999000e+03 -9.999000e+03 -9.999000e+03 -9.999000e+03 -9.999000e+03 -9.999000e+03 -9.999000e+03 -9.999000e+03 -9.999000e+03 -9.999000e+03 -9.999000e+03 -9.999000e+03 -9.999000e+03 -9.999000e+03 -9.999000e+03 -9.999000e+03 -9.999000e+03 -9.999000e+03 -9.999000e+03 -9.999000e+03 -9.999000e+03 -9.999000e+03 -9.999000e+03 -9.999000e+03 -9.999000e+03 -9.999000e+03 -9.999000e+03 -9.999000e+03 -9.999000e+03 -9.999000e+03 -9.999000e+03 -9.999000e+03 -9.999000e+03 -9.999000e+03 -9.999000e+03 -9.999000e+03 -9.999000e+03 -9.999000e+03 -9.999000e+03 -9.999000e+03 -9.999000e+03 -9.999000e+03 -9.999000e+03 -9.999000e+03 8.595574e-01 1.032970e+00
-9.999000e+03 -9.999000e+03 -9.999000e+03 -9.999000e+03 -9.999000e+03 -9.999000e+03 -9.999000e+03 -9.999000e+03 -9.999000e+03 -9.999000e+03 -9.999000e+03 -9.999000e+03 -9.999000e+03 -9.999000e+03 -9.999000e+03 -9.999000e+03 -9.999000e+03 -9.999000e+03 -9.999000e+03 -9.999000e+03 -9.999000e+03 -9.999000e+03 -9.999000e+03 -9.999000e+03 -9.999000e+03 -9.999000e+03 -9.999000e+03 -9.999000e+03 -9.999000e+03 -9.999000e+03 -9.999000e+03 -9.999000e+03 -9.999000e+03 -9.999000e+03 -9.999000e+03 -9.999000e+03 -9.999000e+03 -9.999000e+03 -9.999000e+03 -9.999000e+03 -9.999000e+03 -9.999000e+03 -9.999000e+03 -9.999000e+03 -9.999000e+03 -9.999000e+03 -9.999000e+03 -9.999000e+03 -9.999000e+03 -9.999000e+03 -9.999000e+03 8.927040e-01
-9.999000e+03 -9.999000e+03 -9.999000e+03 -9.999000e+03 -9.999000e+03 -9.999000e+03 -9.999000e+03 -9.999000e+03 -9.999000e+03 -9.999000e+03 -9.999000e+03 -9.999000e+03 -9.999000e+03 -9.999000e+03 -9.999000e+03 -9.999000e+03 -9.999000e+03 -9.999000e+03 -9.999000e+03 -9.999000e+03 -9.999000e+03 -9.999000e+03 -9.999000e+03 -9.999000e+03 -9.999000e+03 -9.999000e+03 -9.999000e+03 -9.999000e+03 -9.999000e+03 -9.999000e+03 -9.999000e+03 -9.999000e+03 -9.999000e+03 -9.999000e+03 -9.999000e+03 -9.999000e+03 -9.999000e+03 -9.999000e+03 -9.999000e+03 -9.999000e+03 -9.999000e+03 -9.999000e+03 -9.999000e+03 -9.999000e+03 -9.999000e+03 -9.999000e+03 -9.999000e+03 -9.999000e+03 -9.999000e+03 -9.999000e+03 -9.999000e+03 -9.999000e+03
-9.999000e+03 -9.999000e+03 -9.999000e+03 -9.999000e+03 -9.999000e+03 -9.999000e+03 -9.999000e+03 -9.999000e+03 -9.999000e+03 -9.999000e+03 -9.999000e+03 -9.999000e+03 -9.999000e+03 -9.999000e+03 -9.999000e+03 -9.999000e+03 -9.999000e+03 -9.999000e+03 -9.999000e+03 -9.999000e+03 -9.999000e+03 -9.999000e+03 -9.999000e+03 -9.999000e+03 -9.999000e+03 -9.999000e+03 -9.999000e+03 -9.999000e+03 -9.999000e+03 -9.999000e+03 -9.999000e+03 -9.999000e+03 -9.999000e+03 -9.999000e+03 -9.999000e+03 -9.999000e+03 -9.999000e+03 -9.999000e+03 -9.999000e+03 -9.999000e+03 -9.999000e+03 -9.999000e+03 -9.999000e+03 -9.999000e+03 -9.999000e+03 -9.999000e+03 -9.999000e+03 -9.999000e+03 -9.999000e+03 -9.999000e+03 -9.999000e+03 -9.999000e+03
