tests/data/reference/test_sheet_stream/control/cinfil_m3.asc
ncols	123
nrows	77
xllcorner	-713746.79929998
yllcorner	-1061022.36961616
cellsize	10.0
NODATA_value	-9999
[rows 23 to 45 of 77, columns 52 to 103 of 123]
9.437017e-01 1.206128e+00 1.265322e+00 1.347807e+00 1.374960e+00 1.402872e+00 1.408596e+00 1.376436e+00 1.382814e+00 1.342141e+00 1.289226e+00 1.290703e+00 1.292556e+00 1.297385e+00 1.308481e+00 1.492738e+00 1.768821e+00 1.822994e+00 1.400339e+00 1.376005e+00 1.265307e+00 1.190707e+00 1.102901e+00 1.194538e+00 8.617821e-01 1.017544e+00 3.009316e+00 1.984269e+00 1.613666e+00 1.232449e+00 1.122049e+00 1.008542e+00 8.771931e-01 9.064867e-01 -9.999000e+03 -9.999000e+03 -9.999000e+03 -9.999000e+03 -9.999000e+03 -9.999000e+03 -9.999000e+03 -9.999000e+03 -9.999000e+03 -9.999000e+03 -9.999000e+03 -9.999000e+03 -9.999000e+03 -9.999000e+03 -9.999000e+03 -9.999000e+03 -9.999000e+03 -9.999000e+03
9.381381e-01 1.040631e+00 1.264858e+00 1.317445e+00 1.382707e+00 1.404343e+00 1.425918e+00 1.436497e+00 1.416557e+00 1.420450e+00 1.388261e+00 1.344473e+00 1.346923e+00 1.353582e+00 1.364755e+00 1.380292e+00 1.863944e+00 1.856873e+00 1.412014e+00 1.382423e+00 1.302484e+00 1.242957e+00 1.174956e+00 1.244309e+00 9.898006e-01 1.114514e+00 8.749154e-01 3.064238e+00 2.066417e+00 1.726964e+00 1.378591e+00 1.121120e+00 1.014246e+00 1.036342e+00 9.164976e-01 -9.999000e+03 -9.999000e+03 -9.999000e+03 -9.999000e+03 -9.999000e+03 -9.999000e+03 -9.999000e+03 -9.999000e+03 -9.999000e+03 -9.999000e+03 -9.999000e+03 -9.999000e+03 -9.999000e+03 -9.999000e+03 -9.999000e+03 -9.999000e+03 -9.999000e+03
1.201340e+00 1.037553e+00 1.125862e+00 1.317573e+00 1.363399e+00 1.415415e+00 1.434556e+00 1.450639e+00 1.458285e+00 1.444510e+00 1.447167e+00 1.424019e+00 1.393921e+00 1.402778e+00 1.411977e+00 1.420959e+00 1.940742e+00 1.856649e+00 1.414528e+00 1.387400e+00 1.332341e+00 1.287148e+00 1.235680e+00 1.287145e+00 1.087142e+00 1.184802e+00 9.960980e-01 3.081192e+00 8.678063e-01 2.104919e+00 1.826638e+00 1.236473e+00 1.127318e+00 1.120037e+00 1.017350e+00 8.863566e-01 9.098789e-01 9.121517e-01 -9.999000e+03 -9.999000e+03 -9.999000e+03 -9.999000e+03 -9.999000e+03 -9.999000e+03 -9.999000e+03 -9.999000e+03 -9.999000e+03 -9.999000e+03 -9.999000e+03 -9.999000e+03 -9.999000e+03 -9.999000e+03
9.305247e-01 1.259990e+00 1.125099e+00 1.204903e+00 1.368567e+00 1.407318e+00 1.445623e+00 1.457385e+00 1.465813e+00 1.470902e+00 1.464285e+00 1.468951e+00 1.457357e+00 1.439096e+00 1.447028e+00 1.453700e+00 2.013425e+00 1.813042e+00 1.419299e+00 1.397431e+00 1.361490e+00 1.329481e+00 1.291728e+00 1.327171e+00 1.168708e+00 1.241973e+00 1.085427e+00 3.092880e+00 9.909174e-01 2.122835e+00 1.911983e+00 1.318508e+00 1.221250e+00 1.199282e+00 1.108961e+00 1.014658e+00 1.041243e+00 9.026547e-01 1.060034e+00 9.149802e-01 -9.999000e+03 -9.999000e+03 -9.999000e+03 -9.999000e+03 -9.999000e+03 -9.999000e+03 -9.999000e+03 -9.999000e+03 -9.999000e+03 -9.999000e+03 -9.999000e+03 -9.999000e+03
1.030904e+00 8.012710e-01 1.316956e+00 1.210217e+00 1.281156e+00 1.413536e+00 1.440116e+00 1.463045e+00 1.470189e+00 1.476446e+00 1.481688e+00 1.481278e+00 1.486187e+00 1.480174e+00 1.469610e+00 1.479529e+00 2.088769e+00 1.691981e+00 1.431666e+00 1.415800e+00 1.394553e+00 1.374083e+00 1.347096e+00 1.367561e+00 1.241009e+00 1.291613e+00 1.160575e+00 3.106053e+00 1.082079e+00 2.103706e+00 1.963768e+00 1.359472e+00 1.296910e+00 1.284414e+00 1.208746e+00 1.224347e+00 8.822726e-01 8.954412e-01 1.057024e+00 1.179892e+00 1.072414e+00 0.000000e+00 -9.999000e+03 -9.999000e+03 -9.999000e+03 -9.999000e+03 -9.999000e+03 -9.999000e+03 -9.999000e+03 -9.999000e+03 -9.999000e+03 -9.999000e+03
1.117633e+00 9.356657e-01 1.366632e+00 1.282083e+00 8.207262e-01 1.342538e+00 1.444609e+00 1.460566e+00 1.474207e+00 1.479337e+00 1.484564e+00 1.490105e+00 1.492315e+00 1.497279e+00 1.498900e+00 1.499796e+00 2.163240e+00 1.540509e+00 1.441315e+00 1.430549e+00 1.419139e+00 1.407690e+00 1.389894e+00 1.400285e+00 1.301321e+00 1.333135e+00 1.224489e+00 2.976405e+00 1.158255e+00 1.997378e+00 2.012360e+00 1.384726e+00 1.352439e+00 1.352973e+00 1.295532e+00 1.341654e+00 1.030914e+00 1.041446e+00 8.963805e-01 1.170281e+00 9.220320e-01 0.000000e+00 0.000000e+00 0.000000e+00 -9.999000e+03 -9.999000e+03 -9.999000e+03 -9.999000e+03 -9.999000e+03 -9.999000e+03 -9.999000e+03 -9.999000e+03
1.196400e+00 1.045240e+00 1.409406e+00 1.341707e+00 8.187061e-01 9.549803e-01 1.391013e+00 1.465131e+00 1.472540e+00 1.479751e+00 1.484009e+00 1.490104e+00 1.497384e+00 1.505033e+00 1.515751e+00 1.523689e+00 1.523603e+00 2.228201e+00 1.443097e+00 1.435695e+00 1.429946e+00 1.425379e+00 1.416182e+00 1.422304e+00 1.349375e+00 1.367268e+00 1.279813e+00 2.841805e+00 1.226164e+00 1.581394e+00 2.062991e+00 1.399028e+00 1.386511e+00 1.395875e+00 1.360491e+00 1.437810e+00 1.149750e+00 1.152403e+00 1.040652e+00 3.727423e-01 0.000000e+00 1.483115e+00 1.269924e+00 1.001656e+00 0.000000e+00 -9.999000e+03 -9.999000e+03 -9.999000e+03 -9.999000e+03 -9.999000e+03 -9.999000e+03 -9.999000e+03
1.272200e+00 1.143148e+00 1.446856e+00 1.391953e+00 9.534968e-01 8.179900e-01 1.058749e+00 1.424589e+00 1.476019e+00 1.480826e+00 1.486655e+00 1.493485e+00 1.502957e+00 1.514580e+00 1.524770e+00 1.530525e+00 1.528950e+00 1.519527e+00 2.274618e+00 1.434595e+00 1.434298e+00 1.436051e+00 1.434051e+00 1.437906e+00 1.386714e+00 1.394295e+00 1.327501e+00 2.733492e+00 1.284424e+00 1.397692e+00 2.108467e+00 1.402142e+00 1.403515e+00 1.517807e+00 1.494581e+00 8.773166e-01 1.235556e+00 1.232493e+00 7.985052e-01 0.000000e+00 9.200394e-01 1.554360e+00 1.377613e+00 1.130793e+00 9.894531e-01 0.000000e+00 -9.999000e+03 -9.999000e+03 -9.999000e+03 -9.999000e+03 -9.999000e+03 -9.999000e+03
1.349299e+00 1.235365e+00 1.479771e+00 1.433635e+00 1.059747e+00 9.511212e-01 8.131755e-01 1.139840e+00 1.451666e+00 1.490180e+00 1.496712e+00 1.505620e+00 1.515501e+00 1.524363e+00 1.528107e+00 1.526106e+00 1.520521e+00 1.510653e+00 2.317005e+00 1.429018e+00 1.434956e+00 1.442825e+00 1.446315e+00 1.448590e+00 1.413994e+00 1.415206e+00 1.368803e+00 2.627975e+00 1.333818e+00 1.393257e+00 2.147471e+00 1.398527e+00 1.613088e+00 1.514046e+00 9.991561e-01 8.641446e-01 1.290417e+00 9.917630e-01 0.000000e+00 8.856308e-01 1.058474e+00 1.652122e+00 1.496443e+00 1.254861e+00 1.134691e+00 9.665538e-01 9.850856e-01 -9.999000e+03 -9.999000e+03 -9.999000e+03 -9.999000e+03 -9.999000e+03
1.432985e+00 1.327362e+00 1.514002e+00 1.473826e+00 8.271221e-01 1.151441e+00 1.057642e+00 9.509315e-01 1.221201e+00 1.479265e+00 1.505258e+00 1.512588e+00 1.519524e+00 1.523805e+00 1.523678e+00 1.518730e+00 1.510992e+00 1.501056e+00 2.363377e+00 1.428150e+00 1.438342e+00 1.448932e+00 1.454093e+00 1.454518e+00 1.432495e+00 1.431563e+00 1.404110e+00 2.513330e+00 1.378605e+00 1.407201e+00 2.186801e+00 1.695207e+00 1.515052e+00 1.084401e+00 9.863520e-01 8.525311e-01 1.054599e+00 3.727423e-01 8.641548e-01 1.024309e+00 1.152437e+00 1.762471e+00 1.291107e+00 9.533868e-01 1.226547e+00 1.100922e+00 1.100252e+00 9.694969e-01 0.000000e+00 -9.999000e+03 -9.999000e+03 -9.999000e+03
1.491601e+00 1.511932e+00 1.410401e+00 1.546301e+00 1.509368e+00 9.747503e-01 1.236220e+00 1.155833e+00 1.066553e+00 1.291465e+00 1.492488e+00 1.506098e+00 1.508752e+00 1.511177e+00 1.512088e+00 1.509591e+00 1.504140e+00 1.496865e+00 1.489508e+00 2.423365e+00 1.450009e+00 1.458180e+00 1.459937e+00 1.457055e+00 1.443905e+00 1.444692e+00 1.434230e+00 2.339894e+00 1.421209e+00 1.432690e+00 2.230164e+00 1.500660e+00 1.164978e+00 1.082259e+00 3.727423e-01 0.000000e+00 3.727423e-01 8.479062e-01 1.000534e+00 1.123356e+00 1.824942e+00 1.285115e+00 8.945320e-01 1.069798e+00 1.282148e+00 1.216933e+00 1.286966e+00 1.305551e+00 9.683850e-01 0.000000e+00 -9.999000e+03 -9.999000e+03
2.626020e+00 2.626020e+00 1.370562e+00 1.293505e+00 1.563399e+00 1.527367e+00 1.082446e+00 1.302845e+00 1.231324e+00 1.151687e+00 1.341036e+00 1.489617e+00 1.494369e+00 1.495543e+00 1.497344e+00 1.498180e+00 1.497323e+00 1.494830e+00 1.492183e+00 2.044744e+00 1.469772e+00 1.474543e+00 1.470805e+00 1.463839e+00 1.456283e+00 1.461055e+00 1.464284e+00 1.826966e+00 1.459392e+00 1.460834e+00 2.270294e+00 1.235107e+00 1.165965e+00 3.722223e-01 0.000000e+00 8.370401e-01 8.392754e-01 9.847718e-01 1.101736e+00 1.877485e+00 1.286943e+00 1.017176e+00 8.767607e-01 1.155119e+00 1.316709e+00 1.451950e+00 1.355024e+00 1.092625e+00 9.318016e-01 1.251072e+00 9.760294e-01 0.000000e+00
1.495272e+00 1.574976e+00 2.626020e+00 1.425558e+00 1.354409e+00 1.348204e+00 1.318148e+00 1.029797e+00 1.175198e+00 1.125068e+00 1.068985e+00 1.192373e+00 1.273592e+00 1.274992e+00 1.276980e+00 1.281395e+00 1.287636e+00 1.293963e+00 1.300751e+00 1.308208e+00 2.139133e+00 1.311232e+00 1.301277e+00 1.289821e+00 1.476593e+00 1.486457e+00 1.499001e+00 1.509182e+00 1.493566e+00 1.487365e+00 2.303083e+00 1.237183e+00 3.722223e-01 0.000000e+00 8.361347e-01 9.780840e-01 9.793027e-01 1.089746e+00 1.924329e+00 1.293261e+00 1.107865e+00 1.007483e+00 1.212874e+00 8.811069e-01 1.338163e+00 1.590745e+00 9.001802e-01 1.168058e+00 1.061945e+00 1.336675e+00 9.332348e-01 1.250592e+00
7.912613e-01 9.216365e-01 1.027911e+00 2.626020e+00 2.626020e+00 2.626020e+00 2.626020e+00 1.352764e+00 1.116625e+00 1.245866e+00 1.204363e+00 1.155362e+00 1.261577e+00 1.321928e+00 1.411774e+00 1.332111e+00 1.340448e+00 1.348277e+00 1.357451e+00 1.367836e+00 8.051755e-01 2.218113e+00 1.451595e+00 1.346398e+00 1.308847e+00 1.324192e+00 1.532250e+00 1.536026e+00 1.518804e+00 1.506589e+00 2.324765e+00 3.722223e-01 0.000000e+00 8.314218e-01 9.740459e-01 1.085685e+00 1.087145e+00 1.176670e+00 1.973694e+00 1.179346e+00 1.100425e+00 1.258141e+00 1.010493e+00 8.731474e-01 1.356628e+00 1.685052e+00 1.042212e+00 1.234821e+00 1.159241e+00 1.430556e+00 1.060720e+00 1.308217e+00
9.969290e-01 1.078285e+00 1.155534e+00 1.241245e+00 1.308652e+00 1.348892e+00 1.384370e+00 2.626020e+00 2.626020e+00 2.626020e+00 2.626020e+00 2.626020e+00 2.626020e+00 2.626020e+00 2.626020e+00 2.626020e+00 2.626020e+00 1.424309e+00 1.418684e+00 1.416695e+00 1.413298e+00 9.275099e-01 2.272355e+00 1.390983e+00 1.373526e+00 1.396300e+00 1.364270e+00 1.553231e+00 1.531130e+00 1.514273e+00 2.105771e+00 3.722223e-01 9.629922e-01 8.288868e-01 1.078175e+00 1.171577e+00 1.175028e+00 1.250392e+00 2.023965e+00 1.177664e+00 1.293456e+00 1.105146e+00 1.003932e+00 1.364112e+00 1.756734e+00 8.890845e-01 1.162081e+00 1.304380e+00 1.244029e+00 1.506553e+00 1.149760e+00 1.382680e+00
8.901139e-01 9.851512e-01 1.074160e+00 2.575011e+00 2.626020e+00 2.626020e+00 2.626020e+00 2.626020e+00 2.626020e+00 2.626020e+00 2.626020e+00 2.626020e+00 2.626020e+00 2.626020e+00 2.626020e+00 2.626020e+00 2.626020e+00 2.626020e+00 2.626020e+00 1.483924e+00 1.469972e+00 1.450781e+00 2.340407e+00 1.442256e+00 1.435870e+00 1.458147e+00 1.427088e+00 1.360902e+00 1.531694e+00 1.274054e+00 3.722223e-01 1.069307e+00 9.609998e-01 8.273191e-01 1.163604e+00 1.242378e+00 1.246951e+00 2.069968e+00 1.243196e+00 1.323264e+00 1.177417e+00 1.098890e+00 1.367178e+00 1.805342e+00 1.019538e+00 1.239412e+00 8.930064e-01 1.361915e+00 1.315959e+00 1.571784e+00 1.230419e+00 1.449933e+00
1.466054e+00 3.184319e+00 3.187258e+00 1.422533e+00 1.410966e+00 1.395885e+00 1.384959e+00 1.378471e+00 1.375233e+00 1.376517e+00 1.381743e+00 1.209961e+00 1.211072e+00 1.222621e+00 1.237576e+00 1.253827e+00 1.411010e+00 1.537634e+00 1.652356e+00 2.626020e+00 2.626020e+00 2.626020e+00 2.626020e+00 2.441546e+00 1.498916e+00 1.507303e+00 1.470338e+00 1.400559e+00 1.092895e+00 0.000000e+00 8.306977e-01 1.201384e+00 9.598609e-01 8.266497e-01 1.235663e+00 1.300862e+00 1.305027e+00 2.112172e+00 1.348475e+00 1.236171e+00 1.169852e+00 1.366447e+00 1.838965e+00 1.113578e+00 1.286784e+00 1.019898e+00 8.822862e-01 1.401618e+00 1.374509e+00 1.624930e+00 1.313243e+00 1.513765e+00
3.187067e+00 1.459121e+00 1.439210e+00 1.422256e+00 1.407151e+00 1.392121e+00 1.378554e+00 1.367293e+00 1.360205e+00 1.358657e+00 1.361357e+00 1.344265e+00 1.347804e+00 1.354140e+00 1.363014e+00 1.214985e+00 1.219375e+00 2.130422e+00 2.202416e+00 2.265761e+00 2.266069e+00 2.290101e+00 2.046620e+00 2.626020e+00 2.569517e+00 1.568324e+00 1.509031e+00 8.019390e-01 0.000000e+00 7.821682e-01 9.725024e-01 1.312095e+00 8.205289e-01 9.606878e-01 1.295283e+00 1.348825e+00 1.351976e+00 2.152268e+00 1.286894e+00 1.230399e+00 1.365871e+00 1.851373e+00 1.184492e+00 1.324025e+00 1.115898e+00 1.010362e+00 1.411262e+00 8.828345e-01 1.410919e+00 1.642547e+00 1.375900e+00 1.553346e+00
1.492340e+00 1.472564e+00 1.452789e+00 1.438208e+00 1.425349e+00 1.409096e+00 1.390246e+00 1.375063e+00 1.365570e+00 1.362411e+00 1.321207e+00 1.318918e+00 1.317996e+00 1.318926e+00 1.361201e+00 1.345427e+00 2.558454e+00 1.382512e+00 1.196726e+00 1.199089e+00 1.213279e+00 1.089417e+00 9.839312e-01 1.018893e+00 2.626020e+00 2.626020e+00 1.587115e+00 1.291125e+00 6.019351e-01 9.392438e-01 9.871697e-01 1.410485e+00 8.176950e-01 1.060623e+00 1.342792e+00 1.387251e+00 2.193022e+00 1.331177e+00 1.282874e+00 1.369341e+00 1.833631e+00 1.239198e+00 1.345570e+00 1.193326e+00 1.113298e+00 1.410138e+00 1.010749e+00 8.703662e-01 1.424845e+00 1.614484e+00 1.411062e+00 1.559715e+00
1.503920e+00 1.486861e+00 1.471386e+00 1.460123e+00 1.448458e+00 1.426273e+00 1.405564e+00 1.389879e+00 1.381547e+00 1.304801e+00 1.297809e+00 1.292595e+00 1.289274e+00 1.355107e+00 1.315178e+00 2.541152e+00 1.359960e+00 1.319944e+00 1.287187e+00 1.294189e+00 1.198147e+00 1.147206e+00 1.187256e+00 9.421376e-01 9.777325e-01 2.625500e+00 2.625500e+00 0.000000e+00 8.334232e-01 1.085521e+00 1.112528e+00 1.311197e+00 9.618835e-01 1.150862e+00 1.383109e+00 1.416109e+00 2.231422e+00 1.329359e+00 1.378969e+00 1.746809e+00 1.281383e+00 1.357659e+00 1.248183e+00 1.191802e+00 1.410141e+00 1.113684e+00 8.600748e-01 1.010954e+00 1.428767e+00 1.554786e+00 1.430630e+00 1.538260e+00
1.516007e+00 1.504652e+00 1.493503e+00 1.484632e+00 1.461807e+00 1.442187e+00 1.421866e+00 1.410498e+00 1.289377e+00 1.279291e+00 1.269014e+00 1.262404e+00 1.365964e+00 1.294141e+00 2.541138e+00 1.360987e+00 1.287733e+00 1.235333e+00 1.230305e+00 1.336027e+00 1.233233e+00 1.085289e+00 1.099147e+00 1.145628e+00 1.169867e+00 1.022132e+00 1.100567e+00 3.311228e-01 9.094400e-01 1.006614e+00 1.302929e+00 1.434075e+00 1.094064e+00 1.243311e+00 1.420632e+00 1.436884e+00 2.267404e+00 1.392232e+00 1.558392e+00 1.317437e+00 1.363386e+00 1.287642e+00 1.246335e+00 1.405529e+00 1.198515e+00 1.003678e+00 8.607987e-01 1.120939e+00 1.430028e+00 1.494062e+00 1.439841e+00 1.501087e+00
1.525998e+00 1.519797e+00 1.513252e+00 1.482111e+00 1.468725e+00 1.448898e+00 1.432594e+00 1.254545e+00 1.251166e+00 1.241030e+00 1.231365e+00 1.383864e+00 1.273058e+00 2.552474e+00 1.376975e+00 1.260117e+00 1.194450e+00 1.184993e+00 1.323009e+00 1.173183e+00 1.173777e+00 1.175815e+00 1.038982e+00 1.059000e+00 1.097782e+00 1.401215e+00 0.000000e+00 3.316428e-01 3.311228e-01 4.649329e-01 1.437747e+00 1.562558e+00 1.084436e+00 1.320723e+00 1.450254e+00 1.452924e+00 2.304759e+00 1.436575e+00 1.349721e+00 1.371482e+00 1.317659e+00 1.284545e+00 1.392930e+00 1.255663e+00 1.104945e+00 9.993371e-01 8.583244e-01 1.209115e+00 1.431810e+00 1.456511e+00 1.437618e+00 1.462009e+00
1.533108e+00 1.533153e+00 1.489117e+00 1.479502e+00 1.463701e+00 1.446194e+00 1.192005e+00 1.193932e+00 1.193017e+00 1.188039e+00 1.400981e+00 1.243558e+00 2.567238e+00 1.402993e+00 1.226903e+00 1.149818e+00 1.141795e+00 1.317018e+00 1.119954e+00 1.116027e+00 1.113461e+00 1.108206e+00 1.109384e+00 9.974524e-01 1.011271e+00 1.013635e+00 0.000000e+00 8.405267e-01 9.500050e-01 7.649829e-01 3.311228e-01 1.380189e+00 1.180757e+00 1.202711e+00 1.468123e+00 1.466155e+00 2.345441e+00 1.378459e+00 1.381892e+00 1.344019e+00 1.315918e+00 1.381857e+00 1.290727e+00 1.173097e+00 1.093107e+00 9.899361e-01 8.523001e-01 1.278979e+00 1.436301e+00 1.440363e+00 1.427535e+00 1.429404e+00
