tests/data/reference/test_sheet_stream/control/cinfil_m3.asc
ncols	123
nrows	77
xllcorner	-713746.79929998
yllcorner	-1061022.36961616
cellsize	10.0
NODATA_value	-9999
[rows 46 to 68 of 77, columns 52 to 103 of 123]
1.534490e+00 1.478914e+00 1.479464e+00 1.466973e+00 1.449508e+00 1.115250e+00 1.114957e+00 1.112835e+00 1.112237e+00 1.402798e+00 1.195817e+00 2.574670e+00 1.430152e+00 1.177352e+00 1.086364e+00 1.083991e+00 1.305037e+00 1.059587e+00 1.048542e+00 1.045036e+00 1.039352e+00 1.029333e+00 1.026772e+00 1.037186e+00 1.403883e+00 3.311228e-01 8.513245e-01 7.577079e-01 8.946724e-01 1.000121e+00 1.101952e+00 9.214550e-01 9.906228e-01 1.030394e+00 1.299506e+00 1.484750e+00 2.392716e+00 1.401422e+00 1.368680e+00 1.344206e+00 1.379047e+00 1.320282e+00 1.225998e+00 1.162577e+00 1.081823e+00 9.794114e-01 8.435898e-01 1.329150e+00 1.438053e+00 1.433992e+00 1.418666e+00 1.410393e+00
1.431310e+00 1.450160e+00 1.455129e+00 1.439545e+00 1.016887e+00 1.017782e+00 1.015608e+00 1.009748e+00 1.383268e+00 1.118907e+00 2.571157e+00 1.457809e+00 1.101690e+00 9.932074e-01 9.945089e-01 1.273324e+00 9.865286e-01 9.684205e-01 9.576081e-01 9.542468e-01 9.468920e-01 9.350983e-01 9.289765e-01 1.389950e+00 8.048653e-01 6.133259e-01 8.514043e-01 8.297516e-01 9.238578e-01 1.007977e+00 1.088851e+00 1.170820e+00 1.272938e+00 1.083242e+00 1.119922e+00 1.519119e+00 2.451009e+00 1.404124e+00 1.373541e+00 1.384125e+00 1.346514e+00 1.274792e+00 1.222261e+00 1.155951e+00 1.072548e+00 9.686927e-01 8.334256e-01 1.361243e+00 1.433928e+00 1.429401e+00 1.414391e+00 1.404811e+00
1.372698e+00 1.395893e+00 1.404317e+00 8.835578e-01 8.771093e-01 8.781373e-01 8.767583e-01 1.356249e+00 1.016332e+00 2.553704e+00 1.488693e+00 9.997767e-01 8.528258e-01 8.563478e-01 1.205686e+00 8.601616e-01 8.537773e-01 8.398178e-01 8.322858e-01 8.304269e-01 8.241080e-01 8.136450e-01 1.386576e+00 9.305801e-01 1.030760e+00 8.433648e-01 8.944130e-01 8.886169e-01 9.917676e-01 1.067658e+00 1.137567e+00 1.208837e+00 1.296888e+00 8.522866e-01 3.311228e-01 1.365925e+00 2.515018e+00 1.417837e+00 1.402600e+00 1.371132e+00 1.315827e+00 1.275364e+00 1.220918e+00 1.151362e+00 1.065111e+00 9.598802e-01 8.254844e-01 1.381057e+00 1.426029e+00 1.423862e+00 1.413552e+00 1.408601e+00
1.298123e+00 1.318472e+00 8.932976e-01 1.037964e+00 1.146843e+00 1.237158e+00 1.310325e+00 8.824114e-01 2.528168e+00 1.516957e+00 8.650975e-01 8.574651e-01 9.996003e-01 1.113788e+00 8.599899e-01 1.005477e+00 1.111380e+00 1.189331e+00 1.254072e+00 1.310690e+00 1.354340e+00 1.383953e+00 8.169782e-01 8.020855e-01 1.421202e+00 1.370831e+00 8.053965e-01 9.419080e-01 9.362263e-01 1.020113e+00 1.093851e+00 1.166614e+00 1.249053e+00 1.384816e+00 6.224280e-01 1.165174e+00 2.579267e+00 1.444683e+00 1.406650e+00 1.356514e+00 1.319703e+00 1.276817e+00 1.219898e+00 1.147954e+00 1.059365e+00 9.528426e-01 8.193515e-01 1.392197e+00 1.415950e+00 1.416835e+00 1.415319e+00 1.419175e+00
1.210997e+00 2.115644e+00 2.197459e+00 2.270089e+00 2.334779e+00 2.391963e+00 2.440419e+00 2.490923e+00 1.537006e+00 8.732097e-01 1.013658e+00 1.118496e+00 1.204599e+00 1.278921e+00 1.339004e+00 1.384648e+00 1.414420e+00 1.428479e+00 1.435296e+00 1.440373e+00 1.444913e+00 1.450315e+00 1.449015e+00 1.437660e+00 1.621201e+00 0.000000e+00 8.036623e-01 8.011971e-01 8.376972e-01 9.337298e-01 1.015985e+00 1.092834e+00 1.175804e+00 1.386394e+00 1.461230e+00 3.311228e-01 2.175279e+00 1.457099e+00 1.406084e+00 1.365901e+00 1.325695e+00 1.279230e+00 1.219703e+00 8.182749e-01 1.144089e+00 1.084177e+00 8.142633e-01 1.397852e+00 1.407946e+00 1.411413e+00 1.417615e+00 1.428975e+00
2.026528e+00 1.481839e+00 1.618232e+00 1.704778e+00 1.804060e+00 1.947328e+00 2.050792e+00 1.534958e+00 1.497569e+00 1.496717e+00 1.485964e+00 1.474810e+00 1.466316e+00 1.462916e+00 1.462094e+00 1.460799e+00 1.581202e+00 1.629189e+00 1.665614e+00 1.696663e+00 1.724777e+00 1.749009e+00 1.748523e+00 1.708123e+00 1.431502e+00 0.000000e+00 8.045235e-01 9.284365e-01 1.024107e+00 9.733357e-01 1.050878e+00 1.122242e+00 1.197445e+00 1.286402e+00 1.505277e+00 1.262730e+00 2.001281e+00 1.280976e+00 1.417474e+00 1.375450e+00 1.332422e+00 1.282681e+00 9.537062e-01 8.180844e-01 1.218446e+00 1.193490e+00 8.105522e-01 1.400879e+00 1.404397e+00 1.409425e+00 1.418924e+00 1.433531e+00
1.450196e+00 1.452133e+00 8.611760e-01 1.495008e+00 1.726322e+00 1.536959e+00 1.510527e+00 1.471954e+00 1.509274e+00 1.500922e+00 1.487370e+00 1.480972e+00 1.479187e+00 1.479618e+00 1.479923e+00 1.477209e+00 8.498216e-01 9.769807e-01 1.073609e+00 1.154144e+00 1.232431e+00 1.317958e+00 1.384644e+00 1.421340e+00 8.252558e-01 0.000000e+00 8.033772e-01 9.262837e-01 1.019596e+00 1.095990e+00 1.020454e+00 1.097896e+00 1.173925e+00 1.254101e+00 1.370331e+00 1.612339e+00 3.311228e-01 1.402023e+00 1.425207e+00 1.384971e+00 1.341382e+00 1.066014e+00 8.210846e-01 9.542893e-01 1.281607e+00 1.286509e+00 9.421507e-01 1.404396e+00 1.404195e+00 1.409737e+00 1.420388e+00 1.434363e+00
1.418346e+00 1.414151e+00 1.451886e+00 1.645404e+00 1.513581e+00 1.476109e+00 1.428734e+00 1.492615e+00 1.508228e+00 1.594392e+00 1.654229e+00 1.712160e+00 1.762715e+00 1.801045e+00 1.819616e+00 1.807294e+00 1.744277e+00 1.623080e+00 1.499354e+00 1.431674e+00 1.415705e+00 1.441778e+00 1.584555e+00 1.643120e+00 1.684139e+00 0.000000e+00 8.009664e-01 9.234883e-01 1.015537e+00 1.089468e+00 1.158615e+00 1.071837e+00 1.150467e+00 1.222198e+00 1.324839e+00 1.682793e+00 3.316428e-01 1.229019e+00 1.244778e+00 1.393924e+00 1.164492e+00 8.325037e-01 9.648439e-01 1.063214e+00 1.334253e+00 1.366557e+00 1.045389e+00 1.410216e+00 1.406594e+00 1.411461e+00 1.422450e+00 1.432536e+00
1.372702e+00 1.442118e+00 1.545558e+00 1.472605e+00 1.424984e+00 1.374326e+00 1.460121e+00 1.504204e+00 1.433032e+00 1.465335e+00 1.462421e+00 1.467018e+00 1.477741e+00 1.494691e+00 1.507917e+00 1.510746e+00 1.501001e+00 1.478460e+00 1.450993e+00 1.425590e+00 1.420024e+00 1.449130e+00 8.592493e-01 8.361552e-01 9.577915e-01 0.000000e+00 7.974881e-01 9.189835e-01 1.010688e+00 1.084990e+00 1.154803e+00 1.226131e+00 1.122804e+00 1.191217e+00 1.349020e+00 1.742752e+00 7.796911e-01 1.073078e+00 1.241114e+00 1.095076e+00 9.679906e-01 8.309416e-01 1.071313e+00 1.149955e+00 1.375217e+00 1.435235e+00 1.131369e+00 1.418893e+00 1.412922e+00 1.415337e+00 1.424191e+00 1.429953e+00
1.427679e+00 1.350906e+00 1.429046e+00 1.346448e+00 1.301101e+00 1.414245e+00 1.487572e+00 1.394063e+00 1.468725e+00 8.481292e-01 1.571025e+00 1.658382e+00 1.742416e+00 1.845671e+00 1.940772e+00 2.018900e+00 2.085637e+00 2.142238e+00 2.191982e+00 2.236609e+00 2.289499e+00 2.363042e+00 2.421312e+00 2.448271e+00 2.245976e+00 3.722223e-01 7.911190e-01 9.124828e-01 1.006339e+00 1.084897e+00 1.157133e+00 1.226946e+00 1.288666e+00 1.158795e+00 1.231018e+00 1.446407e+00 1.805547e+00 1.073235e+00 1.161550e+00 9.536415e-01 8.200569e-01 9.562224e-01 1.148557e+00 1.216181e+00 1.403616e+00 1.492890e+00 1.204492e+00 1.430054e+00 1.423156e+00 1.421564e+00 1.425615e+00 1.428233e+00
1.299185e+00 1.409737e+00 1.256179e+00 1.202308e+00 1.351391e+00 1.462709e+00 1.337091e+00 1.462168e+00 1.372819e+00 1.497396e+00 1.364176e+00 1.358247e+00 1.484029e+00 1.447637e+00 1.414412e+00 1.539762e+00 1.612517e+00 1.667730e+00 1.710188e+00 1.741014e+00 1.766682e+00 1.786349e+00 1.766397e+00 1.686368e+00 1.381515e+00 8.856669e-01 8.541838e-01 9.430277e-01 1.029620e+00 1.108272e+00 1.178506e+00 1.240692e+00 1.295131e+00 1.341989e+00 1.202060e+00 1.369387e+00 1.875700e+00 9.963362e-01 7.858470e-01 7.377391e-01 8.484108e-01 1.046797e+00 1.209477e+00 1.269918e+00 1.423176e+00 1.540447e+00 1.266360e+00 1.441417e+00 1.435839e+00 1.431942e+00 1.431750e+00 1.432394e+00
1.404756e+00 1.171122e+00 1.094443e+00 1.270564e+00 1.425480e+00 1.269299e+00 1.460270e+00 1.320598e+00 1.319470e+00 1.319134e+00 1.315218e+00 1.306647e+00 1.423118e+00 1.359387e+00 1.367366e+00 1.433837e+00 1.527459e+00 1.618077e+00 1.705216e+00 1.777761e+00 1.844592e+00 1.911551e+00 1.968693e+00 2.011896e+00 1.818445e+00 8.846319e-01 8.549810e-01 9.479366e-01 1.039158e+00 1.122180e+00 1.191332e+00 1.246251e+00 1.294279e+00 1.337414e+00 1.190550e+00 1.257770e+00 1.498630e+00 1.937516e+00 3.311228e-01 8.360013e-01 9.272275e-01 1.116570e+00 1.258272e+00 1.313961e+00 1.436055e+00 1.576649e+00 1.318098e+00 1.451313e+00 1.449960e+00 1.447507e+00 1.445573e+00 1.445710e+00
1.071996e+00 9.841061e-01 1.193674e+00 1.382919e+00 1.190404e+00 1.459891e+00 1.263324e+00 1.261219e+00 1.258442e+00 1.257680e+00 1.253375e+00 1.419458e+00 1.300913e+00 1.308065e+00 1.418621e+00 1.350793e+00 1.345153e+00 1.403597e+00 1.365197e+00 1.477641e+00 1.547250e+00 1.605752e+00 1.654192e+00 1.692055e+00 1.495510e+00 8.841083e-01 8.566779e-01 9.534951e-01 1.047425e+00 1.131344e+00 1.455963e+00 1.530130e+00 1.596968e+00 1.664069e+00 1.729658e+00 1.505592e+00 1.599594e+00 2.017980e+00 3.316428e-01 6.841318e-01 1.000644e+00 1.033770e+00 1.300983e+00 1.351456e+00 1.444528e+00 1.598426e+00 1.363123e+00 1.461037e+00 1.463362e+00 1.462930e+00 1.459999e+00 1.460549e+00
8.299110e-01 1.103880e+00 1.342647e+00 1.108837e+00 1.454427e+00 1.192239e+00 1.194499e+00 1.191843e+00 1.187929e+00 1.183654e+00 1.423866e+00 1.245566e+00 1.244485e+00 1.406224e+00 1.301675e+00 1.298259e+00 1.392688e+00 1.329016e+00 1.323912e+00 1.319456e+00 1.412965e+00 1.485750e+00 1.545655e+00 1.598601e+00 1.412495e+00 7.879570e-01 9.160981e-01 1.092359e+00 1.235606e+00 1.358933e+00 1.111324e+00 1.193024e+00 1.269429e+00 9.977508e-01 9.927630e-01 1.103394e+00 1.053477e+00 1.186710e+00 2.103110e+00 3.311228e-01 8.506225e-01 1.106127e+00 1.163016e+00 1.384600e+00 1.451517e+00 1.600847e+00 1.402802e+00 1.471517e+00 1.475355e+00 1.475435e+00 1.470874e+00 2.435801e+00
9.747763e-01 1.276719e+00 1.019766e+00 1.444584e+00 1.108234e+00 1.107797e+00 1.108788e+00 1.108531e+00 1.103701e+00 1.431918e+00 1.177856e+00 1.176366e+00 1.407423e+00 1.240975e+00 1.237430e+00 1.385005e+00 1.284313e+00 1.279520e+00 1.274172e+00 1.211367e+00 8.084619e-01 8.081704e-01 1.128705e+00 7.941492e-01 6.085692e-01 7.857315e-01 9.149156e-01 1.024516e+00 1.116203e+00 1.030683e+00 9.230932e-01 9.134764e-01 9.055627e-01 9.004321e-01 8.930485e-01 8.831383e-01 8.846872e-01 8.872390e-01 1.023272e+00 2.202679e+00 3.311228e-01 9.538892e-01 1.230357e+00 1.418344e+00 1.461028e+00 1.580865e+00 1.434446e+00 1.479602e+00 1.483908e+00 1.485911e+00 1.483260e+00 2.484799e+00
1.180373e+00 8.747801e-01 1.423725e+00 1.017452e+00 1.005868e+00 1.001817e+00 1.002229e+00 1.005337e+00 1.451403e+00 1.099880e+00 1.092264e+00 1.420819e+00 1.176599e+00 1.169591e+00 1.386982e+00 1.227827e+00 1.223421e+00 1.218065e+00 1.142592e+00 8.100699e-01 9.424129e-01 1.050111e+00 8.073582e-01 9.279147e-01 0.000000e+00 7.885341e-01 9.188244e-01 1.029102e+00 9.312048e-01 7.993006e-01 7.964801e-01 7.912462e-01 7.853504e-01 7.797862e-01 7.724695e-01 7.632546e-01 1.340021e+00 1.365746e+00 1.210502e+00 1.320580e+00 2.314903e+00 3.311228e-01 1.319478e+00 1.268038e+00 1.476711e+00 1.548383e+00 1.457771e+00 1.484201e+00 1.487533e+00 1.493321e+00 2.536923e+00 1.494658e+00
1.263007e+00 1.356142e+00 8.925041e-01 8.789981e-01 8.688456e-01 8.625914e-01 8.630171e-01 1.472279e+00 1.012788e+00 9.996863e-01 1.442824e+00 1.101515e+00 1.097535e+00 1.409334e+00 1.167313e+00 1.160290e+00 1.152804e+00 1.058508e+00 8.119325e-01 9.416823e-01 1.045656e+00 1.137945e+00 1.211059e+00 1.264022e+00 0.000000e+00 7.926404e-01 9.235261e-01 7.990851e-01 8.018209e-01 9.326491e-01 1.034412e+00 1.118297e+00 1.186657e+00 1.241515e+00 1.284852e+00 1.317418e+00 7.638801e-01 7.613723e-01 8.928992e-01 9.135140e-01 1.074487e+00 2.118348e+00 1.141361e+00 1.344238e+00 1.496719e+00 1.524474e+00 1.477282e+00 1.491275e+00 1.493166e+00 2.585473e+00 1.520238e+00 2.133282e+00
1.434879e+00 1.466977e+00 1.499665e+00 1.514676e+00 1.515154e+00 1.502381e+00 1.487621e+00 8.796824e-01 8.782026e-01 1.470969e+00 1.008727e+00 1.006673e+00 1.443172e+00 1.102500e+00 1.090924e+00 1.079369e+00 9.611004e-01 8.147615e-01 9.435586e-01 1.044199e+00 1.130812e+00 1.209739e+00 1.274250e+00 1.321910e+00 0.000000e+00 7.962427e-01 9.261959e-01 1.030365e+00 1.119205e+00 1.195851e+00 1.262312e+00 1.319729e+00 1.365152e+00 1.397376e+00 1.417183e+00 1.425391e+00 1.425545e+00 1.420498e+00 1.521992e+00 1.580342e+00 1.406751e+00 1.540663e+00 3.311228e-01 1.164029e+00 1.315529e+00 1.617412e+00 8.201996e-01 1.504306e+00 2.638414e+00 1.530702e+00 2.168387e+00 1.127533e+00
1.304941e+00 1.378085e+00 1.434032e+00 1.469845e+00 1.487270e+00 1.489023e+00 1.486191e+00 1.488701e+00 1.489999e+00 8.808347e-01 8.758708e-01 1.474200e+00 1.017201e+00 1.007871e+00 9.936819e-01 8.347538e-01 8.237114e-01 9.496174e-01 1.047239e+00 1.130362e+00 1.203410e+00 1.269454e+00 1.324735e+00 1.367584e+00 0.000000e+00 7.979189e-01 9.249112e-01 1.023854e+00 1.109514e+00 1.186999e+00 1.256189e+00 1.317817e+00 1.369148e+00 1.408567e+00 1.434145e+00 1.445415e+00 1.446891e+00 1.441234e+00 7.708749e-01 7.728956e-01 9.127049e-01 9.443848e-01 1.611158e+00 3.311228e-01 1.380568e+00 1.443971e+00 1.511794e+00 2.692353e+00 1.530599e+00 2.191031e+00 1.135399e+00 1.036106e+00
1.166446e+00 1.255687e+00 1.323245e+00 1.375188e+00 1.414033e+00 1.442895e+00 1.464569e+00 1.481776e+00 1.493134e+00 1.497680e+00 1.495396e+00 8.876608e-01 8.812295e-01 8.732381e-01 8.587419e-01 9.824298e-01 1.072517e+00 1.143945e+00 1.205976e+00 1.262343e+00 1.312759e+00 1.357716e+00 1.509579e+00 1.572771e+00 0.000000e+00 7.973903e-01 9.218710e-01 1.016417e+00 1.099171e+00 1.176549e+00 1.247479e+00 1.312350e+00 1.368832e+00 1.415423e+00 1.448636e+00 1.466376e+00 1.471524e+00 1.466181e+00 1.453830e+00 1.439059e+00 1.432677e+00 1.243553e+00 1.307323e+00 1.434545e+00 1.195861e+00 1.552325e+00 2.741029e+00 1.520001e+00 2.212539e+00 2.019098e+00 1.998918e+00 1.973590e+00
9.068817e-01 1.045571e+00 1.146774e+00 1.228019e+00 1.297966e+00 1.362378e+00 1.414968e+00 1.452188e+00 1.480498e+00 1.505715e+00 1.518586e+00 1.513457e+00 1.494398e+00 1.466928e+00 1.434842e+00 1.403135e+00 1.379076e+00 1.364052e+00 1.361277e+00 1.370794e+00 1.388514e+00 1.411445e+00 8.148451e-01 3.727423e-01 0.000000e+00 7.974113e-01 9.206793e-01 1.012106e+00 1.091991e+00 1.167255e+00 1.237485e+00 1.303718e+00 1.363463e+00 1.415482e+00 1.456794e+00 1.484816e+00 1.496616e+00 1.492334e+00 1.477659e+00 1.456917e+00 1.438341e+00 1.430048e+00 1.240262e+00 1.305723e+00 1.139901e+00 1.382352e+00 2.274152e+00 2.226231e+00 2.006365e+00 8.068253e-01 7.999516e-01 9.281346e-01
-9.999000e+03 -9.999000e+03 -9.999000e+03 -9.999000e+03 -9.999000e+03 -9.999000e+03 -9.999000e+03 8.834165e-01 8.892775e-01 9.064084e-01 9.143890e-01 9.072527e-01 1.045140e+00 1.135309e+00 1.201605e+00 1.252349e+00 1.289863e+00 1.316174e+00 1.340251e+00 1.366471e+00 1.393576e+00 1.421913e+00 1.440216e+00 1.221062e+00 8.895200e-01 8.656423e-01 9.549382e-01 1.032406e+00 1.102906e+00 1.170142e+00 1.234852e+00 1.298540e+00 1.358540e+00 1.413936e+00 1.461821e+00 1.499455e+00 1.519085e+00 1.518180e+00 1.503327e+00 1.478338e+00 1.450163e+00 1.427136e+00 1.420438e+00 1.240127e+00 1.321242e+00 1.148141e+00 2.121092e+00 1.635246e+00 9.336796e-01 9.268275e-01 1.026143e+00 7.941697e-01
-9.999000e+03 -9.999000e+03 -9.999000e+03 -9.999000e+03 -9.999000e+03 -9.999000e+03 -9.999000e+03 -9.999000e+03 -9.999000e+03 -9.999000e+03 1.063242e+00 1.058469e+00 8.881168e-01 8.644715e-01 9.950512e-01 1.097016e+00 1.174977e+00 1.232476e+00 1.283337e+00 1.332697e+00 1.376569e+00 1.414661e+00 1.436661e+00 1.217203e+00 8.898184e-01 8.684864e-01 9.590530e-01 1.035373e+00 1.103038e+00 1.165595e+00 1.226254e+00 1.287710e+00 1.347686e+00 1.405934e+00 1.458411e+00 1.501873e+00 1.529257e+00 1.536927e+00 1.527163e+00 1.501590e+00 1.468129e+00 1.435907e+00 1.416990e+00 1.419177e+00 1.252379e+00 1.347450e+00 3.311228e-01 1.438210e+00 1.027459e+00 1.105238e+00 -9.999000e+03 -9.999000e+03
