tests/data/reference/test_sheet_stream/control/cinfil_m3.asc
ncols	123
nrows	77
xllcorner	-713746.79929998
yllcorner	-1061022.36961616
cellsize	10.0
NODATA_value	-9999
[rows 23 to 45 of 77, columns 0 to 51 of 123]
-9.999000e+03 -9.999000e+03 -9.999000e+03 -9.999000e+03 -9.999000e+03 -9.999000e+03 -9.999000e+03 -9.999000e+03 -9.999000e+03 -9.999000e+03 -9.999000e+03 -9.999000e+03 -9.999000e+03 -9.999000e+03 1.012577e+00 1.401610e+00 1.682851e+00 2.241824e+00 9.818602e-01 1.184442e+00 9.253266e-01 0.000000e+00 9.889072e-01 1.503030e+00 1.429611e+00 1.692748e+00 1.701182e+00 1.681040e+00 1.287814e+00 2.203552e+00 8.527857e-01 9.894765e-01 1.095361e+00 1.392082e+00 1.711334e+00 1.458306e+00 2.062140e+00 8.353863e-01 1.604212e+00 1.434233e+00 1.433193e+00 1.424682e+00 1.417973e+00 1.407171e+00 1.406973e+00 1.392272e+00 1.400925e+00 1.436743e+00 1.327748e+00 1.145405e+00 1.056133e+00 8.136526e-01
-9.999000e+03 -9.999000e+03 -9.999000e+03 -9.999000e+03 -9.999000e+03 -9.999000e+03 -9.999000e+03 -9.999000e+03 -9.999000e+03 -9.999000e+03 -9.999000e+03 -9.999000e+03 -9.999000e+03 -9.999000e+03 1.371862e+00 2.626020e+00 2.449006e+00 1.075896e+00 9.907053e-01 9.079041e-01 0.000000e+00 0.000000e+00 8.335200e-01 9.401241e-01 1.522621e+00 1.698848e+00 1.753722e+00 1.743230e+00 1.188063e+00 7.999606e-01 2.241371e+00 9.906254e-01 1.097717e+00 1.188407e+00 1.806611e+00 1.471765e+00 2.094049e+00 8.326718e-01 1.655069e+00 1.449431e+00 1.451243e+00 1.446095e+00 1.438471e+00 1.430293e+00 1.428654e+00 1.418823e+00 1.420538e+00 1.432026e+00 1.367001e+00 1.218278e+00 8.126952e-01 1.136622e+00
-9.999000e+03 -9.999000e+03 -9.999000e+03 -9.999000e+03 -9.999000e+03 -9.999000e+03 -9.999000e+03 -9.999000e+03 -9.999000e+03 -9.999000e+03 -9.999000e+03 -9.999000e+03 -9.999000e+03 -9.999000e+03 2.626020e+00 1.230954e+00 9.555129e-01 9.564684e-01 9.627679e-01 9.000887e-01 0.000000e+00 1.129044e+00 1.260863e+00 9.794497e-01 1.007037e+00 1.546055e+00 1.851906e+00 1.793926e+00 1.252105e+00 7.949525e-01 9.316081e-01 1.894001e+00 9.981127e-01 1.197393e+00 1.274457e+00 1.899154e+00 8.419506e-01 2.100596e+00 9.714914e-01 1.728579e+00 1.465617e+00 1.462359e+00 1.456437e+00 1.450358e+00 1.447416e+00 1.439258e+00 1.435773e+00 1.435083e+00 1.395918e+00 1.275974e+00 9.394379e-01 8.028356e-01
-9.999000e+03 -9.999000e+03 -9.999000e+03 -9.999000e+03 -9.999000e+03 -9.999000e+03 -9.999000e+03 -9.999000e+03 -9.999000e+03 -9.999000e+03 -9.999000e+03 -9.999000e+03 9.177064e-01 9.821287e-01 1.645106e+00 1.127009e+00 9.512450e-01 1.125984e+00 9.249390e-01 0.000000e+00 1.478759e+00 1.414010e+00 1.211797e+00 1.309776e+00 1.088212e+00 1.097013e+00 1.943774e+00 1.855176e+00 1.315952e+00 9.404920e-01 8.000708e-01 1.041373e+00 1.959167e+00 1.116826e+00 1.148459e+00 1.337908e+00 1.972485e+00 9.761465e-01 2.055318e+00 1.080800e+00 1.805566e+00 1.475386e+00 1.472655e+00 1.468098e+00 1.462964e+00 1.453496e+00 1.445364e+00 1.438982e+00 1.415491e+00 1.322031e+00 1.036703e+00 7.988337e-01
-9.999000e+03 -9.999000e+03 -9.999000e+03 -9.999000e+03 -9.999000e+03 -9.999000e+03 -9.999000e+03 -9.999000e+03 -9.999000e+03 -9.999000e+03 -9.999000e+03 -9.999000e+03 -9.999000e+03 9.255300e-01 1.141745e+00 1.124410e+00 1.068751e+00 9.430531e-01 0.000000e+00 1.572361e+00 1.416462e+00 1.413509e+00 1.573657e+00 1.678690e+00 1.777092e+00 1.863140e+00 1.943268e+00 2.058151e+00 1.924643e+00 1.378387e+00 1.057882e+00 9.466969e-01 1.147877e+00 2.006716e+00 1.213141e+00 1.223275e+00 1.209164e+00 1.712467e+00 1.082443e+00 1.805339e+00 1.877783e+00 1.486246e+00 1.487248e+00 1.483312e+00 1.474648e+00 1.461219e+00 1.448443e+00 1.439858e+00 1.426731e+00 1.358037e+00 1.117390e+00 9.264811e-01
-9.999000e+03 -9.999000e+03 -9.999000e+03 -9.999000e+03 -9.999000e+03 -9.999000e+03 -9.999000e+03 -9.999000e+03 -9.999000e+03 -9.999000e+03 -9.999000e+03 -9.999000e+03 -9.999000e+03 -9.999000e+03 -9.999000e+03 1.008965e+00 9.959016e-01 0.000000e+00 0.000000e+00 1.215583e+00 1.321122e+00 1.450289e+00 1.558176e+00 1.644579e+00 1.711226e+00 1.756363e+00 1.786169e+00 2.062481e+00 2.240307e+00 1.965953e+00 1.433178e+00 1.171531e+00 1.085140e+00 1.254289e+00 1.965931e+00 1.272108e+00 1.281162e+00 1.278504e+00 1.801870e+00 1.050804e+00 1.954095e+00 1.492515e+00 1.493508e+00 1.488575e+00 1.477397e+00 1.461692e+00 1.447231e+00 1.439347e+00 1.433160e+00 1.386070e+00 1.187272e+00 1.028038e+00
-9.999000e+03 -9.999000e+03 -9.999000e+03 -9.999000e+03 -9.999000e+03 -9.999000e+03 -9.999000e+03 -9.999000e+03 -9.999000e+03 -9.999000e+03 -9.999000e+03 -9.999000e+03 -9.999000e+03 -9.999000e+03 -9.999000e+03 -9.999000e+03 9.495784e-01 0.000000e+00 1.158177e+00 1.262152e+00 1.380021e+00 1.481643e+00 1.553154e+00 1.589651e+00 1.591905e+00 1.556790e+00 1.504172e+00 1.473431e+00 1.467426e+00 2.336659e+00 2.424601e+00 2.512016e+00 1.281961e+00 1.201637e+00 1.332075e+00 1.665364e+00 1.531291e+00 1.605660e+00 1.344732e+00 1.880466e+00 1.138285e+00 1.692352e+00 1.488290e+00 1.481475e+00 1.470122e+00 1.455703e+00 1.443559e+00 1.438774e+00 1.437262e+00 1.407720e+00 1.249253e+00 1.116324e+00
-9.999000e+03 -9.999000e+03 -9.999000e+03 -9.999000e+03 -9.999000e+03 -9.999000e+03 -9.999000e+03 -9.999000e+03 -9.999000e+03 -9.999000e+03 -9.999000e+03 -9.999000e+03 -9.999000e+03 -9.999000e+03 -9.999000e+03 -9.999000e+03 0.000000e+00 1.503984e+00 1.348423e+00 1.346300e+00 1.371178e+00 2.173706e+00 2.256298e+00 2.319510e+00 2.373703e+00 2.421295e+00 2.472849e+00 2.534708e+00 2.590181e+00 2.626020e+00 2.626020e+00 2.626020e+00 2.626020e+00 2.626020e+00 2.626020e+00 2.626020e+00 2.626020e+00 2.626020e+00 2.626020e+00 2.626020e+00 2.626020e+00 2.626020e+00 1.787096e+00 1.297990e+00 1.282749e+00 1.462576e+00 1.450915e+00 1.446582e+00 1.445200e+00 1.427754e+00 1.308529e+00 1.199879e+00
-9.999000e+03 -9.999000e+03 -9.999000e+03 -9.999000e+03 -9.999000e+03 -9.999000e+03 -9.999000e+03 -9.999000e+03 -9.999000e+03 -9.999000e+03 -9.999000e+03 -9.999000e+03 -9.999000e+03 -9.999000e+03 -9.999000e+03 0.000000e+00 1.530873e+00 1.389401e+00 2.250805e+00 1.973145e+00 2.071695e+00 1.378253e+00 1.519008e+00 1.625295e+00 1.707794e+00 1.798014e+00 1.878359e+00 1.954701e+00 2.022850e+00 2.078074e+00 2.135304e+00 2.202019e+00 2.278455e+00 2.370412e+00 2.447123e+00 2.491657e+00 2.521756e+00 2.542755e+00 2.559221e+00 2.572051e+00 2.591718e+00 2.625519e+00 2.626020e+00 2.626020e+00 2.626020e+00 1.352956e+00 1.373954e+00 1.469413e+00 1.461305e+00 1.450663e+00 1.369287e+00 1.284712e+00
-9.999000e+03 -9.999000e+03 -9.999000e+03 -9.999000e+03 -9.999000e+03 -9.999000e+03 -9.999000e+03 -9.999000e+03 -9.999000e+03 -9.999000e+03 -9.999000e+03 -9.999000e+03 -9.999000e+03 -9.999000e+03 0.000000e+00 0.000000e+00 2.165723e+00 2.176231e+00 1.472250e+00 1.892789e+00 1.306611e+00 1.309399e+00 1.308168e+00 1.353998e+00 1.458984e+00 1.294093e+00 1.287978e+00 1.435517e+00 1.431544e+00 1.264944e+00 1.319819e+00 1.608993e+00 1.739126e+00 1.864629e+00 1.970954e+00 2.052750e+00 1.056734e+00 1.100450e+00 1.245691e+00 1.211778e+00 1.176477e+00 1.172821e+00 1.334701e+00 1.450109e+00 1.560800e+00 2.626020e+00 2.626020e+00 2.626020e+00 1.312004e+00 1.385492e+00 1.446926e+00 1.381275e+00
-9.999000e+03 -9.999000e+03 -9.999000e+03 -9.999000e+03 -9.999000e+03 -9.999000e+03 -9.999000e+03 -9.999000e+03 -9.999000e+03 -9.999000e+03 -9.999000e+03 -9.999000e+03 -9.999000e+03 -9.999000e+03 0.000000e+00 2.322770e+00 1.647110e+00 1.441313e+00 2.311022e+00 1.410335e+00 1.440146e+00 1.456964e+00 1.303772e+00 1.453534e+00 1.444956e+00 1.452025e+00 1.442083e+00 1.424912e+00 1.540562e+00 1.643588e+00 1.742314e+00 1.388478e+00 1.436653e+00 1.446019e+00 1.788692e+00 1.022275e+00 1.127020e+00 1.398940e+00 1.360926e+00 1.307161e+00 1.291296e+00 1.190524e+00 1.117747e+00 1.115700e+00 1.145783e+00 1.267712e+00 1.371306e+00 1.470612e+00 2.626020e+00 2.626020e+00 2.626020e+00 1.381034e+00
-9.999000e+03 -9.999000e+03 -9.999000e+03 -9.999000e+03 -9.999000e+03 -9.999000e+03 -9.999000e+03 -9.999000e+03 -9.999000e+03 -9.999000e+03 -9.999000e+03 -9.999000e+03 -9.999000e+03 0.000000e+00 2.112146e+00 1.669739e+00 1.449084e+00 2.400138e+00 1.344219e+00 1.391590e+00 1.433211e+00 1.448102e+00 1.454718e+00 1.443350e+00 1.456771e+00 1.446238e+00 1.436826e+00 1.418658e+00 1.406499e+00 1.384761e+00 1.329357e+00 1.395615e+00 1.412031e+00 1.699415e+00 8.637279e-01 1.003849e+00 1.366442e+00 1.318237e+00 1.257965e+00 1.244301e+00 1.351747e+00 1.218084e+00 1.208393e+00 1.060448e+00 1.059894e+00 1.005365e+00 1.029339e+00 1.032171e+00 1.045956e+00 1.206209e+00 1.364672e+00 2.626020e+00
-9.999000e+03 -9.999000e+03 -9.999000e+03 -9.999000e+03 -9.999000e+03 -9.999000e+03 -9.999000e+03 -9.999000e+03 -9.999000e+03 -9.999000e+03 -9.999000e+03 -9.999000e+03 0.000000e+00 0.000000e+00 1.666136e+00 1.514652e+00 2.421233e+00 1.274917e+00 1.331763e+00 1.391706e+00 1.418265e+00 1.437504e+00 1.428352e+00 1.472231e+00 1.449624e+00 1.444332e+00 1.433784e+00 1.418285e+00 1.368426e+00 1.275694e+00 1.363561e+00 1.396178e+00 1.611864e+00 1.111663e+00 8.600515e-01 1.338063e+00 1.266617e+00 1.193849e+00 1.182637e+00 1.339856e+00 1.158398e+00 1.149015e+00 1.143545e+00 1.142774e+00 1.056530e+00 9.415388e-01 9.379482e-01 9.346984e-01 9.597223e-01 9.788584e-01 1.303433e+00 1.395198e+00
-9.999000e+03 -9.999000e+03 -9.999000e+03 -9.999000e+03 -9.999000e+03 -9.999000e+03 -9.999000e+03 -9.999000e+03 -9.999000e+03 -9.999000e+03 -9.999000e+03 -9.999000e+03 0.000000e+00 1.699145e+00 1.619151e+00 2.417765e+00 1.191587e+00 1.265280e+00 1.350263e+00 1.384219e+00 1.405458e+00 1.384375e+00 1.486882e+00 1.443501e+00 1.444516e+00 1.442284e+00 1.436443e+00 1.352667e+00 1.221377e+00 1.341335e+00 1.397948e+00 1.528289e+00 8.566033e-01 1.003505e+00 1.308570e+00 1.207396e+00 1.120309e+00 1.114560e+00 1.328587e+00 1.095074e+00 1.083606e+00 1.072308e+00 1.067029e+00 9.609980e-01 9.590654e-01 9.543788e-01 9.496541e-01 8.541503e-01 8.568015e-01 1.227021e+00 9.896956e-01 1.006115e+00
-9.999000e+03 -9.999000e+03 -9.999000e+03 -9.999000e+03 -9.999000e+03 -9.999000e+03 -9.999000e+03 -9.999000e+03 -9.999000e+03 -9.999000e+03 -9.999000e+03 0.000000e+00 1.952047e+00 1.711313e+00 2.415918e+00 1.082316e+00 1.186688e+00 1.311486e+00 1.361262e+00 1.383057e+00 1.323006e+00 1.526180e+00 1.421993e+00 1.431193e+00 1.438482e+00 1.442483e+00 1.323292e+00 1.153628e+00 1.310340e+00 1.401881e+00 1.306745e+00 1.411983e+00 8.729752e-01 1.276923e+00 1.130388e+00 1.024710e+00 1.024496e+00 1.305880e+00 1.018013e+00 1.010973e+00 9.974034e-01 9.789227e-01 8.295850e-01 8.310412e-01 8.293376e-01 8.247887e-01 8.212357e-01 8.184329e-01 1.380724e+00 8.783800e-01 8.843615e-01 8.874851e-01
-9.999000e+03 -9.999000e+03 -9.999000e+03 -9.999000e+03 -9.999000e+03 -9.999000e+03 -9.999000e+03 -9.999000e+03 -9.999000e+03 -9.999000e+03 0.000000e+00 0.000000e+00 1.755772e+00 2.419416e+00 9.524002e-01 1.095146e+00 1.276437e+00 1.352622e+00 1.381538e+00 1.258203e+00 1.600337e+00 1.404277e+00 1.415434e+00 1.428476e+00 1.440289e+00 1.263450e+00 1.052822e+00 1.255748e+00 1.382832e+00 1.264191e+00 1.262608e+00 1.256695e+00 1.247404e+00 1.032658e+00 8.793407e-01 8.902280e-01 1.257157e+00 8.965925e-01 8.952244e-01 8.913912e-01 8.735085e-01 8.462840e-01 9.763661e-01 1.084291e+00 1.171672e+00 1.241458e+00 1.299118e+00 1.346727e+00 8.286963e-01 8.364892e-01 8.367026e-01 7.664523e-01
-9.999000e+03 -9.999000e+03 -9.999000e+03 -9.999000e+03 -9.999000e+03 -9.999000e+03 -9.999000e+03 -9.999000e+03 -9.999000e+03 -9.999000e+03 0.000000e+00 1.802883e+00 2.393722e+00 1.147685e+00 9.790402e-01 1.241463e+00 1.355975e+00 1.404485e+00 1.184700e+00 1.666327e+00 1.398238e+00 1.405325e+00 1.418916e+00 1.434212e+00 1.183306e+00 9.055340e-01 1.174478e+00 1.339835e+00 1.183498e+00 1.196449e+00 1.199175e+00 1.196642e+00 9.152058e-01 8.905421e-01 1.035665e+00 1.165434e+00 9.095233e-01 1.071192e+00 1.184948e+00 1.263071e+00 8.769997e-01 8.485523e-01 9.802478e-01 1.090855e+00 1.181335e+00 1.253808e+00 1.311388e+00 1.356300e+00 1.394633e+00 1.430164e+00 1.454653e+00 1.464118e+00
-9.999000e+03 -9.999000e+03 -9.999000e+03 -9.999000e+03 -9.999000e+03 -9.999000e+03 -9.999000e+03 -9.999000e+03 -9.999000e+03 0.000000e+00 2.024330e+00 2.359406e+00 1.285066e+00 9.882722e-01 1.159482e+00 1.342950e+00 1.438602e+00 1.098067e+00 1.697304e+00 1.415354e+00 1.409604e+00 1.415250e+00 1.427414e+00 1.068612e+00 9.107044e-01 1.065997e+00 1.276600e+00 1.071896e+00 1.082692e+00 1.101774e+00 1.105143e+00 9.326248e-01 1.071725e+00 1.158270e+00 1.233399e+00 1.308727e+00 1.374380e+00 1.427318e+00 8.967746e-01 8.790062e-01 1.286105e+00 9.891149e-01 1.089768e+00 1.183695e+00 1.263859e+00 1.328230e+00 1.375083e+00 1.404786e+00 1.425344e+00 1.441286e+00 1.453331e+00 1.462718e+00
-9.999000e+03 -9.999000e+03 -9.999000e+03 -9.999000e+03 -9.999000e+03 -9.999000e+03 -9.999000e+03 -9.999000e+03 -9.999000e+03 0.000000e+00 2.250622e+00 1.437631e+00 1.170870e+00 9.950187e-01 1.272401e+00 1.446305e+00 9.683195e-01 1.695907e+00 1.452480e+00 1.437132e+00 1.428962e+00 1.428419e+00 9.157801e-01 9.088713e-01 1.064643e+00 1.188817e+00 9.197035e-01 9.229086e-01 9.339014e-01 9.556234e-01 9.542537e-01 1.085055e+00 1.171892e+00 1.234845e+00 1.289489e+00 1.341193e+00 1.387342e+00 8.899268e-01 1.439757e+00 1.012760e+00 9.979754e-01 1.306503e+00 1.333838e+00 1.369302e+00 1.403732e+00 1.430425e+00 1.447808e+00 1.455012e+00 1.456464e+00 1.455306e+00 3.163871e+00 3.179727e+00
-9.999000e+03 -9.999000e+03 -9.999000e+03 -9.999000e+03 -9.999000e+03 -9.999000e+03 -9.999000e+03 -9.999000e+03 0.000000e+00 1.971411e+00 2.180237e+00 1.355626e+00 1.000787e+00 1.163388e+00 1.413161e+00 1.452036e+00 1.641556e+00 1.491450e+00 1.479135e+00 1.462414e+00 1.439254e+00 1.077820e+00 1.186160e+00 1.265027e+00 1.332757e+00 2.034104e+00 2.117453e+00 2.194809e+00 2.278525e+00 2.375758e+00 2.446412e+00 2.478115e+00 2.495297e+00 2.493200e+00 2.403466e+00 1.558283e+00 1.417493e+00 1.555377e+00 1.629755e+00 1.707439e+00 1.772679e+00 1.834257e+00 1.894534e+00 1.955335e+00 2.008092e+00 2.048899e+00 2.085154e+00 2.117656e+00 2.137268e+00 3.155463e+00 1.522779e+00 1.516953e+00
-9.999000e+03 -9.999000e+03 -9.999000e+03 -9.999000e+03 -9.999000e+03 -9.999000e+03 -9.999000e+03 0.000000e+00 0.000000e+00 2.147112e+00 1.133115e+00 1.257724e+00 9.941185e-01 1.360367e+00 1.414475e+00 1.478929e+00 1.493368e+00 1.504367e+00 1.507212e+00 1.458538e+00 9.256999e-01 9.201715e-01 1.070585e+00 1.874671e+00 1.947793e+00 1.343092e+00 1.185989e+00 1.280921e+00 1.361053e+00 1.433121e+00 1.467349e+00 1.459723e+00 1.437221e+00 1.414964e+00 1.405457e+00 1.412143e+00 1.429674e+00 1.452955e+00 1.466176e+00 1.463616e+00 1.458637e+00 1.458474e+00 1.461684e+00 1.467735e+00 1.471741e+00 1.470147e+00 1.470786e+00 1.477962e+00 3.142514e+00 1.534381e+00 1.530323e+00 1.524273e+00
-9.999000e+03 -9.999000e+03 -9.999000e+03 -9.999000e+03 -9.999000e+03 -9.999000e+03 -9.999000e+03 0.000000e+00 1.033112e+00 2.113951e+00 9.719735e-01 1.137827e+00 1.263961e+00 1.353477e+00 1.451407e+00 1.474512e+00 1.488763e+00 1.532914e+00 1.468427e+00 1.446898e+00 1.576906e+00 1.691132e+00 1.795012e+00 1.274534e+00 1.271869e+00 1.059396e+00 9.054775e-01 1.062138e+00 1.184515e+00 1.289554e+00 1.358258e+00 1.389120e+00 1.404163e+00 1.412314e+00 1.420227e+00 1.432429e+00 2.702611e+00 2.750340e+00 2.792664e+00 2.826905e+00 2.861481e+00 2.899813e+00 2.936305e+00 2.969194e+00 3.002202e+00 3.035741e+00 3.071793e+00 3.111658e+00 1.526098e+00 1.532888e+00 1.533391e+00 1.530506e+00
-9.999000e+03 -9.999000e+03 -9.999000e+03 -9.999000e+03 -9.999000e+03 -9.999000e+03 -9.999000e+03 9.790540e-01 2.080432e+00 1.375155e+00 9.899337e-01 1.143541e+00 1.255855e+00 1.398274e+00 1.434544e+00 1.461918e+00 1.563647e+00 1.440800e+00 1.450170e+00 1.434972e+00 1.418765e+00 1.412645e+00 1.179984e+00 1.186747e+00 9.119422e-01 9.025363e-01 1.054107e+00 1.173217e+00 1.269111e+00 1.347327e+00 1.400791e+00 1.427865e+00 1.440895e+00 2.564436e+00 2.610757e+00 2.654709e+00 1.485803e+00 1.471499e+00 1.458249e+00 1.446482e+00 1.440759e+00 1.442927e+00 1.446599e+00 1.568908e+00 1.676455e+00 1.778704e+00 1.479019e+00 1.492764e+00 1.507845e+00 1.524642e+00 1.534454e+00 1.534686e+00
