tests/data/reference/test_sheet_stream/control/cvin_m3.asc
ncols	123
nrows	77
xllcorner	-713746.79929998
yllcorner	-1061022.36961616
cellsize	10.0
NODATA_value	-9999
[rows 46 to 68 of 77, columns 0 to 51 of 123]
-9.999000e+03 -9.999000e+03 -9.999000e+03 -9.999000e+03 -9.999000e+03 -9.999000e+03 0.000000e+00 4.062206e+00 8.434826e-01 8.615905e-01 0.000000e+00 5.181188e-01 1.087915e+00 1.228388e+00 1.337984e+00 1.736220e+00 1.313485e+00 1.390839e+00 1.425928e+00 1.451232e+00 1.490949e+00 5.629136e-01 5.720765e-01 5.765922e-01 9.935145e-01 1.296609e+00 1.522014e+00 1.682626e+00 1.783189e+00 1.839269e+00 1.868364e+00 1.707890e+01 1.817913e+01 2.090257e+00 2.106209e+00 2.123574e+00 2.139120e+00 2.154769e+00 2.174868e+00 2.203630e+00 2.243590e+00 2.287495e+00 2.331450e+00 2.373931e+00 2.413800e+00 2.445321e+00 2.464208e+00 2.473766e+00 2.477938e+00 2.474325e+00 2.458307e+00 2.434038e+00
-9.999000e+03 -9.999000e+03 -9.999000e+03 -9.999000e+03 -9.999000e+03 -9.999000e+03 3.231408e+00 2.165864e+00 5.071697e-01 5.117541e-01 0.000000e+00 8.360471e-01 1.041590e+00 1.221380e+00 1.938220e+00 1.143964e+00 1.294309e+00 1.379593e+00 1.423951e+00 1.453149e+00 0.000000e+00 0.000000e+00 0.000000e+00 0.000000e+00 5.762161e-01 1.001325e+00 1.321657e+00 1.243478e+01 1.368745e+01 1.490832e+01 1.611236e+01 2.091469e+00 2.107615e+00 2.120892e+00 2.130712e+00 2.136918e+00 2.141254e+00 2.148317e+00 2.164803e+00 2.196133e+00 2.232942e+00 2.273763e+00 2.314706e+00 2.355117e+00 2.390909e+00 2.418192e+00 2.437109e+00 2.450714e+00 2.459009e+00 2.458922e+00 2.451577e+00 2.441462e+00
-9.999000e+03 -9.999000e+03 -9.999000e+03 -9.999000e+03 -9.999000e+03 0.000000e+00 1.618609e+00 2.242819e+00 0.000000e+00 0.000000e+00 4.821567e-01 7.895858e-01 1.084260e+00 2.172055e+00 8.753861e-01 1.113244e+00 1.267788e+00 1.363684e+00 1.414764e+00 1.444356e+00 2.971441e+00 4.418103e+00 5.821423e+00 7.898521e+00 9.042779e+00 1.027468e+01 1.154356e+01 1.931770e+00 1.980959e+00 2.029535e+00 2.067679e+00 2.095437e+00 2.115763e+00 2.125789e+00 2.128863e+00 2.127940e+00 2.126560e+00 2.130941e+00 2.155155e+00 2.183097e+00 2.219510e+00 2.256225e+00 2.294178e+00 2.329637e+00 2.359227e+00 2.383145e+00 2.404075e+00 2.422808e+00 2.432605e+00 2.436807e+00 2.439146e+00 2.056305e+00
-9.999000e+03 -9.999000e+03 -9.999000e+03 -9.999000e+03 2.272308e+00 1.278315e+00 8.152807e-01 1.685522e+00 0.000000e+00 0.000000e+00 4.622144e-01 9.493391e-01 2.408139e+00 5.049976e-01 8.504241e-01 1.080871e+00 1.233739e+00 1.334272e+00 1.386274e+00 1.410437e+00 1.445711e+00 1.496858e+00 2.573008e+00 1.333960e+00 1.570377e+00 1.722652e+00 1.814052e+00 1.879750e+00 1.947363e+00 1.997475e+00 2.037456e+00 2.074539e+00 2.094960e+00 2.102758e+00 2.102351e+00 2.098234e+00 2.095649e+00 2.117046e+00 2.133217e+00 2.166696e+00 2.199672e+00 2.235293e+00 2.269378e+00 2.298536e+00 2.322745e+00 2.345555e+00 2.372226e+00 2.390756e+00 2.404361e+00 2.410331e+00 1.840959e+00 1.839886e+00
-9.999000e+03 -9.999000e+03 -9.999000e+03 -9.999000e+03 5.280306e-01 1.227429e+00 4.746264e-01 7.024355e-01 4.480461e-01 0.000000e+00 7.996247e-01 2.609910e+00 0.000000e+00 4.892355e-01 8.179600e-01 1.035216e+00 1.187960e+00 1.289934e+00 1.326591e+00 1.345449e+00 1.374553e+00 2.751169e+00 1.004976e+00 1.308265e+00 1.508151e+00 1.629496e+00 1.710801e+00 1.798836e+00 1.863577e+00 1.919431e+00 1.976920e+00 2.012334e+00 2.031769e+00 2.039438e+00 2.039154e+00 2.036519e+00 2.070779e+00 2.075649e+00 2.109024e+00 2.137477e+00 2.171990e+00 2.207117e+00 2.237215e+00 2.261104e+00 2.283438e+00 2.317218e+00 2.338467e+00 2.360158e+00 2.365370e+00 1.537095e+00 1.541468e+00 1.537117e+00
-9.999000e+03 -9.999000e+03 -9.999000e+03 0.000000e+00 1.272660e+00 1.102292e+00 0.000000e+00 4.069732e-01 0.000000e+00 6.036881e-01 1.737284e+00 8.344176e-01 0.000000e+00 4.656997e-01 7.675688e-01 9.788088e-01 1.131959e+00 1.198696e+00 1.221894e+00 1.232768e+00 2.878847e+00 5.652104e-01 9.620796e-01 1.222661e+00 1.376120e+00 1.471920e+00 1.585649e+00 1.661223e+00 1.731435e+00 1.817578e+00 1.871521e+00 1.904460e+00 1.922751e+00 1.930082e+00 1.931561e+00 1.996562e+00 1.991898e+00 2.036984e+00 2.062949e+00 2.096046e+00 2.132154e+00 2.166386e+00 2.192568e+00 2.215555e+00 2.262981e+00 2.282466e+00 2.307857e+00 2.303711e+00 1.141276e+00 1.145815e+00 1.145332e+00 1.139167e+00
-9.999000e+03 -9.999000e+03 -9.999000e+03 0.000000e+00 1.252513e+00 3.743078e-01 0.000000e+00 0.000000e+00 3.504656e-01 3.697280e-01 1.111181e+00 6.941155e-01 0.000000e+00 4.262000e-01 7.107707e-01 9.223042e-01 1.006303e+00 1.042011e+00 1.057158e+00 2.945403e+00 0.000000e+00 5.294985e-01 8.775388e-01 1.072928e+00 1.173389e+00 1.318927e+00 1.403851e+00 1.484183e+00 1.603481e+00 1.678851e+00 1.728170e+00 1.758730e+00 1.773379e+00 1.777011e+00 1.892180e+00 1.865466e+00 1.933292e+00 1.961199e+00 2.000478e+00 2.036809e+00 2.071641e+00 2.101075e+00 2.127205e+00 2.202098e+00 2.218804e+00 2.248791e+00 2.224306e+00 6.370305e-01 6.416361e-01 6.423277e-01 6.395244e-01 9.913579e+00
-9.999000e+03 -9.999000e+03 3.144846e+00 0.000000e+00 3.787528e-01 3.253730e-01 0.000000e+00 0.000000e+00 0.000000e+00 0.000000e+00 7.684513e-01 5.455564e-01 0.000000e+00 3.867360e-01 6.660624e-01 7.541866e-01 7.860907e-01 8.013105e-01 1.636020e+00 1.058503e+00 0.000000e+00 4.775775e-01 7.364169e-01 8.303971e-01 1.013554e+00 1.099548e+00 1.185456e+00 1.345373e+00 1.437008e+00 1.501507e+00 1.546484e+00 1.571008e+00 1.576327e+00 1.769550e+00 1.697599e+00 1.798136e+00 1.816122e+00 1.867869e+00 1.914745e+00 1.949757e+00 1.975566e+00 2.001869e+00 2.121929e+00 2.130653e+00 2.170768e+00 2.119292e+00 0.000000e+00 0.000000e+00 0.000000e+00 0.000000e+00 1.029718e+01 2.296306e+00
-9.999000e+03 -9.999000e+03 5.717203e+00 4.329379e-01 0.000000e+00 0.000000e+00 0.000000e+00 0.000000e+00 3.759848e-01 5.525893e-01 0.000000e+00 3.455283e-01 0.000000e+00 3.673057e-01 4.324820e-01 4.572978e-01 4.586493e-01 4.696022e-01 4.877213e-01 8.619717e-01 0.000000e+00 3.727459e-01 4.427455e-01 6.878988e-01 7.628386e-01 8.395909e-01 1.051908e+00 1.149831e+00 1.218230e+00 1.271923e+00 1.306811e+00 1.319212e+00 1.639303e+00 1.491859e+00 1.647692e+00 1.634790e+00 1.691746e+00 1.750547e+00 1.793705e+00 1.816308e+00 1.836192e+00 2.021887e+00 2.002863e+00 2.054089e+00 1.968563e+00 1.976639e+00 2.131131e+00 2.241507e+00 8.441699e+00 1.059505e+01 2.185825e+00 2.184737e+00
-9.999000e+03 0.000000e+00 6.069507e+00 7.807460e-01 0.000000e+00 0.000000e+00 0.000000e+00 0.000000e+00 -9.999000e+03 -9.999000e+03 -9.999000e+03 0.000000e+00 0.000000e+00 0.000000e+00 0.000000e+00 0.000000e+00 0.000000e+00 0.000000e+00 0.000000e+00 0.000000e+00 0.000000e+00 0.000000e+00 3.477531e-01 4.040759e-01 4.576108e-01 7.383406e-01 8.244558e-01 8.810938e-01 9.295899e-01 9.657144e-01 9.824338e-01 1.500363e+00 1.241005e+00 1.492084e+00 1.419576e+00 1.475394e+00 1.539163e+00 1.589708e+00 1.612319e+00 1.625038e+00 1.909724e+00 1.831766e+00 1.888518e+00 1.756315e+00 1.763401e+00 2.158843e+00 4.219121e+00 6.211092e+00 2.289483e+00 2.021005e+00 2.022700e+00 2.020528e+00
-9.999000e+03 2.932674e+00 9.697380e-01 0.000000e+00 0.000000e+00 0.000000e+00 -9.999000e+03 -9.999000e+03 -9.999000e+03 -9.999000e+03 -9.999000e+03 -9.999000e+03 0.000000e+00 0.000000e+00 4.205329e-01 6.855210e-01 0.000000e+00 4.585901e-01 7.643689e-01 9.310867e-01 0.000000e+00 0.000000e+00 0.000000e+00 0.000000e+00 4.039274e-01 4.588402e-01 4.872676e-01 5.149545e-01 5.397131e-01 5.513605e-01 1.351213e+00 9.229338e-01 1.335964e+00 1.161351e+00 1.210369e+00 1.272113e+00 1.324624e+00 1.349697e+00 1.357348e+00 1.788659e+00 1.609690e+00 1.666978e+00 1.470077e+00 1.478189e+00 2.040934e+00 1.748965e+00 1.760431e+00 2.219303e+00 1.789171e+00 1.795604e+00 1.792877e+00 2.249416e+00
0.000000e+00 2.098439e+00 3.399767e-01 0.000000e+00 0.000000e+00 0.000000e+00 -9.999000e+03 -9.999000e+03 -9.999000e+03 -9.999000e+03 -9.999000e+03 -9.999000e+03 -9.999000e+03 -9.999000e+03 -9.999000e+03 0.000000e+00 8.489319e-01 0.000000e+00 0.000000e+00 0.000000e+00 1.238946e+00 -9.999000e+03 -9.999000e+03 0.000000e+00 0.000000e+00 0.000000e+00 0.000000e+00 0.000000e+00 0.000000e+00 1.200886e+00 5.173590e-01 1.180209e+00 8.499207e-01 8.854666e-01 9.377526e-01 9.849052e-01 1.006953e+00 1.015460e+00 1.664593e+00 1.330247e+00 1.378746e+00 1.095459e+00 1.104336e+00 1.882523e+00 1.460930e+00 1.464191e+00 2.143465e+00 1.482748e+00 1.489678e+00 1.490948e+00 2.158256e+00 1.749120e+00
0.000000e+00 0.000000e+00 0.000000e+00 0.000000e+00 0.000000e+00 -9.999000e+03 -9.999000e+03 -9.999000e+03 -9.999000e+03 -9.999000e+03 -9.999000e+03 -9.999000e+03 -9.999000e+03 -9.999000e+03 -9.999000e+03 -9.999000e+03 -9.999000e+03 -9.999000e+03 -9.999000e+03 -9.999000e+03 -9.999000e+03 -9.999000e+03 -9.999000e+03 0.000000e+00 0.000000e+00 0.000000e+00 4.651970e-01 7.881936e-01 1.029825e+00 0.000000e+00 1.027840e+00 4.719466e-01 4.916732e-01 5.217989e-01 5.551327e-01 5.692173e-01 5.725328e-01 1.529923e+00 9.883511e-01 1.018406e+00 6.138943e-01 6.222063e-01 1.671026e+00 1.091683e+00 1.092567e+00 2.068246e+00 1.098197e+00 1.101311e+00 1.102620e+00 2.046729e+00 1.448026e+00 2.159452e+00
-9.999000e+03 0.000000e+00 0.000000e+00 0.000000e+00 -9.999000e+03 -9.999000e+03 -9.999000e+03 -9.999000e+03 -9.999000e+03 -9.999000e+03 -9.999000e+03 -9.999000e+03 -9.999000e+03 -9.999000e+03 -9.999000e+03 -9.999000e+03 -9.999000e+03 -9.999000e+03 -9.999000e+03 -9.999000e+03 -9.999000e+03 -9.999000e+03 -9.999000e+03 -9.999000e+03 -9.999000e+03 -9.999000e+03 0.000000e+00 0.000000e+00 5.081435e-01 8.458629e-01 0.000000e+00 0.000000e+00 0.000000e+00 0.000000e+00 0.000000e+00 0.000000e+00 1.372888e+00 5.563426e-01 5.735683e-01 0.000000e+00 0.000000e+00 1.394799e+00 6.149130e-01 6.173590e-01 1.986872e+00 6.192843e-01 6.196105e-01 6.184095e-01 1.901688e+00 1.077069e+00 2.124145e+00 6.313337e-01
-9.999000e+03 -9.999000e+03 -9.999000e+03 -9.999000e+03 -9.999000e+03 -9.999000e+03 -9.999000e+03 -9.999000e+03 -9.999000e+03 -9.999000e+03 -9.999000e+03 -9.999000e+03 -9.999000e+03 -9.999000e+03 -9.999000e+03 -9.999000e+03 -9.999000e+03 -9.999000e+03 -9.999000e+03 -9.999000e+03 -9.999000e+03 -9.999000e+03 -9.999000e+03 -9.999000e+03 -9.999000e+03 -9.999000e+03 -9.999000e+03 -9.999000e+03 0.000000e+00 4.969290e-01 0.000000e+00 0.000000e+00 0.000000e+00 5.058175e-01 8.919634e-01 1.179892e+00 0.000000e+00 0.000000e+00 0.000000e+00 5.889447e-01 1.042758e+00 0.000000e+00 0.000000e+00 1.882948e+00 0.000000e+00 0.000000e+00 0.000000e+00 1.710919e+00 6.057762e-01 2.106143e+00 0.000000e+00 0.000000e+00
-9.999000e+03 -9.999000e+03 -9.999000e+03 -9.999000e+03 -9.999000e+03 -9.999000e+03 -9.999000e+03 -9.999000e+03 -9.999000e+03 -9.999000e+03 -9.999000e+03 -9.999000e+03 -9.999000e+03 -9.999000e+03 -9.999000e+03 -9.999000e+03 -9.999000e+03 -9.999000e+03 -9.999000e+03 -9.999000e+03 -9.999000e+03 -9.999000e+03 -9.999000e+03 -9.999000e+03 -9.999000e+03 -9.999000e+03 -9.999000e+03 -9.999000e+03 -9.999000e+03 0.000000e+00 7.812870e-01 4.485117e-01 4.683972e-01 0.000000e+00 0.000000e+00 0.000000e+00 0.000000e+00 0.000000e+00 5.672918e-01 9.950985e-01 1.322611e+00 1.569887e+00 1.750556e+00 0.000000e+00 6.153477e-01 1.087074e+00 1.446915e+00 0.000000e+00 2.093060e+00 0.000000e+00 6.193758e-01 1.105563e+00
-9.999000e+03 -9.999000e+03 -9.999000e+03 -9.999000e+03 -9.999000e+03 -9.999000e+03 -9.999000e+03 -9.999000e+03 -9.999000e+03 -9.999000e+03 -9.999000e+03 -9.999000e+03 -9.999000e+03 -9.999000e+03 -9.999000e+03 -9.999000e+03 -9.999000e+03 -9.999000e+03 -9.999000e+03 -9.999000e+03 -9.999000e+03 -9.999000e+03 -9.999000e+03 -9.999000e+03 -9.999000e+03 -9.999000e+03 -9.999000e+03 -9.999000e+03 -9.999000e+03 -9.999000e+03 4.603442e-01 -9.999000e+03 -9.999000e+03 -9.999000e+03 -9.999000e+03 -9.999000e+03 -9.999000e+03 -9.999000e+03 0.000000e+00 5.811228e-01 1.014454e+00 1.335110e+00 1.562358e+00 1.724637e+00 1.848805e+00 1.946180e+00 2.021830e+00 2.073684e+00 0.000000e+00 5.994054e-01 1.072257e+00 1.450072e+00
-9.999000e+03 -9.999000e+03 -9.999000e+03 -9.999000e+03 -9.999000e+03 -9.999000e+03 -9.999000e+03 -9.999000e+03 -9.999000e+03 -9.999000e+03 -9.999000e+03 -9.999000e+03 -9.999000e+03 -9.999000e+03 -9.999000e+03 -9.999000e+03 -9.999000e+03 -9.999000e+03 -9.999000e+03 -9.999000e+03 -9.999000e+03 -9.999000e+03 -9.999000e+03 -9.999000e+03 -9.999000e+03 -9.999000e+03 -9.999000e+03 -9.999000e+03 -9.999000e+03 -9.999000e+03 -9.999000e+03 -9.999000e+03 -9.999000e+03 -9.999000e+03 -9.999000e+03 -9.999000e+03 -9.999000e+03 -9.999000e+03 -9.999000e+03 -9.999000e+03 -9.999000e+03 0.000000e+00 0.000000e+00 0.000000e+00 6.046215e-01 1.067803e+00 1.418517e+00 1.669946e+00 1.826486e+00 1.924563e+00 2.005192e+00 2.077942e+00
-9.999000e+03 -9.999000e+03 -9.999000e+03 -9.999000e+03 -9.999000e+03 -9.999000e+03 -9.999000e+03 -9.999000e+03 -9.999000e+03 -9.999000e+03 -9.999000e+03 -9.999000e+03 -9.999000e+03 -9.999000e+03 -9.999000e+03 -9.999000e+03 -9.999000e+03 -9.999000e+03 -9.999000e+03 -9.999000e+03 -9.999000e+03 -9.999000e+03 -9.999000e+03 -9.999000e+03 -9.999000e+03 -9.999000e+03 -9.999000e+03 -9.999000e+03 -9.999000e+03 -9.999000e+03 -9.999000e+03 -9.999000e+03 -9.999000e+03 -9.999000e+03 -9.999000e+03 -9.999000e+03 -9.999000e+03 -9.999000e+03 -9.999000e+03 -9.999000e+03 -9.999000e+03 -9.999000e+03 -9.999000e+03 -9.999000e+03 0.000000e+00 0.000000e+00 6.114646e-01 1.065681e+00 0.000000e+00 5.999816e-01 1.076668e+00 1.450022e+00
-9.999000e+03 -9.999000e+03 -9.999000e+03 -9.999000e+03 -9.999000e+03 -9.999000e+03 -9.999000e+03 -9.999000e+03 -9.999000e+03 -9.999000e+03 -9.999000e+03 -9.999000e+03 -9.999000e+03 -9.999000e+03 -9.999000e+03 -9.999000e+03 -9.999000e+03 -9.999000e+03 -9.999000e+03 -9.999000e+03 -9.999000e+03 -9.999000e+03 -9.999000e+03 -9.999000e+03 -9.999000e+03 -9.999000e+03 -9.999000e+03 -9.999000e+03 -9.999000e+03 -9.999000e+03 -9.999000e+03 -9.999000e+03 -9.999000e+03 -9.999000e+03 -9.999000e+03 -9.999000e+03 -9.999000e+03 -9.999000e+03 -9.999000e+03 -9.999000e+03 -9.999000e+03 -9.999000e+03 -9.999000e+03 -9.999000e+03 -9.999000e+03 -9.999000e+03 -9.999000e+03 -9.999000e+03 -9.999000e+03 -9.999000e+03 0.000000e+00 6.244426e-01
-9.999000e+03 -9.999000e+03 -9.999000e+03 -9.999000e+03 -9.999000e+03 -9.999000e+03 -9.999000e+03 -9.999000e+03 -9.999000e+03 -9.999000e+03 -9.999000e+03 -9.999000e+03 -9.999000e+03 -9.999000e+03 -9.999000e+03 -9.999000e+03 -9.999000e+03 -9.999000e+03 -9.999000e+03 -9.999000e+03 -9.999000e+03 -9.999000e+03 -9.999000e+03 -9.999000e+03 -9.999000e+03 -9.999000e+03 -9.999000e+03 -9.999000e+03 -9.999000e+03 -9.999000e+03 -9.999000e+03 -9.999000e+03 -9.999000e+03 -9.999000e+03 -9.999000e+03 -9.999000e+03 -9.999000e+03 -9.999000e+03 -9.999000e+03 -9.999000e+03 -9.999000e+03 -9.999000e+03 -9.999000e+03 -9.999000e+03 -9.999000e+03 -9.999000e+03 -9.999000e+03 -9.999000e+03 -9.999000e+03 -9.999000e+03 -9.999000e+03 0.000000e+00
-9.999000e+03 -9.999000e+03 -9.999000e+03 -9.999000e+03 -9.999000e+03 -9.999000e+03 -9.999000e+03 -9.999000e+03 -9.999000e+03 -9.999000e+03 -9.999000e+03 -9.999000e+03 -9.999000e+03 -9.999000e+03 -9.999000e+03 -9.999000e+03 -9.999000e+03 -9.999000e+03 -9.999000e+03 -9.999000e+03 -9.999000e+03 -9.999000e+03 -9.999000e+03 -9.999000e+03 -9.999000e+03 -9.999000e+03 -9.999000e+03 -9.999000e+03 -9.999000e+03 -9.999000e+03 -9.999000e+03 -9.999000e+03 -9.999000e+03 -9.999000e+03 -9.999000e+03 -9.999000e+03 -9.999000e+03 -9.999000e+03 -9.999000e+03 -9.999000e+03 -9.999000e+03 -9.999000e+03 -9.999000e+03 -9.999000e+03 -9.999000e+03 -9.999000e+03 -9.999000e+03 -9.999000e+03 -9.999000e+03 -9.999000e+03 -9.999000e+03 -9.999000e+03
-9.999000e+03 -9.999000e+03 -9.999000e+03 -9.999000e+03 -9.999000e+03 -9.999000e+03 -9.999000e+03 -9.999000e+03 -9.999000e+03 -9.999000e+03 -9.999000e+03 -9.999000e+03 -9.999000e+03 -9.999000e+03 -9.999000e+03 -9.999000e+03 -9.999000e+03 -9.999000e+03 -9.999000e+03 -9.999000e+03 -9.999000e+03 -9.999000e+03 -9.999000e+03 -9.999000e+03 -9.999000e+03 -9.999000e+03 -9.999000e+03 -9.999000e+03 -9.999000e+03 -9.999000e+03 -9.999000e+03 -9.999000e+03 -9.999000e+03 -9.999000e+03 -9.999000e+03 -9.999000e+03 -9.999000e+03 -9.999000e+03 -9.999000e+03 -9.999000e+03 -9.999000e+03 -9.999000e+03 -9.999000e+03 -9.999000e+03 -9.999000e+03 -9.999000e+03 -9.999000e+03 -9.999000e+03 -9.999000e+03 -9.999000e+03 -9.999000e+03 -9.999000e+03
