tests/data/reference/test_sheet_stream/control/cvin_m3.asc
ncols	123
nrows	77
xllcorner	-713746.79929998
yllcorner	-1061022.36961616
cellsize	10.0
NODATA_value	-9999
[rows 46 to 68 of 77, columns 52 to 103 of 123]
2.411668e+00 2.237374e+00 2.187355e+00 2.126258e+00 2.083741e+00 1.067555e+00 1.073109e+00 1.074255e+00 1.081494e+00 2.022896e+00 1.434350e+00 1.258221e+01 2.161637e+00 1.485436e+00 1.121967e+00 1.117143e+00 1.970137e+00 1.121310e+00 1.145802e+00 1.170574e+00 1.181467e+00 1.190681e+00 1.208794e+00 1.225379e+00 2.594242e+00 0.000000e+00 0.000000e+00 0.000000e+00 7.262921e-01 1.315620e+00 1.799499e+00 2.181547e+00 2.281164e+00 2.622432e+00 2.676183e+00 2.684226e+00 2.700908e+01 2.549315e+00 2.452368e+00 2.343454e+00 2.348341e+00 2.151826e+00 1.794205e+00 1.498757e+00 1.119740e+00 6.316999e-01 0.000000e+00 1.929647e+00 2.157843e+00 2.138077e+00 2.114036e+00 2.121543e+00
2.184684e+00 2.153516e+00 2.097387e+00 2.039286e+00 6.004422e-01 6.068907e-01 6.058627e-01 6.072417e-01 1.922164e+00 1.069256e+00 1.366937e+01 2.135447e+00 1.103126e+00 6.311742e-01 6.276522e-01 1.759461e+00 6.238384e-01 6.302227e-01 6.441822e-01 6.517142e-01 6.535731e-01 6.598920e-01 6.703550e-01 2.500192e+00 0.000000e+00 6.791347e-01 0.000000e+00 2.085957e-01 8.628441e-01 1.422986e+00 1.899009e+00 2.294158e+00 2.607338e+00 2.818400e+00 2.860678e+00 2.683477e+00 2.873226e+01 2.567688e+00 2.483248e+00 2.453293e+00 2.315544e+00 2.052206e+00 1.820180e+00 1.521916e+00 1.136288e+00 6.404102e-01 0.000000e+00 2.084497e+00 2.203790e+00 2.188085e+00 2.179370e+00 2.195150e+00
2.042214e+00 2.009280e+00 1.959603e+00 0.000000e+00 0.000000e+00 0.000000e+00 0.000000e+00 1.794413e+00 6.015886e-01 1.473907e+01 2.140140e+00 6.189025e-01 0.000000e+00 0.000000e+00 1.481146e+00 0.000000e+00 0.000000e+00 0.000000e+00 0.000000e+00 0.000000e+00 0.000000e+00 0.000000e+00 2.402768e+00 6.670218e-01 1.220442e+00 1.673682e+00 0.000000e+00 8.441905e-01 1.439574e+00 1.931806e+00 2.348148e+00 2.694581e+00 2.969744e+00 0.000000e+00 0.000000e+00 2.648358e+00 3.041281e+01 2.593707e+00 2.553168e+00 2.453030e+00 2.261414e+00 2.081919e+00 1.849966e+00 1.547740e+00 1.155718e+00 6.505744e-01 0.000000e+00 2.207255e+00 2.253862e+00 2.242684e+00 2.248979e+00 2.274339e+00
1.823404e+00 1.794076e+00 0.000000e+00 5.907024e-01 1.036739e+00 1.373896e+00 1.620737e+00 0.000000e+00 1.578324e+01 2.173096e+00 0.000000e+00 0.000000e+00 6.265349e-01 1.110935e+00 0.000000e+00 6.240101e-01 1.102533e+00 1.475153e+00 1.769822e+00 1.999750e+00 2.173060e+00 2.302720e+00 0.000000e+00 0.000000e+00 3.228908e+00 6.013153e+00 0.000000e+00 6.803377e-01 1.222430e+00 1.770203e+00 2.234091e+00 2.624240e+00 2.941626e+00 3.156856e+00 6.317134e-01 2.766433e+00 3.204167e+01 2.634569e+00 2.565898e+00 2.429587e+00 2.290555e+00 2.113047e+00 1.880378e+00 1.574606e+00 1.174694e+00 6.585156e-01 0.000000e+00 2.310198e+00 2.311833e+00 2.302822e+00 2.319428e+00 2.349738e+00
1.521073e+00 8.908383e+00 8.276739e+00 7.563280e+00 6.777192e+00 5.926413e+00 5.018450e+00 1.679016e+01 2.226102e+00 0.000000e+00 6.107903e-01 1.081132e+00 1.446636e+00 1.726037e+00 1.931116e+00 2.076112e+00 2.175464e+00 2.245044e+00 2.300565e+00 2.349269e+00 2.392896e+00 2.431983e+00 2.465668e+00 2.500653e+00 2.858649e+00 2.513569e+00 0.000000e+00 0.000000e+00 6.828029e-01 1.329106e+00 1.879376e+00 2.347391e+00 2.738557e+00 6.223327e+00 3.256040e+00 0.000000e+00 3.362029e+01 2.643249e+00 2.557073e+00 2.454852e+00 2.320231e+00 2.144480e+00 1.910653e+00 0.000000e+00 1.599330e+00 1.854322e+00 0.000000e+00 2.402001e+00 2.379883e+00 2.369987e+00 2.388109e+00 2.414563e+00
9.450910e+00 2.397705e+00 4.790303e+00 5.278894e+00 7.445634e+00 1.139501e+01 1.329492e+01 2.277060e+00 2.185117e+00 2.171549e+00 2.158831e+00 2.156868e+00 2.166058e+00 2.183741e+00 2.204825e+00 2.226732e+00 4.489749e+00 4.392547e+00 4.247357e+00 4.065744e+00 3.853081e+00 3.612304e+00 3.347295e+00 3.082772e+00 2.461072e+00 0.000000e+00 0.000000e+00 6.794765e-01 1.235040e+00 1.694933e+00 2.205598e+00 2.638720e+00 3.000478e+00 3.287032e+00 6.320933e+00 3.278809e+00 3.559916e+01 2.634990e+00 2.572951e+00 2.478535e+00 2.349251e+00 2.174950e+00 6.657251e-01 0.000000e+00 1.939241e+00 2.923881e+00 0.000000e+00 2.488149e+00 2.455938e+00 2.442574e+00 2.454494e+00 2.469588e+00
2.363901e+00 2.358570e+00 0.000000e+00 2.398526e+00 4.511755e+00 2.416203e+00 2.303587e+00 2.173071e+00 2.262292e+00 2.237018e+00 2.220096e+00 2.216726e+00 2.219754e+00 2.224567e+00 2.228949e+00 2.233026e+00 0.000000e+00 6.341784e-01 1.141198e+00 1.551589e+00 1.881444e+00 2.133013e+00 2.299055e+00 2.398412e+00 0.000000e+00 6.587442e-01 0.000000e+00 6.806228e-01 1.238339e+00 1.702743e+00 2.090753e+00 2.554298e+00 2.940402e+00 3.250478e+00 3.484631e+00 6.299656e+00 0.000000e+00 5.477491e+00 2.587086e+00 2.500829e+00 2.376269e+00 1.196019e+00 0.000000e+00 6.659156e-01 2.204795e+00 3.214391e+00 6.734478e-01 2.571270e+00 2.535541e+00 2.517149e+00 2.519570e+00 2.520057e+00
2.292916e+00 2.296563e+00 2.366412e+00 4.673159e+00 2.445784e+00 2.295696e+00 2.117805e+00 2.270908e+00 2.308925e+00 4.529425e+00 4.419032e+00 4.248803e+00 4.020643e+00 3.741928e+00 3.424883e+00 3.089268e+00 2.765973e+00 2.505696e+00 2.366616e+00 2.351262e+00 2.403588e+00 2.471883e+00 5.007614e+00 5.531809e+00 5.372689e+00 5.172551e+00 0.000000e+00 6.830336e-01 1.243545e+00 1.712008e+00 2.106540e+00 2.431925e+00 2.844088e+00 3.177621e+00 3.480377e+00 9.769617e+00 0.000000e+00 8.205348e+00 2.599858e+00 2.518886e+00 1.614005e+00 0.000000e+00 6.629154e-01 1.195626e+00 2.407188e+00 3.411882e+00 1.215297e+00 2.650874e+00 2.615346e+00 2.591412e+00 2.583182e+00 2.569694e+00
2.185265e+00 2.380217e+00 4.734717e+00 2.434388e+00 2.236680e+00 2.008131e+00 2.247028e+00 2.329128e+00 2.193760e+00 2.312577e+00 2.331242e+00 2.352821e+00 2.369802e+00 2.376061e+00 2.365369e+00 2.341453e+00 2.314706e+00 2.297706e+00 2.303246e+00 2.336253e+00 2.394663e+00 2.458639e+00 0.000000e+00 0.000000e+00 6.478448e-01 1.174053e+00 0.000000e+00 6.865119e-01 1.251528e+00 1.724841e+00 2.123850e+00 2.453048e+00 2.710917e+00 3.072114e+00 6.804320e+00 1.321036e+01 0.000000e+00 2.839080e+00 2.608962e+00 1.933514e+00 6.514963e-01 0.000000e+00 1.182072e+00 1.616412e+00 2.556935e+00 3.529325e+00 1.653908e+00 2.724658e+00 2.692751e+00 2.663952e+00 2.644732e+00 2.621158e+00
2.323896e+00 2.179525e+00 2.379434e+00 2.099128e+00 1.825232e+00 2.177273e+00 2.332700e+00 2.103823e+00 2.297302e+00 0.000000e+00 4.979452e+00 7.167382e+00 6.993000e+00 1.121840e+01 1.328395e+01 1.282718e+01 1.229228e+01 1.169064e+01 1.103240e+01 1.032442e+01 9.571811e+00 8.766312e+00 7.887270e+00 6.949958e+00 5.985687e+00 0.000000e+00 0.000000e+00 6.928810e-01 1.264398e+00 1.742060e+00 2.141162e+00 2.468030e+00 2.725084e+00 2.920418e+00 3.245623e+00 6.939300e+00 1.365592e+01 2.851849e+00 2.322437e+00 1.167506e+00 0.000000e+00 6.530584e-01 1.594758e+00 1.950457e+00 2.665718e+00 3.578090e+00 2.006539e+00 2.789765e+00 2.763829e+00 2.732615e+00 2.704540e+00 2.675205e+00
1.994710e+00 2.305171e+00 1.871307e+00 1.543540e+00 2.044664e+00 2.311409e+00 1.956914e+00 2.275469e+00 2.109648e+00 4.356977e+00 2.155131e+00 2.169822e+00 4.483843e+00 2.390859e+00 2.311928e+00 4.703081e+00 4.647319e+00 4.518802e+00 4.335071e+00 4.108883e+00 3.851869e+00 3.569188e+00 3.266838e+00 2.984442e+00 2.782074e+00 0.000000e+00 1.743331e-01 8.041493e-01 1.345122e+00 1.799502e+00 2.175230e+00 2.480724e+00 2.724032e+00 2.912901e+00 3.054912e+00 6.835457e+00 2.031127e+01 2.644888e+00 1.697864e+00 0.000000e+00 6.639431e-01 1.180836e+00 1.930202e+00 2.218276e+00 2.746102e+00 3.569200e+00 2.286047e+00 2.843711e+00 2.824673e+00 2.795051e+00 2.762926e+00 2.730971e+00
2.225927e+00 1.558428e+00 1.153983e+00 1.831229e+00 2.252889e+00 1.742213e+00 2.251739e+00 1.946246e+00 1.971618e+00 1.990265e+00 2.001040e+00 2.010915e+00 2.329977e+00 2.187315e+00 2.204931e+00 2.384624e+00 4.761669e+00 7.075698e+00 9.424066e+00 9.202850e+00 8.909089e+00 8.548497e+00 8.120946e+00 7.636253e+00 7.108357e+00 0.000000e+00 1.753681e-01 8.043871e-01 1.340450e+00 1.785293e+00 2.147113e+00 2.439781e+00 2.677529e+00 2.867251e+00 3.013837e+00 3.307286e+00 1.048359e+01 1.991957e+01 0.000000e+00 7.462609e-01 1.299532e+00 1.618039e+00 2.204725e+00 2.432359e+00 2.806927e+00 3.512753e+00 2.503688e+00 2.886294e+00 2.872834e+00 2.847109e+00 2.815176e+00 2.782577e+00
1.146425e+00 6.540890e-01 1.540903e+00 2.151808e+00 1.448617e+00 2.227630e+00 1.725570e+00 1.748838e+00 1.764707e+00 1.774720e+00 1.780290e+00 2.265435e+00 2.004228e+00 2.028996e+00 2.319245e+00 2.193675e+00 2.218642e+00 2.402043e+00 2.372169e+00 4.911805e+00 4.918164e+00 4.854914e+00 4.733162e+00 4.562971e+00 4.354915e+00 0.000000e+00 1.758917e-01 8.032138e-01 1.333719e+00 1.770294e+00 9.214003e+00 9.242040e+00 9.195909e+00 1.415584e+01 1.573321e+01 1.548755e+01 1.546596e+01 4.528537e+01 0.000000e+00 1.394260e+00 1.856305e+00 1.985469e+00 2.430452e+00 2.602398e+00 2.854872e+00 3.420104e+00 2.669590e+00 2.918981e+00 2.906874e+00 2.883602e+00 2.853603e+00 2.820867e+00
0.000000e+00 1.160783e+00 2.010455e+00 1.073454e+00 2.198057e+00 1.433810e+00 1.459337e+00 1.472549e+00 1.478649e+00 1.479944e+00 2.205301e+00 1.765794e+00 1.789481e+00 2.241469e+00 2.011350e+00 2.032901e+00 2.310731e+00 2.217185e+00 2.260746e+00 2.312670e+00 4.688893e+00 5.435466e+00 6.109546e+00 8.052592e+00 7.937991e+00 0.000000e+00 6.960430e-01 2.531298e+00 4.643064e+00 6.965986e+00 1.691027e+00 3.309309e+00 4.858328e+00 1.271191e+00 1.282217e+00 3.068620e+00 4.761618e+00 5.192141e+00 5.024083e+01 0.000000e+00 2.339661e+00 2.435699e+00 2.613469e+00 2.734942e+00 2.894343e+00 3.305678e+00 2.790467e+00 2.941944e+00 2.927512e+00 2.904673e+00 2.877604e+00 3.002864e+01
6.515591e-01 1.803173e+00 6.092199e-01 2.158641e+00 1.058044e+00 1.083134e+00 1.097337e+00 1.103180e+00 1.099645e+00 2.153219e+00 1.459650e+00 1.481847e+00 2.164892e+00 1.768325e+00 1.786331e+00 2.211735e+00 2.017498e+00 2.056265e+00 2.102843e+00 1.939045e+00 0.000000e+00 0.000000e+00 1.649406e+00 0.000000e+00 6.898508e-01 0.000000e+00 6.982685e-01 1.260641e+00 1.706731e+00 1.237710e+00 6.846994e-01 6.875199e-01 6.927538e-01 6.986496e-01 7.042138e-01 7.115305e-01 7.207454e-01 1.320058e+00 1.916819e+00 5.199926e+01 0.000000e+00 2.813572e+00 2.934453e+00 2.834342e+00 2.926826e+00 3.188832e+00 2.871665e+00 2.954427e+00 2.936156e+00 2.913238e+00 2.890730e+00 3.343187e+01
1.499547e+00 0.000000e+00 2.098366e+00 5.914959e-01 6.050019e-01 6.151544e-01 6.214086e-01 6.209829e-01 2.120622e+00 1.075530e+00 1.090111e+00 2.101710e+00 1.460924e+00 1.471921e+00 2.114718e+00 1.761325e+00 1.795686e+00 1.836907e+00 1.597637e+00 0.000000e+00 6.739301e-01 1.215517e+00 0.000000e+00 6.766418e-01 1.232727e+00 0.000000e+00 6.954659e-01 1.251834e+00 6.849149e-01 0.000000e+00 0.000000e+00 0.000000e+00 0.000000e+00 0.000000e+00 0.000000e+00 0.000000e+00 2.954380e+00 3.818479e+00 3.936733e+00 4.210231e+00 5.565424e+01 0.000000e+00 3.188096e+00 2.899999e+00 2.949798e+00 3.091967e+00 2.921219e+00 2.958826e+00 2.936248e+00 2.911327e+00 3.532254e+01 2.912772e+00
1.749515e+00 1.970508e+00 0.000000e+00 0.000000e+00 0.000000e+00 0.000000e+00 0.000000e+00 2.108900e+00 6.043176e-01 6.057974e-01 2.060534e+00 1.078438e+00 1.085456e+00 2.040052e+00 1.444638e+00 1.471975e+00 1.505711e+00 1.172146e+00 0.000000e+00 6.720675e-01 1.214385e+00 1.652729e+00 1.998784e+00 2.271725e+00 2.491703e+00 0.000000e+00 6.913596e-01 0.000000e+00 0.000000e+00 6.821791e-01 1.233530e+00 1.683118e+00 2.048821e+00 2.346164e+00 2.588649e+00 2.787797e+00 0.000000e+00 0.000000e+00 7.226277e-01 1.313729e+00 1.884215e+00 5.711706e+01 3.352618e+00 3.115961e+00 2.957087e+00 3.027584e+00 2.947447e+00 2.958625e+00 2.932715e+00 3.717162e+01 2.902114e+00 1.565277e+01
2.142253e+00 2.191374e+00 2.208396e+00 2.192732e+00 2.162056e+00 2.130902e+00 2.112521e+00 0.000000e+00 0.000000e+00 2.047503e+00 6.031653e-01 6.081292e-01 1.999224e+00 1.063138e+00 1.078899e+00 1.101080e+00 6.492462e-01 0.000000e+00 6.692385e-01 1.209680e+00 1.649481e+00 2.002669e+00 2.276930e+00 2.486680e+00 2.648770e+00 0.000000e+00 6.877573e-01 1.245561e+00 1.699196e+00 2.063991e+00 2.352140e+00 2.573828e+00 2.738099e+00 2.856947e+00 2.943571e+00 3.010389e+00 3.068997e+00 3.127453e+00 6.320351e+00 6.995484e+00 6.899142e+00 6.976391e+00 0.000000e+00 3.255723e+00 2.944368e+00 5.941274e+00 0.000000e+00 2.951350e+00 3.899370e+01 2.865876e+00 1.700659e+01 1.646637e+00
1.719591e+00 1.898649e+00 2.004564e+00 2.054532e+00 2.068687e+00 2.065417e+00 2.060394e+00 2.058202e+00 2.053502e+00 0.000000e+00 0.000000e+00 1.989424e+00 5.963392e-01 6.027705e-01 6.107619e-01 0.000000e+00 0.000000e+00 6.602886e-01 1.194671e+00 1.631432e+00 1.985070e+00 2.265661e+00 2.480207e+00 2.639472e+00 2.755889e+00 0.000000e+00 6.860811e-01 1.245170e+00 1.705316e+00 2.079802e+00 2.376803e+00 2.604614e+00 2.770797e+00 2.885649e+00 2.961082e+00 3.010937e+00 3.049522e+00 3.086631e+00 0.000000e+00 0.000000e+00 7.111044e-01 1.282399e+00 8.741743e+00 0.000000e+00 3.112839e+00 6.471663e+00 2.931044e+00 3.783929e+01 2.819174e+00 1.632220e+01 1.664637e+00 1.216743e+00
1.075473e+00 1.393027e+00 1.621341e+00 1.782096e+00 1.890908e+00 1.960874e+00 2.001979e+00 2.021410e+00 2.023634e+00 2.014500e+00 2.000820e+00 0.000000e+00 0.000000e+00 0.000000e+00 0.000000e+00 6.252581e-01 1.126828e+00 1.538311e+00 1.878366e+00 2.156390e+00 2.378047e+00 2.549289e+00 5.376110e+00 6.019686e+00 5.930916e+00 0.000000e+00 6.866097e-01 1.248739e+00 1.716321e+00 2.101151e+00 2.408602e+00 2.645123e+00 2.816773e+00 2.931941e+00 3.000518e+00 3.035882e+00 3.053506e+00 3.065983e+00 3.083801e+00 3.113971e+00 3.158912e+00 3.210235e+00 3.450682e+00 1.224194e+01 3.216271e+00 9.414943e+00 3.663093e+01 2.772575e+00 1.561517e+01 6.532203e+00 5.033883e+00 5.523474e+00
0.000000e+00 5.771183e-01 1.015547e+00 1.352774e+00 1.608754e+00 1.794788e+00 1.916410e+00 1.985442e+00 2.017254e+00 2.020756e+00 1.999042e+00 1.964456e+00 1.934998e+00 1.924600e+00 1.941672e+00 1.990830e+00 2.071695e+00 2.176620e+00 2.296568e+00 2.419291e+00 2.532497e+00 2.627983e+00 0.000000e+00 0.000000e+00 0.000000e+00 0.000000e+00 6.865887e-01 1.249909e+00 1.721803e+00 2.113812e+00 2.430557e+00 2.677072e+00 2.857354e+00 2.977890e+00 3.046409e+00 3.073615e+00 3.072799e+00 3.060183e+00 3.051849e+00 3.058191e+00 3.085274e+00 3.130933e+00 3.184884e+00 3.428623e+00 3.606899e+00 9.346618e+00 3.811048e+01 1.488663e+01 5.997106e+00 0.000000e+00 0.000000e+00 6.819110e-01
-9.999000e+03 -9.999000e+03 -9.999000e+03 -9.999000e+03 -9.999000e+03 -9.999000e+03 -9.999000e+03 0.000000e+00 0.000000e+00 0.000000e+00 0.000000e+00 0.000000e+00 5.767473e-01 1.015608e+00 1.364299e+00 1.646694e+00 1.878345e+00 2.072482e+00 2.240308e+00 2.384058e+00 2.501587e+00 2.592011e+00 2.654098e+00 2.697882e+00 0.000000e+00 1.704800e-01 7.888377e-01 1.317899e+00 1.769493e+00 2.150587e+00 2.464445e+00 2.713593e+00 2.899052e+00 3.024513e+00 3.094577e+00 3.116756e+00 3.101302e+00 3.066217e+00 3.032037e+00 3.012710e+00 3.018372e+00 3.052210e+00 3.109073e+00 3.172635e+00 3.416508e+00 3.579265e+00 5.146473e+01 5.474740e+00 6.771747e-01 6.840484e-01 1.237776e+00 0.000000e+00
-9.999000e+03 -9.999000e+03 -9.999000e+03 -9.999000e+03 -9.999000e+03 -9.999000e+03 -9.999000e+03 -9.999000e+03 -9.999000e+03 -9.999000e+03 5.775916e-01 5.696110e-01 0.000000e+00 0.000000e+00 6.195285e-01 1.108477e+00 1.495462e+00 1.804484e+00 2.056009e+00 2.256672e+00 2.407975e+00 2.515406e+00 2.584744e+00 2.632083e+00 0.000000e+00 1.701816e-01 7.856953e-01 1.310642e+00 1.759270e+00 2.140232e+00 2.458637e+00 2.716383e+00 2.912673e+00 3.048987e+00 3.127053e+00 3.152642e+00 3.134769e+00 3.089512e+00 3.036584e+00 2.993421e+00 2.975832e+00 2.991703e+00 3.039796e+00 3.106806e+00 3.171629e+00 3.403249e+00 0.000000e+00 6.550990e+00 1.241221e+00 1.695634e+00 -9.999000e+03 -9.999000e+03
