tests/data/reference/test_sheet_stream/control/cvin_m3.asc
ncols	123
nrows	77
xllcorner	-713746.79929998
yllcorner	-1061022.36961616
cellsize	10.0
NODATA_value	-9999
[rows 23 to 45 of 77, columns 52 to 103 of 123]
6.679225e-01 1.942188e+00 2.190659e+00 2.471962e+00 2.563121e+00 2.644442e+00 2.672971e+00 2.580678e+00 2.580548e+00 2.427403e+00 2.213589e+00 2.198050e+00 2.179481e+00 2.160149e+00 2.140848e+00 2.578314e+00 9.831957e+00 4.014162e+00 1.947564e+00 1.864375e+00 1.588003e+00 1.368409e+00 1.064839e+00 1.350465e+00 0.000000e+00 5.991062e-01 1.808668e+01 5.870400e+00 6.300115e+00 1.497881e+00 1.103888e+00 6.087266e-01 0.000000e+00 0.000000e+00 -9.999000e+03 -9.999000e+03 -9.999000e+03 -9.999000e+03 -9.999000e+03 -9.999000e+03 -9.999000e+03 -9.999000e+03 -9.999000e+03 -9.999000e+03 -9.999000e+03 -9.999000e+03 -9.999000e+03 -9.999000e+03 -9.999000e+03 -9.999000e+03 -9.999000e+03 -9.999000e+03
6.703474e-01 1.208221e+00 2.220060e+00 2.409338e+00 2.608155e+00 2.672161e+00 2.725570e+00 2.748375e+00 2.688242e+00 2.681735e+00 2.569263e+00 2.408364e+00 2.391346e+00 2.370925e+00 2.346765e+00 2.316368e+00 1.211671e+01 3.675168e+00 2.031225e+00 1.972370e+00 1.806695e+00 1.661701e+00 1.445938e+00 1.639927e+00 6.222179e-01 1.065563e+00 0.000000e+00 1.656136e+01 5.370131e+00 6.170449e+00 3.215271e+00 1.084184e+00 6.068069e-01 5.775133e-01 0.000000e+00 -9.999000e+03 -9.999000e+03 -9.999000e+03 -9.999000e+03 -9.999000e+03 -9.999000e+03 -9.999000e+03 -9.999000e+03 -9.999000e+03 -9.999000e+03 -9.999000e+03 -9.999000e+03 -9.999000e+03 -9.999000e+03 -9.999000e+03 -9.999000e+03 -9.999000e+03
1.976210e+00 1.216209e+00 1.651590e+00 2.439202e+00 2.575892e+00 2.709448e+00 2.751818e+00 2.783653e+00 2.795878e+00 2.755685e+00 2.745285e+00 2.665002e+00 2.547891e+00 2.528424e+00 2.501342e+00 2.466010e+00 1.415684e+01 3.302296e+00 2.103211e+00 2.073947e+00 1.988211e+00 1.902744e+00 1.754981e+00 1.879618e+00 1.116417e+00 1.435049e+00 6.090846e-01 1.498112e+01 0.000000e+00 4.787714e+00 9.248165e+00 1.447064e+00 1.076561e+00 1.025171e+00 5.675024e-01 0.000000e+00 0.000000e+00 0.000000e+00 -9.999000e+03 -9.999000e+03 -9.999000e+03 -9.999000e+03 -9.999000e+03 -9.999000e+03 -9.999000e+03 -9.999000e+03 -9.999000e+03 -9.999000e+03 -9.999000e+03 -9.999000e+03 -9.999000e+03 -9.999000e+03
6.811644e-01 2.258870e+00 1.662656e+00 2.009728e+00 2.605629e+00 2.696493e+00 2.778034e+00 2.801262e+00 2.817013e+00 2.821593e+00 2.795175e+00 2.782118e+00 2.724983e+00 2.637969e+00 2.609645e+00 2.573365e+00 1.622915e+01 2.929646e+00 2.172683e+00 2.170546e+00 2.139870e+00 2.099596e+00 2.003302e+00 2.076473e+00 1.513276e+00 1.734247e+00 1.096987e+00 1.338393e+01 6.161937e-01 4.166795e+00 8.905527e+00 1.694591e+00 1.433242e+00 1.389134e+00 1.034152e+00 5.976434e-01 5.741211e-01 0.000000e+00 5.718483e-01 0.000000e+00 -9.999000e+03 -9.999000e+03 -9.999000e+03 -9.999000e+03 -9.999000e+03 -9.999000e+03 -9.999000e+03 -9.999000e+03 -9.999000e+03 -9.999000e+03 -9.999000e+03 -9.999000e+03
1.234640e+00 0.000000e+00 2.482880e+00 2.021558e+00 2.288825e+00 2.721062e+00 2.773175e+00 2.816410e+00 2.827877e+00 2.835200e+00 2.834691e+00 2.814890e+00 2.797167e+00 2.751626e+00 2.682873e+00 2.646618e+00 1.830339e+01 2.600605e+00 2.237384e+00 2.257116e+00 2.262381e+00 2.254115e+00 2.195574e+00 2.233302e+00 1.828568e+00 1.976274e+00 1.495560e+00 1.177505e+01 1.109276e+00 3.527960e+00 8.477544e+00 1.860083e+00 1.695992e+00 1.673851e+00 1.409191e+00 2.083864e+00 0.000000e+00 0.000000e+00 5.813453e-01 9.958141e-01 5.690198e-01 0.000000e+00 -9.999000e+03 -9.999000e+03 -9.999000e+03 -9.999000e+03 -9.999000e+03 -9.999000e+03 -9.999000e+03 -9.999000e+03 -9.999000e+03 -9.999000e+03
1.687736e+00 6.827290e-01 2.649924e+00 2.295341e+00 0.000000e+00 2.491669e+00 2.791526e+00 2.817059e+00 2.837365e+00 2.841688e+00 2.842755e+00 2.837003e+00 2.817613e+00 2.794980e+00 2.755452e+00 2.697262e+00 2.034971e+01 2.392624e+00 2.289717e+00 2.325316e+00 2.351828e+00 2.364032e+00 2.332477e+00 2.349740e+00 2.071558e+00 2.168661e+00 1.818985e+00 1.015300e+01 1.511198e+00 2.908254e+00 7.997776e+00 1.984611e+00 1.883083e+00 1.873437e+00 1.684445e+00 2.343516e+00 6.017274e-01 5.885588e-01 0.000000e+00 1.008322e+00 1.299922e+00 2.728662e+00 0.000000e+00 0.000000e+00 -9.999000e+03 -9.999000e+03 -9.999000e+03 -9.999000e+03 -9.999000e+03 -9.999000e+03 -9.999000e+03 -9.999000e+03
2.054103e+00 1.231063e+00 2.767293e+00 2.497257e+00 0.000000e+00 6.632738e-01 2.633131e+00 2.830917e+00 2.840493e+00 2.847158e+00 2.846351e+00 2.842191e+00 2.830898e+00 2.809297e+00 2.781701e+00 2.740552e+00 2.681466e+00 2.200659e+01 2.332402e+00 2.378767e+00 2.416688e+00 2.440343e+00 2.426583e+00 2.433456e+00 2.254238e+00 2.319526e+00 2.078496e+00 8.660595e+00 1.836942e+00 2.394875e+00 7.469415e+00 2.083885e+00 2.014644e+00 2.004465e+00 1.872913e+00 2.485863e+00 1.054813e+00 1.031113e+00 5.876195e-01 0.000000e+00 1.322040e+00 4.474653e+00 1.747132e+00 0.000000e+00 0.000000e+00 -9.999000e+03 -9.999000e+03 -9.999000e+03 -9.999000e+03 -9.999000e+03 -9.999000e+03 -9.999000e+03
2.341703e+00 1.669823e+00 2.841887e+00 2.639550e+00 6.652939e-01 0.000000e+00 1.192294e+00 2.726118e+00 2.849786e+00 2.851953e+00 2.851408e+00 2.846341e+00 2.836087e+00 2.817514e+00 2.788264e+00 2.749950e+00 2.700863e+00 2.641863e+00 2.363569e+01 2.427072e+00 2.470742e+00 2.498964e+00 2.494402e+00 2.495151e+00 2.388863e+00 2.436258e+00 2.282683e+00 7.302790e+00 2.094778e+00 2.297481e+00 6.890424e+00 2.168857e+00 2.112133e+00 4.089011e+00 2.532053e+00 0.000000e+00 1.389063e+00 1.362710e+00 1.030967e+00 0.000000e+00 0.000000e+00 4.475538e+00 1.961208e+00 4.823445e-01 0.000000e+00 0.000000e+00 -9.999000e+03 -9.999000e+03 -9.999000e+03 -9.999000e+03 -9.999000e+03 -9.999000e+03
2.553503e+00 2.010675e+00 2.879031e+00 2.731597e+00 1.195797e+00 6.660100e-01 0.000000e+00 1.617545e+00 2.785529e+00 2.857767e+00 2.855126e+00 2.848753e+00 2.836856e+00 2.817130e+00 2.786934e+00 2.747494e+00 2.703425e+00 2.655913e+00 2.545141e+01 2.476478e+00 2.520444e+00 2.546913e+00 2.544351e+00 2.541245e+00 2.486149e+00 2.525963e+00 2.439182e+00 6.053298e+00 2.294354e+00 2.383789e+00 6.265957e+00 2.250715e+00 6.247822e+00 2.521472e+00 6.066834e-01 0.000000e+00 1.637507e+00 1.614217e+00 0.000000e+00 0.000000e+00 5.639606e-01 4.405178e+00 2.067595e+00 8.355514e-01 4.945469e-01 0.000000e+00 0.000000e+00 -9.999000e+03 -9.999000e+03 -9.999000e+03 -9.999000e+03 -9.999000e+03
2.688204e+00 2.259309e+00 2.883260e+00 2.781962e+00 0.000000e+00 1.620050e+00 1.198889e+00 6.708245e-01 1.961705e+00 2.817864e+00 2.851587e+00 2.842415e+00 2.827133e+00 2.805356e+00 2.776767e+00 2.742827e+00 2.705387e+00 2.666904e+00 2.724766e+01 2.531460e+00 2.569488e+00 2.588088e+00 2.582036e+00 2.576655e+00 2.556155e+00 2.594757e+00 2.554379e+00 4.909323e+00 2.444536e+00 2.474532e+00 5.602486e+00 8.454922e+00 2.491426e+00 1.091527e+00 6.198554e-01 0.000000e+00 1.831090e+00 0.000000e+00 0.000000e+00 5.983692e-01 9.894867e-01 6.292208e+00 1.064690e+00 0.000000e+00 8.438560e-01 5.174462e-01 4.989144e-01 0.000000e+00 0.000000e+00 -9.999000e+03 -9.999000e+03 -9.999000e+03
2.652456e+00 2.739219e+00 2.415947e+00 2.853258e+00 2.792136e+00 6.568779e-01 1.952609e+00 1.625246e+00 1.203893e+00 2.224505e+00 2.822599e+00 2.830329e+00 2.813827e+00 2.791609e+00 2.765551e+00 2.737089e+00 2.708097e+00 2.678395e+00 2.649847e+00 2.895560e+01 2.615146e+00 2.623157e+00 2.611943e+00 2.606137e+00 2.607660e+00 2.647193e+00 2.634269e+00 3.879993e+00 2.549931e+00 2.551331e+00 1.314340e+01 2.460374e+00 1.491126e+00 1.117503e+00 0.000000e+00 6.314689e-01 0.000000e+00 0.000000e+00 6.198452e-01 1.058060e+00 7.334787e+00 1.257583e+00 0.000000e+00 5.306132e-01 1.101309e+00 9.005247e-01 1.397165e+00 1.744366e+00 0.000000e+00 0.000000e+00 -9.999000e+03 -9.999000e+03
1.391962e+02 1.390833e+02 2.711288e+00 2.489546e+00 2.790957e+00 2.766769e+00 1.166128e+00 2.200389e+00 1.953413e+00 1.621340e+00 2.417039e+00 2.814111e+00 2.808231e+00 2.789075e+00 2.764431e+00 2.737463e+00 2.711498e+00 2.687957e+00 2.665530e+00 3.066057e+01 2.649137e+00 2.648976e+00 2.636006e+00 2.633082e+00 2.647755e+00 2.686501e+00 2.684039e+00 3.024099e+00 2.612722e+00 2.602641e+00 1.484095e+01 1.810148e+00 1.519244e+00 0.000000e+00 0.000000e+00 0.000000e+00 0.000000e+00 6.360938e-01 1.103311e+00 8.412550e+00 1.456468e+00 5.894680e-01 0.000000e+00 9.448152e-01 1.303161e+00 2.761791e+00 1.922815e+00 5.156150e-01 0.000000e+00 1.746430e+00 0.000000e+00 0.000000e+00
6.531970e+00 6.520698e+00 1.427869e+02 2.824726e+00 2.680040e+00 2.711558e+00 2.723401e+00 1.567681e+00 2.381544e+00 2.206089e+00 1.953653e+00 2.560003e+00 2.808494e+00 2.797862e+00 2.777532e+00 2.751087e+00 2.723283e+00 2.698175e+00 2.677127e+00 2.657347e+00 3.276319e+01 2.658433e+00 2.649201e+00 2.653243e+00 2.675472e+00 2.709446e+00 2.703755e+00 2.681133e+00 2.637330e+00 2.625807e+00 1.611370e+01 1.837279e+00 0.000000e+00 0.000000e+00 0.000000e+00 6.469599e-01 6.447246e-01 1.135322e+00 9.504641e+00 1.653526e+00 1.056292e+00 6.072393e-01 1.273696e+00 0.000000e+00 1.470453e+00 4.845631e+00 0.000000e+00 9.069895e-01 5.521984e-01 2.487329e+00 0.000000e+00 1.746552e+00
0.000000e+00 6.927387e-01 1.255102e+00 1.418306e+02 1.420473e+02 1.421562e+02 1.423376e+02 2.889253e+00 2.021885e+00 2.690347e+00 2.565021e+00 2.368668e+00 2.851630e+00 3.018902e+00 5.991422e+00 2.953693e+00 2.919647e+00 2.888213e+00 2.860376e+00 2.833139e+00 0.000000e+00 3.210806e+01 5.663125e+00 2.847423e+00 2.682878e+00 2.706989e+00 2.688754e+00 2.655952e+00 2.627763e+00 2.622442e+00 1.737871e+01 0.000000e+00 0.000000e+00 0.000000e+00 6.478653e-01 1.152876e+00 1.149422e+00 1.529576e+00 1.090858e+01 1.432427e+00 1.083756e+00 1.544822e+00 6.028931e-01 0.000000e+00 1.616289e+00 4.738886e+00 5.838198e-01 1.222931e+00 9.742532e-01 2.634654e+00 5.507652e-01 1.979960e+00
1.243812e+00 1.730883e+00 2.136599e+00 2.465065e+00 2.707819e+00 2.883167e+00 3.018275e+00 1.427825e+02 1.430167e+02 1.425248e+02 1.424730e+02 1.422470e+02 1.417951e+02 1.416123e+02 1.413944e+02 1.439074e+02 1.433204e+02 3.063199e+00 3.023936e+00 2.986925e+00 2.949303e+00 6.788245e-01 3.706948e+01 2.985025e+00 2.858031e+00 2.866797e+00 2.640504e+00 2.603926e+00 2.592959e+00 2.599853e+00 1.653794e+01 0.000000e+00 6.525782e-01 0.000000e+00 1.157819e+00 1.551191e+00 1.546277e+00 1.836906e+00 1.215596e+01 1.467331e+00 1.770681e+00 1.076400e+00 6.108526e-01 1.743662e+00 4.537834e+00 0.000000e+00 1.025608e+00 1.472111e+00 1.299012e+00 2.688098e+00 9.740448e-01 2.155743e+00
7.175477e-01 1.311434e+00 1.810283e+00 3.800733e+01 3.935949e+01 4.069747e+01 4.204205e+01 4.338912e+01 4.472914e+01 4.605911e+01 4.737478e+01 4.866975e+01 5.011628e+01 5.151569e+01 5.286684e+01 5.415934e+01 5.244575e+01 1.902197e+02 1.893340e+02 3.089252e+00 3.054230e+00 3.020005e+00 3.751644e+01 3.078042e+00 2.968505e+00 2.954498e+00 2.760234e+00 2.534694e+00 2.545829e+00 2.569579e+00 0.000000e+00 1.173586e+00 6.551132e-01 0.000000e+00 1.563645e+00 1.863614e+00 1.855249e+00 1.368651e+01 1.773667e+00 1.961225e+00 1.455254e+00 1.090920e+00 1.863550e+00 4.265100e+00 5.949155e-01 1.347527e+00 0.000000e+00 1.651731e+00 1.538982e+00 2.665545e+00 1.308284e+00 2.257063e+00
2.557947e+00 3.684009e+01 3.749046e+01 2.381706e+00 2.413312e+00 2.442121e+00 2.469797e+00 2.498035e+00 2.529614e+00 2.564644e+00 2.598714e+00 2.627632e+00 2.634106e+00 2.657232e+00 2.681629e+00 2.704234e+00 5.860404e+00 8.869189e+00 8.815555e+00 1.939037e+02 1.927471e+02 1.915024e+02 1.903845e+02 3.977982e+01 3.016634e+00 2.980350e+00 2.817147e+00 2.657793e+00 2.498135e+00 0.000000e+00 0.000000e+00 2.766392e+00 6.566809e-01 0.000000e+00 1.884040e+00 2.105236e+00 2.092298e+00 1.511502e+01 2.121962e+00 1.761838e+00 1.476030e+00 1.980372e+00 3.943757e+00 1.059378e+00 1.592114e+00 5.909936e-01 0.000000e+00 1.773816e+00 1.707023e+00 2.577761e+00 1.561865e+00 2.291130e+00
3.596727e+01 2.325807e+00 2.336917e+00 2.351568e+00 2.365272e+00 2.377918e+00 2.392588e+00 2.412907e+00 2.440850e+00 2.473371e+00 2.504990e+00 2.494371e+00 2.521037e+00 2.551768e+00 2.583248e+00 2.656981e+00 2.671171e+00 6.151085e+00 8.256723e+00 1.045897e+01 1.255093e+01 1.176886e+01 1.053876e+01 1.961130e+02 4.182399e+01 2.957047e+00 2.830808e+00 0.000000e+00 2.741233e+00 0.000000e+00 6.533023e-01 4.229828e+00 0.000000e+00 6.573503e-01 2.132377e+00 2.288374e+00 2.271270e+00 1.674433e+01 2.009667e+00 1.790178e+00 2.097925e+00 3.588792e+00 1.429800e+00 1.789331e+00 1.055095e+00 6.017138e-01 1.856198e+00 0.000000e+00 1.816515e+00 2.436831e+00 1.732622e+00 2.261365e+00
2.334148e+00 2.325481e+00 2.320357e+00 2.319480e+00 2.319267e+00 2.317684e+00 2.319153e+00 2.331912e+00 2.354941e+00 2.383401e+00 2.331577e+00 2.355954e+00 2.385764e+00 2.418175e+00 2.534182e+00 2.532598e+00 7.225539e+00 2.650570e+00 2.633386e+00 2.588814e+00 2.601871e+00 5.783490e+00 2.808147e+00 2.954912e+00 1.912904e+02 4.073847e+01 2.872724e+00 2.805778e+00 6.820610e-01 7.018318e-01 1.164800e+00 5.065204e+00 0.000000e+00 1.180662e+00 2.321094e+00 2.423549e+00 1.847936e+01 2.206773e+00 2.043779e+00 2.216055e+00 3.221419e+00 1.729308e+00 1.949306e+00 1.423197e+00 1.075351e+00 1.928936e+00 6.011655e-01 0.000000e+00 1.889595e+00 2.278284e+00 1.840722e+00 2.192019e+00
2.345401e+00 2.323218e+00 2.306866e+00 2.295390e+00 2.282142e+00 2.261425e+00 2.253477e+00 2.260820e+00 2.280948e+00 2.152378e+00 2.169764e+00 2.194359e+00 2.223449e+00 2.405289e+00 2.363776e+00 8.282691e+00 2.526531e+00 2.469331e+00 2.392001e+00 2.412059e+00 2.625045e+00 2.471353e+00 2.658168e+00 2.673116e+00 2.785300e+00 1.860267e+02 3.954223e+01 4.020265e+01 0.000000e+00 1.246588e+00 1.661630e+00 5.138720e+00 6.663050e-01 1.604039e+00 2.462302e+00 2.520299e+00 2.012993e+01 2.244905e+00 2.330714e+00 2.871788e+00 1.974110e+00 2.087735e+00 1.713872e+00 1.446054e+00 2.002797e+00 1.074416e+00 0.000000e+00 6.136338e-01 1.948750e+00 2.147800e+00 1.913659e+00 2.116304e+00
2.355225e+00 2.327519e+00 2.304893e+00 2.282774e+00 2.239233e+00 2.211664e+00 2.198686e+00 2.207446e+00 1.957755e+00 1.965055e+00 1.979373e+00 2.001853e+00 2.287253e+00 2.173917e+00 9.339829e+00 2.403517e+00 2.273064e+00 2.143334e+00 2.158364e+00 2.477073e+00 2.220586e+00 2.259457e+00 2.288263e+00 2.446928e+00 2.444963e+00 5.297883e+00 1.803707e+00 0.000000e+00 0.000000e+00 6.505768e-01 3.678169e+00 5.311523e+00 1.188422e+00 1.937177e+00 2.563193e+00 2.588189e+00 2.178205e+01 2.435744e+00 2.608978e+00 2.176727e+00 2.214076e+00 1.949689e+00 1.738252e+00 2.076657e+00 1.444732e+00 6.239252e-01 0.000000e+00 1.086680e+00 2.003983e+00 2.077014e+00 1.967029e+00 2.062044e+00
2.369517e+00 2.340690e+00 2.312025e+00 2.237343e+00 2.196389e+00 2.163584e+00 2.156040e+00 1.728300e+00 1.732221e+00 1.736403e+00 1.749218e+00 2.187117e+00 1.962975e+00 1.040830e+01 2.296492e+00 2.049181e+00 1.853785e+00 1.859357e+00 2.316082e+00 1.909770e+00 1.949234e+00 1.980078e+00 2.001910e+00 2.019964e+00 2.152569e+00 2.144921e+00 0.000000e+00 0.000000e+00 0.000000e+00 1.505600e-01 4.987202e+00 5.361448e+00 1.578357e+00 2.177866e+00 2.626560e+00 2.635306e+00 2.352616e+01 2.534586e+00 2.343290e+00 2.334690e+00 2.146047e+00 1.975917e+00 2.155128e+00 1.730217e+00 1.104247e+00 6.232013e-01 0.000000e+00 1.449741e+00 2.057955e+00 2.066952e+00 2.011189e+00 2.044956e+00
2.389798e+00 2.361178e+00 2.242460e+00 2.191891e+00 2.143285e+00 2.118234e+00 1.436305e+00 1.442153e+00 1.445420e+00 1.453257e+00 2.104099e+00 1.722533e+00 1.149154e+01 2.215485e+00 1.792084e+00 1.519603e+00 1.517152e+00 2.149100e+00 1.545723e+00 1.581261e+00 1.609538e+00 1.626116e+00 1.645348e+00 1.666021e+00 1.672193e+00 2.674359e+00 0.000000e+00 2.086755e-01 8.521487e-01 1.386144e+00 0.000000e+00 1.031635e+01 1.977921e+00 2.341143e+00 2.660306e+00 2.666381e+00 2.528741e+01 2.477569e+00 2.447208e+00 2.312387e+00 2.175372e+00 2.246198e+00 1.958554e+00 1.483302e+00 1.107864e+00 6.256756e-01 0.000000e+00 1.724626e+00 2.110145e+00 2.094440e+00 2.057571e+00 2.066947e+00
