tests/data/reference/test_sheet_stream/control/cvin_m3.asc
ncols	123
nrows	77
xllcorner	-713746.79929998
yllcorner	-1061022.36961616
cellsize	10.0
NODATA_value	-9999
[rows 23 to 45 of 77, columns 0 to 51 of 123]
-9.999000e+03 -9.999000e+03 -9.999000e+03 -9.999000e+03 -9.999000e+03 -9.999000e+03 -9.999000e+03 -9.999000e+03 -9.999000e+03 -9.999000e+03 -9.999000e+03 -9.999000e+03 -9.999000e+03 -9.999000e+03 0.000000e+00 1.277646e+00 3.176151e+00 1.172681e+01 0.000000e+00 0.000000e+00 0.000000e+00 5.404861e-01 1.453208e-01 4.944589e+00 6.753640e+00 2.846658e+00 5.604921e+00 5.704542e+00 1.663364e+00 6.359477e+00 0.000000e+00 6.324657e-01 1.127488e+00 2.207230e+00 9.180810e+00 2.420652e+00 5.267560e+00 0.000000e+00 5.376180e+00 2.497369e+00 2.523552e+00 2.533842e+00 2.541958e+00 2.528378e+00 2.519885e+00 2.470122e+00 2.465270e+00 2.517659e+00 2.293722e+00 1.615883e+00 1.200965e+00 0.000000e+00
-9.999000e+03 -9.999000e+03 -9.999000e+03 -9.999000e+03 -9.999000e+03 -9.999000e+03 -9.999000e+03 -9.999000e+03 -9.999000e+03 -9.999000e+03 -9.999000e+03 -9.999000e+03 -9.999000e+03 -9.999000e+03 4.714230e-01 1.577025e+01 1.537522e+01 4.932947e-01 0.000000e+00 0.000000e+00 2.995579e-01 2.423746e+00 0.000000e+00 2.164136e-01 4.925559e+00 9.445938e+00 5.387739e+00 5.507502e+00 1.859549e+00 0.000000e+00 5.639925e+00 6.312143e-01 1.126989e+00 1.516127e+00 1.125262e+01 2.446347e+00 4.689420e+00 0.000000e+00 5.904582e+00 2.547137e+00 2.574359e+00 2.593160e+00 2.607985e+00 2.605207e+00 2.596912e+00 2.561851e+00 2.548345e+00 2.564916e+00 2.449974e+00 1.954478e+00 0.000000e+00 1.628831e+00
-9.999000e+03 -9.999000e+03 -9.999000e+03 -9.999000e+03 -9.999000e+03 -9.999000e+03 -9.999000e+03 -9.999000e+03 -9.999000e+03 -9.999000e+03 -9.999000e+03 -9.999000e+03 -9.999000e+03 -9.999000e+03 1.803721e+01 5.284871e-01 0.000000e+00 0.000000e+00 0.000000e+00 0.000000e+00 7.360072e-01 2.047971e+00 4.170952e+00 6.504800e-01 7.602895e-01 4.886938e+00 1.434911e+01 5.248272e+00 2.155486e+00 0.000000e+00 6.840394e-01 4.882554e+00 1.124589e+00 1.513272e+00 1.811720e+00 1.338860e+01 0.000000e+00 4.079371e+00 6.513282e-01 8.315218e+00 2.607116e+00 2.631066e+00 2.653514e+00 2.658914e+00 2.652258e+00 2.627027e+00 2.611807e+00 2.616889e+00 2.566973e+00 2.220200e+00 6.713048e-01 0.000000e+00
-9.999000e+03 -9.999000e+03 -9.999000e+03 -9.999000e+03 -9.999000e+03 -9.999000e+03 -9.999000e+03 -9.999000e+03 -9.999000e+03 -9.999000e+03 -9.999000e+03 -9.999000e+03 0.000000e+00 0.000000e+00 3.040345e+00 5.327550e-01 0.000000e+00 0.000000e+00 0.000000e+00 5.212321e-01 2.269754e+00 4.335689e+00 2.402927e+00 4.394089e+00 1.155030e+00 1.237252e+00 1.880608e+01 4.938346e+00 2.387381e+00 6.890475e-01 0.000000e+00 1.236431e+00 4.472552e+00 1.610476e+00 1.799879e+00 2.021262e+00 1.297344e+01 6.420494e-01 3.462775e+00 1.163837e+00 1.069614e+01 2.652707e+00 2.681077e+00 2.692556e+00 2.688842e+00 2.671769e+00 2.660034e+00 2.665806e+00 2.655054e+00 2.428226e+00 1.215867e+00 0.000000e+00
-9.999000e+03 -9.999000e+03 -9.999000e+03 -9.999000e+03 -9.999000e+03 -9.999000e+03 -9.999000e+03 -9.999000e+03 -9.999000e+03 -9.999000e+03 -9.999000e+03 -9.999000e+03 -9.999000e+03 0.000000e+00 4.750353e-01 4.152493e-01 0.000000e+00 0.000000e+00 4.749633e-01 2.358072e+00 1.845711e+00 1.913249e+00 6.389420e+00 8.974893e+00 1.334852e+01 1.460624e+01 1.585134e+01 1.834631e+01 4.567170e+00 2.555430e+00 1.232556e+00 6.839292e-01 1.679058e+00 3.997386e+00 1.977651e+00 2.135420e+00 2.167355e+00 1.248496e+01 1.149903e+00 2.891457e+00 1.194161e+01 2.661321e+00 2.692421e+00 2.708458e+00 2.709879e+00 2.702274e+00 2.698670e+00 2.710825e+00 2.723563e+00 2.590195e+00 1.663164e+00 6.851663e-01
-9.999000e+03 -9.999000e+03 -9.999000e+03 -9.999000e+03 -9.999000e+03 -9.999000e+03 -9.999000e+03 -9.999000e+03 -9.999000e+03 -9.999000e+03 -9.999000e+03 -9.999000e+03 -9.999000e+03 -9.999000e+03 -9.999000e+03 0.000000e+00 0.000000e+00 0.000000e+00 1.748001e+00 3.494509e+00 3.762926e+00 3.925804e+00 3.959515e+00 3.885339e+00 3.724760e+00 3.497534e+00 3.225172e+00 1.831508e+01 3.550875e+01 4.126527e+00 2.661043e+00 1.658673e+00 1.221232e+00 2.015181e+00 3.474670e+00 2.248509e+00 2.396144e+00 2.442190e+00 1.225649e+01 1.551460e+00 1.411794e+01 2.659075e+00 2.689174e+00 2.709146e+00 2.719231e+00 2.725055e+00 2.734227e+00 2.754967e+00 2.780832e+00 2.716158e+00 2.029774e+00 1.242685e+00
-9.999000e+03 -9.999000e+03 -9.999000e+03 -9.999000e+03 -9.999000e+03 -9.999000e+03 -9.999000e+03 -9.999000e+03 -9.999000e+03 -9.999000e+03 -9.999000e+03 -9.999000e+03 -9.999000e+03 -9.999000e+03 -9.999000e+03 -9.999000e+03 0.000000e+00 1.745199e-01 1.922294e+00 2.248117e+00 2.469966e+00 2.573945e+00 2.576301e+00 2.507148e+00 2.401496e+00 2.293591e+00 2.220801e+00 2.200629e+00 2.211198e+00 3.698022e+01 3.977213e+01 4.154340e+01 1.971142e+00 1.620092e+00 2.244892e+00 2.992739e+00 5.271776e+00 7.823467e+00 2.647687e+00 1.193862e+01 1.984656e+00 1.629841e+01 2.679665e+00 2.704570e+00 2.725834e+00 2.747363e+00 2.770996e+00 2.799620e+00 2.831672e+00 2.814088e+00 2.326502e+00 1.698647e+00
-9.999000e+03 -9.999000e+03 -9.999000e+03 -9.999000e+03 -9.999000e+03 -9.999000e+03 -9.999000e+03 -9.999000e+03 -9.999000e+03 -9.999000e+03 -9.999000e+03 -9.999000e+03 -9.999000e+03 -9.999000e+03 -9.999000e+03 -9.999000e+03 0.000000e+00 1.748195e+00 1.304210e+00 1.439787e+00 1.577487e+00 1.672384e+01 1.603413e+01 1.526184e+01 1.442633e+01 1.353662e+01 1.259933e+01 1.161048e+01 1.055977e+01 9.453590e+00 8.305682e+00 7.111428e+00 4.637427e+01 4.719615e+01 4.763396e+01 4.847616e+01 4.687017e+01 4.521822e+01 5.122583e+01 5.228989e+01 6.209518e+01 6.266304e+01 1.876543e+01 2.707095e+00 2.739712e+00 2.775660e+00 2.811437e+00 2.844846e+00 2.878410e+00 2.890368e+00 2.561249e+00 2.066323e+00
-9.999000e+03 -9.999000e+03 -9.999000e+03 -9.999000e+03 -9.999000e+03 -9.999000e+03 -9.999000e+03 -9.999000e+03 -9.999000e+03 -9.999000e+03 -9.999000e+03 -9.999000e+03 -9.999000e+03 -9.999000e+03 -9.999000e+03 0.000000e+00 1.748199e+00 1.277326e+00 1.350515e+01 1.437289e+01 1.562123e+01 1.825616e+00 3.804310e+00 5.685105e+00 5.543810e+00 9.204774e+00 1.090334e+01 1.254674e+01 1.207604e+01 1.153719e+01 1.094311e+01 1.029181e+01 9.573789e+00 8.779335e+00 7.892922e+00 6.929799e+00 2.611506e+01 2.658657e+01 2.737245e+01 2.869778e+01 3.003853e+01 3.135900e+01 9.108513e+01 1.076421e+02 1.085411e+02 2.940963e+00 5.641606e+00 2.882264e+00 2.917210e+00 2.946615e+00 2.736720e+00 2.350444e+00
-9.999000e+03 -9.999000e+03 -9.999000e+03 -9.999000e+03 -9.999000e+03 -9.999000e+03 -9.999000e+03 -9.999000e+03 -9.999000e+03 -9.999000e+03 -9.999000e+03 -9.999000e+03 -9.999000e+03 -9.999000e+03 0.000000e+00 1.747857e+00 1.165582e+01 1.282545e+01 1.622795e+00 2.146275e+00 1.648227e+00 1.698346e+00 1.739970e+00 1.926926e+00 3.859742e+00 1.822672e+00 1.841736e+00 1.865716e+00 1.914199e+00 1.966655e+00 2.185711e+00 9.677577e+00 1.161369e+01 1.346014e+01 1.518785e+01 2.076167e+01 1.081997e+00 1.461080e+00 2.162250e+00 2.156572e+00 2.120665e+00 2.156482e+00 4.958269e+00 7.507660e+00 9.982640e+00 1.164295e+02 1.174366e+02 1.210753e+02 2.896851e+00 5.919857e+00 2.851434e+00 2.549731e+00
-9.999000e+03 -9.999000e+03 -9.999000e+03 -9.999000e+03 -9.999000e+03 -9.999000e+03 -9.999000e+03 -9.999000e+03 -9.999000e+03 -9.999000e+03 -9.999000e+03 -9.999000e+03 -9.999000e+03 -9.999000e+03 0.000000e+00 9.424605e+00 2.014463e+00 1.580107e+00 2.973297e+00 1.574562e+00 1.654492e+00 1.712934e+00 1.746698e+00 1.772348e+00 1.783628e+00 1.809760e+00 1.823799e+00 1.855017e+00 3.821202e+00 5.733880e+00 7.585998e+00 1.965589e+00 2.054222e+00 2.070364e+00 6.365465e+00 6.202721e-01 1.104100e+00 2.077189e+00 2.033499e+00 1.943827e+00 1.963778e+00 2.197132e+00 2.033838e+00 2.072790e+00 2.254904e+00 4.890992e+00 7.190803e+00 9.478512e+00 1.306149e+02 1.314868e+02 1.351487e+02 2.888507e+00
-9.999000e+03 -9.999000e+03 -9.999000e+03 -9.999000e+03 -9.999000e+03 -9.999000e+03 -9.999000e+03 -9.999000e+03 -9.999000e+03 -9.999000e+03 -9.999000e+03 -9.999000e+03 -9.999000e+03 1.747771e+00 8.728638e+00 2.200203e+00 1.545191e+00 3.889435e+00 1.434780e+00 1.562082e+00 1.662145e+00 1.710800e+00 1.743066e+00 1.742978e+00 1.782531e+00 1.786037e+00 1.807844e+00 1.841755e+00 1.891737e+00 1.912467e+00 1.810946e+00 1.965837e+00 1.998394e+00 6.580880e+00 0.000000e+00 6.239485e-01 1.959631e+00 1.867735e+00 1.717792e+00 1.724078e+00 2.064879e+00 1.767922e+00 1.797183e+00 1.831353e+00 1.873766e+00 1.604887e+00 1.720355e+00 1.730335e+00 1.742859e+00 3.997795e+00 6.073493e+00 1.388413e+02
-9.999000e+03 -9.999000e+03 -9.999000e+03 -9.999000e+03 -9.999000e+03 -9.999000e+03 -9.999000e+03 -9.999000e+03 -9.999000e+03 -9.999000e+03 -9.999000e+03 -9.999000e+03 0.000000e+00 3.492240e+00 2.382339e+00 1.575843e+00 4.826668e+00 1.225698e+00 1.409845e+00 1.569851e+00 1.645065e+00 1.696571e+00 1.687329e+00 1.770762e+00 1.751661e+00 1.768175e+00 1.791540e+00 1.826023e+00 1.796893e+00 1.602639e+00 1.845399e+00 1.910572e+00 5.244887e+00 1.091520e+00 0.000000e+00 1.813695e+00 1.650352e+00 1.427641e+00 1.422716e+00 1.920735e+00 1.442320e+00 1.462197e+00 1.490897e+00 1.532540e+00 1.177417e+00 1.177893e+00 1.184284e+00 1.193557e+00 1.292614e+00 1.292766e+00 2.782339e+00 4.718134e+00
-9.999000e+03 -9.999000e+03 -9.999000e+03 -9.999000e+03 -9.999000e+03 -9.999000e+03 -9.999000e+03 -9.999000e+03 -9.999000e+03 -9.999000e+03 -9.999000e+03 -9.999000e+03 1.747124e+00 2.597484e+00 1.710994e+00 5.760433e+00 9.332843e-01 1.191125e+00 1.436113e+00 1.545285e+00 1.618029e+00 1.587705e+00 1.773645e+00 1.711162e+00 1.728692e+00 1.749823e+00 1.778465e+00 1.665560e+00 1.340016e+00 1.702733e+00 1.824520e+00 4.661780e+00 0.000000e+00 6.110248e-01 1.638265e+00 1.373748e+00 1.063950e+00 1.053276e+00 1.765322e+00 1.053394e+00 1.061803e+00 1.079205e+00 1.115569e+00 6.544150e-01 6.529588e-01 6.546624e-01 6.592113e-01 6.627643e-01 6.655671e-01 2.525360e+00 1.260924e+00 1.247149e+00
-9.999000e+03 -9.999000e+03 -9.999000e+03 -9.999000e+03 -9.999000e+03 -9.999000e+03 -9.999000e+03 -9.999000e+03 -9.999000e+03 -9.999000e+03 -9.999000e+03 0.000000e+00 3.489531e+00 1.938307e+00 6.692351e+00 5.315998e-01 8.938133e-01 1.263599e+00 1.422547e+00 1.517086e+00 1.426711e+00 1.815824e+00 1.649156e+00 1.675885e+00 1.704305e+00 1.736949e+00 1.504852e+00 1.009644e+00 1.529073e+00 1.742401e+00 1.496712e+00 2.915796e+00 0.000000e+00 1.431188e+00 1.020136e+00 6.046593e-01 5.937720e-01 1.587202e+00 5.874075e-01 5.887756e-01 5.926088e-01 6.104915e-01 0.000000e+00 0.000000e+00 0.000000e+00 0.000000e+00 0.000000e+00 0.000000e+00 2.422084e+00 6.553037e-01 6.475108e-01 6.472974e-01
-9.999000e+03 -9.999000e+03 -9.999000e+03 -9.999000e+03 -9.999000e+03 -9.999000e+03 -9.999000e+03 -9.999000e+03 -9.999000e+03 -9.999000e+03 0.000000e+00 1.746183e+00 2.210079e+00 7.627767e+00 0.000000e+00 5.049598e-01 1.056036e+00 1.291168e+00 1.414624e+00 1.200914e+00 1.932161e+00 1.569432e+00 1.607319e+00 1.648781e+00 1.693237e+00 1.284302e+00 5.784660e-01 1.300821e+00 1.641233e+00 1.276903e+00 1.249950e+00 1.217150e+00 1.194591e+00 5.687942e-01 0.000000e+00 0.000000e+00 1.360359e+00 0.000000e+00 0.000000e+00 0.000000e+00 0.000000e+00 0.000000e+00 6.377160e-01 1.145350e+00 1.545059e+00 1.857387e+00 2.099929e+00 2.284811e+00 0.000000e+00 0.000000e+00 0.000000e+00 0.000000e+00
-9.999000e+03 -9.999000e+03 -9.999000e+03 -9.999000e+03 -9.999000e+03 -9.999000e+03 -9.999000e+03 -9.999000e+03 -9.999000e+03 -9.999000e+03 0.000000e+00 2.528962e+00 7.705446e+00 4.957278e-01 0.000000e+00 8.134994e-01 1.163143e+00 1.335109e+00 9.016136e-01 2.114489e+00 1.483671e+00 1.528644e+00 1.583697e+00 1.643449e+00 9.836079e-01 0.000000e+00 9.912983e-01 1.497068e+00 9.764008e-01 9.623989e-01 9.323244e-01 9.072332e-01 0.000000e+00 0.000000e+00 5.934579e-01 1.041793e+00 0.000000e+00 5.744767e-01 9.872846e-01 1.286336e+00 0.000000e+00 0.000000e+00 6.354477e-01 1.139200e+00 1.532345e+00 1.835010e+00 2.065202e+00 2.237814e+00 2.365514e+00 2.454881e+00 2.508718e+00 2.538065e+00
-9.999000e+03 -9.999000e+03 -9.999000e+03 -9.999000e+03 -9.999000e+03 -9.999000e+03 -9.999000e+03 -9.999000e+03 -9.999000e+03 0.000000e+00 3.493292e+00 7.585575e+00 7.963432e-01 0.000000e+00 4.889813e-01 1.022093e+00 1.289711e+00 5.156805e-01 2.327793e+00 1.415024e+00 1.454248e+00 1.514947e+00 1.586863e+00 5.682199e-01 0.000000e+00 5.732956e-01 1.289669e+00 5.642965e-01 5.610914e-01 5.500986e-01 5.283766e-01 0.000000e+00 5.513752e-01 9.636498e-01 1.289380e+00 1.539981e+00 1.715254e+00 1.824875e+00 0.000000e+00 0.000000e+00 1.507266e+00 6.070003e-01 1.101885e+00 1.496117e+00 1.796422e+00 2.016563e+00 2.172333e+00 2.281250e+00 2.360465e+00 2.419121e+00 2.461834e+00 2.492504e+00
-9.999000e+03 -9.999000e+03 -9.999000e+03 -9.999000e+03 -9.999000e+03 -9.999000e+03 -9.999000e+03 -9.999000e+03 -9.999000e+03 0.000000e+00 7.110939e+00 1.194890e+00 4.832128e-01 0.000000e+00 8.104934e-01 1.252016e+00 0.000000e+00 2.539699e+00 1.383504e+00 1.407380e+00 1.459909e+00 1.531283e+00 0.000000e+00 0.000000e+00 5.751287e-01 9.944855e-01 0.000000e+00 0.000000e+00 0.000000e+00 0.000000e+00 0.000000e+00 5.297463e-01 9.286911e-01 1.240799e+00 1.489955e+00 1.684466e+00 1.827273e+00 0.000000e+00 1.881556e+00 5.872254e-01 6.049938e-01 1.705160e+00 1.882658e+00 2.032820e+00 2.147518e+00 2.227786e+00 2.281360e+00 2.317553e+00 2.346541e+00 2.374077e+00 3.448159e+01 3.514921e+01
-9.999000e+03 -9.999000e+03 -9.999000e+03 -9.999000e+03 -9.999000e+03 -9.999000e+03 -9.999000e+03 -9.999000e+03 1.746734e+00 3.489611e+00 5.228976e+00 1.066515e+00 0.000000e+00 4.898815e-01 1.181178e+00 1.291593e+00 2.697255e+00 1.390954e+00 1.402515e+00 1.438322e+00 1.486537e+00 5.583001e-01 9.644797e-01 1.262319e+00 1.481293e+00 8.846797e+00 9.941766e+00 9.308313e+00 8.597504e+00 7.802978e+00 6.911220e+00 5.948808e+00 4.954692e+00 3.943395e+00 2.934195e+00 2.014730e+00 1.940446e+00 3.930883e+00 4.453580e+00 6.233625e+00 7.068651e+00 7.870990e+00 7.520733e+00 7.110199e+00 6.638864e+00 6.114772e+00 5.549873e+00 4.948719e+00 4.315063e+00 3.375028e+01 2.386268e+00 2.367100e+00
-9.999000e+03 -9.999000e+03 -9.999000e+03 -9.999000e+03 -9.999000e+03 -9.999000e+03 -9.999000e+03 0.000000e+00 1.745961e+00 5.029176e+00 5.120265e-01 8.402392e-01 0.000000e+00 1.057545e+00 1.222067e+00 1.368627e+00 1.400322e+00 1.422883e+00 1.461534e+00 1.461075e+00 0.000000e+00 0.000000e+00 5.638285e-01 6.570248e+00 7.678054e+00 1.504164e+00 9.966613e-01 1.294672e+00 1.497752e+00 1.620698e+00 1.671577e+00 1.688228e+00 1.712505e+00 1.759284e+00 1.828320e+00 1.906863e+00 1.978720e+00 2.033047e+00 2.064092e+00 2.081916e+00 2.102300e+00 2.127663e+00 2.153189e+00 2.175505e+00 2.191769e+00 2.204028e+00 2.217881e+00 2.231095e+00 3.174700e+01 2.436649e+00 2.413423e+00 2.385673e+00
-9.999000e+03 -9.999000e+03 -9.999000e+03 -9.999000e+03 -9.999000e+03 -9.999000e+03 -9.999000e+03 0.000000e+00 8.094605e-02 5.127294e+00 0.000000e+00 4.940663e-01 8.375060e-01 1.091544e+00 1.336035e+00 1.390834e+00 1.427646e+00 1.510449e+00 1.445501e+00 1.474235e+00 3.020321e+00 4.488282e+00 5.904017e+00 1.289011e+00 1.292033e+00 5.720578e-01 0.000000e+00 5.785225e-01 1.000384e+00 1.299869e+00 1.494315e+00 1.620057e+00 1.714937e+00 1.794774e+00 1.866460e+00 1.930233e+00 2.174911e+01 2.264440e+01 2.353718e+01 2.443197e+01 2.533783e+01 2.625467e+01 2.717635e+01 2.572405e+01 2.423885e+01 2.272065e+01 3.024087e+01 3.113753e+01 2.478746e+00 2.462311e+00 2.435064e+00 2.401731e+00
-9.999000e+03 -9.999000e+03 -9.999000e+03 -9.999000e+03 -9.999000e+03 -9.999000e+03 -9.999000e+03 0.000000e+00 4.546605e+00 1.068275e+00 0.000000e+00 4.970467e-01 8.633993e-01 1.250308e+00 1.341378e+00 1.405564e+00 1.590095e+00 1.402301e+00 1.440405e+00 1.459956e+00 1.495632e+00 1.551512e+00 9.849947e-01 9.947801e-01 0.000000e+00 0.000000e+00 5.814637e-01 1.011357e+00 1.322140e+00 1.537029e+00 1.673702e+00 1.756910e+00 1.813045e+00 1.900125e+01 1.997990e+01 2.093802e+01 2.115697e+00 2.146628e+00 2.177703e+00 2.211244e+00 2.251079e+00 2.296421e+00 2.340846e+00 4.761377e+00 7.100609e+00 9.366665e+00 2.479469e+00 2.487510e+00 2.486156e+00 2.475706e+00 2.452185e+00 2.420203e+00
