tests/data/reference/test_sheet_stream/control/massbalance.asc
ncols	123
nrows	77
xllcorner	-713746.79929998
yllcorner	-1061022.36961616
cellsize	10.0
NODATA_value	-9999
[rows 23 to 45 of 77, columns 51 to 101 of 123]
2.220446e-16 0.000000e+00 -4.440892e-16 -4.440892e-16 0.000000e+00 -8.881784e-16 8.881784e-16 0.000000e+00 0.000000e+00 -8.881784e-16 -8.881784e-16 0.000000e+00 -4.440892e-16 0.000000e+00 4.440892e-16 4.440892e-16 8.881784e-16 -3.552714e-15 1.776357e-15 4.440892e-16 8.881784e-16 4.440892e-16 -4.440892e-16 -4.440892e-16 4.440892e-16 0.000000e+00 0.000000e+00 1.421085e-14 -5.329071e-15 2.664535e-15 0.000000e+00 0.000000e+00 4.440892e-16 0.000000e+00 -2.220446e-16 -9.999000e+03 -9.999000e+03 -9.999000e+03 -9.999000e+03 -9.999000e+03 -9.999000e+03 -9.999000e+03 -9.999000e+03 -9.999000e+03 -9.999000e+03 -9.999000e+03 -9.999000e+03 -9.999000e+03 -9.999000e+03 -9.999000e+03 -9.999000e+03
0.000000e+00 0.000000e+00 -8.881784e-16 0.000000e+00 0.000000e+00 1.776357e-15 8.881784e-16 1.776357e-15 8.881784e-16 1.776357e-15 1.776357e-15 2.664535e-15 1.332268e-15 0.000000e+00 0.000000e+00 0.000000e+00 2.664535e-15 7.105427e-15 -8.881784e-16 1.776357e-15 0.000000e+00 0.000000e+00 4.440892e-16 0.000000e+00 -4.440892e-16 4.440892e-16 0.000000e+00 -2.220446e-16 -1.065814e-14 1.776357e-15 -2.664535e-15 -1.776357e-15 4.440892e-16 0.000000e+00 0.000000e+00 2.220446e-16 -9.999000e+03 -9.999000e+03 -9.999000e+03 -9.999000e+03 -9.999000e+03 -9.999000e+03 -9.999000e+03 -9.999000e+03 -9.999000e+03 -9.999000e+03 -9.999000e+03 -9.999000e+03 -9.999000e+03 -9.999000e+03 -9.999000e+03
4.440892e-16 0.000000e+00 0.000000e+00 4.440892e-16 8.881784e-16 0.000000e+00 -1.776357e-15 -8.881784e-16 -1.776357e-15 -1.776357e-15 0.000000e+00 8.881784e-16 -1.776357e-15 -8.881784e-16 0.000000e+00 1.776357e-15 8.881784e-16 1.776357e-15 8.881784e-16 -4.440892e-16 4.440892e-16 0.000000e+00 -8.881784e-16 -8.881784e-16 0.000000e+00 0.000000e+00 0.000000e+00 0.000000e+00 3.552714e-15 2.220446e-16 0.000000e+00 -1.776357e-15 -1.776357e-15 0.000000e+00 4.440892e-16 -4.440892e-16 -2.220446e-16 -2.220446e-16 6.661338e-16 -9.999000e+03 -9.999000e+03 -9.999000e+03 -9.999000e+03 -9.999000e+03 -9.999000e+03 -9.999000e+03 -9.999000e+03 -9.999000e+03 -9.999000e+03 -9.999000e+03 -9.999000e+03
2.220446e-16 0.000000e+00 0.000000e+00 0.000000e+00 -4.440892e-16 -1.776357e-15 8.881784e-16 0.000000e+00 2.664535e-15 1.776357e-15 8.881784e-16 0.000000e+00 -8.881784e-16 8.881784e-16 8.881784e-16 0.000000e+00 0.000000e+00 0.000000e+00 -8.881784e-16 0.000000e+00 8.881784e-16 8.881784e-16 4.440892e-16 8.881784e-16 -4.440892e-16 4.440892e-16 0.000000e+00 0.000000e+00 0.000000e+00 4.440892e-16 8.881784e-16 0.000000e+00 0.000000e+00 0.000000e+00 0.000000e+00 -4.440892e-16 0.000000e+00 0.000000e+00 2.220446e-16 -4.440892e-16 2.220446e-16 -9.999000e+03 -9.999000e+03 -9.999000e+03 -9.999000e+03 -9.999000e+03 -9.999000e+03 -9.999000e+03 -9.999000e+03 -9.999000e+03 -9.999000e+03
-4.440892e-16 0.000000e+00 2.220446e-16 0.000000e+00 4.440892e-16 8.881784e-16 1.776357e-15 0.000000e+00 0.000000e+00 -2.664535e-15 0.000000e+00 0.000000e+00 0.000000e+00 -8.881784e-16 -8.881784e-16 0.000000e+00 1.776357e-15 3.552714e-15 2.664535e-15 -8.881784e-16 -4.440892e-16 -8.881784e-16 -1.332268e-15 1.332268e-15 0.000000e+00 0.000000e+00 8.881784e-16 0.000000e+00 7.105427e-15 4.440892e-16 -8.881784e-16 0.000000e+00 0.000000e+00 -4.440892e-16 0.000000e+00 0.000000e+00 8.881784e-16 -2.220446e-16 2.220446e-16 0.000000e+00 0.000000e+00 -4.440892e-16 4.748224e-11 -9.999000e+03 -9.999000e+03 -9.999000e+03 -9.999000e+03 -9.999000e+03 -9.999000e+03 -9.999000e+03 -9.999000e+03
0.000000e+00 8.881784e-16 -4.440892e-16 0.000000e+00 -8.881784e-16 2.220446e-16 0.000000e+00 8.881784e-16 -1.776357e-15 1.776357e-15 8.881784e-16 -8.881784e-16 0.000000e+00 1.776357e-15 0.000000e+00 8.881784e-16 0.000000e+00 7.105427e-15 8.881784e-16 2.220446e-15 8.881784e-16 0.000000e+00 4.440892e-16 -8.881784e-16 2.664535e-15 -8.881784e-16 -1.332268e-15 8.881784e-16 -1.776357e-15 -8.881784e-16 2.664535e-15 1.776357e-15 8.881784e-16 0.000000e+00 0.000000e+00 -1.776357e-15 0.000000e+00 -4.440892e-16 4.440892e-16 0.000000e+00 -8.881784e-16 -9.999000e+03 -3.579625e-11 8.330026e-11 6.420708e-11 -9.999000e+03 -9.999000e+03 -9.999000e+03 -9.999000e+03 -9.999000e+03 -9.999000e+03
-8.881784e-16 8.881784e-16 1.332268e-15 8.881784e-16 8.881784e-16 2.220446e-16 -8.881784e-16 -8.881784e-16 -8.881784e-16 8.881784e-16 -8.881784e-16 0.000000e+00 8.881784e-16 0.000000e+00 -1.776357e-15 0.000000e+00 -8.881784e-16 8.881784e-16 3.552714e-15 0.000000e+00 1.776357e-15 -4.440892e-16 0.000000e+00 -8.881784e-16 -1.332268e-15 0.000000e+00 1.776357e-15 0.000000e+00 -1.776357e-15 2.220446e-15 8.881784e-16 -1.776357e-15 -8.881784e-16 0.000000e+00 -8.881784e-16 1.332268e-15 8.881784e-16 4.440892e-16 0.000000e+00 4.440892e-16 -9.999000e+03 -9.999000e+03 0.000000e+00 -8.881784e-16 0.000000e+00 -5.990719e-11 -9.999000e+03 -9.999000e+03 -9.999000e+03 -9.999000e+03 -9.999000e+03
0.000000e+00 -4.440892e-16 0.000000e+00 0.000000e+00 0.000000e+00 4.440892e-16 2.220446e-16 8.881784e-16 0.000000e+00 8.881784e-16 8.881784e-16 8.881784e-16 0.000000e+00 0.000000e+00 8.881784e-16 8.881784e-16 -8.881784e-16 8.881784e-16 0.000000e+00 3.552714e-15 -8.881784e-16 8.881784e-16 8.881784e-16 8.881784e-16 0.000000e+00 -8.881784e-16 0.000000e+00 -4.440892e-16 3.552714e-15 0.000000e+00 -8.881784e-16 -1.776357e-15 4.440892e-16 8.881784e-16 1.776357e-15 -1.776357e-15 0.000000e+00 0.000000e+00 4.440892e-16 -9.999000e+03 -9.999000e+03 4.440892e-16 -2.664535e-15 -4.440892e-16 2.220446e-16 0.000000e+00 -1.277911e-11 -9.999000e+03 -9.999000e+03 -9.999000e+03 -9.999000e+03
8.881784e-16 -8.881784e-16 4.440892e-16 -1.776357e-15 8.881784e-16 0.000000e+00 0.000000e+00 0.000000e+00 0.000000e+00 0.000000e+00 -1.776357e-15 0.000000e+00 0.000000e+00 -8.881784e-16 8.881784e-16 -1.776357e-15 0.000000e+00 8.881784e-16 1.776357e-15 1.065814e-14 -8.881784e-16 -8.881784e-16 0.000000e+00 1.776357e-15 -8.881784e-16 4.440892e-16 0.000000e+00 8.881784e-16 1.776357e-15 -4.440892e-16 0.000000e+00 3.552714e-15 0.000000e+00 1.776357e-15 2.664535e-15 0.000000e+00 2.220446e-16 4.440892e-16 -9.999000e+03 -9.999000e+03 -2.220446e-16 4.440892e-16 1.776357e-15 0.000000e+00 -8.881784e-16 0.000000e+00 -2.220446e-16 -2.220446e-16 -9.999000e+03 -9.999000e+03 -9.999000e+03
-8.881784e-16 1.776357e-15 -8.881784e-16 1.776357e-15 0.000000e+00 0.000000e+00 0.000000e+00 0.000000e+00 0.000000e+00 4.440892e-16 -8.881784e-16 8.881784e-16 1.776357e-15 0.000000e+00 8.881784e-16 -8.881784e-16 1.776357e-15 0.000000e+00 0.000000e+00 -3.552714e-15 0.000000e+00 0.000000e+00 0.000000e+00 8.881784e-16 8.881784e-16 8.881784e-16 8.881784e-16 -8.881784e-16 -1.776357e-15 4.440892e-16 -1.332268e-15 -1.776357e-15 1.776357e-15 -8.881784e-16 0.000000e+00 -4.440892e-16 -2.220446e-16 -9.999000e+03 -9.999000e+03 2.220446e-16 1.332268e-15 0.000000e+00 0.000000e+00 8.881784e-16 -2.220446e-16 4.440892e-16 0.000000e+00 4.440892e-16 2.220446e-16 -3.059575e-11 -9.999000e+03
0.000000e+00 0.000000e+00 1.776357e-15 0.000000e+00 -8.881784e-16 -1.776357e-15 -4.440892e-16 -1.332268e-15 -8.881784e-16 0.000000e+00 -8.881784e-16 -8.881784e-16 -1.776357e-15 -8.881784e-16 0.000000e+00 -1.776357e-15 0.000000e+00 0.000000e+00 0.000000e+00 8.881784e-16 3.552714e-15 0.000000e+00 8.881784e-16 -8.881784e-16 8.881784e-16 8.881784e-16 0.000000e+00 0.000000e+00 0.000000e+00 8.881784e-16 8.881784e-16 -3.552714e-15 8.881784e-16 0.000000e+00 8.881784e-16 -9.999000e+03 -9.999000e+03 -9.999000e+03 2.220446e-16 0.000000e+00 -4.440892e-16 -1.776357e-15 -4.440892e-16 2.220446e-16 4.440892e-16 4.440892e-16 0.000000e+00 -4.440892e-16 8.881784e-16 -2.220446e-16 -6.488721e-11
1.576208e-08 2.058684e-08 1.268273e-08 -2.664535e-15 -1.776357e-15 0.000000e+00 8.881784e-16 0.000000e+00 1.332268e-15 4.440892e-16 0.000000e+00 8.881784e-16 0.000000e+00 2.664535e-15 1.776357e-15 8.881784e-16 0.000000e+00 8.881784e-16 0.000000e+00 0.000000e+00 1.421085e-14 0.000000e+00 8.881784e-16 0.000000e+00 -8.881784e-16 -8.881784e-16 -8.881784e-16 8.881784e-16 0.000000e+00 1.776357e-15 0.000000e+00 3.552714e-15 0.000000e+00 -4.440892e-16 -9.999000e+03 -9.999000e+03 -2.220446e-16 2.220446e-16 4.440892e-16 -8.881784e-16 0.000000e+00 -8.881784e-16 0.000000e+00 4.440892e-16 0.000000e+00 4.440892e-16 -8.881784e-16 -4.440892e-16 2.220446e-16 -2.220446e-16 0.000000e+00
-8.881784e-16 -3.552714e-15 -1.776357e-15 2.414421e-08 0.000000e+00 -1.776357e-15 -2.664535e-15 0.000000e+00 8.881784e-16 -1.776357e-15 4.440892e-16 -4.440892e-16 0.000000e+00 0.000000e+00 8.881784e-16 -1.776357e-15 0.000000e+00 8.881784e-16 0.000000e+00 -8.881784e-16 -8.881784e-16 -2.131628e-14 -2.664535e-15 -8.881784e-16 0.000000e+00 0.000000e+00 0.000000e+00 0.000000e+00 0.000000e+00 -1.776357e-15 0.000000e+00 0.000000e+00 0.000000e+00 -9.999000e+03 -9.999000e+03 2.220446e-16 0.000000e+00 -8.881784e-16 4.440892e-16 -5.329071e-15 8.881784e-16 -4.440892e-16 -1.332268e-15 0.000000e+00 6.661338e-16 0.000000e+00 2.664535e-15 0.000000e+00 -4.440892e-16 0.000000e+00 4.440892e-16
-8.881784e-16 -2.220446e-16 -8.881784e-16 -4.440892e-16 3.396650e-08 -3.852909e-08 2.165109e-09 3.079944e-08 -1.776357e-15 -4.440892e-16 8.881784e-16 0.000000e+00 -4.440892e-16 -1.776357e-15 -8.881784e-16 -1.776357e-15 -8.881784e-16 -8.881784e-16 -1.776357e-15 0.000000e+00 -2.664535e-15 0.000000e+00 -7.105427e-15 -2.664535e-15 -2.664535e-15 0.000000e+00 0.000000e+00 8.881784e-16 0.000000e+00 8.881784e-16 -8.881784e-16 -3.552714e-15 -9.999000e+03 -9.999000e+03 -2.220446e-16 0.000000e+00 4.440892e-16 4.440892e-16 0.000000e+00 -5.329071e-15 0.000000e+00 8.881784e-16 -8.881784e-16 8.881784e-16 2.220446e-16 0.000000e+00 -2.664535e-15 0.000000e+00 8.881784e-16 -8.881784e-16 0.000000e+00
-4.440892e-16 0.000000e+00 -8.881784e-16 -8.881784e-16 -8.881784e-16 8.881784e-16 8.881784e-16 -8.881784e-16 3.084892e-09 -4.045975e-08 3.931072e-08 -1.205282e-08 8.893642e-08 -6.755096e-08 8.654587e-08 -8.513376e-08 8.488942e-08 -1.001661e-08 -1.776357e-15 -1.776357e-15 0.000000e+00 8.881784e-16 -1.332268e-15 -2.131628e-14 0.000000e+00 -8.881784e-16 -8.881784e-16 -8.881784e-16 0.000000e+00 0.000000e+00 3.552714e-15 -9.999000e+03 -9.999000e+03 -4.440892e-16 2.220446e-16 0.000000e+00 0.000000e+00 0.000000e+00 8.881784e-16 1.776357e-15 0.000000e+00 0.000000e+00 -4.440892e-16 -4.440892e-16 8.881784e-16 -8.881784e-16 2.220446e-16 0.000000e+00 8.881784e-16 0.000000e+00 -8.881784e-16
4.440892e-16 -8.881784e-16 0.000000e+00 -4.440892e-16 -1.421085e-14 8.974155e-12 9.307115e-10 -2.493579e-09 -1.675282e-09 3.352426e-09 4.241940e-11 -6.494965e-09 1.752127e-10 1.464262e-08 8.886758e-09 -7.591439e-09 -2.359522e-08 1.774711e-08 -1.112397e-07 -6.476532e-08 0.000000e+00 -1.776357e-15 8.881784e-16 -7.105427e-15 -3.552714e-15 -2.664535e-15 0.000000e+00 -1.776357e-15 -8.881784e-16 1.776357e-15 -9.999000e+03 -9.999000e+03 0.000000e+00 8.881784e-16 6.661338e-16 0.000000e+00 4.440892e-16 -4.440892e-16 1.776357e-15 -4.440892e-16 4.440892e-16 0.000000e+00 8.881784e-16 8.881784e-16 -1.776357e-15 0.000000e+00 4.440892e-16 -6.661338e-16 -8.881784e-16 -4.440892e-16 3.552714e-15
0.000000e+00 0.000000e+00 0.000000e+00 0.000000e+00 -4.440892e-16 -1.332268e-15 -8.881784e-16 -4.440892e-16 4.440892e-16 0.000000e+00 8.881784e-16 -8.881784e-16 -1.776357e-15 -8.881784e-16 8.881784e-16 0.000000e+00 0.000000e+00 -8.881784e-16 -1.776357e-15 -3.552714e-15 1.123772e-07 -9.335832e-08 2.717002e-09 9.603963e-08 1.421085e-14 0.000000e+00 -2.664535e-15 -8.881784e-16 0.000000e+00 -9.999000e+03 -9.999000e+03 2.220446e-16 0.000000e+00 0.000000e+00 2.220446e-16 4.440892e-16 0.000000e+00 8.881784e-16 3.552714e-15 4.440892e-16 8.881784e-16 -4.440892e-16 0.000000e+00 1.776357e-15 0.000000e+00 -8.881784e-16 0.000000e+00 4.440892e-16 1.332268e-15 8.881784e-16 -8.881784e-16
1.776357e-15 1.421085e-14 -8.881784e-16 1.332268e-15 0.000000e+00 0.000000e+00 1.776357e-15 -1.332268e-15 8.881784e-16 0.000000e+00 1.332268e-15 0.000000e+00 -8.881784e-16 0.000000e+00 8.881784e-16 0.000000e+00 8.881784e-16 -2.664535e-15 -2.664535e-15 -5.329071e-15 -1.065814e-14 1.598721e-14 -8.215650e-15 7.105427e-15 -1.205186e-08 -2.131628e-14 -8.881784e-16 0.000000e+00 -2.220446e-16 -9.999000e+03 2.220446e-16 -4.440892e-16 8.881784e-16 -2.220446e-16 0.000000e+00 -8.881784e-16 2.220446e-15 0.000000e+00 0.000000e+00 0.000000e+00 -4.440892e-16 8.881784e-16 0.000000e+00 0.000000e+00 4.440892e-16 8.881784e-16 -4.440892e-16 -8.881784e-16 -2.220446e-16 -4.440892e-16 -1.776357e-15
1.421085e-14 1.776357e-15 -8.881784e-16 0.000000e+00 1.776357e-15 0.000000e+00 1.332268e-15 -8.881784e-16 8.881784e-16 -4.440892e-16 8.881784e-16 0.000000e+00 0.000000e+00 8.881784e-16 4.440892e-16 -8.881784e-16 2.664535e-15 3.552714e-15 0.000000e+00 -3.552714e-15 -8.881784e-16 -1.776357e-15 -9.999000e+03 -9.999000e+03 -9.999000e+03 9.617887e-08 1.532534e-09 -1.776357e-15 -9.999000e+03 -9.999000e+03 -4.440892e-16 -8.881784e-16 8.881784e-16 0.000000e+00 4.440892e-16 4.440892e-16 0.000000e+00 -3.552714e-15 4.440892e-16 0.000000e+00 0.000000e+00 -2.664535e-15 -1.332268e-15 -4.440892e-16 4.440892e-16 0.000000e+00 8.881784e-16 -8.881784e-16 2.220446e-16 4.440892e-16 -4.440892e-16
-4.440892e-16 0.000000e+00 1.776357e-15 -8.881784e-16 -1.332268e-15 0.000000e+00 8.881784e-16 0.000000e+00 1.776357e-15 -8.881784e-16 8.881784e-16 8.881784e-16 0.000000e+00 -8.881784e-16 8.881784e-16 -1.332268e-15 0.000000e+00 -8.881784e-16 1.332268e-15 0.000000e+00 1.776357e-15 0.000000e+00 0.000000e+00 -2.664535e-15 -9.999000e+03 -9.999000e+03 -9.999000e+03 9.712143e-09 -9.999000e+03 -2.220446e-16 -4.440892e-16 0.000000e+00 -2.664535e-15 4.440892e-16 0.000000e+00 1.332268e-15 0.000000e+00 1.421085e-14 1.332268e-15 0.000000e+00 0.000000e+00 8.881784e-16 1.332268e-15 -8.881784e-16 -8.881784e-16 -1.332268e-15 4.440892e-16 2.220446e-16 0.000000e+00 4.440892e-16 1.776357e-15
0.000000e+00 0.000000e+00 -8.881784e-16 8.881784e-16 0.000000e+00 -1.776357e-15 0.000000e+00 -2.220446e-15 1.332268e-15 -4.440892e-16 0.000000e+00 0.000000e+00 -4.440892e-16 8.881784e-16 -8.881784e-16 3.552714e-15 8.881784e-16 4.440892e-16 8.881784e-16 -1.332268e-15 0.000000e+00 -1.332268e-15 -4.440892e-16 8.881784e-16 -4.440892e-16 -1.332268e-15 -9.999000e+03 -9.999000e+03 -9.999000e+03 0.000000e+00 4.440892e-16 8.881784e-16 8.881784e-16 4.440892e-16 0.000000e+00 -8.881784e-16 -8.881784e-16 -1.776357e-14 -8.881784e-16 0.000000e+00 -8.881784e-16 0.000000e+00 8.881784e-16 -4.440892e-16 1.776357e-15 0.000000e+00 0.000000e+00 2.220446e-16 -8.881784e-16 -4.440892e-16 -4.440892e-16
-8.881784e-16 8.881784e-16 8.881784e-16 8.881784e-16 8.881784e-16 -8.881784e-16 1.776357e-15 -4.440892e-16 0.000000e+00 -8.881784e-16 0.000000e+00 8.881784e-16 -2.220446e-15 4.440892e-16 -3.552714e-15 -8.881784e-16 0.000000e+00 0.000000e+00 1.332268e-15 4.440892e-16 4.440892e-16 1.776357e-15 0.000000e+00 4.440892e-16 -8.881784e-16 -4.440892e-16 -6.661338e-16 -9.999000e+03 -9.999000e+03 -9.999000e+03 -9.999000e+03 -8.881784e-16 -1.776357e-15 0.000000e+00 1.776357e-15 8.881784e-16 0.000000e+00 3.552714e-15 8.881784e-16 8.881784e-16 0.000000e+00 -4.440892e-16 0.000000e+00 0.000000e+00 0.000000e+00 0.000000e+00 8.881784e-16 2.220446e-16 4.440892e-16 8.881784e-16 0.000000e+00
1.776357e-15 0.000000e+00 0.000000e+00 -4.440892e-16 1.776357e-15 -4.440892e-16 8.881784e-16 0.000000e+00 4.440892e-16 0.000000e+00 -4.440892e-16 8.881784e-16 -4.440892e-16 3.552714e-15 8.881784e-16 -8.881784e-16 4.440892e-16 0.000000e+00 -4.440892e-16 0.000000e+00 0.000000e+00 -1.332268e-15 -8.881784e-16 8.881784e-16 -4.440892e-16 -8.881784e-16 -9.999000e+03 -9.999000e+03 0.000000e+00 -8.881784e-16 -9.999000e+03 -9.999000e+03 -9.999000e+03 -1.332268e-15 -1.332268e-15 0.000000e+00 -8.881784e-16 0.000000e+00 -8.881784e-16 8.881784e-16 0.000000e+00 0.000000e+00 -2.220446e-15 0.000000e+00 4.440892e-16 0.000000e+00 -4.440892e-16 2.220446e-16 0.000000e+00 -8.881784e-16 8.881784e-16
