tests/data/reference/test_sheet_stream/control/massbalance.asc
ncols	123
nrows	77
xllcorner	-713746.79929998
yllcorner	-1061022.36961616
cellsize	10.0
NODATA_value	-9999
[rows 23 to 45 of 77, columns 51 to 101 of 123]
6.661338e-16 4.440892e-16 8.881784e-16 8.881784e-16 0.000000e+00 8.881784e-16 1.776357e-15 8.881784e-16 8.881784e-16 -8.881784e-16 -2.664535e-15 -1.776357e-15 0.000000e+00 -4.440892e-16 8.881784e-16 1.776357e-15 0.000000e+00 -1.776357e-15 8.881784e-16 -8.881784e-16 0.000000e+00 4.440892e-16 0.000000e+00 4.440892e-16 4.440892e-16 2.220446e-16 4.440892e-16 1.776357e-14 -5.329071e-15 1.776357e-15 4.440892e-16 8.881784e-16 4.440892e-16 2.220446e-16 6.661338e-16 -9.999000e+03 -9.999000e+03 -9.999000e+03 -9.999000e+03 -9.999000e+03 -9.999000e+03 -9.999000e+03 -9.999000e+03 -9.999000e+03 -9.999000e+03 -9.999000e+03 -9.999000e+03 -9.999000e+03 -9.999000e+03 -9.999000e+03 -9.999000e+03
8.881784e-16 0.000000e+00 -4.440892e-16 0.000000e+00 8.881784e-16 2.664535e-15 0.000000e+00 8.881784e-16 -1.776357e-15 2.664535e-15 0.000000e+00 1.776357e-15 1.776357e-15 8.881784e-16 0.000000e+00 8.881784e-16 8.881784e-16 1.776357e-15 -8.881784e-16 1.776357e-15 8.881784e-16 -8.881784e-16 4.440892e-16 0.000000e+00 4.440892e-16 0.000000e+00 4.440892e-16 -2.220446e-16 -1.421085e-14 8.881784e-16 -2.664535e-15 0.000000e+00 8.881784e-16 8.881784e-16 4.440892e-16 4.440892e-16 -9.999000e+03 -9.999000e+03 -9.999000e+03 -9.999000e+03 -9.999000e+03 -9.999000e+03 -9.999000e+03 -9.999000e+03 -9.999000e+03 -9.999000e+03 -9.999000e+03 -9.999000e+03 -9.999000e+03 -9.999000e+03 -9.999000e+03
6.661338e-16 -4.440892e-16 8.881784e-16 0.000000e+00 8.881784e-16 8.881784e-16 8.881784e-16 1.776357e-15 -8.881784e-16 8.881784e-16 8.881784e-16 2.664535e-15 0.000000e+00 0.000000e+00 8.881784e-16 1.776357e-15 1.332268e-15 0.000000e+00 0.000000e+00 -8.881784e-16 8.881784e-16 -4.440892e-16 1.332268e-15 -4.440892e-16 0.000000e+00 8.881784e-16 -4.440892e-16 8.881784e-16 7.105427e-15 2.220446e-16 8.881784e-16 5.329071e-15 0.000000e+00 8.881784e-16 4.440892e-16 -4.440892e-16 2.220446e-16 2.220446e-16 6.661338e-16 -9.999000e+03 -9.999000e+03 -9.999000e+03 -9.999000e+03 -9.999000e+03 -9.999000e+03 -9.999000e+03 -9.999000e+03 -9.999000e+03 -9.999000e+03 -9.999000e+03 -9.999000e+03
2.220446e-16 0.000000e+00 4.440892e-16 8.881784e-16 8.881784e-16 8.881784e-16 1.776357e-15 -8.881784e-16 0.000000e+00 1.776357e-15 8.881784e-16 -8.881784e-16 -8.881784e-16 8.881784e-16 0.000000e+00 -8.881784e-16 0.000000e+00 -3.552714e-15 8.881784e-16 0.000000e+00 8.881784e-16 1.776357e-15 8.881784e-16 8.881784e-16 -4.440892e-16 8.881784e-16 -4.440892e-16 0.000000e+00 -1.776357e-15 4.440892e-16 -8.881784e-16 -3.552714e-15 8.881784e-16 0.000000e+00 1.332268e-15 -4.440892e-16 -4.440892e-16 -4.440892e-16 2.220446e-16 1.332268e-15 2.220446e-16 -9.999000e+03 -9.999000e+03 -9.999000e+03 -9.999000e+03 -9.999000e+03 -9.999000e+03 -9.999000e+03 -9.999000e+03 -9.999000e+03 -9.999000e+03
8.881784e-16 0.000000e+00 4.440892e-16 8.881784e-16 0.000000e+00 8.881784e-16 -8.881784e-16 8.881784e-16 8.881784e-16 0.000000e+00 -1.776357e-15 8.881784e-16 8.881784e-16 8.881784e-16 -8.881784e-16 -8.881784e-16 8.881784e-16 0.000000e+00 0.000000e+00 -8.881784e-16 -8.881784e-16 -8.881784e-16 -8.881784e-16 0.000000e+00 1.776357e-15 8.881784e-16 1.332268e-15 4.440892e-16 7.105427e-15 1.332268e-15 8.881784e-16 -1.776357e-15 0.000000e+00 0.000000e+00 -1.332268e-15 4.440892e-16 0.000000e+00 -2.220446e-16 2.220446e-16 8.881784e-16 4.440892e-16 8.881784e-16 4.748202e-11 -9.999000e+03 -9.999000e+03 -9.999000e+03 -9.999000e+03 -9.999000e+03 -9.999000e+03 -9.999000e+03 -9.999000e+03
0.000000e+00 1.332268e-15 -8.881784e-16 8.881784e-16 0.000000e+00 4.440892e-16 8.881784e-16 8.881784e-16 -8.881784e-16 -8.881784e-16 1.776357e-15 0.000000e+00 0.000000e+00 1.776357e-15 0.000000e+00 0.000000e+00 8.881784e-16 1.065814e-14 1.776357e-15 2.220446e-15 4.440892e-16 4.440892e-16 1.776357e-15 8.881784e-16 1.776357e-15 0.000000e+00 4.440892e-16 4.440892e-16 -3.552714e-15 -1.332268e-15 8.881784e-16 1.776357e-15 8.881784e-16 0.000000e+00 8.881784e-16 -1.332268e-15 0.000000e+00 4.440892e-16 4.440892e-16 6.661338e-16 0.000000e+00 -9.999000e+03 -3.579714e-11 8.330026e-11 6.420686e-11 -9.999000e+03 -9.999000e+03 -9.999000e+03 -9.999000e+03 -9.999000e+03 -9.999000e+03
0.000000e+00 0.000000e+00 1.332268e-15 8.881784e-16 4.440892e-16 2.220446e-16 4.440892e-16 0.000000e+00 1.776357e-15 1.776357e-15 8.881784e-16 -8.881784e-16 0.000000e+00 0.000000e+00 -1.776357e-15 0.000000e+00 0.000000e+00 8.881784e-16 0.000000e+00 0.000000e+00 1.776357e-15 1.332268e-15 0.000000e+00 -8.881784e-16 0.000000e+00 -4.440892e-16 4.440892e-16 8.881784e-16 0.000000e+00 1.776357e-15 1.776357e-15 -3.552714e-15 -4.440892e-16 1.776357e-15 0.000000e+00 8.881784e-16 1.332268e-15 4.440892e-16 8.881784e-16 0.000000e+00 -9.999000e+03 -9.999000e+03 -8.881784e-16 -4.440892e-16 2.220446e-16 -5.990763e-11 -9.999000e+03 -9.999000e+03 -9.999000e+03 -9.999000e+03 -9.999000e+03
0.000000e+00 0.000000e+00 0.000000e+00 0.000000e+00 -8.881784e-16 8.881784e-16 4.440892e-16 4.440892e-16 8.881784e-16 -8.881784e-16 1.776357e-15 1.776357e-15 0.000000e+00 1.776357e-15 8.881784e-16 8.881784e-16 2.664535e-15 1.776357e-15 0.000000e+00 -7.105427e-15 4.440892e-16 -8.881784e-16 8.881784e-16 1.332268e-15 -8.881784e-16 4.440892e-16 8.881784e-16 -8.881784e-16 8.881784e-15 4.440892e-16 4.440892e-16 1.776357e-15 0.000000e+00 -8.881784e-16 2.664535e-15 -1.776357e-15 2.220446e-16 4.440892e-16 0.000000e+00 -9.999000e+03 -9.999000e+03 4.440892e-16 -2.664535e-15 0.000000e+00 1.332268e-15 0.000000e+00 -1.278000e-11 -9.999000e+03 -9.999000e+03 -9.999000e+03 -9.999000e+03
8.881784e-16 0.000000e+00 8.881784e-16 0.000000e+00 1.776357e-15 4.440892e-16 0.000000e+00 2.220446e-16 0.000000e+00 0.000000e+00 1.776357e-15 -8.881784e-16 -8.881784e-16 -1.776357e-15 8.881784e-16 0.000000e+00 0.000000e+00 -8.881784e-16 0.000000e+00 1.065814e-14 -4.440892e-16 0.000000e+00 0.000000e+00 8.881784e-16 1.776357e-15 1.776357e-15 0.000000e+00 8.881784e-16 -8.881784e-16 1.332268e-15 0.000000e+00 3.552714e-15 8.881784e-16 0.000000e+00 1.776357e-15 0.000000e+00 2.220446e-16 -8.881784e-16 -9.999000e+03 -9.999000e+03 6.661338e-16 4.440892e-16 2.664535e-15 0.000000e+00 -1.776357e-15 6.661338e-16 0.000000e+00 4.440892e-16 -9.999000e+03 -9.999000e+03 -9.999000e+03
-8.881784e-16 8.881784e-16 0.000000e+00 8.881784e-16 1.776357e-15 2.220446e-16 8.881784e-16 8.881784e-16 4.440892e-16 0.000000e+00 0.000000e+00 0.000000e+00 1.776357e-15 0.000000e+00 1.776357e-15 8.881784e-16 -8.881784e-16 8.881784e-16 -1.776357e-15 -3.552714e-15 1.776357e-15 1.776357e-15 0.000000e+00 8.881784e-16 0.000000e+00 -8.881784e-16 8.881784e-16 -8.881784e-16 -8.881784e-16 4.440892e-16 0.000000e+00 -1.776357e-15 1.776357e-15 -8.881784e-16 0.000000e+00 -4.440892e-16 2.220446e-16 -9.999000e+03 -9.999000e+03 2.220446e-16 8.881784e-16 0.000000e+00 2.664535e-15 1.332268e-15 6.661338e-16 0.000000e+00 8.881784e-16 4.440892e-16 6.661338e-16 -3.059575e-11 -9.999000e+03
-1.776357e-15 0.000000e+00 1.776357e-15 4.440892e-16 0.000000e+00 -1.776357e-15 0.000000e+00 -8.881784e-16 -4.440892e-16 0.000000e+00 4.440892e-16 -1.776357e-15 0.000000e+00 -1.776357e-15 0.000000e+00 -8.881784e-16 0.000000e+00 0.000000e+00 0.000000e+00 8.881784e-16 3.552714e-15 8.881784e-16 0.000000e+00 -8.881784e-16 1.776357e-15 2.664535e-15 0.000000e+00 8.881784e-16 8.881784e-16 8.881784e-16 8.881784e-16 1.776357e-15 1.332268e-15 8.881784e-16 8.881784e-16 -9.999000e+03 -9.999000e+03 -9.999000e+03 2.220446e-16 4.440892e-16 0.000000e+00 -1.776357e-15 4.440892e-16 6.661338e-16 4.440892e-16 8.881784e-16 -4.440892e-16 4.440892e-16 4.440892e-16 -2.220446e-16 -6.488721e-11
1.576211e-08 2.058681e-08 1.268273e-08 -8.881784e-16 -8.881784e-16 8.881784e-16 8.881784e-16 0.000000e+00 8.881784e-16 0.000000e+00 4.440892e-16 8.881784e-16 0.000000e+00 0.000000e+00 2.664535e-15 8.881784e-16 0.000000e+00 -8.881784e-16 8.881784e-16 1.776357e-15 0.000000e+00 -8.881784e-16 0.000000e+00 0.000000e+00 -1.776357e-15 -8.881784e-16 -8.881784e-16 8.881784e-16 8.881784e-16 1.776357e-15 8.881784e-16 0.000000e+00 4.440892e-16 0.000000e+00 -9.999000e+03 -9.999000e+03 2.220446e-16 4.440892e-16 0.000000e+00 0.000000e+00 1.776357e-15 -8.881784e-16 0.000000e+00 4.440892e-16 8.881784e-16 4.440892e-16 -8.881784e-16 0.000000e+00 4.440892e-16 0.000000e+00 8.881784e-16
0.000000e+00 -1.776357e-15 0.000000e+00 2.414413e-08 -2.664535e-15 -8.881784e-16 0.000000e+00 8.881784e-16 8.881784e-16 -1.776357e-15 8.881784e-16 -1.332268e-15 0.000000e+00 0.000000e+00 0.000000e+00 -1.776357e-15 0.000000e+00 0.000000e+00 8.881784e-16 -8.881784e-16 -1.776357e-15 -1.421085e-14 -8.881784e-16 0.000000e+00 8.881784e-16 8.881784e-16 8.881784e-16 8.881784e-16 -8.881784e-16 1.776357e-15 1.776357e-15 3.552714e-15 8.881784e-16 -9.999000e+03 -9.999000e+03 6.661338e-16 4.440892e-16 0.000000e+00 4.440892e-16 -1.776357e-15 8.881784e-16 -4.440892e-16 4.440892e-16 0.000000e+00 6.661338e-16 -4.440892e-16 1.776357e-15 6.661338e-16 4.440892e-16 4.440892e-16 -8.881784e-16
-8.881784e-16 -2.220446e-16 -4.440892e-16 -8.881784e-16 3.396653e-08 -3.852912e-08 2.165166e-09 3.079941e-08 -1.776357e-15 -8.881784e-16 8.881784e-16 -8.881784e-16 0.000000e+00 0.000000e+00 -8.881784e-16 2.664535e-15 0.000000e+00 0.000000e+00 0.000000e+00 0.000000e+00 -1.776357e-15 2.220446e-16 0.000000e+00 -3.552714e-15 -1.776357e-15 -8.881784e-16 8.881784e-16 8.881784e-16 0.000000e+00 0.000000e+00 -8.881784e-16 -7.105427e-15 -9.999000e+03 -9.999000e+03 6.661338e-16 4.440892e-16 -4.440892e-16 1.332268e-15 -8.881784e-16 -7.105427e-15 -4.440892e-16 8.881784e-16 0.000000e+00 8.881784e-16 4.440892e-16 0.000000e+00 -1.776357e-15 -4.440892e-16 4.440892e-16 -4.440892e-16 1.776357e-15
-8.881784e-16 4.440892e-16 0.000000e+00 -4.440892e-16 0.000000e+00 -8.881784e-16 8.881784e-16 -8.881784e-16 3.084864e-09 -4.045975e-08 3.931063e-08 -1.205285e-08 8.893642e-08 -6.755096e-08 8.654587e-08 -8.513373e-08 8.488934e-08 -1.001666e-08 -8.881784e-16 -1.776357e-15 -8.881784e-16 -8.881784e-16 -1.332268e-15 0.000000e+00 8.881784e-16 8.881784e-16 -1.776357e-15 0.000000e+00 0.000000e+00 -1.776357e-15 3.552714e-15 -9.999000e+03 -9.999000e+03 0.000000e+00 4.440892e-16 4.440892e-16 -4.440892e-16 0.000000e+00 1.332268e-15 1.776357e-15 0.000000e+00 -4.440892e-16 -8.881784e-16 4.440892e-16 8.881784e-16 -8.881784e-16 2.220446e-16 0.000000e+00 4.440892e-16 1.332268e-15 0.000000e+00
4.440892e-16 -8.881784e-16 4.440892e-16 -4.440892e-16 -7.105427e-15 8.952838e-12 9.307399e-10 -2.493607e-09 -1.675261e-09 3.352447e-09 4.237677e-11 -6.495000e-09 1.752269e-10 1.464264e-08 8.886765e-09 -7.591439e-09 -2.359523e-08 1.774713e-08 -1.112397e-07 -6.476526e-08 0.000000e+00 -1.776357e-15 8.881784e-16 -7.105427e-15 -8.881784e-16 -2.664535e-15 -8.881784e-16 -2.664535e-15 -8.881784e-16 1.776357e-15 -9.999000e+03 -9.999000e+03 4.440892e-16 8.881784e-16 6.661338e-16 0.000000e+00 0.000000e+00 -8.881784e-16 0.000000e+00 0.000000e+00 0.000000e+00 0.000000e+00 0.000000e+00 1.332268e-15 -8.881784e-16 4.440892e-16 0.000000e+00 4.440892e-16 4.440892e-16 8.881784e-16 1.776357e-15
0.000000e+00 1.776357e-15 2.842171e-14 1.421085e-14 8.881784e-16 -8.881784e-16 0.000000e+00 0.000000e+00 4.440892e-16 -8.881784e-16 0.000000e+00 -8.881784e-16 -8.881784e-16 -8.881784e-16 0.000000e+00 -8.881784e-16 8.881784e-16 -2.664535e-15 -3.552714e-15 -3.552714e-15 1.123771e-07 -9.335832e-08 2.717087e-09 9.603951e-08 2.131628e-14 8.881784e-16 -1.776357e-15 0.000000e+00 0.000000e+00 -9.999000e+03 -9.999000e+03 2.220446e-16 -8.881784e-16 0.000000e+00 6.661338e-16 8.881784e-16 0.000000e+00 1.332268e-15 7.105427e-15 0.000000e+00 8.881784e-16 -4.440892e-16 -4.440892e-16 0.000000e+00 4.440892e-16 -4.440892e-16 4.440892e-16 6.661338e-16 0.000000e+00 0.000000e+00 -8.881784e-16
2.664535e-15 -7.105427e-15 4.440892e-16 4.440892e-16 4.440892e-16 8.881784e-16 2.220446e-15 -4.440892e-16 1.776357e-15 8.881784e-16 1.776357e-15 4.440892e-16 8.881784e-16 8.881784e-16 8.881784e-16 0.000000e+00 1.776357e-15 -8.881784e-16 0.000000e+00 -3.552714e-15 -5.329071e-15 0.000000e+00 -4.662937e-15 3.552714e-15 -1.205188e-08 -4.263256e-14 0.000000e+00 0.000000e+00 -2.220446e-16 -9.999000e+03 2.220446e-16 0.000000e+00 0.000000e+00 2.220446e-16 4.440892e-16 -8.881784e-16 2.220446e-15 0.000000e+00 3.552714e-15 -8.881784e-16 0.000000e+00 8.881784e-16 0.000000e+00 1.332268e-15 1.332268e-15 0.000000e+00 0.000000e+00 0.000000e+00 4.440892e-16 -8.881784e-16 -4.440892e-16
1.421085e-14 1.776357e-15 1.776357e-15 -4.440892e-16 8.881784e-16 -2.664535e-15 1.332268e-15 -4.440892e-16 1.776357e-15 -1.332268e-15 8.881784e-16 -8.881784e-16 0.000000e+00 1.332268e-15 8.881784e-16 -1.776357e-15 0.000000e+00 5.329071e-15 -8.881784e-16 -2.664535e-15 0.000000e+00 -8.881784e-16 -9.999000e+03 -9.999000e+03 -9.999000e+03 9.617881e-08 1.532534e-09 -1.776357e-15 -9.999000e+03 -9.999000e+03 0.000000e+00 -4.440892e-16 1.776357e-15 4.440892e-16 0.000000e+00 8.881784e-16 0.000000e+00 0.000000e+00 8.881784e-16 8.881784e-16 0.000000e+00 0.000000e+00 4.440892e-16 -8.881784e-16 8.881784e-16 8.881784e-16 8.881784e-16 8.881784e-16 2.220446e-16 8.881784e-16 0.000000e+00
4.440892e-16 -8.881784e-16 0.000000e+00 -4.440892e-16 4.440892e-16 0.000000e+00 4.440892e-16 4.440892e-16 1.776357e-15 0.000000e+00 1.332268e-15 8.881784e-16 -4.440892e-16 0.000000e+00 8.881784e-16 8.881784e-16 0.000000e+00 -8.881784e-16 1.776357e-15 0.000000e+00 8.881784e-16 -8.881784e-16 8.881784e-16 -8.881784e-16 -9.999000e+03 -9.999000e+03 -9.999000e+03 9.712143e-09 -9.999000e+03 -2.220446e-16 -4.440892e-16 0.000000e+00 -1.776357e-15 0.000000e+00 0.000000e+00 8.881784e-16 0.000000e+00 1.776357e-14 8.881784e-16 0.000000e+00 -8.881784e-16 0.000000e+00 8.881784e-16 0.000000e+00 8.881784e-16 -1.776357e-15 0.000000e+00 4.440892e-16 0.000000e+00 4.440892e-16 1.776357e-15
8.881784e-16 8.881784e-16 0.000000e+00 0.000000e+00 0.000000e+00 8.881784e-16 -4.440892e-16 -1.332268e-15 4.440892e-16 0.000000e+00 -4.440892e-16 8.881784e-16 0.000000e+00 8.881784e-16 0.000000e+00 0.000000e+00 8.881784e-16 8.881784e-16 8.881784e-16 -8.881784e-16 0.000000e+00 4.440892e-16 -4.440892e-16 0.000000e+00 -1.776357e-15 0.000000e+00 -9.999000e+03 -9.999000e+03 -9.999000e+03 0.000000e+00 1.332268e-15 0.000000e+00 -8.881784e-16 8.881784e-16 -4.440892e-16 0.000000e+00 8.881784e-16 -2.131628e-14 0.000000e+00 0.000000e+00 4.440892e-16 8.881784e-16 -4.440892e-16 0.000000e+00 1.776357e-15 -8.881784e-16 0.000000e+00 2.220446e-16 8.881784e-16 8.881784e-16 0.000000e+00
8.881784e-16 8.881784e-16 8.881784e-16 -4.440892e-16 8.881784e-16 1.332268e-15 1.776357e-15 8.881784e-16 8.881784e-16 0.000000e+00 8.881784e-16 8.881784e-16 -8.881784e-16 4.440892e-16 5.329071e-15 8.881784e-16 0.000000e+00 0.000000e+00 4.440892e-16 8.881784e-16 0.000000e+00 4.440892e-16 1.332268e-15 4.440892e-16 -8.881784e-16 4.440892e-16 -2.220446e-16 -9.999000e+03 -9.999000e+03 -9.999000e+03 -9.999000e+03 0.000000e+00 -1.776357e-15 8.881784e-16 1.776357e-15 1.776357e-15 -8.881784e-16 3.552714e-15 8.881784e-16 -1.332268e-15 8.881784e-16 8.881784e-16 0.000000e+00 -8.881784e-16 8.881784e-16 0.000000e+00 8.881784e-16 2.220446e-16 -4.440892e-16 4.440892e-16 -8.881784e-16
1.332268e-15 4.440892e-16 1.776357e-15 0.000000e+00 0.000000e+00 8.881784e-16 8.881784e-16 0.000000e+00 8.881784e-16 8.881784e-16 -4.440892e-16 8.881784e-16 -4.440892e-16 0.000000e+00 1.776357e-15 8.881784e-16 8.881784e-16 4.440892e-16 -8.881784e-16 -4.440892e-16 0.000000e+00 -4.440892e-16 8.881784e-16 1.776357e-15 0.000000e+00 0.000000e+00 -9.999000e+03 -9.999000e+03 -2.220446e-16 -8.881784e-16 -9.999000e+03 -9.999000e+03 -9.999000e+03 0.000000e+00 -1.776357e-15 0.000000e+00 0.000000e+00 2.131628e-14 1.776357e-15 8.881784e-16 0.000000e+00 1.332268e-15 -8.881784e-16 8.881784e-16 8.881784e-16 0.000000e+00 -4.440892e-16 2.220446e-16 0.000000e+00 1.332268e-15 0.000000e+00
