tests/data/reference/test_sheet_stream/control/massbalance.asc
ncols	123
nrows	77
xllcorner	-713746.79929998
yllcorner	-1061022.36961616
cellsize	10.0
NODATA_value	-9999
[rows 23 to 45 of 77, columns 0 to 50 of 123]
-9.999000e+03 -9.999000e+03 -9.999000e+03 -9.999000e+03 -9.999000e+03 -9.999000e+03 -9.999000e+03 -9.999000e+03 -9.999000e+03 -9.999000e+03 -9.999000e+03 -9.999000e+03 -9.999000e+03 -9.999000e+03 0.000000e+00 0.000000e+00 8.881784e-16 -3.552714e-15 -6.661338e-16 -6.661338e-16 -2.220446e-16 3.481038e-11 -2.220446e-16 -4.440892e-15 1.776357e-15 -8.881784e-16 0.000000e+00 0.000000e+00 0.000000e+00 1.776357e-15 2.220446e-16 0.000000e+00 -8.881784e-16 1.332268e-15 0.000000e+00 1.332268e-15 1.776357e-15 2.220446e-16 0.000000e+00 8.881784e-16 -8.881784e-16 0.000000e+00 -1.776357e-15 0.000000e+00 8.881784e-16 4.440892e-16 1.776357e-15 8.881784e-16 8.881784e-16 8.881784e-16 -8.881784e-16
-9.999000e+03 -9.999000e+03 -9.999000e+03 -9.999000e+03 -9.999000e+03 -9.999000e+03 -9.999000e+03 -9.999000e+03 -9.999000e+03 -9.999000e+03 -9.999000e+03 -9.999000e+03 -9.999000e+03 -9.999000e+03 -4.440892e-16 4.994721e-09 0.000000e+00 0.000000e+00 -4.440892e-16 2.220446e-16 -6.338485e-12 8.997780e-11 2.220446e-16 0.000000e+00 0.000000e+00 -7.105427e-15 -3.552714e-15 -3.552714e-15 4.440892e-16 2.220446e-16 -2.664535e-15 0.000000e+00 -8.881784e-16 8.881784e-16 0.000000e+00 -1.776357e-15 -8.881784e-16 -4.440892e-16 1.776357e-15 0.000000e+00 8.881784e-16 0.000000e+00 -8.881784e-16 8.881784e-16 0.000000e+00 -8.881784e-16 -1.776357e-15 8.881784e-16 8.881784e-16 8.881784e-16 2.220446e-16
-9.999000e+03 -9.999000e+03 -9.999000e+03 -9.999000e+03 -9.999000e+03 -9.999000e+03 -9.999000e+03 -9.999000e+03 -9.999000e+03 -9.999000e+03 -9.999000e+03 -9.999000e+03 -9.999000e+03 -9.999000e+03 -1.180497e-08 -4.440892e-16 -4.440892e-16 0.000000e+00 -4.440892e-16 0.000000e+00 -4.394263e-11 8.881784e-16 -4.440892e-15 -8.881784e-16 0.000000e+00 -8.881784e-16 -5.329071e-15 -2.664535e-15 -1.776357e-15 -2.220446e-16 -8.881784e-16 8.881784e-16 0.000000e+00 8.881784e-16 -4.440892e-16 1.776357e-15 -2.220446e-16 -2.664535e-15 4.440892e-16 3.552714e-15 -8.881784e-16 -8.881784e-16 8.881784e-16 -1.776357e-15 -8.881784e-16 8.881784e-16 1.776357e-15 -8.881784e-16 -8.881784e-16 -4.440892e-16 0.000000e+00
-9.999000e+03 -9.999000e+03 -9.999000e+03 -9.999000e+03 -9.999000e+03 -9.999000e+03 -9.999000e+03 -9.999000e+03 -9.999000e+03 -9.999000e+03 -9.999000e+03 -9.999000e+03 0.000000e+00 2.220446e-16 -1.776357e-15 4.440892e-16 2.220446e-16 -4.440892e-16 0.000000e+00 -5.024647e-11 -3.330669e-15 -2.664535e-15 -1.776357e-15 2.664535e-15 0.000000e+00 -4.440892e-16 3.552714e-15 -5.329071e-15 2.220446e-15 -4.440892e-16 2.220446e-16 -1.332268e-15 -8.881784e-16 -4.440892e-16 -1.776357e-15 8.881784e-16 -1.065814e-14 -4.440892e-16 -8.881784e-16 0.000000e+00 0.000000e+00 0.000000e+00 0.000000e+00 -8.881784e-16 0.000000e+00 8.881784e-16 -8.881784e-16 8.881784e-16 8.881784e-16 0.000000e+00 0.000000e+00
-9.999000e+03 -9.999000e+03 -9.999000e+03 -9.999000e+03 -9.999000e+03 -9.999000e+03 -9.999000e+03 -9.999000e+03 -9.999000e+03 -9.999000e+03 -9.999000e+03 -9.999000e+03 -9.999000e+03 -4.440892e-16 -4.440892e-16 -4.440892e-16 0.000000e+00 -2.220446e-16 -1.822942e-11 6.661338e-16 -1.332268e-15 0.000000e+00 1.776357e-15 -3.552714e-15 -8.881784e-15 1.065814e-14 -7.105427e-15 0.000000e+00 0.000000e+00 -2.664535e-15 4.440892e-16 0.000000e+00 8.881784e-16 -1.776357e-15 -1.332268e-15 -4.440892e-16 -8.881784e-16 3.552714e-15 8.881784e-16 -8.881784e-16 1.776357e-15 1.776357e-15 8.881784e-16 1.776357e-15 2.664535e-15 1.776357e-15 0.000000e+00 8.881784e-16 0.000000e+00 1.776357e-15 0.000000e+00
-9.999000e+03 -9.999000e+03 -9.999000e+03 -9.999000e+03 -9.999000e+03 -9.999000e+03 -9.999000e+03 -9.999000e+03 -9.999000e+03 -9.999000e+03 -9.999000e+03 -9.999000e+03 -9.999000e+03 -9.999000e+03 -9.999000e+03 -2.220446e-16 -2.220446e-16 -2.470246e-12 3.765832e-11 8.881784e-16 -1.776357e-15 -8.881784e-16 0.000000e+00 -1.776357e-15 -8.881784e-16 -1.776357e-15 -2.664535e-15 0.000000e+00 1.421085e-14 1.776357e-15 -1.776357e-15 -2.220446e-15 -4.440892e-16 -4.440892e-16 -8.881784e-16 -4.440892e-16 4.440892e-16 -4.440892e-16 -5.329071e-15 0.000000e+00 -1.776357e-15 0.000000e+00 1.776357e-15 -8.881784e-16 -1.776357e-15 -1.776357e-15 0.000000e+00 0.000000e+00 8.881784e-16 8.881784e-16 -8.881784e-16
-9.999000e+03 -9.999000e+03 -9.999000e+03 -9.999000e+03 -9.999000e+03 -9.999000e+03 -9.999000e+03 -9.999000e+03 -9.999000e+03 -9.999000e+03 -9.999000e+03 -9.999000e+03 -9.999000e+03 -9.999000e+03 -9.999000e+03 -9.999000e+03 -2.220446e-16 -7.385070e-11 0.000000e+00 -1.776357e-15 0.000000e+00 -2.664535e-15 8.881784e-16 0.000000e+00 -1.776357e-15 -8.881784e-16 -2.664535e-15 -2.220446e-15 0.000000e+00 -2.131628e-14 3.552714e-14 -5.684342e-14 -4.440892e-16 -4.440892e-16 -2.220446e-15 -8.881784e-16 -8.881784e-16 0.000000e+00 0.000000e+00 7.105427e-15 -4.440892e-16 7.105427e-15 -8.881784e-16 0.000000e+00 1.776357e-15 0.000000e+00 0.000000e+00 0.000000e+00 8.881784e-16 -1.776357e-15 0.000000e+00
-9.999000e+03 -9.999000e+03 -9.999000e+03 -9.999000e+03 -9.999000e+03 -9.999000e+03 -9.999000e+03 -9.999000e+03 -9.999000e+03 -9.999000e+03 -9.999000e+03 -9.999000e+03 -9.999000e+03 -9.999000e+03 -9.999000e+03 -9.999000e+03 1.049338e-11 -1.110223e-15 -1.776357e-15 8.881784e-16 -8.881784e-16 1.065814e-14 -7.105427e-15 0.000000e+00 0.000000e+00 0.000000e+00 7.105427e-15 -5.329071e-15 -3.552714e-15 -1.863096e-10 2.427463e-10 -2.101789e-09 6.816300e-09 1.686047e-10 -8.140084e-09 -7.657007e-09 -2.498297e-09 6.923656e-09 -1.325752e-08 -2.439319e-08 -2.158633e-08 3.143349e-09 -1.065814e-14 -1.776357e-15 -2.664535e-15 2.664535e-15 -8.881784e-16 8.881784e-16 8.881784e-16 1.776357e-15 -8.881784e-16
-9.999000e+03 -9.999000e+03 -9.999000e+03 -9.999000e+03 -9.999000e+03 -9.999000e+03 -9.999000e+03 -9.999000e+03 -9.999000e+03 -9.999000e+03 -9.999000e+03 -9.999000e+03 -9.999000e+03 -9.999000e+03 -9.999000e+03 4.998002e-12 2.220446e-16 0.000000e+00 1.776357e-15 1.776357e-15 0.000000e+00 -4.440892e-16 -4.440892e-15 0.000000e+00 1.776357e-15 0.000000e+00 1.776357e-15 -3.552714e-15 -3.552714e-15 -1.776357e-15 8.881784e-15 -8.881784e-15 1.776357e-15 0.000000e+00 -5.329071e-15 5.329071e-15 -2.131628e-14 1.776357e-14 0.000000e+00 -1.421085e-14 0.000000e+00 -2.131628e-14 -2.224891e-08 2.047183e-08 -2.165450e-08 1.776357e-15 2.664535e-15 -8.881784e-16 -2.664535e-15 0.000000e+00 -8.881784e-16
-9.999000e+03 -9.999000e+03 -9.999000e+03 -9.999000e+03 -9.999000e+03 -9.999000e+03 -9.999000e+03 -9.999000e+03 -9.999000e+03 -9.999000e+03 -9.999000e+03 -9.999000e+03 -9.999000e+03 -9.999000e+03 -3.987832e-11 5.399148e-11 1.776357e-15 1.243450e-14 4.440892e-16 4.440892e-16 -8.881784e-16 0.000000e+00 -8.881784e-16 -8.881784e-16 -1.776357e-15 -8.881784e-16 0.000000e+00 4.440892e-16 8.881784e-16 -1.332268e-15 4.440892e-16 -5.329071e-15 1.776357e-15 -1.065814e-14 7.105427e-15 7.105427e-15 4.440892e-16 0.000000e+00 -2.220446e-15 -1.776357e-15 0.000000e+00 -8.881784e-16 -8.881784e-16 -1.776357e-15 0.000000e+00 -3.694453e-09 2.578054e-08 -8.417047e-09 0.000000e+00 -8.881784e-16 1.776357e-15
-9.999000e+03 -9.999000e+03 -9.999000e+03 -9.999000e+03 -9.999000e+03 -9.999000e+03 -9.999000e+03 -9.999000e+03 -9.999000e+03 -9.999000e+03 -9.999000e+03 -9.999000e+03 -9.999000e+03 -9.999000e+03 3.909895e-11 -2.886580e-15 -4.440892e-16 0.000000e+00 -8.881784e-16 -8.881784e-16 4.440892e-16 0.000000e+00 -8.881784e-16 4.440892e-16 8.881784e-16 8.881784e-16 -8.881784e-16 4.440892e-16 0.000000e+00 1.776357e-15 3.552714e-15 0.000000e+00 -1.332268e-15 -8.881784e-16 -8.881784e-16 -4.440892e-16 -4.440892e-16 4.440892e-16 1.776357e-15 0.000000e+00 0.000000e+00 -8.881784e-16 -8.881784e-16 8.881784e-16 0.000000e+00 -8.881784e-16 0.000000e+00 -3.552714e-15 4.248847e-09 -5.834167e-08 5.930744e-08
-9.999000e+03 -9.999000e+03 -9.999000e+03 -9.999000e+03 -9.999000e+03 -9.999000e+03 -9.999000e+03 -9.999000e+03 -9.999000e+03 -9.999000e+03 -9.999000e+03 -9.999000e+03 -9.999000e+03 1.201044e-10 2.442491e-15 8.881784e-16 0.000000e+00 -1.776357e-15 8.881784e-16 4.440892e-16 0.000000e+00 -8.881784e-16 4.440892e-16 -4.440892e-16 -8.881784e-16 0.000000e+00 1.332268e-15 0.000000e+00 4.440892e-16 -4.440892e-16 8.881784e-16 0.000000e+00 -1.332268e-15 0.000000e+00 -2.220446e-16 0.000000e+00 0.000000e+00 -1.332268e-15 4.440892e-16 4.440892e-16 -8.881784e-16 8.881784e-16 0.000000e+00 -8.881784e-16 -8.881784e-16 -4.440892e-16 8.881784e-16 0.000000e+00 0.000000e+00 -8.881784e-16 -3.552714e-15
-9.999000e+03 -9.999000e+03 -9.999000e+03 -9.999000e+03 -9.999000e+03 -9.999000e+03 -9.999000e+03 -9.999000e+03 -9.999000e+03 -9.999000e+03 -9.999000e+03 -9.999000e+03 8.714385e-11 -1.799618e-10 -1.776357e-15 1.332268e-15 1.776357e-15 0.000000e+00 4.440892e-16 -4.440892e-16 8.881784e-16 4.440892e-16 0.000000e+00 0.000000e+00 1.332268e-15 8.881784e-16 -4.440892e-16 4.440892e-16 4.440892e-16 0.000000e+00 4.440892e-16 4.440892e-16 -8.881784e-16 -1.332268e-15 2.220446e-16 0.000000e+00 0.000000e+00 8.881784e-16 -4.440892e-16 0.000000e+00 -4.440892e-16 8.881784e-16 0.000000e+00 4.440892e-16 0.000000e+00 0.000000e+00 4.440892e-16 4.440892e-16 0.000000e+00 4.440892e-16 -1.776357e-15
-9.999000e+03 -9.999000e+03 -9.999000e+03 -9.999000e+03 -9.999000e+03 -9.999000e+03 -9.999000e+03 -9.999000e+03 -9.999000e+03 -9.999000e+03 -9.999000e+03 -9.999000e+03 2.603917e-11 0.000000e+00 -8.881784e-16 0.000000e+00 0.000000e+00 0.000000e+00 8.881784e-16 -8.881784e-16 -4.440892e-16 -4.440892e-16 4.440892e-16 0.000000e+00 0.000000e+00 1.332268e-15 0.000000e+00 0.000000e+00 4.440892e-16 -4.440892e-16 0.000000e+00 -8.881784e-16 0.000000e+00 8.881784e-16 8.881784e-16 0.000000e+00 0.000000e+00 -8.881784e-16 8.881784e-16 -4.440892e-16 -8.881784e-16 -4.440892e-16 0.000000e+00 0.000000e+00 0.000000e+00 0.000000e+00 0.000000e+00 -4.440892e-16 0.000000e+00 -1.776357e-15 0.000000e+00
-9.999000e+03 -9.999000e+03 -9.999000e+03 -9.999000e+03 -9.999000e+03 -9.999000e+03 -9.999000e+03 -9.999000e+03 -9.999000e+03 -9.999000e+03 -9.999000e+03 -1.497225e-11 -2.220446e-16 0.000000e+00 -1.776357e-15 -4.440892e-16 -8.881784e-16 0.000000e+00 0.000000e+00 4.440892e-16 1.332268e-15 8.881784e-16 -8.881784e-16 0.000000e+00 -8.881784e-16 4.440892e-16 8.881784e-16 8.881784e-16 4.440892e-16 -4.440892e-16 -8.881784e-16 8.881784e-16 2.220446e-16 0.000000e+00 0.000000e+00 0.000000e+00 8.881784e-16 -8.881784e-16 0.000000e+00 8.881784e-16 8.881784e-16 4.440892e-16 2.220446e-16 0.000000e+00 -2.220446e-16 0.000000e+00 2.220446e-16 2.220446e-16 1.776357e-15 0.000000e+00 0.000000e+00
-9.999000e+03 -9.999000e+03 -9.999000e+03 -9.999000e+03 -9.999000e+03 -9.999000e+03 -9.999000e+03 -9.999000e+03 -9.999000e+03 -9.999000e+03 -2.198197e-11 7.072165e-11 -8.881784e-16 5.329071e-15 -2.220446e-16 0.000000e+00 8.881784e-16 8.881784e-16 8.881784e-16 -8.881784e-16 -4.440892e-16 4.440892e-16 -4.440892e-16 0.000000e+00 1.776357e-15 4.440892e-16 4.440892e-16 -8.881784e-16 4.440892e-16 4.440892e-16 0.000000e+00 4.440892e-16 0.000000e+00 0.000000e+00 -2.220446e-16 0.000000e+00 1.776357e-15 2.220446e-16 -6.661338e-16 2.220446e-16 -2.220446e-16 0.000000e+00 -8.881784e-16 8.881784e-16 0.000000e+00 -4.440892e-16 -4.440892e-16 8.881784e-16 0.000000e+00 -4.440892e-16 2.220446e-16
-9.999000e+03 -9.999000e+03 -9.999000e+03 -9.999000e+03 -9.999000e+03 -9.999000e+03 -9.999000e+03 -9.999000e+03 -9.999000e+03 -9.999000e+03 4.613487e-11 0.000000e+00 -3.552714e-15 -4.440892e-16 -2.220446e-16 -4.440892e-16 -8.881784e-16 -8.881784e-16 4.440892e-16 0.000000e+00 0.000000e+00 8.881784e-16 -4.440892e-16 0.000000e+00 -4.440892e-16 2.220446e-16 1.332268e-15 0.000000e+00 -8.881784e-16 4.440892e-16 4.440892e-16 0.000000e+00 0.000000e+00 2.220446e-16 4.440892e-16 0.000000e+00 -4.440892e-16 4.440892e-16 -4.440892e-16 0.000000e+00 -2.220446e-16 0.000000e+00 -4.440892e-16 -4.440892e-16 8.881784e-16 0.000000e+00 1.776357e-15 -1.776357e-15 4.440892e-16 8.881784e-16 -1.332268e-15
-9.999000e+03 -9.999000e+03 -9.999000e+03 -9.999000e+03 -9.999000e+03 -9.999000e+03 -9.999000e+03 -9.999000e+03 -9.999000e+03 -3.129985e-11 1.554312e-15 -3.552714e-15 0.000000e+00 2.220446e-16 4.440892e-16 8.881784e-16 4.440892e-16 8.881784e-16 0.000000e+00 -4.440892e-16 8.881784e-16 -4.440892e-16 -8.881784e-16 0.000000e+00 2.220446e-16 0.000000e+00 -4.440892e-16 -4.440892e-16 0.000000e+00 4.440892e-16 4.440892e-16 2.220446e-16 -4.440892e-16 -4.440892e-16 -4.440892e-16 8.881784e-16 0.000000e+00 0.000000e+00 2.220446e-16 0.000000e+00 4.440892e-16 0.000000e+00 4.440892e-16 0.000000e+00 -1.332268e-15 1.332268e-15 0.000000e+00 8.881784e-16 4.440892e-16 -8.881784e-16 0.000000e+00
-9.999000e+03 -9.999000e+03 -9.999000e+03 -9.999000e+03 -9.999000e+03 -9.999000e+03 -9.999000e+03 -9.999000e+03 -9.999000e+03 3.818368e-11 5.329071e-15 -4.440892e-16 6.661338e-16 2.220446e-16 4.440892e-16 0.000000e+00 -2.220446e-16 0.000000e+00 8.881784e-16 0.000000e+00 4.440892e-16 8.881784e-16 2.220446e-16 0.000000e+00 0.000000e+00 4.440892e-16 2.220446e-16 -2.220446e-16 0.000000e+00 2.220446e-16 2.220446e-16 -4.440892e-16 0.000000e+00 -8.881784e-16 4.440892e-16 0.000000e+00 -4.440892e-16 0.000000e+00 4.440892e-16 -4.440892e-16 4.440892e-16 -8.881784e-16 0.000000e+00 0.000000e+00 0.000000e+00 2.664535e-15 0.000000e+00 1.776357e-15 -8.881784e-16 0.000000e+00 1.421085e-14
-9.999000e+03 -9.999000e+03 -9.999000e+03 -9.999000e+03 -9.999000e+03 -9.999000e+03 -9.999000e+03 -9.999000e+03 1.209663e-10 -1.998401e-15 8.881784e-16 8.881784e-16 -2.220446e-16 0.000000e+00 0.000000e+00 4.440892e-16 -8.881784e-16 8.881784e-16 0.000000e+00 0.000000e+00 4.440892e-16 0.000000e+00 0.000000e+00 0.000000e+00 0.000000e+00 -1.776357e-15 1.243450e-14 -1.421085e-14 5.329071e-15 -1.776357e-15 0.000000e+00 3.552714e-15 -8.881784e-16 -8.881784e-16 8.881784e-16 -8.881784e-16 4.440892e-16 -8.881784e-16 -1.776357e-15 5.329071e-15 -1.776357e-15 -5.329071e-15 1.776357e-15 0.000000e+00 -1.776357e-15 -1.776357e-15 -8.881784e-16 0.000000e+00 8.881784e-16 0.000000e+00 -8.881784e-16
-9.999000e+03 -9.999000e+03 -9.999000e+03 -9.999000e+03 -9.999000e+03 -9.999000e+03 -9.999000e+03 2.791478e-11 1.764469e-10 1.776357e-15 0.000000e+00 -4.440892e-16 2.220446e-16 0.000000e+00 0.000000e+00 0.000000e+00 -8.881784e-16 4.440892e-16 0.000000e+00 -4.440892e-16 2.220446e-16 -2.220446e-16 0.000000e+00 0.000000e+00 -1.776357e-15 8.881784e-16 8.881784e-16 0.000000e+00 4.440892e-16 0.000000e+00 0.000000e+00 8.881784e-16 8.881784e-16 4.440892e-16 -8.881784e-16 8.881784e-16 8.881784e-16 0.000000e+00 4.440892e-16 1.776357e-15 -1.776357e-15 0.000000e+00 8.881784e-16 -1.332268e-15 0.000000e+00 -8.881784e-16 8.881784e-16 0.000000e+00 0.000000e+00 0.000000e+00 0.000000e+00
-9.999000e+03 -9.999000e+03 -9.999000e+03 -9.999000e+03 -9.999000e+03 -9.999000e+03 -9.999000e+03 1.190736e-11 -4.440892e-16 -2.664535e-15 -2.220446e-16 4.440892e-16 8.881784e-16 -4.440892e-16 0.000000e+00 4.440892e-16 -4.440892e-16 0.000000e+00 8.881784e-16 8.881784e-16 0.000000e+00 -1.776357e-15 8.881784e-16 0.000000e+00 0.000000e+00 8.881784e-16 2.220446e-16 0.000000e+00 0.000000e+00 -8.881784e-16 8.881784e-16 -8.881784e-16 4.440892e-16 -4.440892e-16 8.881784e-16 8.881784e-16 -1.065814e-14 -3.552714e-15 3.552714e-15 1.421085e-14 -2.842171e-14 1.776357e-14 -3.552714e-15 1.421085e-14 7.105427e-15 7.105427e-15 -1.421085e-14 -7.105427e-15 -4.440892e-16 4.440892e-16 -8.881784e-16
-9.999000e+03 -9.999000e+03 -9.999000e+03 -9.999000e+03 -9.999000e+03 -9.999000e+03 -9.999000e+03 -1.110223e-16 -5.329071e-15 -8.881784e-16 -4.440892e-16 -4.440892e-16 4.440892e-16 0.000000e+00 0.000000e+00 8.881784e-16 0.000000e+00 -8.881784e-16 -4.440892e-16 0.000000e+00 0.000000e+00 -4.440892e-16 0.000000e+00 -4.440892e-16 2.220446e-16 2.220446e-16 0.000000e+00 0.000000e+00 0.000000e+00 0.000000e+00 8.881784e-16 -4.440892e-16 0.000000e+00 1.065814e-14 -1.065814e-14 2.131628e-14 8.881784e-16 -8.881784e-16 -8.881784e-16 0.000000e+00 0.000000e+00 -8.881784e-16 8.881784e-16 0.000000e+00 0.000000e+00 5.329071e-15 1.776357e-15 2.220446e-15 0.000000e+00 8.881784e-16 2.664535e-15
