tests/data/reference/test_sheet_stream/control/massbalance.asc
ncols	123
nrows	77
xllcorner	-713746.79929998
yllcorner	-1061022.36961616
cellsize	10.0
NODATA_value	-9999
[rows 23 to 45 of 77, columns 0 to 50 of 123]
-9.999000e+03 -9.999000e+03 -9.999000e+03 -9.999000e+03 -9.999000e+03 -9.999000e+03 -9.999000e+03 -9.999000e+03 -9.999000e+03 -9.999000e+03 -9.999000e+03 -9.999000e+03 -9.999000e+03 -9.999000e+03 2.220446e-16 -1.776357e-15 1.776357e-15 5.329071e-15 -2.220446e-16 -2.220446e-16 -2.220446e-16 3.480904e-11 2.220446e-16 -4.440892e-15 1.776357e-15 -8.881784e-16 -8.881784e-16 -2.664535e-15 4.440892e-16 4.440892e-15 4.440892e-16 0.000000e+00 -8.881784e-16 -4.440892e-16 0.000000e+00 1.332268e-15 0.000000e+00 2.220446e-16 2.664535e-15 1.776357e-15 -8.881784e-16 1.776357e-15 -1.776357e-15 0.000000e+00 0.000000e+00 1.332268e-15 1.776357e-15 8.881784e-16 8.881784e-16 4.440892e-16 0.000000e+00
-9.999000e+03 -9.999000e+03 -9.999000e+03 -9.999000e+03 -9.999000e+03 -9.999000e+03 -9.999000e+03 -9.999000e+03 -9.999000e+03 -9.999000e+03 -9.999000e+03 -9.999000e+03 -9.999000e+03 -9.999000e+03 -1.554312e-15 -1.406064e-08 -7.105427e-15 2.220446e-16 -2.220446e-16 2.220446e-16 -6.338041e-12 8.997869e-11 2.220446e-16 6.661338e-16 0.000000e+00 -8.881784e-15 -2.664535e-15 -3.552714e-15 0.000000e+00 0.000000e+00 -4.440892e-15 0.000000e+00 4.440892e-16 4.440892e-16 -1.776357e-15 -1.776357e-15 0.000000e+00 0.000000e+00 0.000000e+00 -1.776357e-15 8.881784e-16 -8.881784e-16 0.000000e+00 0.000000e+00 8.881784e-16 0.000000e+00 -8.881784e-16 0.000000e+00 0.000000e+00 8.881784e-16 2.220446e-16
-9.999000e+03 -9.999000e+03 -9.999000e+03 -9.999000e+03 -9.999000e+03 -9.999000e+03 -9.999000e+03 -9.999000e+03 -9.999000e+03 -9.999000e+03 -9.999000e+03 -9.999000e+03 -9.999000e+03 -9.999000e+03 2.545339e-08 0.000000e+00 2.220446e-16 4.440892e-16 0.000000e+00 0.000000e+00 -4.394307e-11 0.000000e+00 -4.440892e-15 0.000000e+00 -4.440892e-16 -8.881784e-16 -1.243450e-14 0.000000e+00 -1.776357e-15 -2.220446e-16 -8.881784e-16 4.440892e-15 0.000000e+00 1.332268e-15 4.440892e-16 3.552714e-15 -2.220446e-16 0.000000e+00 8.881784e-16 0.000000e+00 8.881784e-16 -8.881784e-16 8.881784e-16 -8.881784e-16 8.881784e-16 0.000000e+00 0.000000e+00 0.000000e+00 8.881784e-16 8.881784e-16 4.440892e-16
-9.999000e+03 -9.999000e+03 -9.999000e+03 -9.999000e+03 -9.999000e+03 -9.999000e+03 -9.999000e+03 -9.999000e+03 -9.999000e+03 -9.999000e+03 -9.999000e+03 -9.999000e+03 2.220446e-16 -2.220446e-16 -2.664535e-15 -8.881784e-16 2.220446e-16 0.000000e+00 0.000000e+00 -5.024647e-11 -2.886580e-15 -2.664535e-15 0.000000e+00 8.881784e-16 -8.881784e-16 -4.440892e-16 0.000000e+00 1.776357e-15 2.220446e-15 -4.440892e-16 2.220446e-16 -4.440892e-16 -8.881784e-16 0.000000e+00 -1.332268e-15 8.881784e-16 -8.881784e-15 4.440892e-16 0.000000e+00 8.881784e-16 0.000000e+00 1.776357e-15 8.881784e-16 0.000000e+00 0.000000e+00 2.664535e-15 0.000000e+00 8.881784e-16 -8.881784e-16 -1.776357e-15 8.881784e-16
-9.999000e+03 -9.999000e+03 -9.999000e+03 -9.999000e+03 -9.999000e+03 -9.999000e+03 -9.999000e+03 -9.999000e+03 -9.999000e+03 -9.999000e+03 -9.999000e+03 -9.999000e+03 -9.999000e+03 0.000000e+00 -8.881784e-16 -4.440892e-16 0.000000e+00 0.000000e+00 -1.822942e-11 6.661338e-16 -8.881784e-16 -4.440892e-16 4.440892e-15 0.000000e+00 -7.105427e-15 1.065814e-14 -3.552714e-15 3.552714e-15 -3.552714e-15 -1.776357e-15 0.000000e+00 0.000000e+00 8.881784e-16 -3.552714e-15 -1.332268e-15 0.000000e+00 0.000000e+00 5.329071e-15 4.440892e-16 0.000000e+00 -3.552714e-15 8.881784e-16 -8.881784e-16 0.000000e+00 1.776357e-15 -8.881784e-16 1.776357e-15 8.881784e-16 8.881784e-16 1.776357e-15 4.440892e-16
-9.999000e+03 -9.999000e+03 -9.999000e+03 -9.999000e+03 -9.999000e+03 -9.999000e+03 -9.999000e+03 -9.999000e+03 -9.999000e+03 -9.999000e+03 -9.999000e+03 -9.999000e+03 -9.999000e+03 -9.999000e+03 -9.999000e+03 2.220446e-16 0.000000e+00 -2.470912e-12 3.765921e-11 8.881784e-16 -2.664535e-15 -8.881784e-16 0.000000e+00 -1.776357e-15 -8.881784e-16 -8.881784e-16 -2.664535e-15 3.552714e-15 7.105427e-15 8.881784e-16 -1.776357e-15 -4.440892e-16 -4.440892e-16 -4.440892e-16 8.881784e-16 -4.440892e-16 -1.332268e-15 -4.440892e-16 -7.105427e-15 0.000000e+00 -1.776357e-15 0.000000e+00 1.776357e-15 0.000000e+00 0.000000e+00 8.881784e-16 0.000000e+00 0.000000e+00 8.881784e-16 8.881784e-16 0.000000e+00
-9.999000e+03 -9.999000e+03 -9.999000e+03 -9.999000e+03 -9.999000e+03 -9.999000e+03 -9.999000e+03 -9.999000e+03 -9.999000e+03 -9.999000e+03 -9.999000e+03 -9.999000e+03 -9.999000e+03 -9.999000e+03 -9.999000e+03 -9.999000e+03 0.000000e+00 -7.385070e-11 0.000000e+00 0.000000e+00 8.881784e-16 -4.440892e-15 8.881784e-16 8.881784e-16 0.000000e+00 -2.664535e-15 -1.776357e-15 -1.332268e-15 0.000000e+00 -2.131628e-14 4.973799e-14 -5.684342e-14 -1.332268e-15 -8.881784e-16 -2.220446e-15 -8.881784e-16 0.000000e+00 0.000000e+00 0.000000e+00 7.105427e-15 -4.440892e-16 7.105427e-15 8.881784e-16 8.881784e-16 8.881784e-16 8.881784e-16 8.881784e-16 8.881784e-16 0.000000e+00 0.000000e+00 1.776357e-15
-9.999000e+03 -9.999000e+03 -9.999000e+03 -9.999000e+03 -9.999000e+03 -9.999000e+03 -9.999000e+03 -9.999000e+03 -9.999000e+03 -9.999000e+03 -9.999000e+03 -9.999000e+03 -9.999000e+03 -9.999000e+03 -9.999000e+03 -9.999000e+03 1.049338e-11 -1.110223e-15 -1.776357e-15 0.000000e+00 -8.881784e-16 1.421085e-14 -1.421085e-14 0.000000e+00 3.552714e-15 0.000000e+00 1.065814e-14 -8.881784e-15 -3.552714e-15 -1.863096e-10 2.427445e-10 -2.101791e-09 6.816336e-09 1.685834e-10 -8.140098e-09 -7.656979e-09 -2.498325e-09 6.923671e-09 -1.325753e-08 -2.439317e-08 -2.158635e-08 3.143334e-09 -1.065814e-14 -8.881784e-16 -8.881784e-16 8.881784e-16 -8.881784e-16 8.881784e-16 1.776357e-15 8.881784e-16 0.000000e+00
-9.999000e+03 -9.999000e+03 -9.999000e+03 -9.999000e+03 -9.999000e+03 -9.999000e+03 -9.999000e+03 -9.999000e+03 -9.999000e+03 -9.999000e+03 -9.999000e+03 -9.999000e+03 -9.999000e+03 -9.999000e+03 -9.999000e+03 4.998002e-12 2.220446e-16 4.440892e-16 3.552714e-15 -1.776357e-15 -3.552714e-15 -1.332268e-15 -1.776357e-15 -8.881784e-16 8.881784e-16 1.776357e-15 7.105427e-15 -1.776357e-15 -7.105427e-15 -1.776357e-15 8.881784e-15 -3.552714e-15 -1.776357e-15 -1.776357e-15 -5.329071e-15 3.552714e-15 -1.776357e-14 7.105427e-15 3.552714e-15 -1.776357e-14 3.552714e-15 -1.421085e-14 -2.224890e-08 2.047182e-08 -2.165446e-08 8.881784e-16 0.000000e+00 -8.881784e-16 -2.664535e-15 1.776357e-15 0.000000e+00
-9.999000e+03 -9.999000e+03 -9.999000e+03 -9.999000e+03 -9.999000e+03 -9.999000e+03 -9.999000e+03 -9.999000e+03 -9.999000e+03 -9.999000e+03 -9.999000e+03 -9.999000e+03 -9.999000e+03 -9.999000e+03 -3.987832e-11 5.399103e-11 1.776357e-15 1.065814e-14 1.332268e-15 8.881784e-16 -8.881784e-16 0.000000e+00 -8.881784e-16 -8.881784e-16 8.881784e-16 -8.881784e-16 -1.332268e-15 -4.440892e-16 2.220446e-15 -1.776357e-15 -8.881784e-16 -5.329071e-15 1.776357e-15 -1.243450e-14 7.105427e-15 1.065814e-14 8.881784e-16 -4.440892e-16 -1.332268e-15 -1.332268e-15 8.881784e-16 -4.440892e-16 -8.881784e-16 -1.776357e-15 -1.776357e-15 -3.694382e-09 2.578049e-08 -8.417061e-09 0.000000e+00 -8.881784e-16 1.776357e-15
-9.999000e+03 -9.999000e+03 -9.999000e+03 -9.999000e+03 -9.999000e+03 -9.999000e+03 -9.999000e+03 -9.999000e+03 -9.999000e+03 -9.999000e+03 -9.999000e+03 -9.999000e+03 -9.999000e+03 -9.999000e+03 3.909917e-11 -2.886580e-15 -1.776357e-15 8.881784e-16 8.881784e-16 4.440892e-16 0.000000e+00 1.332268e-15 0.000000e+00 8.881784e-16 4.440892e-16 1.332268e-15 8.881784e-16 0.000000e+00 2.664535e-15 0.000000e+00 3.552714e-15 0.000000e+00 -8.881784e-16 -1.776357e-15 -8.881784e-16 0.000000e+00 -4.440892e-16 1.776357e-15 8.881784e-16 8.881784e-16 4.440892e-16 -1.332268e-15 0.000000e+00 8.881784e-16 4.440892e-16 -1.776357e-15 5.329071e-15 -1.776357e-15 4.248903e-09 -5.834167e-08 5.930747e-08
-9.999000e+03 -9.999000e+03 -9.999000e+03 -9.999000e+03 -9.999000e+03 -9.999000e+03 -9.999000e+03 -9.999000e+03 -9.999000e+03 -9.999000e+03 -9.999000e+03 -9.999000e+03 -9.999000e+03 1.201039e-10 2.442491e-15 1.332268e-15 0.000000e+00 -1.776357e-15 1.332268e-15 8.881784e-16 0.000000e+00 -8.881784e-16 4.440892e-16 4.440892e-16 -4.440892e-16 4.440892e-16 1.332268e-15 1.332268e-15 8.881784e-16 -1.332268e-15 8.881784e-16 0.000000e+00 1.332268e-15 0.000000e+00 4.440892e-16 4.440892e-16 8.881784e-16 0.000000e+00 -8.881784e-16 4.440892e-16 -1.776357e-15 1.332268e-15 0.000000e+00 -8.881784e-16 0.000000e+00 4.440892e-16 8.881784e-16 0.000000e+00 4.440892e-16 -1.776357e-15 0.000000e+00
-9.999000e+03 -9.999000e+03 -9.999000e+03 -9.999000e+03 -9.999000e+03 -9.999000e+03 -9.999000e+03 -9.999000e+03 -9.999000e+03 -9.999000e+03 -9.999000e+03 -9.999000e+03 8.714363e-11 -1.799627e-10 -8.881784e-16 1.332268e-15 8.881784e-16 0.000000e+00 4.440892e-16 0.000000e+00 0.000000e+00 8.881784e-16 0.000000e+00 0.000000e+00 0.000000e+00 4.440892e-16 -4.440892e-16 8.881784e-16 1.332268e-15 0.000000e+00 4.440892e-16 0.000000e+00 -8.881784e-16 0.000000e+00 2.220446e-16 0.000000e+00 8.881784e-16 4.440892e-16 0.000000e+00 1.332268e-15 -4.440892e-16 4.440892e-16 4.440892e-16 1.776357e-15 0.000000e+00 0.000000e+00 1.332268e-15 0.000000e+00 4.440892e-16 8.881784e-16 -2.664535e-15
-9.999000e+03 -9.999000e+03 -9.999000e+03 -9.999000e+03 -9.999000e+03 -9.999000e+03 -9.999000e+03 -9.999000e+03 -9.999000e+03 -9.999000e+03 -9.999000e+03 -9.999000e+03 2.603873e-11 0.000000e+00 -8.881784e-16 8.881784e-16 0.000000e+00 -4.440892e-16 4.440892e-16 8.881784e-16 -4.440892e-16 0.000000e+00 0.000000e+00 8.881784e-16 4.440892e-16 0.000000e+00 4.440892e-16 0.000000e+00 0.000000e+00 0.000000e+00 8.881784e-16 -2.664535e-15 2.220446e-16 4.440892e-16 8.881784e-16 4.440892e-16 8.881784e-16 8.881784e-16 0.000000e+00 0.000000e+00 4.440892e-16 4.440892e-16 4.440892e-16 8.881784e-16 0.000000e+00 -4.440892e-16 0.000000e+00 -4.440892e-16 0.000000e+00 0.000000e+00 -4.440892e-16
-9.999000e+03 -9.999000e+03 -9.999000e+03 -9.999000e+03 -9.999000e+03 -9.999000e+03 -9.999000e+03 -9.999000e+03 -9.999000e+03 -9.999000e+03 -9.999000e+03 -1.497225e-11 -1.110223e-15 0.000000e+00 -3.552714e-15 4.440892e-16 0.000000e+00 4.440892e-16 0.000000e+00 8.881784e-16 4.440892e-16 8.881784e-16 0.000000e+00 4.440892e-16 4.440892e-16 4.440892e-16 8.881784e-16 1.332268e-15 8.881784e-16 -4.440892e-16 0.000000e+00 8.881784e-16 2.220446e-16 0.000000e+00 0.000000e+00 -4.440892e-16 4.440892e-16 0.000000e+00 0.000000e+00 4.440892e-16 8.881784e-16 0.000000e+00 4.440892e-16 2.220446e-16 6.661338e-16 2.220446e-16 6.661338e-16 4.440892e-16 2.664535e-15 0.000000e+00 8.881784e-16
-9.999000e+03 -9.999000e+03 -9.999000e+03 -9.999000e+03 -9.999000e+03 -9.999000e+03 -9.999000e+03 -9.999000e+03 -9.999000e+03 -9.999000e+03 -2.198219e-11 7.072165e-11 -1.776357e-15 5.329071e-15 2.220446e-16 1.110223e-15 8.881784e-16 4.440892e-16 4.440892e-16 0.000000e+00 -8.881784e-16 4.440892e-16 4.440892e-16 -4.440892e-16 8.881784e-16 4.440892e-16 4.440892e-16 4.440892e-16 8.881784e-16 1.332268e-15 0.000000e+00 1.776357e-15 0.000000e+00 0.000000e+00 6.661338e-16 2.220446e-16 8.881784e-16 2.220446e-16 -2.220446e-16 2.220446e-16 2.220446e-16 2.220446e-16 4.440892e-16 8.881784e-16 0.000000e+00 4.440892e-16 8.881784e-16 0.000000e+00 2.220446e-16 2.220446e-16 6.661338e-16
-9.999000e+03 -9.999000e+03 -9.999000e+03 -9.999000e+03 -9.999000e+03 -9.999000e+03 -9.999000e+03 -9.999000e+03 -9.999000e+03 -9.999000e+03 4.613487e-11 0.000000e+00 -3.552714e-15 -2.220446e-16 -2.220446e-16 4.440892e-16 0.000000e+00 1.332268e-15 4.440892e-16 1.776357e-15 0.000000e+00 -8.881784e-16 8.881784e-16 8.881784e-16 -4.440892e-16 2.220446e-16 0.000000e+00 4.440892e-16 -8.881784e-16 8.881784e-16 4.440892e-16 0.000000e+00 4.440892e-16 2.220446e-16 4.440892e-16 4.440892e-16 2.220446e-16 8.881784e-16 -4.440892e-16 8.881784e-16 4.440892e-16 6.661338e-16 -4.440892e-16 0.000000e+00 8.881784e-16 4.440892e-16 1.776357e-15 -1.332268e-15 8.881784e-16 -1.332268e-15 0.000000e+00
-9.999000e+03 -9.999000e+03 -9.999000e+03 -9.999000e+03 -9.999000e+03 -9.999000e+03 -9.999000e+03 -9.999000e+03 -9.999000e+03 -3.129963e-11 2.442491e-15 1.776357e-15 4.440892e-16 2.220446e-16 0.000000e+00 8.881784e-16 4.440892e-16 0.000000e+00 -8.881784e-16 0.000000e+00 8.881784e-16 0.000000e+00 -1.776357e-15 4.440892e-16 2.220446e-16 4.440892e-16 -4.440892e-16 4.440892e-16 4.440892e-16 8.881784e-16 4.440892e-16 6.661338e-16 0.000000e+00 -8.881784e-16 0.000000e+00 1.776357e-15 -4.440892e-16 -4.440892e-16 6.661338e-16 2.220446e-16 0.000000e+00 0.000000e+00 8.881784e-16 4.440892e-16 -4.440892e-16 8.881784e-16 4.440892e-16 4.440892e-16 8.881784e-16 -4.440892e-16 -8.881784e-16
-9.999000e+03 -9.999000e+03 -9.999000e+03 -9.999000e+03 -9.999000e+03 -9.999000e+03 -9.999000e+03 -9.999000e+03 -9.999000e+03 3.818323e-11 1.776357e-15 4.440892e-16 4.440892e-16 2.220446e-16 0.000000e+00 -8.881784e-16 2.220446e-16 8.881784e-16 4.440892e-16 4.440892e-16 8.881784e-16 1.776357e-15 4.440892e-16 0.000000e+00 0.000000e+00 8.881784e-16 6.661338e-16 0.000000e+00 2.220446e-16 2.220446e-16 4.440892e-16 -4.440892e-16 0.000000e+00 0.000000e+00 8.881784e-16 8.881784e-16 8.881784e-16 0.000000e+00 8.881784e-16 8.881784e-16 8.881784e-16 0.000000e+00 4.440892e-16 0.000000e+00 8.881784e-16 8.881784e-16 0.000000e+00 2.664535e-15 -8.881784e-16 -4.440892e-16 7.105427e-15
-9.999000e+03 -9.999000e+03 -9.999000e+03 -9.999000e+03 -9.999000e+03 -9.999000e+03 -9.999000e+03 -9.999000e+03 1.209655e-10 -1.110223e-15 -8.881784e-16 4.440892e-16 2.220446e-16 -2.220446e-16 8.881784e-16 4.440892e-16 -1.776357e-15 8.881784e-16 1.332268e-15 0.000000e+00 0.000000e+00 4.440892e-16 4.440892e-16 0.000000e+00 8.881784e-16 -3.552714e-15 3.552714e-15 -5.329071e-15 3.552714e-15 -1.776357e-15 0.000000e+00 -8.881784e-16 8.881784e-16 -1.776357e-15 8.881784e-16 0.000000e+00 4.440892e-16 8.881784e-16 -8.881784e-16 5.329071e-15 -1.776357e-15 -1.776357e-15 -1.776357e-15 3.552714e-15 0.000000e+00 -1.776357e-15 1.776357e-15 -8.881784e-16 8.881784e-16 0.000000e+00 0.000000e+00
-9.999000e+03 -9.999000e+03 -9.999000e+03 -9.999000e+03 -9.999000e+03 -9.999000e+03 -9.999000e+03 2.791478e-11 1.764455e-10 -8.881784e-16 4.440892e-16 0.000000e+00 2.220446e-16 0.000000e+00 1.332268e-15 0.000000e+00 -8.881784e-16 0.000000e+00 -4.440892e-16 0.000000e+00 2.220446e-16 -2.220446e-16 0.000000e+00 -1.776357e-15 1.776357e-15 4.440892e-16 4.440892e-16 4.440892e-16 0.000000e+00 4.440892e-16 0.000000e+00 8.881784e-16 4.440892e-16 4.440892e-16 -4.440892e-16 0.000000e+00 0.000000e+00 1.776357e-15 -4.440892e-16 1.776357e-15 -1.332268e-15 8.881784e-16 4.440892e-16 8.881784e-16 0.000000e+00 1.776357e-15 -4.440892e-16 4.440892e-16 7.105427e-15 8.881784e-16 -8.881784e-16
-9.999000e+03 -9.999000e+03 -9.999000e+03 -9.999000e+03 -9.999000e+03 -9.999000e+03 -9.999000e+03 1.190736e-11 0.000000e+00 -8.881784e-16 -2.220446e-16 4.440892e-16 8.881784e-16 -8.881784e-16 0.000000e+00 8.881784e-16 8.881784e-16 8.881784e-16 0.000000e+00 8.881784e-16 1.776357e-15 -8.881784e-16 -8.881784e-16 -4.440892e-16 0.000000e+00 4.440892e-16 6.661338e-16 0.000000e+00 0.000000e+00 0.000000e+00 8.881784e-16 0.000000e+00 8.881784e-16 4.440892e-16 -4.440892e-16 4.440892e-16 -1.421085e-14 -3.552714e-15 3.552714e-15 1.421085e-14 -2.842171e-14 1.421085e-14 -1.421085e-14 2.131628e-14 -7.105427e-15 1.776357e-14 -1.421085e-14 -7.105427e-15 0.000000e+00 8.881784e-16 -4.440892e-16
-9.999000e+03 -9.999000e+03 -9.999000e+03 -9.999000e+03 -9.999000e+03 -9.999000e+03 -9.999000e+03 1.110223e-16 -3.552714e-15 0.000000e+00 0.000000e+00 -4.440892e-16 8.881784e-16 1.332268e-15 0.000000e+00 1.332268e-15 8.881784e-16 0.000000e+00 0.000000e+00 4.440892e-16 1.776357e-15 1.332268e-15 -4.440892e-16 -4.440892e-16 2.220446e-16 2.220446e-16 0.000000e+00 4.440892e-16 0.000000e+00 8.881784e-16 0.000000e+00 4.440892e-16 8.881784e-16 1.421085e-14 -1.776357e-14 2.131628e-14 8.881784e-16 8.881784e-16 8.881784e-16 4.440892e-16 0.000000e+00 0.000000e+00 1.776357e-15 0.000000e+00 -1.776357e-15 0.000000e+00 1.776357e-15 1.776357e-15 0.000000e+00 1.776357e-15 1.776357e-15
