tests/data/reference/test_sheet_stream/control/massbalance.asc
ncols	123
nrows	77
xllcorner	-713746.79929998
yllcorner	-1061022.36961616
cellsize	10.0
NODATA_value	-9999
[rows 46 to 68 of 77, columns 0 to 50 of 123]
-9.999000e+03 -9.999000e+03 -9.999000e+03 -9.999000e+03 -9.999000e+03 -9.999000e+03 3.729883e-11 0.000000e+00 4.440892e-16 0.000000e+00 2.220446e-16 4.440892e-16 -4.440892e-16 0.000000e+00 0.000000e+00 -4.440892e-16 8.881784e-16 -8.881784e-16 -4.440892e-16 4.440892e-16 4.440892e-16 -4.440892e-16 -4.440892e-16 4.440892e-16 0.000000e+00 0.000000e+00 -8.881784e-16 4.440892e-16 4.440892e-16 8.881784e-16 4.440892e-16 -1.421085e-14 -3.552714e-15 8.881784e-16 8.881784e-16 -4.440892e-16 4.440892e-16 0.000000e+00 8.881784e-16 0.000000e+00 -8.881784e-16 8.881784e-16 -2.220446e-15 8.881784e-16 0.000000e+00 0.000000e+00 0.000000e+00 8.881784e-16 0.000000e+00 -2.664535e-15 0.000000e+00
-9.999000e+03 -9.999000e+03 -9.999000e+03 -9.999000e+03 -9.999000e+03 -9.999000e+03 -1.110223e-15 0.000000e+00 4.440892e-16 4.440892e-16 -2.220446e-16 4.440892e-16 1.332268e-15 -4.440892e-16 0.000000e+00 0.000000e+00 4.440892e-16 0.000000e+00 4.440892e-16 0.000000e+00 2.220446e-16 0.000000e+00 2.220446e-16 0.000000e+00 0.000000e+00 4.440892e-16 -4.440892e-16 5.329071e-15 -1.776357e-15 3.552714e-15 0.000000e+00 0.000000e+00 -8.881784e-16 -1.776357e-15 4.440892e-16 0.000000e+00 8.881784e-16 -4.440892e-16 8.881784e-16 1.332268e-15 -8.881784e-16 0.000000e+00 0.000000e+00 0.000000e+00 4.440892e-16 0.000000e+00 0.000000e+00 -4.440892e-16 8.881784e-16 -1.776357e-15 1.776357e-15
-9.999000e+03 -9.999000e+03 -9.999000e+03 -9.999000e+03 -9.999000e+03 -1.617240e-11 2.220446e-15 0.000000e+00 -4.440892e-16 -2.220446e-16 -4.440892e-16 -8.881784e-16 4.440892e-16 0.000000e+00 4.440892e-16 0.000000e+00 8.881784e-16 4.440892e-16 0.000000e+00 8.881784e-16 0.000000e+00 1.776357e-15 -1.776357e-15 1.776357e-15 3.552714e-15 0.000000e+00 0.000000e+00 4.440892e-16 8.881784e-16 -8.881784e-16 -4.440892e-16 8.881784e-16 1.776357e-15 0.000000e+00 8.881784e-16 -1.776357e-15 -1.776357e-15 0.000000e+00 0.000000e+00 -8.881784e-16 4.440892e-16 0.000000e+00 4.440892e-16 0.000000e+00 8.881784e-16 -4.440892e-16 2.664535e-15 4.440892e-16 1.332268e-15 -8.881784e-16 0.000000e+00
-9.999000e+03 -9.999000e+03 -9.999000e+03 -9.999000e+03 -1.583462e-10 -1.887379e-15 -8.881784e-16 1.332268e-15 -2.220446e-16 2.220446e-16 2.220446e-16 0.000000e+00 -4.440892e-16 -4.440892e-16 4.440892e-16 0.000000e+00 0.000000e+00 4.440892e-16 8.881784e-16 0.000000e+00 -8.881784e-16 4.440892e-16 0.000000e+00 -4.440892e-16 8.881784e-16 -4.440892e-16 1.776357e-15 8.881784e-16 -4.440892e-16 2.220446e-15 0.000000e+00 -8.881784e-16 0.000000e+00 0.000000e+00 4.440892e-16 -8.881784e-16 8.881784e-16 -4.440892e-16 -4.440892e-16 4.440892e-16 0.000000e+00 8.881784e-16 -8.881784e-16 -1.776357e-15 4.440892e-16 -1.776357e-15 -4.440892e-16 0.000000e+00 8.881784e-16 8.881784e-16 -4.440892e-16
-9.999000e+03 -9.999000e+03 -9.999000e+03 -9.999000e+03 -1.002265e-10 8.881784e-16 4.440892e-16 -8.881784e-16 4.440892e-16 2.220446e-16 8.881784e-16 8.881784e-16 6.661338e-16 0.000000e+00 0.000000e+00 0.000000e+00 4.440892e-16 -4.440892e-16 -4.440892e-16 0.000000e+00 0.000000e+00 1.776357e-15 0.000000e+00 -8.881784e-16 4.440892e-16 0.000000e+00 -8.881784e-16 4.440892e-16 0.000000e+00 0.000000e+00 8.881784e-16 0.000000e+00 8.881784e-16 -4.440892e-16 1.332268e-15 -8.881784e-16 1.776357e-15 8.881784e-16 -8.881784e-16 0.000000e+00 0.000000e+00 -4.440892e-16 1.776357e-15 0.000000e+00 1.776357e-15 8.881784e-16 1.776357e-15 0.000000e+00 0.000000e+00 0.000000e+00 -8.881784e-16
-9.999000e+03 -9.999000e+03 -9.999000e+03 2.160738e-10 -2.220446e-16 8.881784e-16 -2.220446e-16 4.440892e-16 0.000000e+00 4.440892e-16 -4.440892e-16 0.000000e+00 4.440892e-16 0.000000e+00 -4.440892e-16 -4.440892e-16 0.000000e+00 8.881784e-16 8.881784e-16 -8.881784e-16 -8.881784e-16 -4.440892e-16 0.000000e+00 8.881784e-16 0.000000e+00 4.440892e-16 8.881784e-16 4.440892e-16 4.440892e-16 0.000000e+00 8.881784e-16 -8.881784e-16 0.000000e+00 1.332268e-15 -4.440892e-16 0.000000e+00 0.000000e+00 8.881784e-16 0.000000e+00 -4.440892e-16 8.881784e-16 0.000000e+00 1.332268e-15 -8.881784e-16 0.000000e+00 -2.664535e-15 8.881784e-16 0.000000e+00 8.881784e-16 0.000000e+00 4.440892e-16
-9.999000e+03 -9.999000e+03 -9.999000e+03 -1.927687e-10 0.000000e+00 0.000000e+00 -4.440892e-16 2.220446e-16 -8.881784e-16 4.440892e-16 0.000000e+00 -8.881784e-16 -2.220446e-16 -4.440892e-16 4.440892e-16 8.881784e-16 0.000000e+00 0.000000e+00 0.000000e+00 -8.881784e-16 2.220446e-16 8.881784e-16 0.000000e+00 0.000000e+00 4.440892e-16 -4.440892e-16 -1.332268e-15 0.000000e+00 4.440892e-16 4.440892e-16 4.440892e-16 4.440892e-16 0.000000e+00 -4.440892e-16 -4.440892e-16 4.440892e-16 0.000000e+00 0.000000e+00 4.440892e-16 0.000000e+00 0.000000e+00 -8.881784e-16 0.000000e+00 1.332268e-15 2.664535e-15 -8.881784e-16 8.881784e-16 4.440892e-16 0.000000e+00 8.881784e-16 0.000000e+00
-9.999000e+03 -9.999000e+03 -1.272098e-09 -1.110223e-16 -2.220446e-16 0.000000e+00 0.000000e+00 -2.220446e-16 -2.220446e-16 4.440892e-16 4.440892e-16 8.881784e-16 6.661338e-16 -6.661338e-16 0.000000e+00 0.000000e+00 8.881784e-16 0.000000e+00 1.332268e-15 4.440892e-16 -2.220446e-16 -4.440892e-16 8.881784e-16 0.000000e+00 -4.440892e-16 4.440892e-16 0.000000e+00 -8.881784e-16 0.000000e+00 0.000000e+00 0.000000e+00 -4.440892e-16 0.000000e+00 8.881784e-16 -4.440892e-16 -4.440892e-16 -4.440892e-16 0.000000e+00 1.332268e-15 0.000000e+00 1.332268e-15 0.000000e+00 4.440892e-16 -8.881784e-16 8.881784e-16 0.000000e+00 2.220446e-16 -2.220446e-16 2.220446e-16 2.220446e-16 -3.552714e-15
-9.999000e+03 -9.999000e+03 4.556033e-09 0.000000e+00 -2.220446e-16 0.000000e+00 0.000000e+00 -4.440892e-16 -4.440892e-16 4.440892e-16 2.220446e-16 -2.220446e-16 0.000000e+00 4.440892e-16 -2.220446e-16 -2.220446e-16 4.440892e-16 -2.220446e-16 0.000000e+00 8.881784e-16 0.000000e+00 -4.440892e-16 0.000000e+00 8.881784e-16 8.881784e-16 -8.881784e-16 0.000000e+00 4.440892e-16 4.440892e-16 -4.440892e-16 -4.440892e-16 0.000000e+00 0.000000e+00 8.881784e-16 -4.440892e-16 0.000000e+00 -4.440892e-16 -8.881784e-16 0.000000e+00 0.000000e+00 0.000000e+00 0.000000e+00 1.332268e-15 8.881784e-16 0.000000e+00 0.000000e+00 0.000000e+00 -8.881784e-16 5.329071e-15 1.065814e-14 1.776357e-15
-9.999000e+03 -3.906639e-10 2.442491e-15 4.440892e-16 0.000000e+00 2.220446e-16 0.000000e+00 4.440892e-16 -9.999000e+03 -9.999000e+03 -9.999000e+03 0.000000e+00 0.000000e+00 -2.220446e-16 0.000000e+00 -2.220446e-16 -2.220446e-16 -2.220446e-16 2.220446e-16 0.000000e+00 2.220446e-16 2.220446e-16 0.000000e+00 0.000000e+00 0.000000e+00 -4.440892e-16 0.000000e+00 0.000000e+00 4.440892e-16 8.881784e-16 4.440892e-16 0.000000e+00 0.000000e+00 4.440892e-16 4.440892e-16 0.000000e+00 4.440892e-16 4.440892e-16 0.000000e+00 8.881784e-16 0.000000e+00 4.440892e-16 -1.332268e-15 0.000000e+00 8.881784e-16 -8.881784e-16 -8.881784e-16 0.000000e+00 4.440892e-16 -4.440892e-16 0.000000e+00
-9.999000e+03 2.315756e-10 0.000000e+00 0.000000e+00 2.220446e-16 2.220446e-16 -9.999000e+03 -9.999000e+03 -9.999000e+03 -9.999000e+03 -9.999000e+03 -9.999000e+03 0.000000e+00 -2.220446e-16 -4.440892e-16 -8.881784e-16 2.220446e-16 0.000000e+00 -4.440892e-16 4.440892e-16 2.220446e-16 -2.220446e-16 2.220446e-16 2.220446e-16 6.661338e-16 -2.220446e-16 2.220446e-16 -4.440892e-16 0.000000e+00 0.000000e+00 0.000000e+00 4.440892e-16 -4.440892e-16 4.440892e-16 0.000000e+00 4.440892e-16 0.000000e+00 8.881784e-16 0.000000e+00 4.440892e-16 0.000000e+00 0.000000e+00 1.332268e-15 -4.440892e-16 0.000000e+00 -8.881784e-16 0.000000e+00 4.440892e-16 0.000000e+00 -8.881784e-16 -8.881784e-16
3.833645e-11 -3.663736e-15 -4.440892e-16 -2.220446e-16 2.220446e-16 2.220446e-16 -9.999000e+03 -9.999000e+03 -9.999000e+03 -9.999000e+03 -9.999000e+03 -9.999000e+03 -9.999000e+03 -9.999000e+03 -9.999000e+03 0.000000e+00 8.881784e-16 2.220446e-16 0.000000e+00 -2.220446e-16 -8.881784e-16 -9.999000e+03 -9.999000e+03 -2.220446e-16 -2.220446e-16 0.000000e+00 2.220446e-16 -2.220446e-16 0.000000e+00 -4.440892e-16 0.000000e+00 0.000000e+00 4.440892e-16 -4.440892e-16 0.000000e+00 0.000000e+00 0.000000e+00 -4.440892e-16 8.881784e-16 0.000000e+00 0.000000e+00 0.000000e+00 0.000000e+00 0.000000e+00 0.000000e+00 0.000000e+00 8.881784e-16 0.000000e+00 0.000000e+00 -4.440892e-16 4.440892e-16
-1.256653e-10 -2.220446e-16 -2.220446e-16 2.220446e-16 0.000000e+00 -9.999000e+03 -9.999000e+03 -9.999000e+03 -9.999000e+03 -9.999000e+03 -9.999000e+03 -9.999000e+03 -9.999000e+03 -9.999000e+03 -9.999000e+03 -9.999000e+03 -9.999000e+03 -9.999000e+03 -9.999000e+03 -9.999000e+03 -9.999000e+03 -9.999000e+03 -9.999000e+03 -2.220446e-16 2.220446e-16 4.440892e-16 6.661338e-16 8.881784e-16 0.000000e+00 2.220446e-16 4.440892e-16 0.000000e+00 0.000000e+00 0.000000e+00 4.440892e-16 -8.881784e-16 0.000000e+00 -8.881784e-16 0.000000e+00 -1.332268e-15 0.000000e+00 -4.440892e-16 0.000000e+00 -4.440892e-16 0.000000e+00 8.881784e-16 0.000000e+00 0.000000e+00 0.000000e+00 4.440892e-16 4.440892e-16
-9.999000e+03 0.000000e+00 2.220446e-16 2.220446e-16 -9.999000e+03 -9.999000e+03 -9.999000e+03 -9.999000e+03 -9.999000e+03 -9.999000e+03 -9.999000e+03 -9.999000e+03 -9.999000e+03 -9.999000e+03 -9.999000e+03 -9.999000e+03 -9.999000e+03 -9.999000e+03 -9.999000e+03 -9.999000e+03 -9.999000e+03 -9.999000e+03 -9.999000e+03 -9.999000e+03 -9.999000e+03 -9.999000e+03 0.000000e+00 0.000000e+00 2.220446e-16 0.000000e+00 -2.220446e-16 2.220446e-16 2.220446e-16 0.000000e+00 2.220446e-16 -2.220446e-16 8.881784e-16 4.440892e-16 4.440892e-16 -2.220446e-16 2.220446e-16 -4.440892e-16 0.000000e+00 0.000000e+00 0.000000e+00 -4.440892e-16 0.000000e+00 4.440892e-16 0.000000e+00 0.000000e+00 8.881784e-16
-9.999000e+03 -9.999000e+03 -9.999000e+03 -9.999000e+03 -9.999000e+03 -9.999000e+03 -9.999000e+03 -9.999000e+03 -9.999000e+03 -9.999000e+03 -9.999000e+03 -9.999000e+03 -9.999000e+03 -9.999000e+03 -9.999000e+03 -9.999000e+03 -9.999000e+03 -9.999000e+03 -9.999000e+03 -9.999000e+03 -9.999000e+03 -9.999000e+03 -9.999000e+03 -9.999000e+03 -9.999000e+03 -9.999000e+03 -9.999000e+03 -9.999000e+03 0.000000e+00 4.440892e-16 2.220446e-16 2.220446e-16 -2.220446e-16 0.000000e+00 0.000000e+00 -4.440892e-16 -2.220446e-16 -2.220446e-16 -2.220446e-16 4.440892e-16 4.440892e-16 2.220446e-16 2.220446e-16 4.440892e-16 4.440892e-16 -2.220446e-16 0.000000e+00 -4.440892e-16 0.000000e+00 -8.881784e-16 -2.220446e-16
-9.999000e+03 -9.999000e+03 -9.999000e+03 -9.999000e+03 -9.999000e+03 -9.999000e+03 -9.999000e+03 -9.999000e+03 -9.999000e+03 -9.999000e+03 -9.999000e+03 -9.999000e+03 -9.999000e+03 -9.999000e+03 -9.999000e+03 -9.999000e+03 -9.999000e+03 -9.999000e+03 -9.999000e+03 -9.999000e+03 -9.999000e+03 -9.999000e+03 -9.999000e+03 -9.999000e+03 -9.999000e+03 -9.999000e+03 -9.999000e+03 -9.999000e+03 -9.999000e+03 -2.220446e-16 0.000000e+00 0.000000e+00 -2.220446e-16 -2.220446e-16 -2.220446e-16 2.220446e-16 2.220446e-16 -2.220446e-16 4.440892e-16 -4.440892e-16 0.000000e+00 1.332268e-15 -8.881784e-16 2.220446e-16 4.440892e-16 0.000000e+00 1.332268e-15 2.220446e-16 1.776357e-15 2.220446e-16 0.000000e+00
-9.999000e+03 -9.999000e+03 -9.999000e+03 -9.999000e+03 -9.999000e+03 -9.999000e+03 -9.999000e+03 -9.999000e+03 -9.999000e+03 -9.999000e+03 -9.999000e+03 -9.999000e+03 -9.999000e+03 -9.999000e+03 -9.999000e+03 -9.999000e+03 -9.999000e+03 -9.999000e+03 -9.999000e+03 -9.999000e+03 -9.999000e+03 -9.999000e+03 -9.999000e+03 -9.999000e+03 -9.999000e+03 -9.999000e+03 -9.999000e+03 -9.999000e+03 -9.999000e+03 -9.999000e+03 0.000000e+00 -9.999000e+03 -9.999000e+03 -9.999000e+03 -9.999000e+03 -9.999000e+03 -9.999000e+03 -9.999000e+03 2.220446e-16 -4.440892e-16 8.881784e-16 -8.881784e-16 8.881784e-16 4.440892e-16 0.000000e+00 0.000000e+00 -8.881784e-16 8.881784e-16 4.440892e-16 -4.440892e-16 8.881784e-16
-9.999000e+03 -9.999000e+03 -9.999000e+03 -9.999000e+03 -9.999000e+03 -9.999000e+03 -9.999000e+03 -9.999000e+03 -9.999000e+03 -9.999000e+03 -9.999000e+03 -9.999000e+03 -9.999000e+03 -9.999000e+03 -9.999000e+03 -9.999000e+03 -9.999000e+03 -9.999000e+03 -9.999000e+03 -9.999000e+03 -9.999000e+03 -9.999000e+03 -9.999000e+03 -9.999000e+03 -9.999000e+03 -9.999000e+03 -9.999000e+03 -9.999000e+03 -9.999000e+03 -9.999000e+03 -9.999000e+03 -9.999000e+03 -9.999000e+03 -9.999000e+03 -9.999000e+03 -9.999000e+03 -9.999000e+03 -9.999000e+03 -9.999000e+03 -9.999000e+03 -9.999000e+03 2.220446e-16 2.220446e-16 2.220446e-16 0.000000e+00 4.440892e-16 8.881784e-16 -8.881784e-16 1.332268e-15 -8.881784e-16 4.440892e-16
-9.999000e+03 -9.999000e+03 -9.999000e+03 -9.999000e+03 -9.999000e+03 -9.999000e+03 -9.999000e+03 -9.999000e+03 -9.999000e+03 -9.999000e+03 -9.999000e+03 -9.999000e+03 -9.999000e+03 -9.999000e+03 -9.999000e+03 -9.999000e+03 -9.999000e+03 -9.999000e+03 -9.999000e+03 -9.999000e+03 -9.999000e+03 -9.999000e+03 -9.999000e+03 -9.999000e+03 -9.999000e+03 -9.999000e+03 -9.999000e+03 -9.999000e+03 -9.999000e+03 -9.999000e+03 -9.999000e+03 -9.999000e+03 -9.999000e+03 -9.999000e+03 -9.999000e+03 -9.999000e+03 -9.999000e+03 -9.999000e+03 -9.999000e+03 -9.999000e+03 -9.999000e+03 -9.999000e+03 -9.999000e+03 -9.999000e+03 0.000000e+00 0.000000e+00 -4.440892e-16 -8.881784e-16 0.000000e+00 0.000000e+00 -4.440892e-16
-9.999000e+03 -9.999000e+03 -9.999000e+03 -9.999000e+03 -9.999000e+03 -9.999000e+03 -9.999000e+03 -9.999000e+03 -9.999000e+03 -9.999000e+03 -9.999000e+03 -9.999000e+03 -9.999000e+03 -9.999000e+03 -9.999000e+03 -9.999000e+03 -9.999000e+03 -9.999000e+03 -9.999000e+03 -9.999000e+03 -9.999000e+03 -9.999000e+03 -9.999000e+03 -9.999000e+03 -9.999000e+03 -9.999000e+03 -9.999000e+03 -9.999000e+03 -9.999000e+03 -9.999000e+03 -9.999000e+03 -9.999000e+03 -9.999000e+03 -9.999000e+03 -9.999000e+03 -9.999000e+03 -9.999000e+03 -9.999000e+03 -9.999000e+03 -9.999000e+03 -9.999000e+03 -9.999000e+03 -9.999000e+03 -9.999000e+03 -9.999000e+03 -9.999000e+03 -9.999000e+03 -9.999000e+03 -9.999000e+03 -9.999000e+03 -2.220446e-16
-9.999000e+03 -9.999000e+03 -9.999000e+03 -9.999000e+03 -9.999000e+03 -9.999000e+03 -9.999000e+03 -9.999000e+03 -9.999000e+03 -9.999000e+03 -9.999000e+03 -9.999000e+03 -9.999000e+03 -9.999000e+03 -9.999000e+03 -9.999000e+03 -9.999000e+03 -9.999000e+03 -9.999000e+03 -9.999000e+03 -9.999000e+03 -9.999000e+03 -9.999000e+03 -9.999000e+03 -9.999000e+03 -9.999000e+03 -9.999000e+03 -9.999000e+03 -9.999000e+03 -9.999000e+03 -9.999000e+03 -9.999000e+03 -9.999000e+03 -9.999000e+03 -9.999000e+03 -9.999000e+03 -9.999000e+03 -9.999000e+03 -9.999000e+03 -9.999000e+03 -9.999000e+03 -9.999000e+03 -9.999000e+03 -9.999000e+03 -9.999000e+03 -9.999000e+03 -9.999000e+03 -9.999000e+03 -9.999000e+03 -9.999000e+03 -9.999000e+03
-9.999000e+03 -9.999000e+03 -9.999000e+03 -9.999000e+03 -9.999000e+03 -9.999000e+03 -9.999000e+03 -9.999000e+03 -9.999000e+03 -9.999000e+03 -9.999000e+03 -9.999000e+03 -9.999000e+03 -9.999000e+03 -9.999000e+03 -9.999000e+03 -9.999000e+03 -9.999000e+03 -9.999000e+03 -9.999000e+03 -9.999000e+03 -9.999000e+03 -9.999000e+03 -9.999000e+03 -9.999000e+03 -9.999000e+03 -9.999000e+03 -9.999000e+03 -9.999000e+03 -9.999000e+03 -9.999000e+03 -9.999000e+03 -9.999000e+03 -9.999000e+03 -9.999000e+03 -9.999000e+03 -9.999000e+03 -9.999000e+03 -9.999000e+03 -9.999000e+03 -9.999000e+03 -9.999000e+03 -9.999000e+03 -9.999000e+03 -9.999000e+03 -9.999000e+03 -9.999000e+03 -9.999000e+03 -9.999000e+03 -9.999000e+03 -9.999000e+03
-9.999000e+03 -9.999000e+03 -9.999000e+03 -9.999000e+03 -9.999000e+03 -9.999000e+03 -9.999000e+03 -9.999000e+03 -9.999000e+03 -9.999000e+03 -9.999000e+03 -9.999000e+03 -9.999000e+03 -9.999000e+03 -9.999000e+03 -9.999000e+03 -9.999000e+03 -9.999000e+03 -9.999000e+03 -9.999000e+03 -9.999000e+03 -9.999000e+03 -9.999000e+03 -9.999000e+03 -9.999000e+03 -9.999000e+03 -9.999000e+03 -9.999000e+03 -9.999000e+03 -9.999000e+03 -9.999000e+03 -9.999000e+03 -9.999000e+03 -9.999000e+03 -9.999000e+03 -9.999000e+03 -9.999000e+03 -9.999000e+03 -9.999000e+03 -9.999000e+03 -9.999000e+03 -9.999000e+03 -9.999000e+03 -9.999000e+03 -9.999000e+03 -9.999000e+03 -9.999000e+03 -9.999000e+03 -9.999000e+03 -9.999000e+03 -9.999000e+03
